freq,gls,usurper,pdc_unbiased,shape_periodogram,shift_periodogram
0.1,0.010086514728932742,-0.012698190818643595,-0.01230821376225876,-0.00609599494598426,-0.005075376778512061
0.1000788932702157,0.013883001242665997,-0.010836944496109311,-0.007290482571044106,-0.009184032737544324,0.0007210055551225334
0.10015778654043139,0.01525477315264182,0.0025886568097438015,0.0050482431420303805,-0.003016866458355194,0.005770843415932336
0.10023667981064709,0.012589110087693969,0.013744560263858823,0.01346333998526647,0.016785558044780796,-0.0012141926941566614
0.10031557308086278,0.007491034036994551,0.0011161943494365821,-0.000432471667735934,0.019745380688055307,-0.013527265611483218
0.10039446635107847,0.0026733962431386674,-0.020459531170428556,-0.019003897623822933,0.001142101398383072,-0.014894172501037951
0.10047335962129417,0.0006028157896227368,-0.02330361920032766,-0.020112034463882458,-0.00518866309801386,-0.011486021424383533
0.10055225289150986,0.0039275793108720855,-0.024825331031661627,-0.01998249838948047,-0.008461095885414214,-0.00920182273655823
0.10063114616172555,0.013030140711379184,-0.022052940155799634,-0.01655395769628915,-0.008802234925788202,-0.0064234496188976895
0.10071003943194125,0.02526748773226478,-0.011947148802938543,-0.006776564469386147,-0.004045168599107482,-0.0023334186240563035
0.10078893270215694,0.035091532978739376,-0.0018353574481102532,0.0033351513735690786,-0.006067830234880939,0.006537436210813457
0.10086782597237264,0.036772919505311065,0.004002038824030715,0.008436292242707102,-0.002195580842180651,0.0077406911455979435
0.10094671924258833,0.02849178746323216,-0.005063607286521738,-0.0004917416515006326,-0.005886849956188204,0.0035711372345953694
0.10102561251280402,0.015008374275784168,-0.01177676995779175,-0.006492257755867209,-0.004915035169285321,-0.0015403195121293874
0.10110450578301972,0.005813118252610366,-0.004188964552424627,-0.000268646333420541,-0.0019136815151996973,0.0010799967603047536
0.10118339905323541,0.0057368022574920095,0.005009429422154026,0.006675171415165864,-0.012199194879049746,0.01312094819717754
0.1012622923234511,0.011016285050147416,0.02062243760608331,0.018327624722912824,-0.005105369807726216,0.017040841701042305
0.1013411855936668,0.014543182655562504,0.010175633237087962,0.00865661990255747,-0.009724213783850176,0.012938885606812084
0.10142007886388249,0.014684390072087963,-0.003925342588464438,-0.0012730403277085133,-0.015549926022213766,0.00945290310502476
0.10149897213409818,0.015896582883582734,-0.006246072880909218,-0.001402736271429955,-0.014045914272820136,0.008350508011489293
0.10157786540431388,0.018334830884500906,-0.00757464626211912,-0.000559277239718269,-0.014279238164654746,0.009133673760444145
0.10165675867452957,0.018945527501296616,-0.0020326932966613074,0.003568342480254574,-0.00814495866399182,0.008099877828424043
0.10173565194474526,0.016706759624807655,0.00013724515028650132,0.003783130993681475,-0.006309395002899715,0.0070320449065692115
0.10181454521496096,0.010763355688216382,-0.012771339407018729,-0.008095933231165489,-0.011711566406917898,0.0018124229039099661
0.10189343848517665,0.003986766555735584,-0.020090047679090825,-0.015988430767228275,-0.010726010526121174,-0.004716426895747963
0.10197233175539235,0.0017816564536232173,-0.01798864501235081,-0.013897758887795129,-0.01225791130493083,-0.002136988225513947
0.10205122502560804,0.004786046482743206,-0.011340095235834347,-0.007889679768858486,-0.017859353798761513,0.006077731479946716
0.10213011829582373,0.009657421411626644,0.0022696923858587918,0.0037944968762959022,-0.015710472111947798,0.013327769392001395
0.10220901156603943,0.01494645420754852,0.010779590699193823,0.010592227649412818,-0.003605207387252311,0.010286254887579659
0.10228790483625512,0.021443065755181484,0.007865028774244004,0.007420097581292822,-0.0010779019951475224,0.006237743878799951
0.10236679810647081,0.026613581961757258,0.00020543560237875822,0.0031011602220839766,-0.012779215776976537,0.010851828513817474
0.1024456913766865,0.027791042732219568,-0.004671193159598654,-0.0003300417791548622,-0.020498428389936898,0.013464126800255428
0.1025245846469022,0.024331298571105695,-0.01056194298874472,-0.004570653504686043,-0.02241246359049387,0.011591668771862376
0.1026034779171179,0.01543723576405022,-0.012981272116624146,-0.008172588230360921,-0.020682457386852038,0.007755828717177515
0.10268237118733359,0.006509887512458991,-0.014464093247354428,-0.011524020412399099,-0.01816156159751043,0.0035769974154230824
0.10276126445754928,0.0053709931519900144,-0.009827284191683848,-0.007980380062454365,-0.020484290644042318,0.007766200194709317
0.10284015772776497,0.011657583254808545,-0.012179060527038354,-0.009937225595133393,-0.018381581219281184,0.004904328746836567
0.10291905099798067,0.019244475658226005,-0.009472298005447794,-0.007627072492683948,-0.01644743806636947,0.00532859729840324
0.10299794426819636,0.022516713229052295,0.00020505805322750076,0.0015921737132668606,-0.016019651348270252,0.011897291644314054
0.10307683753841206,0.023150351640244086,0.0006463858739434675,0.003440837368229937,-0.010730436672604121,0.009734157286394733
0.10315573080862775,0.02431167887456348,0.009407458722132578,0.010724932638165005,-0.005651047628106254,0.011752905809892366
0.10323462407884344,0.022534201623761643,-0.008445934580274598,-0.0038271550148596834,-0.004129010218715782,-8.434167648745484e-05
0.10331351734905914,0.015585016829555928,-0.01963707078685716,-0.015153386395786693,-0.005439379445123317,-0.007630339377261808
0.10339241061927483,0.007755968993507378,-0.01008392865055754,-0.0053027946689848,0.0029333139532659977,-0.005904229816336838
0.10347130388949052,0.006940411453747503,0.0005568448708716879,0.007263046208362377,0.0005072860166092922,0.005060957254299527
0.10355019715970622,0.01678694550006035,0.016342016331696085,0.022218136323967175,0.0035561730908514866,0.014143945787705685
0.10362909042992191,0.031111649535042363,0.012469764728169307,0.016440689973367312,0.0076028118281481075,0.007141197745763538
0.1037079837001376,0.03900957911829852,0.013553078122001214,0.014749670202341747,-0.0009886431436657997,0.011628011196330485
0.1037868769703533,0.033113420246238146,0.014812923836893598,0.01884146972396772,-0.005456876984649961,0.017657911755824974
0.10386577024056899,0.017563855683009253,0.007470049778675036,0.014125550082773296,-0.00708987677611584,0.015243297199614968
0.10394466351078469,0.00500308672522417,-0.009546354660200325,-0.002661892860638647,-0.008339247146873003,0.003597663830605967
0.10402355678100038,0.0004788917822149246,-0.015741211712100536,-0.012571197561756942,0.0003832981873002103,-0.009603376211673788
0.10410245005121607,0.000344816964151366,-0.013682787516858983,-0.015631097325169752,-0.0030498548530451513,-0.009583306026275008
0.10418134332143177,0.0006619208739050482,-0.0026234545382156746,-0.004038140921214463,-0.007092949958018423,0.0017409016064707833
0.10426023659164746,0.001779101771302819,-0.003975687815213298,-0.0017562768701116505,-0.0031267697458969043,0.0007851632593511211
0.10433912986186315,0.007862996934886238,-0.011948241300477282,-0.008002084440257696,-0.002371828431991484,-0.0043636446065294385
0.10441802313207885,0.017377425915436066,-0.0038779041889387624,-0.0013563990431653677,-0.00354183048129003,0.0013600428649346932
0.10449691640229454,0.022971384837477456,-0.0021715383425150786,0.00227453114534073,-0.01338273204174019,0.010640910913240072
0.10457580967251023,0.020811297719551633,0.0042186277777812925,0.007939801347759437,-0.011261625004817963,0.013434095218266613
0.10465470294272593,0.012705881266196645,-0.0023864988517277455,0.00028773149784805277,-0.00687457908224181,0.0048112226194143275
0.10473359621294162,0.004289432550227128,-0.009954896998321021,-0.00846959986189165,-0.0004395483833336441,-0.00600337491247396
0.10481248948315731,0.0005845091112215838,-0.0008697419368918893,-4.9993664575136086e-05,0.012621767158056628,-0.00847809068245673
0.10489138275337301,0.0005498853691654247,-0.0029424784078000803,-0.0015907271032553516,0.003802835269335747,-0.0037257857774574106
0.1049702760235887,0.0004696112923208529,-0.013762030598846862,-0.011770578058760512,-0.012017168941671121,-0.0007159128249335305
0.1050491692938044,0.001004709496158549,-0.011091556790507752,-0.011186905325045265,-0.014220555218308891,0.0011917777979316376
0.10512806256402009,0.006288392974462548,-0.004609168968233584,-0.002406714279847528,-0.01627508428190902,0.009095048331256525
0.10520695583423578,0.016735913083524307,0.004336126145288165,0.01058743580366961,-0.012307129506550418,0.016101533867938105
0.10528584910445148,0.02666138224224358,0.012661473609558356,0.01979196143976844,-0.0189352078225824,0.027375499384688168
0.10536474237466717,0.029775257221109443,0.01135171509134788,0.015982748479141686,-0.026217167156238962,0.029414360430709517
0.10544363564488286,0.023781012953723677,-0.0005895303668061803,0.003995809740943314,-0.02038451785688462,0.01660382300762676
0.10552252891509856,0.01247263475530073,-0.010684438189501108,-0.0060259821577224775,-0.014220914506273484,0.005029958298860818
0.10560142218531425,0.0036579383043731733,-0.0033965192668184113,-0.0004613346306959186,-0.008807496063618272,0.005546958277475628
0.10568031545552994,0.0004973261891769725,-0.005103718972631614,-0.0019626114067200417,-0.010894746707380066,0.005826671087496433
0.10575920872574564,0.0013459297670438508,-0.014761392944084297,-0.011391977028796968,-0.014086129670921982,0.0009493564203770569
0.10583810199596133,0.005538009047265209,-0.018169942549758754,-0.0158228669104793,-0.016817195955882994,-0.000519781009361242
0.10591699526617702,0.013466560539636503,-0.01343470578177821,-0.010265983555471975,-0.02013422154605512,0.005832213853299508
0.10599588853639272,0.024322109750327208,0.00619533334543386,0.007925743914600606,-0.00767021242481916,0.01102197363540155
0.10607478180660841,0.030999537696606953,0.012658033158212642,0.013753131079919335,-0.0044481208476404195,0.013200068954403973
0.1061536750768241,0.0263441673061266,-0.004246376730865299,-0.00036623778998168385,-0.011807563664671304,0.007624077478595573
0.1062325683470398,0.01388545086468125,-0.011263924574722937,-0.007983097672013353,-0.009259804937556926,0.00025664909344693174
0.10631146161725549,0.0031840137170059545,-0.01952206968158386,-0.017610948482179475,-0.009400317722971618,-0.006809743489208311
0.10639035488747119,0.00022046080478529126,-0.025053435959646885,-0.022694470660497262,-0.012415550560880735,-0.008575514272806306
0.10646924815768688,0.0035420578144303187,-0.020583154642104362,-0.01818088615021359,-0.007842176535324138,-0.008275502314294636
0.10654814142790257,0.006332177362863877,-0.01688863537325209,-0.015116579708655722,-0.005983651904462319,-0.007239042048207016
0.10662703469811827,0.0051410648468493275,-0.015591397685593845,-0.014427959737937084,-0.0014705698483110652,-0.009744521068806437
0.10670592796833396,0.0028803838540474615,-0.018413505213366887,-0.01638678291122995,-0.0012500501961260518,-0.011348634844957815
0.10678482123854965,0.004145036853093264,-0.020312496312758645,-0.01645806574089912,-0.005650121966270754,-0.008459751505548466
0.10686371450876535,0.00804804166664544,-0.014673031204226271,-0.01112582517033311,-0.005474946838096917,-0.004611387321840583
0.10694260777898104,0.009524246960872064,-0.005531606634519114,-0.0036415678545048034,0.0038888084949380277,-0.00530807111280405
0.10702150104919674,0.007778360261129467,-0.00015806736028582517,-0.0008955486474003829,0.009726030832027171,-0.007170085432070627
0.10710039431941243,0.004706290293129008,-0.006263864008433601,-0.0071140428829206456,0.0013523330884414638,-0.006193697231479922
0.10717928758962812,0.002607580664171059,-0.011879468061181161,-0.012338918286414676,0.001708232701447247,-0.01031656616258053
0.10725818085984382,0.0033268807380326198,-0.009258334984417867,-0.01034316505827116,0.0016675586438629315,-0.00880543012843605
0.10733707413005951,0.003711622035256384,-0.009767577492471799,-0.011523112662787952,-0.002598938238822162,-0.0068299454581786405
0.1074159674002752,0.0018346080625706316,-0.010082884758723386,-0.012414209090038332,-0.0008164496051237318,-0.00868443773273857
0.1074948606704909,0.0006692269474444642,-0.006555463349205586,-0.007440607909239263,-0.001272844588439328,-0.004681051075675829
0.10757375394070659,0.003142946137261292,-0.008414364472382129,-0.006622168121831329,-0.002607879328681139,-0.0031797562271040068
0.10765264721092228,0.01012032478569995,-0.014231635825268887,-0.01095926549037287,-0.0045470203772022865,-0.005108024582093093
0.10773154048113798,0.01693945381577657,-0.014407542189769152,-0.0107266485341304,-0.00586861725819571,-0.0040513014293778364
0.10781043375135367,0.01789190870913709,-0.011495504795290344,-0.00824811861867013,-0.011156335897947504,0.001327921930887049
0.10788932702156936,0.012996769984131233,-0.012386937668143028,-0.010061926437198821,-0.012958279280309608,0.0011842054101871078
0.10796822029178506,0.0057266985516025845,-0.013651308635777919,-0.011941188276749403,-0.009754474289666843,-0.0023559741965320747
0.10804711356200075,0.000720029577284795,-0.025423657913669923,-0.023373604403201933,-0.009680808889530653,-0.010909175334437205
0.10812600683221645,0.0013514142615494028,-0.024584211383225058,-0.021298567727908318,-0.005875480120424691,-0.011909452559955878
0.10820490010243214,0.007101886532831216,-0.015797049489563366,-0.011418761765473242,-0.005800278449105021,-0.004611678438849703
0.10828379337264783,0.013986366425165467,-0.003480476703979771,-0.0005176179345386311,-0.000841900488565408,0.00017815191752013556
0.10836268664286353,0.017519279077686113,0.0006916123982420195,0.0031842564786496545,0.010590860815328887,-0.004715109470638124
0.10844157991307922,0.017074745315008633,-0.00784714522098507,-0.005521503052331832,0.01565740413151192,-0.014576139587064298
0.10852047318329491,0.013325511880957324,-0.013584709670041944,-0.010395278532547625,0.005954067594884916,-0.011710432208440535
0.1085993664535106,0.0068040307843992955,-0.01625211402228937,-0.013055686651080872,-0.005934251395607132,-0.005739401556042361
0.1086782597237263,0.0015134052203072954,-0.013886128279739028,-0.011303429593936497,-0.016857105373011973,0.002868540197097411
0.108757152993942,0.00011305216122691688,-0.011658058888288315,-0.01083851941725306,-0.01788821516910777,0.003903999906954998
0.10883604626415769,0.0013531106547743999,-0.015622330833589033,-0.01709794696059096,-0.01818361106228101,-0.0005544518023979263
0.10891493953437338,0.0036690259270316505,-0.009818853261485244,-0.011121279900309552,-0.018308298148379424,0.003974689670746088
0.10899383280458907,0.005691303200890437,-0.009719767157239798,-0.007823514987932531,-0.015523296618118779,0.004564384646796959
0.10907272607480477,0.008492740078854923,-0.018911307226426644,-0.0145528357507795,-0.01517769298928729,-0.0006715665596780925
0.10915161934502046,0.012548485129077112,-0.017171839747923655,-0.012818866533010835,-0.005859769596834689,-0.005613089834947275
0.10923051261523616,0.014966245384993757,-0.014750247973617547,-0.011811749594527098,-0.0020808172261141647,-0.007391025710335712
0.10930940588545185,0.014659989990738266,-0.009259106807879851,-0.007831746541242338,0.003998638780340001,-0.008496896026689675
0.10938829915566754,0.011724819433201424,-0.012343679229084822,-0.010809191568412809,0.004204120723269061,-0.010848042478611444
0.10946719242588324,0.006297849173183158,-0.01990300199834041,-0.018222800073534596,0.00013440964964751975,-0.01363962052429641
0.10954608569609893,0.001502158341634289,-0.02228513827528166,-0.020726300707624302,0.0021011580599779333,-0.016816199003169063
0.10962497896631462,0.00037326355641576127,-0.019379719076642703,-0.01812071569268,-0.0018317615950358436,-0.01224921596140933
0.10970387223653032,0.0033508048371495795,-0.010690367961447558,-0.010264325334965883,-0.007824362529280923,-0.002399669940241029
0.10978276550674601,0.009275286906273276,-0.0038789798801745572,-0.0058115839329092355,-0.002385740964540674,-0.0027256006789251478
0.1098616587769617,0.017090581319083836,-0.003847823014093944,-0.003611852229858195,-0.0027741721821652066,-0.0008302820125911817
0.1099405520471774,0.025155470886038485,0.0017211496883179083,0.0036536293533386884,-0.002814902704103519,0.004598890712458828
0.11001944531739309,0.02912397672512003,0.006563372326410408,0.007881039495125877,-0.00240308149332452,0.0074666048366823605
0.11009833858760878,0.02729294741232754,0.008622455145755372,0.009473848921796446,-0.0003709030517126966,0.0072920171550296415
0.11017723185782448,0.021761186302708253,0.004609894193996455,0.003510132507631386,0.003982559312726717,-5.3436207010470954e-05
0.11025612512804017,0.013909209112649585,-0.011226779784383845,-0.010507572591521894,-0.002518762182873682,-0.00612840479289828
0.11033501839825587,0.0072431400793084135,-0.017761947069452593,-0.015461742205785821,-0.009604992486992675,-0.005074293492630747
0.11041391166847156,0.007071064759041439,-0.019079872757119434,-0.01515725611478932,-0.015327346958721746,-0.0010210695189563398
0.11049280493868725,0.016644185960948122,-0.01498184346546845,-0.010115754396487002,-0.018159032913496416,0.004622690110124721
0.11057169820890295,0.03391837561982427,-0.0034551024580378935,0.0017822901925588501,-0.017552006945824684,0.01306358954145003
0.11065059147911864,0.05054745296484099,0.005151760076466882,0.012098691694692135,-0.02135303792813789,0.023274514858389855
0.11072948474933433,0.05989803447653102,0.017129720321245205,0.022679874933340623,-0.015079912588690812,0.02694461717203596
0.11080837801955003,0.05741570314816923,0.018332746641996866,0.020582882831344552,-0.006515810013750397,0.01966066477360012
0.11088727128976572,0.040926828803012065,0.007722770166872953,0.007487107681358416,-0.0037753128667258216,0.008091319464127533
0.11096616455998141,0.019563392369114585,-0.006690177284949819,-0.00672088433202553,0.002003918909137448,-0.006337093973565317
0.11104505783019711,0.00786528436882673,-0.01536340205507855,-0.014972479876216938,-0.000728423289924616,-0.010645653232018083
0.1111239511004128,0.008225321488786321,-0.017054863840725534,-0.014995449163210111,-0.008125107317718231,-0.005717050891916555
0.1112028443706285,0.012446188025514808,-0.012658126784664792,-0.010687107504955029,-0.005752776449214476,-0.00409936044336138
0.11128173764084419,0.014767586745308106,-0.00711309447027715,-0.005831847070944193,0.00033914932102222157,-0.004562837156784207
0.11136063091105988,0.01656892582073568,-0.008933878991878117,-0.0051446639318659506,-0.0009052514527727532,-0.0032197536895156803
0.11143952418127558,0.01980433724759883,-0.0056980802812720485,-0.0017766484562315983,-0.008278758293292174,0.004215407510204816
0.11151841745149127,0.02375968376016088,0.00024251522825339075,0.0016342584044744316,-0.014841765010540102,0.011140745528172518
0.11159731072170696,0.025368871314935256,0.009714073463593004,0.006987055697063322,-0.01854629182680502,0.017597798729866686
0.11167620399192266,0.02005813688003409,0.012484839168582274,0.007990952083945992,-0.014755006169447402,0.015808363035567114
0.11175509726213835,0.009975552948378697,-0.0007793406647475782,-0.005924364965089931,-0.00838582730953116,0.001203016124413122
0.11183399053235404,0.00436538100051571,-0.009902029972186947,-0.013168134526960019,-0.007063142585199449,-0.005068160593115085
0.11191288380256974,0.0076222051032761445,-0.012013954452158209,-0.010835730144179679,-0.005056724505002337,-0.004675327253512015
0.11199177707278543,0.015601963749060963,-0.011026782646534217,-0.007895804487094187,-0.005674339015117439,-0.0020761889688214914
0.11207067034300112,0.02124483644049674,-0.00794539291962521,-0.002748733761905887,-0.007299465365401729,0.002837725910177654
0.11214956361321682,0.023392496632763937,-0.008229724660549012,-0.0029983113998689414,0.0018282835155524163,-0.0034518841263591594
0.11222845688343251,0.02473993016863051,-0.004385455880156112,-0.0022701691865129985,0.011009697282298626,-0.009050576500189561
0.1123073501536482,0.023883286330760017,-0.00935275654713591,-0.007095872625690271,0.007725942472221336,-0.010442263296270649
0.1123862434238639,0.01883871715347977,-0.007236080521490286,-0.007715668823028471,0.004341647910899177,-0.008639961867673617
0.11246513669407959,0.011084652844997711,-0.0036185859202384437,-0.008487822293839471,0.004990335566677298,-0.009647827740218955
0.11254402996429529,0.004310489551216537,-0.011248801031450458,-0.015097519851344868,0.00027431584544500813,-0.011409072326787383
0.11262292323451098,0.0032413472813707807,-0.020316874396700813,-0.020691923895760182,-0.008710650088583925,-0.009562713539088764
0.11270181650472667,0.008576419583707272,-0.016921206010162303,-0.015499106105361727,-0.006719235677538012,-0.007031690930985968
0.11278070977494237,0.016961857356122077,-0.010374510466533959,-0.007178973385935177,-0.011323906460769135,0.0022350242038375236
0.11285960304515806,0.025141003893370564,-0.007724895795792661,-0.002555969831217432,-0.014611460684559614,0.007871328574533676
0.11293849631537375,0.03188611582637182,-0.0041455547787371694,0.0019330908388860877,-0.012495594390225916,0.009793735636257614
0.11301738958558945,0.03773132856219664,0.0032780872266771387,0.010165534833333536,-0.012430038002724594,0.015870085315380252
0.11309628285580514,0.04005502123654495,0.004931914532583603,0.011721360704329425,-0.010846076238956613,0.01596749282879449
0.11317517612602083,0.034599857143484965,0.0013147625339695282,0.005984106896360545,-0.010789358536452704,0.011664346118937755
0.11325406939623653,0.02435954429343333,-0.0054425989169074466,-0.002631006897896946,-0.013524631076731283,0.007088616178578473
0.11333296266645222,0.02058926725128577,-0.007762494569981349,-0.004354677969829053,-0.016684732537854772,0.00792067029500794
0.11341185593666792,0.03218859150557215,0.005299534661069047,0.007459516969327278,-0.019587552099597966,0.0186454596263361
0.11349074920688361,0.05256526804537813,0.027912086357007666,0.028232068592904152,-0.025552134569605676,0.03807136167618799
0.1135696424770993,0.06708807748942591,0.030309227837404074,0.03418628629336246,-0.02881612030389047,0.044676674262977605
0.113648535747315,0.0677690892504901,0.03113336752119318,0.03420906689857713,-0.018835999199022468,0.03802495293957446
0.11372742901753069,0.05271662082385179,0.022693286863964185,0.02414344333221949,-0.012258342768148899,0.026146561506589956
0.11380632228774638,0.028411035321906485,0.006273443137618633,0.007447425426672336,-0.01369671967947429,0.01469655010456566
0.11388521555796208,0.009486323710226358,-0.010725520140289943,-0.00876530090672249,-0.013754377212097286,0.0026809018600460867
0.11396410882817777,0.0018329318508706874,-0.02043391021624657,-0.01862783582913718,-0.01722456813384724,-0.0023340665841029315
0.11404300209839346,0.0003936007452482435,-0.023180311951424,-0.020432686207721335,-0.01649611168242818,-0.004164082790746763
0.11412189536860916,0.0016889010970577982,-0.010713712790016245,-0.009884876666973269,-0.007153315116852857,-0.0025662446718708967
0.11420078863882485,0.007381742292271511,-0.00907553604259835,-0.008694796971581212,-0.0011323011526446056,-0.005707582750488923
0.11427968190904055,0.01912042431680698,-0.00869282329799746,-0.007110195012547476,-0.006838112171671177,-0.0007137724699527701
0.11435857517925624,0.031595182893425396,0.013750752947632843,0.013215974326103927,-0.01381112792084961,0.01906127514927722
0.11443746844947193,0.037961183333976356,0.04403559958437099,0.03608568173959926,-0.01978911657786295,0.04005663904206743
0.11451636171968763,0.03502579583842644,0.027587007276274857,0.023389525494669522,-0.01983551934050211,0.03065122788193688
0.11459525498990332,0.023430658438624092,0.014214693908048009,0.00952243827396172,-0.009992071561354175,0.01376168593134867
0.11467414826011901,0.010241669146121022,0.002793881653411121,-0.002602570098043327,-0.0017076650548092066,-0.0007930669399373975
0.1147530415303347,0.002758217370144352,-0.0029295121955885,-0.008690415104097394,-0.000882393867421192,-0.0058714352275056935
0.1148319348005504,0.0022731461455040834,-0.018133895807321176,-0.01814883838876704,-0.006029674602312499,-0.009463513683834782
0.1149108280707661,0.006405933556895303,-0.01990641983849857,-0.017879235183309954,-0.006863021576305116,-0.008705807616692748
0.11498972134098179,0.011576385272800976,-0.017057513792716167,-0.015089517016598192,-0.004022422648025085,-0.00853026470194958
0.11506861461119748,0.01633616671881597,-0.007413467816673431,-0.006986210863928415,0.0014722416059883023,-0.006178834574009653
0.11514750788141317,0.018283952609539113,-3.7619623868195684e-05,-0.0024073296767084065,0.0019657603477310297,-0.003104421683927644
0.11522640115162887,0.016095974856513522,0.0005768043100210598,-0.0022743527892181772,-0.008378765690761611,0.003912237510364041
0.11530529442184456,0.013516042887840841,0.0067705555104914505,0.0006892455254683563,-0.008980168815994146,0.006517887264044103
0.11538418769206026,0.011295245416894386,0.011464626934374235,0.002487861909356732,-0.001209142607731881,0.002658327219310775
0.11546308096227595,0.007641954089095503,-0.004911602344064468,-0.009346086545421321,0.004477151839731006,-0.00994278417095553
0.11554197423249164,0.00365831739943328,-0.014806651444205326,-0.015378354467912858,0.007934909645209239,-0.016739736495568525
0.11562086750270734,0.001223015235661896,-0.020355095402193046,-0.019962102673104103,-0.0004492264006280893,-0.014542947223484981
0.11569976077292303,0.00441407910282093,-0.020652665791034558,-0.0190068364721096,-0.008433876449992286,-0.008494257041295673
0.11577865404313872,0.015992441581908146,-0.015206216228728687,-0.009666958612994679,-0.012954548786089507,0.0014754380212168106
0.11585754731335442,0.03237810064670238,-0.007839053417812016,-0.0014250235040450207,-0.013727492247175887,0.008120963836877958
0.11593644058357011,0.04472368641589085,0.008646623650306351,0.014120875368933743,-0.008871585338780939,0.016431118063503745
0.1160153338537858,0.04401104314013894,0.013300970372290213,0.017803949738786195,-0.006995907551895964,0.017915369644009964
0.1160942271240015,0.03013676027956967,0.001022767066273641,0.004348401683943322,-0.005042539743174104,0.00660512748135016
0.11617312039421719,0.013420621297946364,-0.008878797137113963,-0.007888660168188243,0.0006769959109773738,-0.006318048762030874
0.11625201366443288,0.005864594443273224,-0.013943748495376565,-0.013499667449081567,0.005446457938253936,-0.013679124851525766
0.11633090693464858,0.010663112144047549,-0.008213396724839934,-0.009185366482239842,0.0006713808291074044,-0.007278441418336093
0.11640980020486427,0.019434738632131906,-0.004627559484607461,-0.0049982191097719154,-0.011108370626082272,0.0037124490975884578
0.11648869347507997,0.023306104345140327,-0.004693691395332187,-0.002878501985364815,-0.019322466066445283,0.010782700084250954
0.11656758674529566,0.019090484421163414,-0.0048408149168208915,-0.004122844086086428,-0.018370778612112882,0.009220863697402151
0.11664648001551135,0.010067444790590581,-0.0070223368833243335,-0.005310405818142377,-0.01717722944117713,0.007539447479559666
0.11672537328572705,0.00443883602570734,-0.01666988560047612,-0.012826863454106923,-0.01790652608825619,0.0024373772324135473
0.11680426655594274,0.004320894700296811,-0.02112025571233678,-0.018341532935735712,-0.018097921257117285,-0.0015369625097370737
0.11688315982615843,0.004747117972471847,-0.017772577826849854,-0.014551677732732112,-0.009725424125519874,-0.004316885664461265
0.11696205309637413,0.003259853159681977,-0.011016937610589238,-0.010597967300325466,0.008310865623156975,-0.013437064319950336
0.11704094636658982,0.0007955858686878272,-0.012083575445357661,-0.013900495632581599,0.01911963508708023,-0.02312000803268617
0.11711983963680551,0.0006261665042641058,-0.012447974918549858,-0.014735196901170465,0.019488529544680944,-0.023987102152134097
0.11719873290702121,0.0053772522367017675,-0.012144750516599884,-0.013738205973314446,0.012787522222467337,-0.018765022971351894
0.1172776261772369,0.012370672411612877,-0.010640512751525902,-0.010980973942476156,-0.002807588299591722,-0.006287291934004183
0.1173565194474526,0.016719114903721553,0.003954746076984294,0.0027671344872713948,-0.007973175126379066,0.007389319551443648
0.11743541271766829,0.015422070940414779,0.00971965512701912,0.008624423811614133,-0.000448968005433405,0.006712634277293683
0.11751430598788398,0.009228107618171404,-0.0017014729262267074,-0.0021647263331554417,-0.0013367441904979396,-0.0007155701431895381
0.11759319925809968,0.002815080399905399,-0.007766142224730828,-0.00919456616391985,-0.0026453073310047683,-0.005067458538051114
0.11767209252831537,0.0006158242842280512,-0.015401289567495239,-0.016863910954147666,-0.0034523171260810543,-0.010231055762343191
0.11775098579853106,0.003071029994359475,-0.015871245740180378,-0.016968344588564825,-0.00293873157646796,-0.01065210211917604
0.11782987906874676,0.006178473989129672,-0.01721063729018358,-0.013874387061915494,-0.00491991237800837,-0.007026499191695081
0.11790877233896245,0.005466383516917464,-0.018194418689309946,-0.015606584931797427,-0.004396145350940717,-0.008664923881499134
0.11798766560917814,0.0015613286025481163,-0.02049291593008243,-0.018553965900133283,-0.007098453395064086,-0.009050265612107047
0.11806655887939384,0.0004487307766418136,-0.02088156942008083,-0.018322874045683526,-0.01186231937274452,-0.005693072547414747
0.11814545214960953,0.008543939514684844,-0.019810968296987183,-0.01698805951901564,-0.011663771673240024,-0.004832904647471058
0.11822434541982522,0.02299629528618559,-0.006863464138361488,-0.003864226559592284,-0.01099852582073541,0.004482170112871546
0.11830323869004092,0.03256643660054464,0.013007785730004029,0.012637326185077527,0.000486937501937615,0.009070672621682695
0.11838213196025661,0.03134741369723791,0.004718056469659015,0.004491739708078452,0.006620495983793976,-0.0010876771944832678
0.1184610252304723,0.021111969512391863,-0.008283032035341234,-0.00649368440847304,0.0037765728064650603,-0.007353552764500419
0.118539918500688,0.00823011406713355,-0.0163242193979165,-0.015193132361774886,-0.004041354194247958,-0.00859466380947129
0.11861881177090369,0.0027455145905403407,-0.02073950874952935,-0.019352158041759836,-0.007771855131767258,-0.009193754029339567
0.11869770504111939,0.0072151307087359095,-0.015403655217012301,-0.014414984320166737,-0.009763988397564292,-0.004189431282198857
0.11877659831133508,0.014639356771374873,-0.011423860602407904,-0.009662470861403632,-0.015312378788094464,0.003055747690410607
0.11885549158155077,0.017651418001424113,-0.0066368576634461465,-0.004968056383788001,-0.007031827980424615,0.0010085922581478022
0.11893438485176647,0.013208052190279361,-0.013986720855957637,-0.011765131995875982,-0.0012461281523956608,-0.007914483472831966
0.11901327812198216,0.005983095507247985,-0.01938486408810613,-0.018209366064023732,0.0025079506045223876,-0.015216439162028323
0.11909217139219785,0.0025047614622707146,-0.021422575691490427,-0.02114094288773038,0.004553347146060686,-0.01876377360997481
0.11917106466241355,0.004223585543868267,-0.015403603415421926,-0.01593347278584767,0.0034709781310181403,-0.01416794072850428
0.11924995793262924,0.008753593739039027,-0.01088008568406911,-0.010983005721833682,-0.0019535425665726585,-0.006859879688310909
0.11932885120284493,0.01114240343680844,-0.016871330531028086,-0.014263392707857935,-0.009530926856768908,-0.004232533830178004
0.11940774447306063,0.00874196476848139,-0.018569292054569288,-0.01564140564415,-0.015818668075760735,-0.0010526162698357249
0.11948663774327632,0.0034261604526677975,-0.019414575979973075,-0.017229066710180155,-0.0189090661462266,-0.00016678811218832736
0.11956553101349202,0.00047309433113903207,-0.01782513655983688,-0.015896240194824232,-0.013743080738567295,-0.0026302727978963414
0.11964442428370771,0.004546263335665685,-0.02210028813909941,-0.018191331195546112,-0.01164713828383043,-0.005739105201063188
0.1197233175539234,0.012801769300413629,-0.015377077354089375,-0.01205078939112316,-0.0018416446685532502,-0.007728701039487199
0.1198022108241391,0.01982445902090338,-0.007592737275398989,-0.004872964786522794,0.01464592123768254,-0.013417512586663018
0.11988110409435479,0.020671897255009584,-0.0019929829386252256,-0.002790688836541327,0.025979740602956446,-0.01945120883886474
0.11995999736457048,0.013416256617881806,-0.004311351065089141,-0.00916245294164258,0.03518868837142403,-0.030349157522429934
0.12003889063478618,0.005493358886249169,-0.006360107599819814,-0.011728680759224031,0.03306534269062778,-0.030834914018738026
0.12011778390500187,0.003642724171263962,-0.005416366719884461,-0.010597748794371569,0.025171471950142882,-0.0247131203809549
0.12019667717521756,0.004813771560943376,-0.014033235800924873,-0.015265833938165614,0.006895366480581663,-0.01596103892177151
0.12027557044543326,0.004340900733536445,-0.015368827279470247,-0.014916318246213811,-0.004748567636248996,-0.007915934868393055
0.12035446371564895,0.0013544459728940103,-0.01584546762240121,-0.01551116719507408,-0.005022492933934129,-0.00817516879166736
0.12043335698586465,0.0017348204904295737,-0.019486700149522466,-0.018654090342692088,-0.004163589183797246,-0.01108693525161694
0.12051225025608034,0.0123893196958205,-0.010004721020466163,-0.010019331008022724,-0.0028906341860879935,-0.0055166899476875855
0.12059114352629603,0.030609552453901855,-0.0021860732170159588,-0.00013325905816897573,-0.0035052308670102837,0.0022449809423565063
0.12067003679651173,0.0453362295715749,0.0044968014826512635,0.0061479625352020085,-0.000818339996643718,0.005118314355447767
0.12074893006672742,0.04630117558620202,0.008619034655493435,0.009685671006169305,0.008800598781339335,0.001316518123475569
0.12082782333694311,0.0329623680154826,-0.004170559596937099,-0.0037333188860723667,0.011789330262731967,-0.010659772584080858
0.1209067166071588,0.015660213125617467,-0.01588944931760176,-0.0157899252881466,0.01139779555552925,-0.01936103453436648
0.1209856098773745,0.007614335372435619,-0.017677759590461986,-0.014488452349326865,0.0011442833512439793,-0.011537833195432336
0.1210645031475902,0.013313492468562834,-0.016299893739600883,-0.01166659863913869,-0.007814038017992379,-0.003449378995492733
0.12114339641780589,0.02397774825900589,-0.008341936285691309,-0.0032245840067806567,-0.007500122130593841,0.0026181094130377077
0.12122228968802158,0.02997695620617391,0.002855826183575744,0.006128674702094759,-0.00013709246555021706,0.004648417686335818
0.12130118295823727,0.02722054754346413,-0.002418871747422003,0.0007130967442804479,0.007937193298637792,-0.004777740542013194
0.12138007622845297,0.0165468914836171,-0.015152702243161571,-0.010989114238502129,0.002976445770734725,-0.010160920177514849
0.12145896949866866,0.005495720213519276,-0.013848402196458073,-0.012628482807849152,-0.007626821295269115,-0.0042899016284931426
0.12153786276888436,0.0009036143422756424,-0.009612617602256252,-0.011578318974913428,-0.011988612039415699,-0.0005920256505682784
0.12161675603910005,0.0013402462413561822,-0.015376877646904078,-0.017211050240035927,-0.012295463781805762,-0.004576366744548304
0.12169564930931574,0.0026513357966045483,-0.015756088975709216,-0.016369759093691105,-0.012206190878853596,-0.004010265261472508
0.12177454257953144,0.0020804507450454383,-0.018830801057394597,-0.01867184029548628,-0.00983225782412165,-0.007310076163405859
0.12185343584974713,0.000571255382510288,-0.022195752228084044,-0.021748840569843615,-0.010032379002143203,-0.009465315816496303
0.12193232911996282,0.003289465384175086,-0.014095068985529435,-0.014332691744292171,-0.013872440142449864,-0.0013807525852387226
0.12201122239017852,0.01269106861618477,-0.016902888240372557,-0.013051130117585163,-0.012254901524842243,-0.0015093120689707543
0.12209011566039421,0.024472454077755,-0.009465506732742705,-0.005060725513518705,-0.006305712994975185,0.00045409960033834703
0.1221690089306099,0.03217588161515122,-0.00487288964524575,-7.811064053079942e-05,-0.005360673898832643,0.0035267944101649933
0.1222479022008256,0.031208723765840805,-0.004686857650742637,0.0012002908996001133,-0.00984601312667033,0.007476897723107461
0.12232679547104129,0.021374626082794324,-0.0024502557924952722,0.0009760843625819289,-0.013788751928273797,0.009947124908697877
0.12240568874125698,0.009556185926034879,-0.0127319345893002,-0.009242439532286045,-0.017170245657177178,0.004610782548573455
0.12248458201147268,0.005416176412889465,-0.018441454780491393,-0.015394103182624541,-0.012087424028835064,-0.003363968030682522
0.12256347528168837,0.01009843129346155,-0.01785199373842309,-0.013617812861976712,-0.010156781275939625,-0.0033338732853729065
0.12264236855190407,0.016393061359289345,-0.009983614550928945,-0.005982859262325022,-0.009082085345792662,0.0016251547861536914
0.12272126182211976,0.018356299383602653,-0.003266679128773917,-0.0023685201389014544,0.001824500767848868,-0.0029811025375824666
0.12280015509233545,0.015896907333380627,-0.000923944089278133,-0.0029855193812629538,0.009173108202007084,-0.008354149579206376
0.12287904836255115,0.015484459458130654,0.0025875345745931884,-0.0019047655515623937,0.01840766249221484,-0.013726988162750852
0.12295794163276684,0.022250773948630422,-0.0025076084889288776,-0.004894391534398394,0.018015183035584366,-0.0156869534943464
0.12303683490298253,0.02960416414287273,-0.001860145647155066,-0.001800286733746975,0.00518412403699884,-0.004805311939888096
0.12311572817319823,0.028668844333503796,-0.001757826278815677,0.00017656142162777433,-0.005926879750483603,0.004094792009092188
0.12319462144341392,0.020890084690268054,-0.006553418479584718,-0.0038469871385750434,-0.01757098594186496,0.008890981848923712
0.12327351471362961,0.015778633750594826,-0.007999862188623362,-0.005900647832598749,-0.01831051170669488,0.00785861465732038
0.12335240798384531,0.02311477354922587,-0.006898496006543594,-0.003923054067173737,-0.016741499970773305,0.008279577928131835
0.123431301254061,0.04248122377078692,0.008033747199483543,0.010734502117359254,-0.015400858039216694,0.018279746557288153
0.1235101945242767,0.06287119938741897,0.026421656874486717,0.027063595713572555,-0.009956519295222647,0.026779250299306046
0.12358908779449239,0.07351093608530394,0.036678442519978,0.03584893100723329,0.006311465152856897,0.022445155284744545
0.12366798106470808,0.06768604840675793,0.03003409823043844,0.02947042500833988,0.026282008326642216,0.004346853161376349
0.12374687433492378,0.04690179779777558,0.015217756683862613,0.0138552266627491,0.03661382116879201,-0.014190404498368215
0.12382576760513947,0.022858966024315728,-0.007742974763273071,-0.008067268538663951,0.029006937098488794,-0.02539854781083718
0.12390466087535516,0.008657338440337548,-0.022274538920375002,-0.01928360226351725,0.012474354209167895,-0.022678035633664988
0.12398355414557086,0.00807049975184057,-0.019062450573795166,-0.014723276399880525,-0.00282127636255066,-0.009061019455712967
0.12406244741578655,0.013787910314056682,-0.016496249309312067,-0.011824527261689975,-0.0023618554534646477,-0.007212607771711746
0.12414134068600224,0.016555218587293762,-0.014447446230006376,-0.010870650295875422,0.0013027835116574983,-0.008953726492524424
0.12422023395621794,0.0122451901469147,-0.016169509307376966,-0.01328366327050176,-0.005123502300877411,-0.006451063411820634
0.12429912722643363,0.005294695725967524,-0.018828685086523106,-0.01755852153244993,-0.008422645097494375,-0.00742446003657718
0.12437802049664932,0.00502116018453758,-0.016425237393725544,-0.016749123517997302,-0.010249484977670243,-0.005600887947657059
0.12445691376686502,0.010675280042342914,-0.01002474324853157,-0.012450722018362158,-0.00016773178359870075,-0.009145350684351555
0.12453580703708071,0.01457407707914272,-0.008883479671106047,-0.010744787976161359,0.01319740485120504,-0.01681385490940776
0.1246147003072964,0.01306201074805128,-0.009651995973738432,-0.010908794271591355,0.011928201399978956,-0.01608703733646424
0.1246935935775121,0.0062765155841809275,-0.01604841635661685,-0.017120973758859716,-4.3378953472161377e-05,-0.012701374030110762
0.12477248684772779,0.0014425694686800296,-0.021232997585185587,-0.020279361238778538,-0.009062062355896053,-0.0090208556820209
0.12485138011794349,0.0068949989206867875,-0.021119460700782328,-0.016730298705037578,-0.012235915388613171,-0.004258574707761828
0.12493027338815918,0.019043927445894563,-0.01333283798525043,-0.00867027209409813,-0.008218900239923811,-0.0009504486296825705
0.12500916665837486,0.028011954269153715,-0.002611867842859896,-0.000540353682445868,-0.005413870843756114,0.0032186901499107875
0.12508805992859057,0.026692198981223863,0.00109452692046555,0.002127237839366571,-0.008380784841244278,0.007186162824630489
0.12516695319880627,0.016008286911216536,-0.005898536214581214,-0.004487897592933437,-0.007208025374674658,0.0014834459278322944
0.12524584646902195,0.004634866601211063,-0.01529826516391553,-0.014904381005538656,-0.0063348790243374295,-0.006846378796906288
0.12532473973923763,4.3764776160168495e-05,-0.013375033953720653,-0.01429845689309663,0.000645122526061131,-0.011062808722936928
0.12540363300945334,0.0015995907107764407,-0.016317871184315928,-0.016600141393182218,0.003304446610789512,-0.0145523200734865
0.12548252627966905,0.0036748291453628486,-0.022521462227037166,-0.02092110898127177,-0.0030122144655969903,-0.01354283110186964
0.12556141954988473,0.0035935196382338233,-0.02821788592061115,-0.023591843022113312,-0.012270168362553326,-0.009340423634645779
0.1256403128201004,0.003008010227318505,-0.02539855784132342,-0.02095554976269082,-0.012765296079269666,-0.00704786027001731
0.12571920609031612,0.006635839359056964,-0.01853735371121802,-0.017444117750934587,-0.0088665617734864,-0.007042544315702244
0.12579809936053182,0.017752566159041878,-0.01151464871046718,-0.01036454422567786,-0.011791031987397923,0.0001785131318225276
0.1258769926307475,0.029541355877720187,-0.002211669887032802,-0.0021348741041928338,-0.018401806357313068,0.010719737445242787
0.12595588590096318,0.03289944578532707,5.0899533337944956e-05,0.0019921441785883645,-0.02462481866921691,0.017951070209383833
0.1260347791711789,0.02723279218341409,-0.003435147088256026,-0.0012408113256752742,-0.024808362299914562,0.015670434665777964
0.1261136724413946,0.0178555500712413,-0.009561751592659673,-0.0073990975199515864,-0.019350977811952524,0.007440337471196522
0.12619256571161028,0.013291836471029772,-0.01087464053722714,-0.008033353354814247,-0.019403648577331255,0.0070039045892292305
0.12627145898182596,0.0217820987930045,-0.002821907866455812,-0.0004657662054707827,-0.016118163756734714,0.01043318105744786
0.12635035225204166,0.04145195116762368,0.0075671711511157294,0.011246565174766883,-0.011651647576383576,0.016153204661208995
0.12642924552225737,0.06072404637249959,0.02612737856176996,0.028729779496940694,-0.0016958093138721665,0.022497949830794263
0.12650813879247305,0.06749081361678068,0.03307603837751247,0.03449108621884032,0.011844200326927923,0.01773747204979655
0.12658703206268873,0.05616210779433711,0.0204679458604832,0.022774237048213092,0.019267861483482182,0.004052897278461966
0.12666592533290444,0.03173030657397539,-0.0013148697174297042,0.0011145836867737366,0.010711879060808041,-0.006334887247977757
0.12674481860312015,0.009747226589728354,-0.016864415327685546,-0.014652588972599658,-0.0015743949914227037,-0.009842143829630884
0.12682371187333583,0.002468926692196179,-0.017212841544158048,-0.015694852427151705,-0.007209962471930325,-0.006849151498809635
0.1269026051435515,0.006147376389283484,-0.011146542776594017,-0.008965017685519373,-0.008431413658023561,-0.001027509508105567
0.1269814984137672,0.009788399666751515,-0.01486085504380209,-0.010002623550776428,-0.004167775635930049,-0.004650254692852174
0.12706039168398292,0.007130488645204678,-0.016510635239715667,-0.013191360641039132,-0.0027521476360649593,-0.007968039709708111
0.1271392849541986,0.0014509207075162247,-0.0212827549359477,-0.017974230260193996,-0.0102091772166446,-0.0065391235713401765
0.12721817822441428,0.0018955839422239555,-0.022890507355091703,-0.01999618258854112,-0.013171107466457357,-0.006062753585073509
0.12729707149463,0.009705373527663888,-0.012940299890272212,-0.012028303184033017,-0.010312056519314335,-0.0020478858788867786
0.1273759647648457,0.016507311400308703,-0.0033303110965469556,-0.004143307958784311,0.0011069705261610926,-0.003820837893483858
0.12745485803506137,0.01617552175991556,-0.005194260303098028,-0.006062542272990099,0.0016543630972002332,-0.005613858305844917
0.12753375130527705,0.0090004239653128,-0.01357247238277273,-0.013191699121969798,-0.003918630518569361,-0.007188322039540935
0.12761264457549276,0.0013363432729167402,-0.01658983697393773,-0.01748654908210738,-0.010333404700748937,-0.006093295416976775
0.12769153784570847,0.0012420315447510795,-0.013151403836132634,-0.014502335363033832,-0.007590427634176907,-0.0057078306052314575
0.12777043111592415,0.007851484745446015,-0.008551387736372436,-0.00754881372665355,-0.005303194855978534,-0.0020663670670299137
0.12784932438613983,0.01307801124123319,-0.005107191886262565,-0.004363448901881033,-0.007134740202860762,0.0015269691717963792
0.12792821765635554,0.011859665416254593,-0.005734225058381045,-0.005203840242860177,-0.008071663116518437,0.0015286709508584165
0.12800711092657124,0.0054080927422980795,-0.0087150913676634,-0.009838334269764654,-0.005184182894703448,-0.0038484181211171165
0.12808600419678692,0.0010510602961773152,-0.010462328823797544,-0.011642699301956686,0.0018417840638414677,-0.009888188764177169
0.1281648974670026,0.005726441457493954,-0.009002479852869892,-0.009337238715128173,0.00693961446325537,-0.011582820280643318
0.1282437907372183,0.016739427372027056,0.0030746262523459965,0.0004287038786053323,0.013714003462143387,-0.008852702046073694
0.12832268400743402,0.025592660433605488,0.00048241073882094367,0.0004967127192259074,0.019986621671933345,-0.012997835450227308
0.1284015772776497,0.026185823715565926,-0.008763722826679232,-0.003921260316992365,0.014935973832567829,-0.012903994798018827
0.12848047054786538,0.0180226828870549,-0.012572668137831396,-0.006212704379890238,0.007780549629160783,-0.009822177605816341
0.12855936381808108,0.0064973873070530725,-0.01855041452478438,-0.013961653797961639,-0.0036439472561444856,-0.00794456746308501
0.1286382570882968,0.0003548301458242107,-0.020203818613246504,-0.01820086128819759,-0.012305415946479539,-0.005306016914735585
0.12871715035851247,0.003268801108321783,-0.012842481786425435,-0.013855296915166506,-0.02077894053649961,0.003593764568660244
0.12879604362872815,0.008836883365664716,-0.012471433748330856,-0.0130752849476786,-0.021299654392206324,0.004522309485958668
0.12887493689894386,0.009841983676109268,-0.013926836398496028,-0.013280180269901428,-0.01700029855310991,0.001494056931555336
0.12895383016915957,0.005598428272054113,-0.016661380570379136,-0.016436609560541063,-0.012848915103593905,-0.00363018955319095
0.12903272343937525,0.0017081302890629725,-0.022684391367879926,-0.02171697530779486,-0.00772112845170552,-0.010986820717606666
0.12911161670959093,0.006578278627459059,-0.015539699414404962,-0.015955791151697433,-0.0006076299204616093,-0.011457641716851747
0.12919050997980663,0.021512132573837876,-0.0008070228212264081,-0.0011948049316086009,0.0038185639418770807,-0.0034419363834524864
0.12926940325002234,0.0392189004371507,0.009239989203743613,0.010452768761236787,0.01059517973173374,0.0006868455858057207
0.12934829652023802,0.050424428021560296,0.019406754054272057,0.01997630498932178,0.010921310951133674,0.0075522917212729615
0.1294271897904537,0.04715565110652786,0.025452401819410858,0.023390435702537724,0.011016274340234318,0.010028876662562209
0.1295060830606694,0.0301964002868328,0.006624469917439046,0.00565243864101659,0.008508756134412895,-0.0014874219715438218
0.12958497633088512,0.012780610696391905,-0.012808234836371777,-0.011630148484616465,0.0015640241807409342,-0.009693132140368677
0.1296638696011008,0.007778517857292509,-0.02056970350485021,-0.0179944807663459,-0.0009830193122100836,-0.012722767568468104
0.12974276287131647,0.014436480471319733,-0.014742777569495817,-0.01187261330638138,1.3764077875087984e-05,-0.008836837119440024
0.12982165614153218,0.022824715239332778,-0.0058885735062321485,-0.004005116197675231,0.003830753103246164,-0.005539544238295032
0.1299005494117479,0.02454668795784599,-0.004382182085772353,-0.0018311294746829916,0.009916760963577688,-0.00799322686357975
0.12997944268196357,0.017777449077453465,-0.013296817317563365,-0.009629600824991645,0.006722176529497335,-0.011654785162638837
0.13005833595217925,0.008394139937007867,-0.02042486575221692,-0.017246176346272332,0.001013768480568022,-0.013501250781235865
0.13013722922239496,0.003963658774530265,-0.02276318766053093,-0.01977889630188426,-0.00960740022420174,-0.0082839442619562
0.13021612249261066,0.0036721609760544355,-0.022303919363925517,-0.019775616420512974,-0.014030988981450295,-0.005323669968926724
0.13029501576282634,0.002803667442003966,-0.022546361193389493,-0.02012301955163066,-0.011911600365520286,-0.006999294876402967
0.13037390903304202,0.0005435948409637252,-0.021715749414952967,-0.019230498440844988,-0.012355209314280746,-0.006038685970970792
0.13045280230325773,0.0011167747489293995,-0.021088078026341824,-0.017545754585118967,-0.014881188785566431,-0.003096213220709042
0.13053169557347344,0.010692638678884715,-0.008473004312178586,-0.005800670354551009,-0.019266000794037657,0.008572117409876265
0.13061058884368912,0.027211841423397033,0.008870808876196174,0.008582636866510241,-0.017339794180372525,0.01797690587612614
0.1306894821139048,0.041333859415547944,0.02159934010829267,0.02119130311897338,-0.010605842314257898,0.02284715412134264
0.1307683753841205,0.04604773247253542,0.020213940991857773,0.020899031880060176,-0.004144812259170381,0.018310789114494724
0.1308472686543362,0.03936041121270443,0.007683285283127953,0.01042115315222198,-0.0008556928551586733,0.00832054955545599
0.1309261619245519,0.027667849600503655,0.0014713187283384316,0.0018918059202091527,0.0009163850143690838,0.000793757265732816
0.13100505519476757,0.02508698232776967,0.0017380963069894458,0.00021533270430872686,0.012271879023320591,-0.008046813229859836
0.13108394846498328,0.03784829424580212,0.00810644323446171,0.0075790853796484205,0.02601217000466338,-0.011763020081111264
0.131162841735199,0.05530041128917645,0.019925045061290086,0.019435465545510806,0.042908334227186956,-0.014252644507955348
0.13124173500541467,0.06289947116165738,0.016936183873391502,0.02052559023468876,0.0460549586601549,-0.015548826638898913
0.13132062827563035,0.05498050912200333,0.010851926312009428,0.015219074967588779,0.028087640676827987,-0.007468996105908958
0.13139952154584605,0.035584655797032794,-0.0070266236452115076,-0.0005672277891677796,8.29985846956202e-05,-0.0004772407134899421
0.13147841481606176,0.016076279758237534,-0.013955236750329881,-0.009495178308660205,-0.012469075478979137,0.0012785010118644715
0.13155730808627744,0.006817151806789782,-0.018225377996674754,-0.016127463154499075,-0.013087153570333326,-0.003240913666989891
0.13163620135649312,0.0059433770200757055,-0.016295095734602864,-0.016627012547742764,-0.007919238895515884,-0.007068203091294369
0.13171509462670883,0.005821155674504715,-0.01412436335749739,-0.015721294743992843,-0.0007571297800937481,-0.011183305530391131
0.13179398789692454,0.005415290588722678,-0.011368087376657586,-0.013776171541612613,0.007726880408781358,-0.015409457945208717
0.13187288116714022,0.011225695262430871,0.0018230817135909574,-0.002432968540886172,0.021960520129740046,-0.01649631519593719
0.1319517744373559,0.028357096768753358,0.005654520839304653,0.003982428580053805,0.04060874379326552,-0.02420816572017967
0.1320306677075716,0.0510052729502034,0.02510600136266962,0.02406056315738252,0.049452677074396906,-0.01519296108486536
0.1321095609777873,0.06998913986110172,0.03783007431113488,0.03870032705452929,0.035247615797537095,0.005227537584629938
0.132188454248003,0.08138478178452842,0.047267536966574306,0.04948119641202672,0.01745916397047706,0.025155084268988322
0.13226734751821867,0.08209022588595831,0.04600805969118692,0.04768159770959356,0.002018999391482938,0.03412193141817835
0.13234624078843438,0.06972424295854794,0.03652531418206172,0.03591621405698926,0.005758118589133677,0.022864925223770007
0.13242513405865008,0.04953139561680614,0.023050642316889657,0.019503605886408756,0.019702180154330947,0.0013286261496340556
0.13250402732886576,0.03375044256105863,0.010863344413386548,0.008506713837063922,0.026036864841092522,-0.011089681386446277
0.13258292059908144,0.03142551525466796,0.008599258364733355,0.007156796329480966,0.032116358200218784,-0.016162131931318133
0.13266181386929715,0.04093396130145224,0.015770257319723573,0.013693212969112313,0.04596269892028343,-0.02057207298388668
0.13274070713951286,0.052105926386554924,0.019811225672722137,0.018223010093786938,0.0590680776796535,-0.02598602056446753
0.13281960040972854,0.055793931431428266,0.01883176758836206,0.018712902522407645,0.06470078313202629,-0.02940065787041985
0.13289849367994422,0.05080625282057647,0.010195427910692448,0.012583767078903484,0.050026422885011336,-0.02412049759586632
0.13297738695015993,0.042328269930813914,0.0027079558039525965,0.006049365514787064,0.02479600877657266,-0.012086838958784533
0.13305628022037563,0.034793772848178174,0.00023740717940865996,0.0033032529870217556,0.005036448267286935,-0.0009120325012242445
0.1331351734905913,0.028230095766292606,-0.005915794134795623,-0.0024971435571003093,-0.003921730171841036,0.0007659365355795918
0.133214066760807,0.02173694803715566,-0.007118791558660113,-0.005440202699997122,0.0038613372035714148,-0.006626975912840014
0.1332929600310227,0.01866992782659822,-0.009570619936551708,-0.006610205719646319,0.006873686582634217,-0.009511265142268894
0.1333718533012384,0.028148560539747926,0.0004206171494777521,0.003263200799624262,0.009180701176756902,-0.0037133163546772463
0.1334507465714541,0.05390507539582083,0.018024076582248482,0.020159646384134616,0.0143989207540599,0.005363352673971876
0.13352963984166977,0.08431099722185566,0.05017655881853293,0.050904545299844534,0.028123009892018325,0.019094333928665906
0.13360853311188547,0.10259881449349326,0.06495330198311311,0.06642729307285891,0.046999385301612684,0.01808554895755256
0.13368742638210118,0.09769787397066841,0.051172581232140024,0.055744539755587685,0.04109354047282576,0.014040939013780441
0.13376631965231686,0.07022191670288723,0.020600535982713452,0.02726946425230655,0.021308837564491166,0.0060339540170046115
0.13384521292253254,0.038676301811864516,0.0067503017885899574,0.012358240758522461,0.006932597625008995,0.004553152923395907
0.13392410619274825,0.025168620166551886,-0.004342920877482943,-0.0007503142395119953,0.0017256437816339108,-0.0017118521976024926
0.13400299946296396,0.029157260226058995,0.002390744840579447,0.004758578071712862,0.010557965032050674,-0.0035225284207444957
0.13408189273317964,0.034023418048532456,0.0026298738126092607,0.0053724810263020275,0.01395011503286929,-0.005334770369924662
0.13416078600339532,0.02965448994179223,-0.007811183434904319,-0.0037459345984600205,0.0017034292409922004,-0.00392425226920209
0.13423967927361102,0.020441614841834835,-0.014298562661546926,-0.008381255167568194,-0.012427289435052644,0.00207892272362823
0.13431857254382673,0.017493121209763412,-0.013214861865735122,-0.007094020711337634,-0.015043319528682767,0.004785822508232999
0.1343974658140424,0.023569868186424942,-0.008901786111349962,-0.004256523938311931,-0.0055384825403367085,0.000538977041977134
0.1344763590842581,0.03014874425597386,0.0021371643429085657,0.003583869012012116,0.005826097212349152,-0.0012314595883711281
0.1345552523544738,0.029044767412597462,-0.0020674479558066626,0.0006783922600864151,0.007395277385534866,-0.004441130002172636
0.1346341456246895,0.02181210768695992,-0.009576326380262809,-0.006697540958045441,0.005394042580044467,-0.008586735828544032
0.13471303889490518,0.017970390821914036,-0.01027174952168407,-0.008182582664713113,0.011560757713491016,-0.013814626322391714
0.13479193216512086,0.024657000969890118,-0.007321089094318578,-0.004675899531023155,0.020328768127929133,-0.017072085162656746
0.13487082543533657,0.03989440750963694,0.003247890837267456,0.006986660793763139,0.0177018736360984,-0.006643912680146324
0.13494971870555228,0.05783764055903951,0.023419168175326036,0.027875252522378834,0.0038978154405600674,0.01812404126233444
0.13502861197576796,0.07600895264789057,0.03441751400764902,0.04074674595507221,-0.012257360257661963,0.03849182513201852
0.13510750524598364,0.09024350731631318,0.04166881225966358,0.04865317002524401,-0.015156602440005053,0.04630806048984557
0.13518639851619935,0.09207253819285882,0.043495960439133986,0.04740748951519179,-0.0005370683979986911,0.035623946648956135
0.13526529178641505,0.0784622077593792,0.03557363614662515,0.03771110241743227,0.016431902442401232,0.017069695342305898
0.13534418505663073,0.05687000894405943,0.024525230687308133,0.02588810120804526,0.026934507657545497,0.0012429507812662642
0.1354230783268464,0.03884523727162981,0.014719354532969691,0.015432862782048107,0.03002146793867947,-0.008604016533902064
0.13550197159706212,0.03242146474932973,0.006211259350013572,0.007573494256699424,0.027994662863644843,-0.013093772139210497
0.13558086486727783,0.03671760715142945,0.00476892591308624,0.0057870053193159205,0.03130476143509511,-0.016637529786699735
0.1356597581374935,0.04570473962383858,0.008216432085335453,0.010800529367388331,0.02657687801246634,-0.00974500151068927
0.1357386514077092,0.05602330176616287,0.013277269360835219,0.016243425441980482,0.014966636262347026,0.0020702673604553277
0.1358175446779249,0.06837168375742025,0.022357832587521123,0.026178501133435214,0.004630599373707811,0.016371899361662057
0.1358964379481406,0.08269713401402427,0.04164382050933809,0.04319910262306859,0.005555461389725167,0.028422639636022026
0.13597533121835628,0.09239202783596744,0.05151232865299763,0.05297366539063144,0.02222009822717834,0.024581004591051128
0.13605422448857196,0.08887714745263264,0.044346716320524705,0.04589107242092949,0.03950795431027713,0.0077419323388208125
0.13613311775878767,0.07280085472533644,0.03247554880300937,0.03321364903103654,0.04703283920242747,-0.006751401006553671
0.13621201102900338,0.057524590559629746,0.020907973521285525,0.0223431940136749,0.042071821194019934,-0.011527674092444628
0.13629090429921906,0.058316261929545705,0.017391631466638476,0.021129460347322503,0.03412046441673885,-0.007107942245549002
0.13636979756943474,0.07347440242869618,0.03000840821507189,0.03366362000980934,0.030991264505290363,0.004320545728085192
0.13644869083965044,0.0859006728576092,0.03822289120820091,0.042917752989394674,0.030518446903010397,0.011535038457411757
0.13652758410986615,0.08075923200953465,0.025866573788958337,0.03112183113289503,0.02047771832048527,0.009457976223452876
0.13660647738008183,0.05519302099430693,0.007578452237609127,0.014745719555928804,-0.003923736869582439,0.01358748768036995
0.1366853706502975,0.022858324263933666,-0.010730097128060575,-0.0032189140990293813,-0.021251597911566656,0.01182012331965045
0.13676426392051322,0.003420678830957479,-0.016594984062577638,-0.014271897441306544,-0.021112779495749055,0.003507183255373348
0.13684315719072893,0.0003029599358649232,-0.00979525050515409,-0.011684895416164643,-0.00876654547101279,-0.0028260281178019825
0.1369220504609446,0.00405702029028285,0.00025298082545364433,-0.004147359893098941,0.005494720946236176,-0.006758042484195934
0.13700094373116029,0.005313516047123878,-0.008022619206902627,-0.010931868869351262,0.0044786696174712,-0.011122834829367502
0.137079837001376,0.002117932588772266,-0.016397097351785305,-0.016200322886400446,-0.0054956388475968735,-0.008371349763293137
0.1371587302715917,0.0008618810580062901,-0.025318852023792998,-0.021754584987955513,-0.012322814211459388,-0.007938208309622975
0.13723762354180738,0.005572631574224306,-0.025970953470730317,-0.020777025347740837,-0.013167720564363388,-0.006645956650954514
0.13731651681202306,0.012795524205021393,-0.01580304764374246,-0.011474288908356696,-0.016841871969433705,0.002731274985754345
0.13739541008223877,0.016425429610682926,-0.012863473051386952,-0.006875261227559006,-0.01975560368796717,0.008100555716531675
0.13747430335245447,0.013335164426332636,-0.019271367907966994,-0.012785288843587858,-0.02248420203872245,0.005530453250566772
0.13755319662267015,0.006338281692342885,-0.0228715686955993,-0.016972733956396837,-0.022439938571807833,0.0023857030958667597
0.13763208989288583,0.0010937999402987999,-0.025858835899787755,-0.022152536116474414,-0.013616568234738089,-0.007369260131750846
0.13771098316310154,0.001988230700799019,-0.02022343360718524,-0.02037668340406941,0.000566842935689456,-0.015530520073859766
0.13778987643331725,0.00866999816820073,-0.013937452585135755,-0.014972914899903345,0.004169142676735557,-0.013920496671667183
0.13786876970353293,0.017265215809085622,-0.007368196067568643,-0.005267493794918556,0.001958024470535692,-0.005225793531466346
0.1379476629737486,0.023538330611973794,-0.008852031741102485,-0.003877508049400166,-0.005456609565165955,0.0007660366161289676
0.13802655624396432,0.02337632588175451,-0.0015543274808189594,0.002718700349108111,-0.0088532086584976,0.007941840213840815
0.13810544951418002,0.018513879627621747,-0.009989865172474187,-0.005102577745691104,-0.02402195895174286,0.012272967766143335
0.1381843427843957,0.014581662717130536,-0.011866461198411345,-0.00753468125926715,-0.023655465522541264,0.0102191990176337
0.13826323605461138,0.011329398673802761,-0.017346116248838674,-0.012821702080137928,-0.025966642561958714,0.007833271738578203
0.1383421293248271,0.007135790515124929,-0.023012393643122346,-0.01581054161332265,-0.022597857980087517,0.003355997773743938
0.1384210225950428,0.004303756801127017,-0.024199930581089015,-0.017049105284943137,-0.022185797112133525,0.002158876399285743
0.13849991586525848,0.006632979702349986,-0.012860765587126977,-0.008026079789952997,-0.012751422310600573,0.002559825242096955
0.13857880913547416,0.017449851482912553,-0.01252605420706568,-0.008083145508131809,-0.01468905876136364,0.0038133312609817437
0.13865770240568986,0.03582930118383636,0.006775928798010061,0.010723034212611308,-0.0022657342112016522,0.009487856157577593
0.13873659567590557,0.05613737484718207,0.01928529883999358,0.023046948425388285,0.002477728878732325,0.01548135120378752
0.13881548894612125,0.07002930293456279,0.037183460509703586,0.039938247751464526,0.0002320398169336344,0.02954994380929343
0.13889438221633693,0.07091311764190732,0.0374941587868831,0.04071887652696959,-0.0027859952036950967,0.03214642515160518
0.13897327548655264,0.058716834265971914,0.029177943556551785,0.03194877014227026,-0.004318039709475555,0.02664461125919772
0.13905216875676835,0.03914090534306411,0.010987922087795685,0.013464348839086232,-0.008221656180628409,0.01550845132753906
0.13913106202698403,0.021928876541885703,-0.0011704882641778583,0.0022592564602358076,-0.005778772319982751,0.0055442178452999495
0.1392099552971997,0.015638546900929334,-0.007189509230072335,-0.0036104523928568335,-0.00975417349491835,0.003838649606164179
0.1392888485674154,0.019170147711908867,-0.004904333542011303,-0.0009332354284089566,-0.012169259220491698,0.0074444228118497645
0.13936774183763112,0.022939092042491872,-0.00625188196563589,-0.001407201207504968,-0.013540481668801946,0.008009135294338974
0.1394466351078468,0.018830584151166285,-0.010887772123537958,-0.0054639682869409645,-0.012561064147469343,0.0043377048203938895
0.13952552837806248,0.00935360048596047,-0.016118932603714036,-0.010272784046856767,-0.013612320683381458,0.0014648196669216058
0.1396044216482782,0.004738914613464626,-0.014814211113666634,-0.011371334317694382,-0.018826867071071226,0.004135582730475918
0.1396833149184939,0.011424169424187563,0.0038054962197780397,-0.0008830741663072511,-0.015249624910640358,0.009541980011975927
0.13976220818870957,0.028074173628523443,0.02855600711179861,0.017889417494622542,0.0014353710145480099,0.012342209964952774
0.13984110145892525,0.044811293860890625,0.0398365497624856,0.026925262832328958,0.022861007333607665,0.004739699527565082
0.13991999472914096,0.048076329617466336,0.03336444389638445,0.024073606699127247,0.03525072425546116,-0.005672585158245707
0.13999888799935667,0.03537026852579512,0.018924722887160794,0.014887785459028439,0.03369175470401495,-0.011466050194931215
0.14007778126957235,0.020124004295971124,0.000195361125472105,0.0021762977314083764,0.020147803086651855,-0.011856912389110717
0.14015667453978803,0.014949703634310491,-0.007601210220459781,-0.0038264723149458077,0.00772393587619118,-0.0080102313515953
0.14023556781000374,0.017638992926350933,-0.010438695634569449,-0.004620085115401881,0.00020463539241650787,-0.003571919253746192
0.14031446108021944,0.018635812091877195,-0.010521206528890345,-0.003816813600587787,-0.005266525989075079,0.0006840479168278335
0.14039335435043512,0.016026039207260912,-0.007972656270026548,-0.0024731125329627095,-0.01137818639088892,0.005770428783754647
0.1404722476206508,0.017735801068825954,0.0023098374046423733,0.00284669514086448,-0.005692132968203405,0.005923032528488716
0.1405511408908665,0.02944983216774576,0.02241007122771807,0.01434676151312991,0.018787243873224994,-0.0018959207891538433
0.14063003416108222,0.04530012358581841,0.04710653919831329,0.03278755177367632,0.06131793351340788,-0.016643289466036378
0.1407089274312979,0.052591845905405325,0.05362728710564744,0.039012162056548706,0.08933154759383378,-0.030819418056190918
0.14078782070151358,0.04425237472827968,0.04861239589180022,0.03830154275556932,0.09538245002472348,-0.035426111297655404
0.14086671397172928,0.02802752756604973,0.030378526829505786,0.02349251054546616,0.0808432612081816,-0.03668609406912098
0.140945607241945,0.020091994941821352,0.010135131120080972,0.0072854771582442,0.059746407418298265,-0.0345783719466977
0.14102450051216067,0.025916300758332653,0.0029403875071101157,0.0035123873814325857,0.043859267484031225,-0.02673467093625269
0.14110339378237635,0.03400755429232063,0.005973859796652085,0.007707876522878205,0.03344291588943915,-0.016640252934317912
0.14118228705259206,0.03311649659881965,0.00427740830492834,0.006587934642564096,0.01889163321041395,-0.007736270532483389
0.14126118032280777,0.023731746610962563,-0.008327549711736226,-0.003198786516565772,0.0017154297286131057,-0.0035254700685327742
0.14134007359302345,0.012118352582080855,-0.019428157546549578,-0.014385908723492966,-0.0037158260075907217,-0.008212008813265044
0.14141896686323913,0.004359464122776043,-0.02456846981447512,-0.02094965092237871,-0.001215476229360371,-0.014765180040648135
0.14149786013345483,0.0020359047363786523,-0.018984624820681938,-0.01895072877373654,0.01243581990336843,-0.02240481387425758
0.14157675340367054,0.0008357771983738121,-0.012151271812318502,-0.0145555707541511,0.017463340605655756,-0.022499284193424157
0.14165564667388622,0.001149965975363923,-0.011134904325762926,-0.012497681579647158,0.0013384668510808293,-0.010187375954734136
0.1417345399441019,0.006652461679049646,-0.003834162080718615,-0.0044454238078166786,-0.011153150855774226,0.004153434212503543
0.1418134332143176,0.01447320516145727,-0.0017787944185288199,-0.00032102810181948834,-0.01576582546409132,0.010305121760190977
0.14189232648453332,0.018247289683959493,-0.007073255579087119,-0.0031344872303715196,-0.011607045905971084,0.005431740549886106
0.141971219754749,0.013587971910442255,-0.014326055413919873,-0.009044293094446737,-0.008617315493567517,-0.0009621396310489133
0.14205011302496467,0.0041937740455445785,-0.016278905033326366,-0.012104962799370013,-0.008422926006909977,-0.003368208486740634
0.14212900629518038,2.8273588719173893e-05,-0.009691794346894761,-0.008225129674016382,-0.011854931164256729,0.0018122303253827884
0.1422078995653961,0.0034006264333827437,-0.004833510223495066,-0.004646807220911688,-0.005279090754283806,7.532046298946513e-05
0.14228679283561177,0.006555629379415515,-0.0065828754968218755,-0.007978158461887775,0.0054939466213852085,-0.00960566156197419
0.14236568610582745,0.004024424846307096,-0.010718078240788624,-0.012829923541664633,0.007325201878385403,-0.014437368232740814
0.14244457937604316,0.0035993035233190724,-0.008486091950404886,-0.009486082048654296,0.0030698093804204848,-0.009105811114904671
0.14252347264625886,0.01970550709006834,0.0180475097100916,0.013400491984869553,0.002201598009484767,0.008491677314236612
0.14260236591647454,0.05461859372326105,0.057996536592674466,0.047205721515652756,0.02728620636185428,0.01689367907168137
0.14268125918669022,0.09208173888651675,0.08458806957120402,0.07142365201383957,0.06380506250414712,0.010592518112236078
0.14276015245690593,0.1066993955481651,0.08564758257757615,0.0744795068100711,0.08372362005294338,-0.0004599091554359012
0.14283904572712164,0.0869596489837548,0.058065362360981046,0.051805845437628305,0.06405096173015967,-0.00427177432603534
0.14291793899733732,0.05028264827817963,0.028616873499705937,0.02560427137136898,0.036237064313419026,-0.00519297405746408
0.142996832267553,0.022640652191516515,0.00551507536452722,0.006108543568599886,0.007481354186602964,-0.0004611943171379186
0.1430757255377687,0.010837908652209223,-0.009665729389000158,-0.007687058896764192,-0.011100686613804887,0.0017079197137666623
0.1431546188079844,0.010381388443343121,-0.013249392269641499,-0.010358147502487324,-0.012487468301389635,0.0006490355464497463
0.1432335120782001,0.0234799427009018,-5.961101820940179e-06,0.0010490773781264909,-0.013495511274811701,0.00980526504500931
0.14331240534841577,0.05996267428101642,0.039961581891282294,0.03505541746087763,0.015903646399045453,0.01544480357544032
0.14339129861863148,0.11997565692999734,0.09646426382279674,0.0828035677559859,0.08172860050531164,0.007146463367704171
0.1434701918888472,0.18419393835273815,0.15575173652770347,0.1318150931481918,0.16793474018125307,-0.013627257431528358
0.14354908515906287,0.22223076298739763,0.18951952626299737,0.15832412298673948,0.235975971909785,-0.03967565638845046
0.14362797842927855,0.2120491366078765,0.1770491824661809,0.14749065477030884,0.24866674934023725,-0.057121876622814996
0.14370687169949425,0.16155857308564064,0.13065584644279726,0.10956055478439618,0.20640123826899362,-0.05721450177101486
0.14378576496970996,0.1059555610882391,0.08281781352472613,0.07027783830857925,0.14192066398823103,-0.04292031352244148
0.14386465823992564,0.07194146688222727,0.04980399445963416,0.04371296985712526,0.09187165193390048,-0.029015897963445905
0.14394355151014132,0.0595211416412456,0.03560863631265918,0.03204055835418288,0.05452744432171144,-0.01264734760642782
0.14402244478035703,0.05816703353233241,0.03003738090820501,0.02857296501891635,0.02376223085300539,0.005363769292102063
0.14410133805057274,0.06180644266417267,0.02541761232514582,0.02663890162659622,0.01154743221388464,0.012091018581333053
0.14418023132078842,0.06780083040923494,0.03043555814219988,0.03339826249488181,0.02842189491136908,0.005841356381312363
0.1442591245910041,0.07513365752200328,0.03991779710940878,0.04014498500064588,0.061222750373216527,-0.011089482278022565
0.1443380178612198,0.07888996602440158,0.043881262986569435,0.03914953815045788,0.09894319406578533,-0.03719288453914803
0.1444169111314355,0.06816508052006102,0.034481607271151744,0.028105002240420424,0.10140831698056449,-0.04710100436899797
0.1444958044016512,0.042388877811282,0.01672197588951688,0.012175325941324887,0.07572603955185253,-0.04167067794902861
0.14457469767186687,0.018568777725709845,-0.00039632192250690386,-0.0020939613343268003,0.040957762092869165,-0.028958703847856013
0.14465359094208258,0.008532566113671708,-0.010399507934100896,-0.009991530237073625,0.017850990082160265,-0.019366069861732643
0.14473248421229828,0.007469617625310529,-0.013979775487386685,-0.012806477901930654,0.0014687735407824805,-0.010504114201590878
0.14481137748251396,0.00819133729595991,-0.017301430363179986,-0.015352552534685133,-0.003110021738057727,-0.009335930223109192
0.14489027075272964,0.011523470198117444,-0.01632800304493779,-0.012446520657850912,0.000723364563406036,-0.009738051865903383
0.14496916402294535,0.02269784693815624,-0.007532401920485535,-0.005173892806369834,0.014535857497589526,-0.013567613183076132
0.14504805729316106,0.03934151943072983,0.008330103969929682,0.005835236847052015,0.0430022299186815,-0.024433570569088337
0.14512695056337674,0.04890587442441918,0.016432978292794737,0.01111069804221553,0.0695547673208528,-0.03831666278732168
0.14520584383359242,0.04234106470158304,0.012125488067018764,0.007026746673115395,0.0695387779360607,-0.04134287364013765
0.14528473710380813,0.025716067436544022,-0.0033918037842432455,-0.006188747087837066,0.04933749729579721,-0.0376141055475145
0.14536363037402383,0.015791593874298904,-0.007988118399262778,-0.008218651612978441,0.027051812259636328,-0.024202936642152815
0.1454425236442395,0.021773394335041288,9.331095325910678e-05,-0.0010763786869363722,0.013892142635966064,-0.01009084131937833
0.1455214169144552,0.03550457641583292,0.01578525225846482,0.01314729560949231,0.0181673492064999,-0.0023734954345221867
0.1456003101846709,0.04254528031524405,0.01927330858965172,0.01736670373562881,0.01621021262534887,0.0020742094971238755
0.1456792034548866,0.036892780041857906,0.00965350706300992,0.009284168808240881,0.0017754154098031376,0.005715772605629244
0.1457580967251023,0.026148084199551638,-0.0034548691690606233,-0.0013033528887885224,-0.011478998673343479,0.006707586264019558
0.14583698999531797,0.021673331970992044,-0.009382336220456,-0.006937784047046258,-0.015163536444345259,0.004982410804002929
0.14591588326553367,0.023026390185954808,-0.008970921273604698,-0.007866746311624514,-0.007081413947198756,-0.001113627645894865
0.14599477653574938,0.024548480938018914,-0.008096929491986997,-0.007045283499070733,0.004370022867370448,-0.008160508239780559
0.14607366980596506,0.03045040649588609,-0.0004443338392152012,-0.0009432217400015763,0.011878409999909283,-0.00864502241480966
0.14615256307618074,0.05354452523708326,0.02379877628786641,0.02076355244589888,0.02636450317647401,-0.002190331869152375
0.14623145634639645,0.09786574886288682,0.07189132119708137,0.06328699021206878,0.06091630795939028,0.006424011879701185
0.14631034961661216,0.14811323265275037,0.13143299458255045,0.1149427002807578,0.11066798834915335,0.012097219826974
0.14638924288682784,0.18738379568182828,0.1716513795396162,0.14837389684717617,0.15051961874889475,0.011019520374566718
0.14646813615704352,0.20358523559234015,0.17852069646749633,0.15367221766104128,0.16223675676030613,0.007232740725078225
0.14654702942725922,0.18514658194162442,0.14830101715863528,0.1296654062000657,0.13376134461094166,0.007847895714517866
0.14662592269747493,0.1383945845640032,0.10011585122610236,0.0879059675994667,0.08987124047921284,0.005535342925120085
0.1467048159676906,0.092818726301751,0.06087449465158701,0.05376462270335981,0.05684592355596337,0.0020209152385056313
0.1467837092379063,0.06848780980397286,0.040884150031552394,0.03823606895361523,0.03995121563672864,0.0017343600244686087
0.146862602508122,0.06484596123874366,0.026012612988258525,0.0263965305755122,0.029047787756578333,0.00020778348404425364
0.1469414957783377,0.07407768847733476,0.029010688013256333,0.03129077075661651,0.036352030737753366,-0.0010340985006588904
0.14702038904855338,0.08595185955247879,0.03372908003707629,0.036022808280042104,0.05187488477548033,-0.007900104872740595
0.14709928231876906,0.09149183596682171,0.04305808828267929,0.044469952745712686,0.06866398547482093,-0.012850506585446096
0.14717817558898477,0.09381258134923932,0.05505828192828709,0.05443582289607791,0.08000950821979531,-0.013011900081956301
0.14725706885920048,0.09731266601236195,0.054098735744097515,0.05117869731677802,0.07952124992078237,-0.015122797604486315
0.14733596212941616,0.09050383194651623,0.04394949190460536,0.03957669474261066,0.06860893372689514,-0.016468834194820633
0.14741485539963184,0.06706282288617164,0.025125444042387254,0.023979226785331105,0.05395567041054908,-0.01827150429274395
0.14749374866984755,0.041861831850021354,0.008513665991232579,0.01125964763692235,0.03836074556632418,-0.017290967143525897
0.14757264194006325,0.0273407714628991,8.815914693373922e-05,0.0020677311928402418,0.029097135637921503,-0.01792545347216203
0.14765153521027893,0.024245280233135047,-0.003308302366787031,-0.00243604019198537,0.02630092722188989,-0.019402483981329502
0.1477304284804946,0.029151915170566034,0.0018258669995172632,0.0012313456015977224,0.028441838034180104,-0.018108743361895517
0.14780932175071032,0.03731612489582797,0.007246222452209386,0.00841122158047518,0.03624073218419951,-0.01799014636368979
0.14788821502092603,0.04269523948061969,0.016433086922540065,0.01618871271847704,0.045038040356634945,-0.018095695461169327
0.1479671082911417,0.043611577159420434,0.019843138933282514,0.017763375510025464,0.04177574757185298,-0.014738691562633887
0.1480460015613574,0.044767043953538595,0.023984730529908422,0.018787739344390972,0.03456553075732027,-0.009148821264812609
0.1481248948315731,0.04414223605307121,0.019535418437151657,0.01497745554829843,0.01913137248888998,-0.001656943673337121
0.1482037881017888,0.0357269204316348,0.005493280806122174,0.006028577762947154,0.0094272928680426,-0.0018220245366121458
0.14828268137200448,0.022286444011642686,-0.01056863792520006,-0.0061065240984856,0.0014938887055814015,-0.005539248860784814
0.14836157464222016,0.010864772541317496,-0.019960118474499137,-0.014612036420238794,-0.004382563610243895,-0.0079343685473027
0.14844046791243587,0.007020837732691165,-0.02371655332971308,-0.01819282534114971,-0.008247056774998877,-0.00801367227899898
0.14851936118265158,0.010844643051594393,-0.019171813144131737,-0.015473193469169555,-0.008528132496665983,-0.005802883367696072
0.14859825445286726,0.017726529412924574,-0.018188216743603793,-0.014407683863913385,-0.00137732173868197,-0.009791790896036424
0.14867714772308294,0.023034627552426315,-0.01258372785025278,-0.009972607174566281,0.00604436221238933,-0.011456560244298438
0.14875604099329864,0.02387099946047219,-0.0024747403759133265,-0.004169379609863507,0.01217155559020994,-0.011239586670000322
0.14883493426351435,0.02194236391546229,-0.0012753094414770987,-0.00450344334136206,0.014856389237792632,-0.013283571109005231
0.14891382753373003,0.017975836053945416,-0.0073080737701351406,-0.009820134850486951,0.01046276381944568,-0.014297759215666792
0.1489927208039457,0.010980426185522361,-0.016948250433525876,-0.017081925209470848,0.0008688789640854664,-0.013282240236050584
0.14907161407416142,0.008859220608178254,-0.011390676733010668,-0.012023843086812544,-0.005656288893292457,-0.005157928034141443
0.14915050734437713,0.02377750546970092,0.010547213740169691,0.006395827589589001,-0.0040000718829246015,0.0074302522980908515
0.1492294006145928,0.056690835883917025,0.04658743089157167,0.03753197316625795,0.0180772443794226,0.015836723846614262
0.14930829388480849,0.09116184418045209,0.07634469096829789,0.06473080772306126,0.04790445899538499,0.01621022365054137
0.1493871871550242,0.10512639674237845,0.08217966355767012,0.07122892119902657,0.06943096865280099,0.0066793925912871826
0.1494660804252399,0.08995929947835934,0.06334562646266802,0.05555264948831443,0.07563291345691815,-0.009236439279598113
0.14954497369545558,0.05821874588445308,0.03165056190104543,0.026391257237897238,0.06380564565171624,-0.023080730744454252
0.14962386696567126,0.03230671156586695,0.0072345920951499805,0.003992978775444881,0.05192132472534298,-0.031779327986419005
0.14970276023588697,0.021421194513501454,-0.0006420156531047837,-0.002467328929165133,0.043995341832826856,-0.03127045940089777
0.14978165350610267,0.017347985755007195,-0.0065360208625874355,-0.006816709837696727,0.03959197902147419,-0.031553741904101235
0.14986054677631835,0.012923374519759315,-0.011894684268696241,-0.010494661391237793,0.022380135043402145,-0.022769329019691947
0.14993944004653403,0.014354670836897196,-0.010156021688630298,-0.009046990323615143,0.0031985627778037895,-0.008865434629437056
0.15001833331674974,0.03346459814627032,0.002867562594086496,0.003927544877674904,0.00042818165979055544,0.0026338278259250844
0.15009722658696545,0.0678405611890353,0.03152262798797885,0.03200223390910329,0.02349015803570589,0.008099441449303562
0.15017611985718113,0.09635907051615125,0.052398897767188306,0.05165048814708125,0.06273100326662867,-0.00350319877518712
0.1502550131273968,0.09791582628742729,0.05286684644741029,0.05078027338388503,0.09320654509147042,-0.02462554405003535
0.15033390639761252,0.07177381477032499,0.03043131881665263,0.029062390113015025,0.09257326367572641,-0.040429968989491055
0.15041279966782822,0.03963402867940812,0.009588368544397185,0.009060889213377698,0.07843565402195848,-0.04580828288971317
0.1504916929380439,0.02060533267543609,-0.005123835462689095,-0.005430750205189662,0.0638096158946098,-0.046753433756302504
0.15057058620825958,0.012634051325936905,-0.012638730864260457,-0.01313854078505332,0.05444547642518406,-0.046197943874773016
0.1506494794784753,0.00589031925008738,-0.018049078954093314,-0.017213337457006032,0.03624421171070189,-0.03703661160535224
0.150728372748691,0.002115150710817112,-0.016172313486505406,-0.015353337949334928,0.009117809208735672,-0.01751203098043146
0.15080726601890668,0.013673200837011542,-0.002892562601032004,-0.004315623684149056,-0.012520178494194687,0.005164229385354111
0.15088615928912236,0.046254873583582844,0.02314448261569433,0.020788064414513825,-0.006884989487597111,0.02006001937347164
0.15096505255933806,0.08701614349159577,0.04620474423923313,0.04443224661196887,0.02440147272114303,0.016752936518088467
0.15104394582955377,0.10829101733629104,0.055690055574059094,0.05514316606842032,0.04754164796550903,0.009279320393007417
0.15112283909976945,0.09266496002025924,0.04402867244743335,0.044805294503194974,0.04820558078784538,0.0011112717742134493
0.15120173236998513,0.05527453305622127,0.017657085820041604,0.019161027298343472,0.03308808405800422,-0.007882104087142135
0.15128062564020084,0.02435489923019452,-0.007084613509709084,-0.00500356814905501,0.011199989644128584,-0.011209991412004034
0.15135951891041655,0.009975660434176015,-0.017908012012635886,-0.015621807858804876,0.002248690517813356,-0.013118990519953815
0.15143841218063223,0.007338128511996842,-0.01586568564729313,-0.015213583948800648,-0.004621607722375882,-0.008221899400034888
0.1515173054508479,0.013783001264692034,-0.00967760779091702,-0.01013693765433534,-0.009680022307167925,-0.0010639897492434607
0.1515961987210636,0.03227759961155189,0.0091622129228232,0.005868953978290888,-0.006300502817328875,0.008576863372107559
0.15167509199127932,0.059980750550837514,0.041305681488363014,0.03360935770660097,0.013416226764896672,0.016030428796095005
0.151753985261495,0.0826600717931349,0.05929295558383941,0.05050094990054845,0.0409982784872464,0.010186989114754727
0.15183287853171068,0.0805149023894691,0.050428901373312025,0.04287513229660419,0.05492105396742938,-0.004827319444252292
0.1519117718019264,0.04920057295286281,0.01954029241409444,0.01677982404835483,0.042060132529715015,-0.015661144317009705
0.1519906650721421,0.015620794654809114,-0.012892572766649478,-0.01204935400201448,0.016546021422740066,-0.020022954714918648
0.15206955834235777,0.007944407491785549,-0.011545892842307537,-0.0127821435933682,0.01060746327445288,-0.016596545377685786
0.15214845161257345,0.02240968259299306,0.010983671270842085,0.004534388480301215,0.03379627708577288,-0.01923662384357331
0.15222734488278916,0.03581946286330915,0.026919019631403588,0.01608774722718393,0.06299200812549928,-0.030207968705586462
0.15230623815300487,0.032242495894277315,0.018068383556992872,0.008904464711619275,0.07434187090297027,-0.04317311543136363
0.15238513142322055,0.01931079907383683,-0.003419254577557768,-0.007444473455761755,0.06423459902880604,-0.04853382658365187
0.15246402469343623,0.01645570203825728,-0.011512939136880828,-0.013257884358163103,0.05261427132058077,-0.045059561646710294
0.15254291796365194,0.02531538688729245,-0.0019018681227310971,-0.003949619210531077,0.05485126349968589,-0.03964578947012729
0.15262181123386764,0.02826268249158943,0.006927101774274341,0.00434310442149752,0.05230629532796857,-0.03177708111472679
0.15270070450408332,0.015204702878489332,-0.006021448801903851,-0.006025716954595188,0.028873332895164864,-0.023791874415429945
0.152779597774299,0.0008338899146671806,-0.02476168232364472,-0.020915514388479068,7.341575085953543e-06,-0.015557232975265213
0.1528584910445147,0.008232490662531702,-0.017331412578575667,-0.01411492367523618,-0.00768371183561922,-0.005357327235054232
0.15293738431473042,0.040167826476219526,0.008647337224980211,0.009058046902463583,0.024051868617984237,-0.009351507545969504
0.1530162775849461,0.07497397263554137,0.03998158453371562,0.03602134290449243,0.07839108571191386,-0.0256935829548576
0.15309517085516178,0.08478757002846464,0.04976861688301309,0.04252100187840015,0.11277424747189171,-0.04401060013622467
0.15317406412537748,0.06407171846798825,0.03022868207462777,0.02460998424152712,0.11534085758092723,-0.059120311499552713
0.1532529573955932,0.03796474155454122,0.010810041859315184,0.004858263290453323,0.09949834519010889,-0.06311303598427069
0.15333185066580887,0.028137907588717818,0.0015974408065140644,-0.0015230345984792643,0.08402884465153322,-0.05743346224603156
0.15341074393602455,0.028171222375908446,-0.002397722779474873,-0.002802617041264643,0.07385757481673223,-0.05154687061118162
0.15348963720624026,0.021581487476759427,-0.006879103910539322,-0.006429188376926079,0.05203143851841543,-0.03959779904928818
0.15356853047645597,0.007062386592707776,-0.015972571918537844,-0.013438538220150849,0.019781046616202887,-0.023218986438944392
0.15364742374667165,0.00040026737066660347,-0.020989643476447578,-0.018654694868749412,-0.008177097078324716,-0.008404002930408007
0.15372631701688733,0.014791363653690843,-0.006958620349665038,-0.006754608529264737,-0.006573441087047268,-0.0006263631288578576
0.15380521028710303,0.042492716691588855,0.017843409163089033,0.015995222520500566,0.01418624437079091,0.0024075341403098087
0.15388410355731874,0.05953442421231141,0.03505556568767473,0.03179432788991205,0.03378121033742674,0.0010613303708810384
0.15396299682753442,0.053353031599028024,0.029687603426341677,0.02660763797595059,0.030322354065120304,-0.00048774358171644163
0.1540418900977501,0.034672409033766095,0.014837633450493508,0.012411091350517704,0.01132012495529658,0.0016584289966144654
0.1541207833679658,0.0189895627574227,-0.005102175311345858,-0.005126052907647636,-0.0029704749050734535,-0.0018248600452726407
0.15419967663818152,0.011724717668116407,-0.014892177952659423,-0.014090078179753667,-0.006345136158253916,-0.00623391723993715
0.1542785699083972,0.011148335195891765,-0.013893565597980797,-0.012755735613127131,-0.004646805503937052,-0.006377216357267312
0.15435746317861287,0.01814630613300187,-0.008177842071795803,-0.007248456035643539,-0.007133147763577872,-0.0006192783687456576
0.15443635644882858,0.03802420851357053,0.013204056487240398,0.011555930100676588,-0.004426115652822101,0.011551690430794539
0.1545152497190443,0.06792125886195366,0.04251330971477604,0.03763061932059731,0.020031851440406312,0.01460389115388157
0.15459414298925997,0.08960079542795027,0.06432675545400586,0.055950583982290886,0.051655835382846266,0.00713039542259561
0.15467303625947565,0.08452630857244627,0.06276080946373738,0.05139625035763358,0.06704470166102751,-0.006585475899660165
0.15475192952969136,0.054144761827639616,0.03569795135011793,0.027317347217922016,0.04892448974186244,-0.012412979021014783
0.15483082279990706,0.019429701325108694,-0.002760916252557325,-0.00384390164585508,0.020158649506600734,-0.016339808783548532
0.15490971607012274,0.0014566561206465337,-0.023766444926809398,-0.021253202650311075,0.006063494613168254,-0.01985673477482114
0.15498860934033842,0.002778385104713767,-0.02300291411756132,-0.020849219492079837,0.010782673557221895,-0.022711037932205597
0.15506750261055413,0.0090733346428204,-0.013603653279662925,-0.014045724188990454,0.02282769418065108,-0.025707863161285066
0.15514639588076984,0.009155313238969339,-0.006394811429095545,-0.009496580209001631,0.02186203000968569,-0.021680952152942908
0.15522528915098552,0.006322859577185404,-0.00886919211567101,-0.009924406603407198,0.014108618226629741,-0.01681336366318189
0.1553041824212012,0.0094659009334778,-0.011111029389235253,-0.007995309955399337,0.009878956030958615,-0.012550722746334028
0.1553830756914169,0.0174660906566385,-0.014983339601439062,-0.010634048078639659,0.013189512219048408,-0.016726254607917896
0.1554619689616326,0.01988236875268016,-0.012107912543758129,-0.009969462079112968,0.01567452260935364,-0.01789407073488142
0.1555408622318483,0.011977440666800725,-0.01794240502880513,-0.016572542129741578,0.007065903900101752,-0.017046599237106826
0.15561975550206397,0.002583621036761443,-0.02421178966090075,-0.02169303007396343,-0.0051462283887802555,-0.012690398347872847
0.15569864877227968,0.008590281321551471,-0.015695582268922682,-0.013560499197279266,-0.002420359935917219,-0.008464390600192662
0.1557775420424954,0.034229959081174814,0.010582222032247308,0.009825789210121958,0.021494657854631772,-0.0070696880766034685
0.15585643531271107,0.062350161455918464,0.03908528748058585,0.03540941075357829,0.055556893622543256,-0.010825006943735322
0.15593532858292675,0.07590635122109639,0.06043279522149096,0.0535183388885776,0.07303613169190544,-0.009016842472830765
0.15601422185314245,0.07158343184089352,0.054443747239433654,0.046472793363300534,0.07027389932500507,-0.012433859459608301
0.15609311512335816,0.05776091429353937,0.033873118510820005,0.026733093134671423,0.06152127113191289,-0.0212932974344803
0.15617200839357384,0.049063721538530274,0.023833520652045068,0.015192065141749025,0.05307974320717302,-0.02422635545523698
0.15625090166378952,0.05124564368793504,0.02610395773466566,0.018316049408868485,0.04833101254761819,-0.018718606151193348
0.15632979493400523,0.05471982644322429,0.021716301700421332,0.018803262915346,0.04674053410460819,-0.01729028911547848
0.15640868820422094,0.04769764239560538,0.016793476122623205,0.0158539829553307,0.04082758527023716,-0.015524681838387365
0.15648758147443662,0.03153618575752114,0.0012668096341392832,0.003644248763656266,0.02867067576222653,-0.016467929441634343
0.1565664747446523,0.016884255295723138,-0.004032003600674989,-0.004788948834570125,0.01832889182221998,-0.015818402445085224
0.156645368014868,0.010389602691140722,0.0077514877164578146,0.002856853200346131,0.010796224897743931,-0.005095890844348587
0.1567242612850837,0.01542568871247871,0.007028612275206457,0.004409338460396469,0.002594663214227273,0.0015432753243623675
0.1568031545552994,0.027434598932751852,0.010197131244058069,0.010183159530611413,-0.0015940212950512128,0.008637287623447221
0.15688204782551507,0.03328572590138197,0.006793657135609063,0.0075536922588564535,-0.005504813744085429,0.009297344357283525
0.15696094109573078,0.029140562448822478,0.002661037024587754,0.003106980062101252,-0.01001166327076122,0.00900525036882098
0.15703983436594648,0.02236375078781083,-0.004621848608833332,-0.002206250325685809,-0.008458864314404702,0.004016440691756169
0.15711872763616216,0.020573172224134274,-0.0047935101757100905,-0.0016558839003159556,-0.0029257769706183237,0.000725395826531188
0.15719762090637784,0.026472521579057363,0.008334228231342953,0.011232134882407731,0.007086656797594046,0.003612692899687883
0.15727651417659355,0.037045344558233786,0.014895093322474715,0.01789493685030893,0.01746603023612177,0.0016273126109147935
0.15735540744680926,0.04514385149939478,0.02393489844302989,0.02301991124656162,0.023240506916137688,0.0015787808945447754
0.15743430071702494,0.04536555625376272,0.03157605762599808,0.025459782829942712,0.024717044874078158,0.00240734004060853
0.15751319398724062,0.04387880035942893,0.04123561990345224,0.030220960210677376,0.020184107280169956,0.008983481010353072
0.15759208725745633,0.04555680781730019,0.04989968481695055,0.036062008708023834,0.011770142544943568,0.018956623395747118
0.15767098052767203,0.041471986164736976,0.03407914004375474,0.026783738803109625,0.001745800513224068,0.018750271921669743
0.1577498737978877,0.028266928710809398,0.004634014549558204,0.006854556212183782,-0.00658005761075463,0.009496577972655443
0.1578287670681034,0.014489018519919662,-0.011471970612075229,-0.007199268861280571,-0.011794865166790635,0.0025349077320653327
0.1579076603383191,0.0073239430939488655,-0.016199868281007015,-0.012833121337704095,-0.0162461277173254,0.0013221555349807932
0.1579865536085348,0.007688968557614204,-0.005503652626054091,-0.007150487840839255,-0.01368100751687605,0.0038326611003418128
0.1580654468787505,0.01045989800768654,0.0025252602665603472,-0.0026925235297836784,-0.008481278422313738,0.0036698754933183397
0.15814434014896617,0.010745723227414183,-0.00942055709339409,-0.009108880932943474,-0.0041762306271071374,-0.003980019855318562
0.15822323341918187,0.008349331330581897,-0.01942278856779388,-0.016421064291416747,-0.002878454446078302,-0.010285391929800327
0.15830212668939758,0.0071865375870375425,-0.02133544459114238,-0.018591870502971227,-0.005113165435353044,-0.010405798590462485
0.15838101995961326,0.007819090432744648,-0.01469109141363378,-0.015421357679630593,-0.003158169449586634,-0.009354906629645058
0.15845991322982894,0.004834832222167942,-0.012643956211321455,-0.013467374031366334,-0.005308115127116738,-0.006464239580681649
0.15853880650004465,0.0001971008668878135,-0.01753443699013417,-0.015519363689827871,-0.009213939283991637,-0.005378641448396116
0.15861769977026036,0.005083094587868097,-0.004738094868647882,-0.004543472654428229,-0.011627097420747839,0.004397506458639204
0.15869659304047604,0.028930743343669428,0.01999250886940096,0.015289762623459366,-0.015103314623424612,0.021466889345075103
0.15877548631069172,0.06699722009639082,0.05359086098665207,0.0428971232743522,-0.004590810002122569,0.03497261348250187
0.15885437958090742,0.09732470513673373,0.0774101763392564,0.06547866514010375,0.013267273328567428,0.03988798655929627
0.15893327285112313,0.10407061916024217,0.08290191307073687,0.0722657721934295,0.03230396330499787,0.03226828313524723
0.1590121661213388,0.09653828343920116,0.07990446526668352,0.06933013057327275,0.04134665905611461,0.024035558871484893
0.1590910593915545,0.09645478198550872,0.07644544120238311,0.06647881236930553,0.05795641837445043,0.010797306395799035
0.1591699526617702,0.10815164636867268,0.07376811239616794,0.06529949213349313,0.0764780695033997,-0.0024960659861012883
0.1592488459319859,0.11100650809717559,0.06891512850297624,0.061052258053517106,0.09576764485771541,-0.018647605325453134
0.15932773920220158,0.08564035469618483,0.05282359906020658,0.046686304294890596,0.095197145113138,-0.029031387906191686
0.15940663247241726,0.03970077320215866,0.017601968753567846,0.014276753158550596,0.06038944045829224,-0.02980945437408491
0.15948552574263297,0.007950784283308334,-0.0060007549292812315,-0.009085594343398335,0.011487128675367324,-0.014436700942649818
0.15956441901284868,0.017542306675176166,-0.0021722376596362593,-0.003059734470425842,-0.020364789247975076,0.011345219728306185
0.15964331228306436,0.056389966030490915,0.02353460864379332,0.025603061242907732,-0.016382750163550643,0.029988427037450062
0.15972220555328004,0.09170305820590915,0.048219298227843634,0.05173661234913736,0.009413739501960857,0.03220751391888644
0.15980109882349575,0.10334250376988058,0.05207930338682179,0.05672106325054622,0.03133826007586882,0.021289247738712155
0.15987999209371145,0.09611221177868079,0.04946813583692969,0.05217454200852137,0.04616016792374683,0.007984561993945968
0.15995888536392713,0.08786649888012484,0.03894804601427304,0.04068011676739128,0.05510569750726133,-0.0065897259310387325
0.1600377786341428,0.08308200666795139,0.04289277871886056,0.04262963257802452,0.07157318879597586,-0.016178276806841422
0.16011667190435852,0.07016993279245669,0.03307362819809638,0.03208870703536,0.06933257546669457,-0.02254284818669655
0.16019556517457423,0.04697865039762803,0.018253512670491023,0.01585675102705482,0.04357023036982004,-0.017359507619155664
0.1602744584447899,0.03273554378911682,0.007757822645400459,0.006395244016644388,0.0027700909987276178,0.00290255456609873
0.1603533517150056,0.046813559008904916,0.018892538926278152,0.019450540041772747,-0.01929151985349556,0.027359981469605853
0.1604322449852213,0.08457992894703391,0.048413339440713556,0.049350595580274256,-0.006460580799059289,0.04102388630680168
0.160511138255437,0.12162462966915998,0.06656384724698841,0.06864196095545638,0.020149475278273266,0.03766270843174355
0.16059003152565268,0.13208645561694501,0.07073223037973764,0.07482314935244569,0.04354555164284682,0.026683435894691306
0.16066892479586836,0.11085150080099465,0.04672671672768229,0.05279622512365067,0.04044615546447175,0.012270693677468431
0.16074781806608407,0.08051168401470479,0.027961595058613942,0.033244798483487395,0.035897665240265185,0.0007260032750296965
0.16082671133629978,0.06060277532331891,0.014537484684374128,0.018618458456209123,0.03369635972843637,-0.008693032218783323
0.16090560460651546,0.04737346297344224,0.018786800868630264,0.018678426843185974,0.033722685410609535,-0.008666022283870436
0.16098449787673114,0.03401554656884026,0.009657899645370945,0.008650388370142757,0.017082163634513578,-0.004992161267720883
0.16106339114694684,0.029828966545192726,0.0017758846321412804,0.00371148674722861,-0.0047500949341199765,0.00593602203596343
0.16114228441716255,0.04527457601049992,0.0021412980491307965,0.007708630682134844,-0.013834347626137805,0.014982770986983572
0.16122117768737823,0.06958756399961354,0.01569869140517684,0.024158896003557428,0.005096041181405925,0.01455829312808905
0.1613000709575939,0.08076102308326201,0.024777927272641862,0.03364251075693395,0.025658670192591864,0.007871200591693873
0.16137896422780962,0.06773726857221998,0.02414439692145779,0.028764551285245347,0.034272380034594235,-0.0015243885635910955
0.16145785749802533,0.046346137925761144,0.006816657015550259,0.011775037546174963,0.017933405117141917,-0.003237688369494178
0.161536750768241,0.0476351967647511,0.0170313643890915,0.017509063778433125,0.0038434607115451673,0.010449355082707586
0.16161564403845669,0.07730036336216012,0.053514616765127185,0.04607939576309168,0.01034352914888807,0.027370905547425276
0.1616945373086724,0.10797797756334016,0.08883920191446927,0.07540795988941848,0.03584488738276626,0.032259741606968546
0.1617734305788881,0.11114052583353685,0.08587636315824078,0.07297316407904579,0.054584502500726724,0.01792257243337784
0.16185232384910378,0.08864882208986263,0.053976280091294154,0.04486749387092039,0.05146732482819161,-0.0010262184341144893
0.16193121711931946,0.07103983108280724,0.05094379830765209,0.03908898933123846,0.05993377523169749,-0.01101350714452897
0.16201011038953517,0.07592162929512715,0.05609980327800886,0.04459584456591938,0.07951337326081884,-0.020042106052520152
0.16208900365975087,0.0829663940320889,0.06292325301990294,0.05110133134331908,0.11568584458479925,-0.03955351357062587
0.16216789692996655,0.06366626908208223,0.046178251222934626,0.03540828658853626,0.11470490240337648,-0.05063338245191053
0.16224679020018223,0.02414324484666826,0.012378686810800075,0.006677119322613032,0.07538307315202285,-0.04552872515723417
0.16232568347039794,0.00033770321954010123,-0.007457537201583351,-0.01121681854434074,0.022875806101747862,-0.023637602984316827
0.16240457674061365,0.015431361822497172,-0.002229098612879199,-0.0024737349603424106,-0.0036008542096167802,0.0005687597940026087
0.16248347001082933,0.05771584166944727,0.02410461432223913,0.02547685478247611,0.005252440994499425,0.015434248244424457
0.162562363281045,0.09373569830276945,0.0565403544011578,0.055092214783921185,0.02561734948634078,0.02389361887682236
0.16264125655126072,0.0999013028265864,0.05576413965497842,0.0558036839219422,0.041974543443437345,0.013496155233864477
0.16272014982147642,0.08405201854568561,0.038116887028615216,0.04054785565781405,0.04947460065063438,-0.002916314352874692
0.1627990430916921,0.06862267006634576,0.03659671929145831,0.033927124995866,0.06827944041512748,-0.02046442575492389
0.16287793636190778,0.059043595208215095,0.03051936169118569,0.023675680144726183,0.08004690021552413,-0.03601405651766361
0.1629568296321235,0.04456785707538087,0.01979535242140908,0.014740814720797309,0.07714133228419794,-0.040713257487098094
0.1630357229023392,0.02412128007762045,6.056938967855174e-05,-0.0010736098404125415,0.04631944835140596,-0.03179148394419607
0.16311461617255488,0.012965638579237887,-0.008001936353188223,-0.005534530609912346,0.006610791627349744,-0.008535725682551466
0.16319350944277056,0.026808943702411506,-0.0005265413804436985,0.004865016478718278,-0.011897557892043902,0.011573503514069921
0.16327240271298626,0.06573807334741115,0.022783801341901524,0.02893342588208954,0.0029530434835244924,0.01954274139133138
0.16335129598320197,0.10453399073851101,0.04984027862320424,0.05450646444374734,0.0326064859020447,0.01878795346636821
0.16343018925341765,0.11192266682073604,0.054446055737162394,0.057520511328481516,0.04059702137955492,0.01570033185878994
0.16350908252363333,0.08708761053493344,0.03427455318778712,0.03915435210322158,0.02715765662856833,0.010976082253593858
0.16358797579384904,0.055250207659949216,0.01025825051778861,0.01494856364821632,0.009319157112880977,0.004883741611848502
0.16366686906406475,0.03485549769398853,-0.0034318650076944814,0.0019743572948978765,0.0020227165717654574,0.0001152985055105678
0.16374576233428043,0.028902983722845686,0.0004399831477037918,0.003921691020103891,0.0011867086522265155,0.002122231497210306
0.1638246556044961,0.03734573845093859,0.0034214768672749074,0.0067331581964678484,-0.009645364456481956,0.011456176816656494
0.1639035488747118,0.06363706594447707,0.019265367522594567,0.025030653150335536,-0.008080137580549953,0.024013550437785525
0.16398244214492752,0.10737859527366488,0.04561380071432583,0.053736371814049784,0.00996037996563614,0.033333427096447966
0.1640613354151432,0.15289818589072826,0.07198184866935188,0.08193020957166484,0.03756714441384067,0.036000876532719
0.16414022868535888,0.1676844949263606,0.08756093811694818,0.09373490816273161,0.07002038732162877,0.023226686476268386
0.1642191219555746,0.13283709266477475,0.06220730912490485,0.06888162159830974,0.06851188335509904,0.00553279889999114
0.1642980152257903,0.0730017725873721,0.01974882922049833,0.02711627241558811,0.038281979585738576,-0.005435678585508837
0.16437690849600597,0.02880055261301226,-0.0077926904865641775,-0.002812481431658683,0.0038621459020893897,-0.004673819347040366
0.16445580176622165,0.0152048317709162,-0.007626358334438471,-0.006631259495021208,-0.007245381044414937,-8.52889393109182e-05
0.16453469503643736,0.018091068960935788,0.005365974006310998,-0.0008317747502158103,0.0012272668959818099,-0.0014391387791882282
0.16461358830665307,0.018053959495184,0.007796889080719477,-0.0007889740162994333,0.009645737112319318,-0.007037150016944611
0.16469248157686875,0.014386914525062041,0.0025424207897810523,-0.004518477854569807,0.012874856948304234,-0.011969481001294871
0.16477137484708443,0.022292658046253334,0.01042049240586809,0.0033206372514648433,0.02980441506886273,-0.017467264354623056
0.16485026811730014,0.0487163988918487,0.05023252667050362,0.03601039734081085,0.06730892982736834,-0.0182585325594014
0.16492916138751584,0.07735677769083549,0.07395045422840682,0.05781205922270794,0.10313224423659498,-0.02604205683462111
0.16500805465773152,0.08528215211041743,0.07591140672819599,0.05892519064878311,0.1048891886804097,-0.026391465769315208
0.1650869479279472,0.06682186447838077,0.06505776039316809,0.04991687901065956,0.07682663832096474,-0.014257132770350126
0.1651658411981629,0.03479031464480085,0.019508166475607002,0.012859737840982202,0.034453594984506834,-0.013484840770317566
0.16524473446837862,0.0104224541799995,-0.0031936730336092544,-0.006560595727334812,0.005838668555749138,-0.008782246769881725
0.1653236277385943,0.0047673072733622176,-0.009150208257112756,-0.0108767709232104,-0.004915714316323081,-0.004800138408187236
0.16540252100880998,0.009300901678212204,-0.00980729692492138,-0.010786358447417987,0.002073579427308906,-0.009406453430086633
0.16548141427902568,0.013033119234079465,0.005931020640702776,0.0012847755292176044,0.017584512726966553,-0.010805085639018736
0.1655603075492414,0.016374158866327485,0.007357707019015243,0.0006957669057665214,0.02410462385670513,-0.015604803327871886
0.16563920081945707,0.026661368282656465,0.03842107106609743,0.025262640056491092,0.062445734057894504,-0.023009222782241753
0.16571809408967275,0.046403521158138096,0.059446186334906025,0.039682662530601584,0.08709444628632602,-0.02881265683418671
0.16579698735988846,0.06816564167319665,0.08170967425730899,0.056098310298443164,0.1046158086775616,-0.028328626780657607
0.16587588063010417,0.07796168948717079,0.07735879619118192,0.05490037142351091,0.09164621114330009,-0.020488080637521406
0.16595477390031985,0.06480036682392229,0.05290340520207511,0.03701821631972994,0.06569050037713696,-0.01642030858891283
0.16603366717053553,0.035777170430580714,0.01757792860586966,0.012722425768257831,0.03603202364291077,-0.01464365940666454
0.16611256044075123,0.010502634252495873,-0.005314377297903314,-0.004856722003386978,0.008172041589750354,-0.009075858469407633
0.16619145371096694,0.0013239359588485475,-0.0007210844752874447,-2.884403038106712e-05,0.006157091977292827,-0.0041389184299813015
0.16627034698118262,0.007744599110506613,-0.003488248061406422,-0.003471497686001825,-0.0041105243489270304,0.00016773694166744002
0.1663492402513983,0.018527646121477646,-0.004707551124186971,-0.0040891593806207,0.0023406438965903895,-0.004605560328176233
0.166428133521614,0.02217122463722158,-0.0014049714860287221,0.00036574905059404367,0.006329838887528829,-0.0039610624638647274
0.16650702679182972,0.017751566851211046,-0.006091284196922104,-0.005294615773197161,0.00844786204722531,-0.00958586925007397
0.1665859200620454,0.012372218106821629,-0.013042444875566208,-0.01205043401246839,0.0023619606227260775,-0.010539173857859463
0.16666481333226107,0.013353323039717716,-0.010542795739494588,-0.011026217078591792,-0.0018195566834692657,-0.006981603463866779
0.16674370660247678,0.021301286102405333,-0.0018800733224255929,-0.0012717539879043996,0.0003649180381029455,-0.0011895878224518713
0.1668225998726925,0.03051143366645739,0.0071885433431787315,0.008347230818075504,0.0068534414431644375,0.001623366558874346
0.16690149314290817,0.03411445822985356,0.00677800066641939,0.00830026030280344,0.003930664832763606,0.0035429564986253805
0.16698038641312385,0.03200904955031127,0.007256169965655163,0.00965818793998849,0.0017361570988165612,0.006020132919498019
0.16705927968333956,0.03104343048202755,0.002653263350620659,0.005996533044665723,-0.00693984050310119,0.009099255838425259
0.16713817295355526,0.030335664438306077,0.004431224235436817,0.008336797614850611,-0.004870029073287402,0.009455093967171443
0.16721706622377094,0.02453082258644128,-0.0009707588534454056,0.0014277505208351042,0.002389064630331445,-0.000536098001581004
0.16729595949398662,0.016260315003647295,-0.004285056779494454,-0.005569935200528153,0.013103487419165265,-0.01290406626063461
0.16737485276420233,0.010129831024064527,0.004848568523112031,-0.0007605351246728032,0.024089081359578997,-0.016677064833177418
0.16745374603441804,0.007795966043515629,0.0014397772272259394,-0.004612646265355605,0.010891468630408616,-0.010713033454112545
0.16753263930463372,0.010196189524440184,0.014109244879433944,0.0042765884930132236,0.013286396937250472,-0.005705720884793336
0.1676115325748494,0.020998514450128892,0.022555298781894148,0.012938460122296953,0.012420351936419069,0.0013148671387298904
0.1676904258450651,0.05023214949515143,0.05150071105956818,0.037938801012597285,0.019431757290195424,0.015234553790431602
0.1677693191152808,0.10688406046417484,0.11373647334604628,0.09533399821047304,0.04418950416594912,0.041659389905424934
0.1678482123854965,0.17844201724788475,0.16359158314699837,0.14541875711338798,0.06562820661168295,0.06539479096875059
0.16792710565571217,0.22650413151796323,0.19198561384654858,0.17396874849698302,0.09429007885245716,0.06843989470122958
0.16800599892592788,0.22407211369619343,0.17707963059295176,0.1620661049331499,0.11090428238526315,0.048187984555504285
0.1680848921961436,0.1793148965319991,0.1278898003042098,0.11649037565145295,0.10273715031584638,0.018596793809928933
0.16816378546635927,0.11614889393908615,0.08320587825265247,0.07368267028447216,0.08484697759817177,-0.0018134164301115091
0.16824267873657495,0.060837462883942574,0.0493873692513323,0.03991780938581936,0.055645992122309036,-0.007520770893978757
0.16832157200679065,0.03303702159260136,0.041497930150093114,0.027846920526276676,0.04250842414076405,-0.007721014935909298
0.16840046527700636,0.03754900754386383,0.046984684120107076,0.029920705220898947,0.03352545363607869,-0.00016337630133329573
0.16847935854722204,0.07915789542809065,0.084852983541931,0.0627575272212465,0.04232641992708867,0.018461207210107532
0.16855825181743772,0.16941419943555272,0.16353784242096092,0.13355124750200464,0.08365231328554364,0.04436480400010526
0.16863714508765343,0.2977185170673469,0.2692767189146883,0.2295423084663113,0.15286216074620332,0.07379246065197814
0.16871603835786914,0.4106497684080351,0.3596466415823999,0.31281276521299506,0.2439938637097385,0.08394965784058317
0.16879493162808482,0.4517723701638305,0.38556343046527086,0.3417776150289625,0.30567935759382975,0.06913095302732747
0.1688738248983005,0.4072846286452111,0.3255333040110476,0.29445369929000986,0.2973833292742329,0.03163117519069543
0.1689527181685162,0.3032946698645089,0.2285337246764935,0.20714033958823214,0.2434679279669256,-0.005556985384139562
0.1690316114387319,0.189298080157134,0.13829741399931633,0.12282716033434204,0.18050810974290224,-0.029158433191552115
0.1691105047089476,0.10696213388792059,0.07880383361331013,0.06556901125249492,0.12818048518912,-0.037142978382808084
0.16918939797916327,0.05972771949686533,0.046517464477832275,0.034018845115980585,0.09232945515788882,-0.03656741618197781
0.16926829124937898,0.02876222159336044,0.02451541658112168,0.014223093303941801,0.05954691866039994,-0.029284189482665174
0.16934718451959468,0.01000174762221271,0.010339050307345802,0.0021759260725801293,0.031234909048531587,-0.019275716307875425
0.16942607778981036,0.014479341009467055,0.009265842374553874,0.0016868321589320566,0.011583165337700638,-0.0064921332992288385
0.16950497106002604,0.038444237815852135,0.02453622482911724,0.018655273401165004,0.021504120917179778,-0.0005078437368986722
0.16958386433024175,0.05900161998441968,0.03858396918811631,0.033303283162703166,0.049596738155654595,-0.008401928007613909
0.16966275760045746,0.05851656750048063,0.03701375726008938,0.032509257563109906,0.06675049667042,-0.020495848443075497
0.16974165087067314,0.041003754025142565,0.02609175775573123,0.019873077951572785,0.061815921052976945,-0.026600945758266093
0.16982054414088882,0.027720417181960517,0.017802860437165804,0.01030550744994242,0.0484133190443605,-0.02473425282759078
0.16989943741110453,0.032097234132325604,0.022149407794336114,0.015178609385779286,0.05014914040147063,-0.022272037495423107
0.16997833068132023,0.043262165319989054,0.029545320234458335,0.021300799588053303,0.05794741499597773,-0.022942814390541338
0.1700572239515359,0.04114220337997673,0.027819668549243906,0.01775040511599376,0.06554071913461906,-0.0306809607095942
0.1701361172217516,0.02285760058164189,0.027961930101122336,0.01333967429185466,0.04876623601697124,-0.022713589651405696
0.1702150104919673,0.00846951432612147,0.03761722861224572,0.0183795303277556,0.0196114503893235,0.0005529426788718825
0.170293903762183,0.015033164536524205,0.03818571616144543,0.023592546637253315,-0.0015837674352749888,0.01860199263757542
0.1703727970323987,0.03636152203743541,0.03629657162514165,0.026847036874829196,-0.0033132576080431506,0.022178460645149264
0.17045169030261437,0.0602752418649663,0.0434222495697157,0.035469645555624124,0.006299065643045839,0.022171105076775114
0.17053058357283007,0.09165238515243748,0.06456979920513135,0.057684961847690966,0.017565919857763113,0.031203397985298538
0.17060947684304578,0.14509459709233066,0.11984218700895333,0.10794397526169494,0.040554881797606884,0.05357549200503622
0.17068837011326146,0.21881838042544616,0.19777687827574691,0.1782868171339786,0.0885492500283992,0.07558103618037251
0.17076726338347714,0.28238915728525027,0.24064631548871968,0.2188087332178791,0.14790298242923736,0.06841208445509121
0.17084615665369285,0.2920592446191766,0.23234889412025336,0.21177048777433527,0.17786994257878863,0.04280355978739391
0.17092504992390856,0.22775659871346055,0.17873062113987023,0.158054821059701,0.15265200370305004,0.017125898738566583
0.17100394319412424,0.1271995244921257,0.10891503120946809,0.08899599594507974,0.09201239580882428,0.0049220417698153
0.17108283646433992,0.05851346392097077,0.06280678178020545,0.04661006049002799,0.03920137901462938,0.008483643354742202
0.17116172973455562,0.05397024849009887,0.07492141899728694,0.05926712752493642,0.014136696074212527,0.03467202305965371
0.17124062300477133,0.10207827893298865,0.1261885352974504,0.10917939874963004,0.027244515075253644,0.06334058397149406
0.171319516274987,0.1925831894165279,0.1883363120331793,0.16983391945872872,0.05682603170947943,0.08991289521068754
0.1713984095452027,0.3319185386643318,0.3080954814929173,0.2806468527439521,0.1447153395730111,0.12101154245971923
0.1714773028154184,0.5164176811045458,0.4663869887257627,0.42466087938137065,0.2912931546561277,0.15888394010201942
0.1715561960856341,0.700194978953721,0.6377752515298916,0.57659808153664,0.5023496914379515,0.2132979013879224
0.17163508935584978,0.7919313314793488,0.7279119862500233,0.6477005709520336,0.668923303519214,0.24119088540636716
0.17171398262606546,0.7211493560943241,0.6390977053099366,0.566717037643665,0.6017669445573158,0.13521203634798387
0.17179287589628117,0.5249732953060413,0.44384380383138405,0.3952901410001593,0.4177727220771822,0.044622348068111654
0.17187176916649688,0.31322217067702945,0.27642159836983665,0.2433961547942145,0.2494051619110892,0.02043436555793881
0.17195066243671256,0.16352584555705604,0.1459681685189028,0.12519955362496185,0.12446005426515132,0.010677124363670704
0.17202955570692824,0.08854544328639131,0.08528196895192698,0.06997578743809985,0.05847094285408858,0.01307524805045656
0.17210844897714395,0.07056154513901547,0.057488490906611074,0.04684856678729623,0.01723100282823229,0.023344684742552656
0.17218734224735965,0.09519256663042235,0.062033649272447706,0.05743412886246891,0.008516393313397343,0.03705392392964818
0.17226623551757533,0.1525197169307727,0.09687255005110919,0.09521715517080205,0.0499512218188765,0.03773400220228643
0.172345128787791,0.2194610945979829,0.15492328993047802,0.14755997792590814,0.1310577439521313,0.02347988416766205
0.17242402205800672,0.2542502982789513,0.19206910833501958,0.17564760114745262,0.21013587250984328,-0.008046076271771485
0.17250291532822243,0.22704503860699954,0.18294641018586144,0.16224908378848021,0.22960959330963215,-0.0321361700967172
0.1725818085984381,0.15507135523869714,0.13580200687855662,0.11658029278860865,0.1878411845371643,-0.0390069250609126
0.1726607018686538,0.08168521875340436,0.06921306344767089,0.05633637753919961,0.12047655932086665,-0.03886712254004723
0.1727395951388695,0.03419392845438776,0.016627287631395263,0.009059243873959554,0.06546250664791768,-0.03709491491084446
0.1728184884090852,0.013386721331849965,0.00022456382723193757,-0.006158091139867004,0.0356142111014819,-0.028401503076160066
0.17289738167930088,0.00783502756790697,0.002698642993648806,-0.003979313385666601,0.014994716237183611,-0.012986441269354427
0.17297627494951656,0.012360109575387164,0.009713950084629665,0.00406588391918954,0.0028761591579068106,0.0010996638907695144
0.17305516821973227,0.029652828719391372,0.03053337744455043,0.023332542869419274,0.001241580901992301,0.016520078488014883
0.17313406148994798,0.057480486433218944,0.04235898696648443,0.035617866791683536,0.009841452462710003,0.01991464429285907
0.17321295476016366,0.08084849430355912,0.04491111933506226,0.04356262800209058,0.031469965916650855,0.011379839686775679
0.17329184803037934,0.08240035526122341,0.040794447101228384,0.042054844819470874,0.0418622993691644,0.003304022602709955
0.17337074130059504,0.06637762486648222,0.028259478874326123,0.02788760807146873,0.03542402663085835,-0.002948270439038245
0.17344963457081075,0.05517156087904973,0.02941703658995524,0.025795408466802484,0.03168551721649213,-0.0020046291733380353
0.17352852784102643,0.061186307924310734,0.04296948731000387,0.036081818403804276,0.030740309639659978,0.0062904103671936945
0.1736074211112421,0.07255049825398378,0.054160648239953015,0.04740524358679197,0.03706315410385743,0.01050714946280405
0.17368631438145782,0.0677461445413772,0.04758515912460477,0.042170611913723385,0.03463589581246985,0.008224614070540039
0.17376520765167353,0.046729354786546745,0.023319640145023232,0.019962603160895424,0.018218053213059405,0.0026627480596049984
0.1738441009218892,0.030133771051710778,0.009094003368011255,0.0056997600494598415,-0.0011383775107740486,0.004999080373175185
0.17392299419210488,0.03443496477903044,0.00793120513676129,0.006708468091943653,0.00027042186547311024,0.00480700194217995
0.1740018874623206,0.0633069539771722,0.03614748756793801,0.035297242677489384,0.02360591772857934,0.010476432749528466
0.1740807807325363,0.10692097205778635,0.0692977240043901,0.066292777366634,0.05245204024321678,0.014339755817672448
0.17415967400275198,0.15646798207877735,0.10718579480099932,0.10081933421524111,0.08238302903466116,0.020316553252984516
0.17423856727296766,0.21930232215393677,0.16569322055178284,0.15283779509150006,0.11951466163415803,0.03529485378206584
0.17431746054318337,0.30278044957069333,0.25356440557250515,0.22825265533267286,0.183339895602115,0.052522654858702916
0.17439635381339907,0.38833242199978224,0.34040391196513076,0.30299120294868387,0.2532936256226622,0.06909563023378164
0.17447524708361475,0.43168838195144016,0.39335564289036584,0.3480790494065507,0.2918420573750674,0.08428000101730214
0.17455414035383043,0.41305360883395537,0.39363728329642794,0.3477925157694599,0.26324405566183195,0.10286349061420301
0.17463303362404614,0.3545398396344216,0.3134967535239776,0.28446240333662204,0.17821598750549572,0.10254212899436331
0.17471192689426185,0.2774699105951018,0.20929391755002139,0.20016307710331038,0.09229821333121754,0.09019130886626128
0.17479082016447753,0.19891303310176692,0.12256858314200222,0.12544679284466254,0.032851163051931205,0.07189688866891097
0.1748697134346932,0.1401114033618202,0.07113755641306965,0.07847527742632696,0.008406588559677583,0.05283355049087284
0.17494860670490892,0.11241691597753442,0.055200682452041544,0.061241254416340526,0.007164453586618172,0.04079482528252857
0.17502749997512462,0.11367382977657527,0.05571447424713302,0.0612143550946722,0.022859358325405883,0.030306001186927178
0.1751063932453403,0.1356783987240361,0.07107269119543073,0.07307791464260027,0.05861204363637848,0.01530842808542743
0.17518528651555598,0.16320195160705311,0.10257782168239472,0.09736161496026671,0.10159904421931469,0.00481705181676192
0.1752641797857717,0.17981764928830557,0.13908603201447242,0.12730666097030488,0.1319546361579647,0.0072509416921277105
0.1753430730559874,0.1860343689610909,0.14840537591788527,0.13715010611456016,0.1373772479614533,0.011181773227713849
0.17542196632620308,0.18522099982022724,0.13019546090183948,0.12383002493100025,0.10912787916050098,0.01992042908319219
0.17550085959641876,0.1631329802072326,0.09139830675958059,0.09281582037354152,0.06499034257185092,0.025893382166896937
0.17557975286663446,0.11765426309765957,0.04877008465590109,0.05580661906712963,0.03174871734537548,0.020332042281460908
0.17565864613685017,0.07120495748116638,0.01919360829062145,0.027996635134907348,0.00805375076067927,0.015436699549926195
0.17573753940706585,0.0409063447968398,0.0052501341687497234,0.012465265335708506,0.0035025731365141604,0.006926317760777847
0.17581643267728153,0.026551177138534377,-0.008634732112228809,-0.002634543161605616,0.005530649420557159,-0.005657309651617236
0.17589532594749724,0.02072564659901467,-0.016697283799213796,-0.011466512380529823,0.003006950825036587,-0.010536277496440503
0.17597421921771295,0.018019951873227767,-0.007893624631486016,-0.005661226375073785,0.002851175269786207,-0.006115797269110884
0.17605311248792863,0.017653507540005463,-0.002791789473630038,-0.0010000851725967214,-0.005609659969763406,0.0030078100680165816
0.1761320057581443,0.020849511817591815,-0.005209551822248116,-0.002816212608939656,-0.010374401502369072,0.00484399494783502
0.17621089902836,0.024984716169922715,-0.010282792508967705,-0.005963065995878446,-0.01027938428079012,0.0024405980303372574
0.17628979229857572,0.023337758229955433,-0.013495780721466778,-0.007836978136020389,-0.005300684354444111,-0.0022823182875016195
0.1763686855687914,0.015163295432959337,-0.007384317057893529,-0.004838390478844977,0.0017788140665021472,-0.004786911312129171
0.17644757883900708,0.006172007196043107,-0.006977991378334466,-0.00774149590683236,0.005238471559317784,-0.009258869921263483
0.1765264721092228,0.001243678854209678,-0.014235775224947074,-0.01612744570203871,-0.0014133563004132584,-0.01104659104650281
0.1766053653794385,0.0014819200961870658,-0.014625029531617612,-0.01793288214447549,-0.0053153228574254726,-0.009780500829035964
0.17668425864965417,0.002583828671751368,-0.015685812277582714,-0.01630682600224442,-0.007046850027184139,-0.007413373252683922
0.17676315191986985,0.0013517979084379174,-0.016443603114204574,-0.01636720308278076,0.0006840061715612026,-0.012627150209510342
0.17684204519008556,0.0004487039716622894,-0.01540894512641897,-0.017896963629651066,0.004805314040018169,-0.016520017635956636
0.17692093846030127,0.0022470729632805622,-0.014206998154501448,-0.015927647455464943,0.0009379397921100534,-0.012470062807066178
0.17699983173051695,0.004617210162261974,-0.010246532841131382,-0.009969084635389787,-0.005972734768754823,-0.0034183358619177943
0.17707872500073263,0.005802517623576067,-0.01004653313574104,-0.007835692810840659,-0.008676369712954737,-2.3916574836582254e-05
0.17715761827094834,0.013796931119138276,-0.0034667909388875866,-0.0021964973099605945,-0.002687763696647301,0.00016427558332841112
0.17723651154116404,0.04454560926955693,0.027624121134373958,0.023276005100537567,0.008372691944143123,0.011711072304125186
0.17731540481137972,0.1040358551286351,0.0847575839510604,0.0764190688852636,0.01587405919202541,0.04632524957495342
0.1773942980815954,0.16984790810700576,0.14554410780759452,0.13651659467225985,0.03397303281965511,0.07953464416464145
0.1774731913518111,0.20289335580268383,0.16363462708025767,0.15872439760788967,0.042325577886343835,0.09092698194271
0.17755208462202682,0.18798929713096124,0.13249175286380258,0.13445761331151135,0.03950789838234921,0.07431810438380668
0.1776309778922425,0.1417202918326604,0.0800662809737159,0.08576496792180931,0.029185365275510546,0.04446039730451298
0.17770987116245818,0.08916680996656141,0.032914849416716636,0.041833594022266295,0.011690638455667791,0.023308150440779357
0.17778876443267388,0.04805704713639453,0.009396600792968893,0.013818834251041563,0.006925113252610167,0.0056443801296978385
0.1778676577028896,0.02179315355034572,-0.006739246451631798,-0.005258586961543315,0.005952135753745245,-0.007890106966167489
0.17794655097310527,0.006989875451008627,-0.02004242567572469,-0.018540447656523833,0.001030604893117046,-0.01447498517681827
0.17802544424332095,0.012638161259771165,-0.0125724101824856,-0.013035258928972436,-0.0010898487186350692,-0.008963443768962298
0.17810433751353666,0.05469559989197401,0.023495621271814964,0.022374919035448824,0.004466146958359296,0.013652264368082418
0.17818323078375237,0.12497560457959915,0.07266515813477187,0.0723169778466929,0.03144077547010212,0.0328823311648793
0.17826212405396805,0.1813210906093567,0.10932739899487602,0.110435249236055,0.0683573370859617,0.03696322991236098
0.17834101732418373,0.18615249434246633,0.10802469876483467,0.11208685405185233,0.087094052720446,0.025712562010219812
0.17841991059439943,0.14070188802198288,0.07177752729914467,0.07759774924838107,0.07385731050914192,0.008501198367718453
0.17849880386461514,0.0768073883936661,0.02490215318839921,0.02904249010824438,0.047051287217594474,-0.009872673702257974
0.17857769713483082,0.03149688507931369,-0.002886820725326268,-0.0013007757348964203,0.03391048041234111,-0.023651065854382196
0.1786565904050465,0.01696601172503905,-0.009178577020489395,-0.01062954547392498,0.037086143480293425,-0.032709178275132055
0.1787354836752622,0.015405107402187406,-0.009323127638285685,-0.009064587384612433,0.033796719843820607,-0.0293448447464585
0.17881437694547792,0.014819903379030434,-0.012158212486617788,-0.009931556959795036,0.015944275271306135,-0.018046297395740315
0.1788932702156936,0.024554995754896253,-0.007712852202334047,-0.002097327379049894,-0.005607133372399285,0.0021903070371203388
0.17897216348590927,0.05134079243590589,0.015088515000523932,0.020609271417538648,-0.002485240431730468,0.01698592112474292
0.17905105675612498,0.0806591091627612,0.045069636817057605,0.04645910046213595,0.026262501276990476,0.017020838371104064
0.1791299500263407,0.08811128752040358,0.05908426214464245,0.056229679450037186,0.05590554751999763,0.0044946248302012515
0.17920884329655637,0.0628399981136355,0.04561317715713914,0.03868194573267023,0.05882577224758286,-0.0105744700826222
0.17928773656677205,0.024856658850142443,0.02593490691017999,0.014965580998317582,0.03228338977760591,-0.01046550007967181
0.17936662983698776,0.012315902359531892,0.019587279811619063,0.01018319510766308,-0.0023261959809077535,0.009126896734257
0.17944552310720346,0.03335652285564532,0.024694446469997907,0.019407495584011152,-0.018940620799193175,0.027093368178017576
0.17952441637741914,0.0612194949527034,0.036624509860980044,0.034926766240168376,-0.019273779080384405,0.038850918054686635
0.17960330964763482,0.07879735438315609,0.03903121768502263,0.04406909633029075,-0.017502451555663892,0.04446469138317978
0.17968220291785053,0.09074813762428902,0.04190537472827716,0.049770397584613595,-0.017120695845077034,0.04844975149092671
0.17976109618806624,0.10334243296471234,0.0560423451892482,0.06278142073477763,-0.007690130666444045,0.05184494313485766
0.17983998945828192,0.1090184602008802,0.0572759659069562,0.06320954354496951,0.013461975912510363,0.038064248109430224
0.1799188827284976,0.08873194427408586,0.03516791412900327,0.039944056412260086,0.027937688816076525,0.011043231560261952
0.1799977759987133,0.04031209188681663,0.0005329764412657137,0.00464231983808722,0.018627216422152863,-0.009006140185046592
0.180076669268929,0.002000264219601966,-0.017235451849797117,-0.015210938533334365,-0.0011198969902591301,-0.010561237171225603
0.1801555625391447,0.0178287371524108,0.0025182932031195004,0.0033738861688210465,-0.008301027227878118,0.008059676458884031
0.18023445580936037,0.08086827378103528,0.04754529992259182,0.048417373502328734,0.006023968041212038,0.03199664519374122
0.18031334907957608,0.13921041424599204,0.08644504085238075,0.08825849680607582,0.03185254618873425,0.04455537419217999
0.1803922423497918,0.1584880719139242,0.09737932249670793,0.10108200990267946,0.047738205551718975,0.043626227542628834
0.18047113562000747,0.1437887230328226,0.08357186574373673,0.0888047699148197,0.047225693805128734,0.03472534769329265
0.18055002889022315,0.1151742171975681,0.06070650885161019,0.06526023381783115,0.047760741797923334,0.01670272099388259
0.18062892216043885,0.08760689080711116,0.039708668116616296,0.042379772212492804,0.04887133238365465,-0.0011451385642402938
0.18070781543065456,0.05971381451988743,0.02385055223458887,0.021552690321648648,0.049457947883718795,-0.017064124365330797
0.18078670870087024,0.024959987040910403,-9.110563827244747e-05,-0.002389901993402828,0.02926914762906294,-0.021354336983290794
0.18086560197108592,0.0008446578445524804,-0.017226578733917745,-0.017653392525759305,-0.0008460804324594357,-0.012560657920786252
0.18094449524130163,0.016364702932445355,-0.004680497322207983,-0.005490653780319767,-0.005365971382443109,-0.0004940169410737399
0.18102338851151734,0.07300551494448844,0.034656871820923675,0.03481390829280247,0.027964723552296164,0.007201830226817551
0.18110228178173302,0.13425919263502717,0.08241166235961352,0.08169196359110578,0.08146412496198527,0.006486080230889577
0.1811811750519487,0.15798106814802154,0.10161508342056115,0.09843961750072915,0.11555758369523272,-0.003754268045683113
0.1812600683221644,0.13637544881072533,0.07491969287748504,0.07273332563610138,0.11230169800823407,-0.021006497380244796
0.1813389615923801,0.09579508066318945,0.04241338635279451,0.03908947878675132,0.0970963297515421,-0.03599255077413341
0.1814178548625958,0.06735320208177033,0.0319906782671418,0.025976875839499276,0.09034898380232392,-0.04123224846464344
0.18149674813281147,0.05916543109482712,0.03643903170883294,0.027883751707849257,0.10039300363639754,-0.046580953656339935
0.18157564140302718,0.05167638278216139,0.03636775840609843,0.023621151842679714,0.10096874666462499,-0.050146850321816906
0.18165453467324288,0.03317956682893559,0.014102571667928169,0.005765323744587746,0.06973733349787627,-0.04241395051844613
0.18173342794345856,0.017120894022639072,-0.005678274803787201,-0.007535546817896327,0.02877195043530546,-0.024846152968503992
0.18181232121367424,0.01663916687230601,-0.002471165198710374,-0.00047351355777043103,0.0057566106214964954,-0.004201708578570019
0.18189121448388995,0.025316759861587167,0.012982104138860234,0.012790566855504138,0.014931360288077688,-0.0004744584139073109
0.18197010775410566,0.025035798851267714,0.017756987199600036,0.01367703909326195,0.029949848803415655,-0.009862387949873007
0.18204900102432134,0.01344900327140905,0.008708689882436971,0.0033272591105181653,0.01804261296756047,-0.009592899996438009
0.18212789429453702,0.010451462757479725,0.011569778739906784,0.006998724958584588,-0.0038520323077007724,0.007779509620541272
0.18220678756475273,0.032233343912313514,0.028328917101181007,0.025584998857596523,-0.012966656796737117,0.02769171400315126
0.18228568083496843,0.07290239356819891,0.0536898904910892,0.052429016761463804,-0.003067899377853177,0.041052111388112246
0.1823645741051841,0.10910185549976897,0.06845735332886142,0.06832238306238209,0.01251389986168933,0.042513503390337784
0.1824434673753998,0.12478889252200681,0.06862263409787273,0.07284347231686332,0.012461165310458277,0.04592571020763867
0.1825223606456155,0.12557828898509552,0.06827035404554954,0.07546550207001568,0.006930986023663438,0.05156707229293019
0.1826012539158312,0.12184077577539924,0.07119467679850504,0.07618483102178972,0.01660118882437956,0.04566586175100059
0.1826801471860469,0.11325700355939494,0.06788707807324482,0.0695378077763297,0.028673664700798532,0.032648301413961606
0.18275904045626257,0.08903654358182192,0.05262920357990195,0.04994302619783047,0.03494664184390702,0.01381658831356178
0.18283793372647827,0.05263714989031218,0.022636211012234647,0.020890739744870847,0.019641122235091887,0.0024016305776935996
0.18291682699669398,0.02932404124426597,-0.0029050571589269106,0.00034648269685184056,-0.00016165299378931132,0.0003657139950785457
0.18299572026690966,0.03787454029584347,0.002091859080993786,0.0063843028598706796,5.9479493774203136e-05,0.004707034387654108
0.18307461353712534,0.07648215518664121,0.0358453835172313,0.03893930054000651,0.022550157890612134,0.013895799340236863
0.18315350680734105,0.12002617314921642,0.06839988009155325,0.07052613250327365,0.049963274027148875,0.019175983832424897
0.18323240007755676,0.1375906220073901,0.07570417749420826,0.07737617691441753,0.0572993316012191,0.01941310378407691
0.18331129334777244,0.12532410306343256,0.06565701781706915,0.0669541997638419,0.05125813631303476,0.01563359461678162
0.18339018661798812,0.09953964940172817,0.056132949228198205,0.05558934452360158,0.044946359073180994,0.011348779824711497
0.18346907988820382,0.07457734993493151,0.05129853461181585,0.05004515340096536,0.0450651994074887,0.007126164757676067
0.18354797315841953,0.0530939504438396,0.04068950593061508,0.03904721490363181,0.040969847187268454,0.0016576233699135876
0.1836268664286352,0.03483505539179509,0.015790532920299326,0.01542897923265544,0.015536644943172202,0.001083215036427559
0.1837057596988509,0.025713793698504586,-0.005656434731503731,-0.002311421750350957,-0.01321395741629603,0.00711844595738289
0.1837846529690666,0.032640105050093286,-0.0023995935601179813,0.0025450055293026047,-0.014942288789384436,0.01188507065985229
0.1838635462392823,0.06212519368185542,0.03555334099311435,0.03793416133409313,0.017750791179964465,0.016354489413030526
0.18394243950949798,0.10443001825558819,0.07295448487965359,0.0706807352340991,0.06482494666628853,0.009352191434130255
0.18402133277971366,0.12670104521596434,0.08897282388198084,0.08274512875045943,0.09098939776744198,0.0008895577998569211
0.18410022604992937,0.11523580688314096,0.08048975256997065,0.07190785424452205,0.08544005765019637,-0.003546582217079481
0.18417911932014508,0.08827146963204151,0.06343441780831241,0.0538590273389696,0.07141099892059839,-0.007671309241691843
0.18425801259036076,0.06555079758725858,0.05174461845280428,0.03882355370751229,0.06448412659137727,-0.0142633710763461
0.18433690586057644,0.053957888947061605,0.042586488730974106,0.028925248926148575,0.06322851045961271,-0.020804821606492944
0.18441579913079215,0.049287859225175853,0.032884375006264545,0.02014163517794166,0.05420011454050005,-0.021293239997344948
0.18449469240100785,0.042494122241568566,0.020076885545478738,0.01025007128537972,0.036620910042376095,-0.016877018414041465
0.18457358567122353,0.027840012923464354,-0.002611846584467343,-0.005101337117074725,0.010940917954363855,-0.011109417684404982
0.1846524789414392,0.01127503129358012,-0.01994674478360577,-0.017181698872942693,-0.0038268574553692925,-0.0102169854705031
0.18473137221165492,0.0023477894202762564,-0.027864847695843607,-0.02196667048676564,-0.01192581107120339,-0.008361445650965258
0.18481026548187063,0.0010442323826738138,-0.023746565420818367,-0.01874380887351382,-0.014193656388369039,-0.004447262925446635
0.1848891587520863,0.004751911174392267,-0.017779671472094985,-0.01362359747993306,-0.009866509696581632,-0.003532285039455049
0.184968052022302,0.010264715993504451,-0.016301224891672038,-0.011757469899878423,-0.00779393841714396,-0.0035303978365658
0.1850469452925177,0.012891479047278298,-0.015412399389023394,-0.012357791317294035,-0.0022899674101131326,-0.007657216350575311
0.1851258385627334,0.014935193030638715,-0.008154902594781232,-0.006940195421052792,0.001164044784641276,-0.005938529562348002
0.18520473183294908,0.018264856794116043,-0.0009562791246260975,-0.0026120531654183115,0.0003669765636759693,-0.00218748601685785
0.18528362510316476,0.019943815065447842,0.0016924955305010342,-0.000978828234478238,-0.0027755798932296797,0.0011283513846049578
0.18536251837338047,0.020860724316025012,-0.0038494680808302743,-0.0023901941235905306,-0.012562012581853495,0.006623839145824543
0.18544141164359618,0.025438992760706252,0.001124761815480047,0.004555639062191504,-0.019567384623910205,0.01647338696859781
0.18552030491381186,0.03825453362384725,0.01743321113571758,0.020049000985985544,-0.019996725532756863,0.02827629090504997
0.18559919818402754,0.061234519209582526,0.04366419361922213,0.04395858872796488,-0.015188071793854842,0.04283738523382512
0.18567809145424324,0.08848374376138729,0.06102039749148242,0.05984954878489221,0.0031653771663303653,0.042423594203550616
0.18575698472445895,0.10318662442907475,0.05679082401833322,0.06060266757776962,0.02179910988362001,0.030556677980796598
0.18583587799467463,0.09291591991901067,0.04045855366253608,0.049425619688551754,0.0378847931320426,0.011465992739180156
0.1859147712648903,0.06787063673620622,0.027797065232507103,0.03570944005828925,0.04957298856436909,-0.006591771029409454
0.18599366453510602,0.044750225118159986,0.014796568286427031,0.0181135725277852,0.04308194797724211,-0.01535286668802222
0.18607255780532173,0.030325786348041284,0.009839261639986243,0.010090694929596663,0.02974824943303836,-0.012395198173943965
0.1861514510755374,0.025417888002375204,0.0034764919157643658,0.0025076827564379785,0.011646545482711903,-0.005924205429741918
0.18623034434575308,0.028516561526246282,0.0014544573372084716,0.0020806231892277747,-0.0025907846240090654,0.0032794862880972074
0.1863092376159688,0.038617789287107566,0.010381777125924013,0.012029092386033887,-0.008482977996054972,0.014616128800998801
0.1863881308861845,0.05562460214677538,0.01811057298194202,0.021876161014629837,-0.01670758228103989,0.02743529833662314
0.18646702415640018,0.0739879629383762,0.02256622095333362,0.02890163153056977,-0.020711237157228536,0.035333232743168796
0.18654591742661586,0.07873077673908674,0.020609113765197962,0.028950236693602926,-0.020833108184570726,0.03545080895478693
0.18662481069683157,0.059339136595596156,0.010013374843498384,0.018394700144050098,-0.013426517414270039,0.022653815743877908
0.18670370396704727,0.029147255673926075,-0.0002647528105902571,0.0039026905744633127,-0.004073472899567528,0.005625704334871325
0.18678259723726295,0.014329834659912688,-0.0012137643718269917,-0.0025483488020303837,0.00392833913197333,-0.0045217033449551506
0.18686149050747863,0.027715872005497025,0.021457767472026337,0.012681875389547004,0.012034359184107026,0.0013821712282361728
0.18694038377769434,0.05677725795868387,0.04837340742986322,0.037493321552654175,0.011562835593798648,0.02016095107522818
0.18701927704791005,0.07972656636709735,0.06331875895496507,0.055793651817899595,0.0064030824544977025,0.037240597706773466
0.18709817031812573,0.09132194070856632,0.06553307567328918,0.05859072343251702,0.005662431335128229,0.03981989755258795
0.1871770635883414,0.09905286453947472,0.06314930525417219,0.05656877562382663,0.012292787051382276,0.033889197733755455
0.18725595685855712,0.10738043907953707,0.0720639747715348,0.06633395024962786,0.02980949219043605,0.029494322430141585
0.18733485012877282,0.10750536413494355,0.07121392808266433,0.06593684099083008,0.05128869028367081,0.01485098001987654
0.1874137433989885,0.08323267816633742,0.049128476767295495,0.04400588402443145,0.06074625558346838,-0.00788678884279532
0.18749263666920418,0.03882622096330089,0.012315226830148521,0.009343562074440242,0.04838939646591103,-0.02543370134842164
0.1875715299394199,0.004557916265458905,-0.018871562725267896,-0.01817113594042626,0.018743908482107424,-0.02604292134197105
0.1876504232096356,0.0064454969917559024,-0.02093318430675122,-0.016356760727062193,-0.003244317543709573,-0.009992954193484404
0.18772931647985128,0.036410585994174745,-0.0015507454911347454,0.004474193730301589,-0.0012834839076758667,0.004184892275904949
0.18780820975006696,0.05904496645610396,0.012741078402057057,0.01911207983166807,0.008231798137203572,0.008707653730019806
0.18788710302028266,0.05376353379748805,0.013101557333800452,0.018189756336553547,0.008984477904929756,0.007518329731516697
0.18796599629049837,0.030720278572616513,0.002220933529079497,0.006475338474393164,-0.0023706851035388936,0.006399786168730557
0.18804488956071405,0.011600110576439811,-0.0019652423276383378,-0.0010596851137350863,-0.003024822469390426,0.0012349107122744832
0.18812378283092973,0.009202224328445086,-0.006095545638135264,-0.007759143821483265,0.008956374660856536,-0.011758192916046763
0.18820267610114544,0.016519188009288793,-0.009253208457526975,-0.011161472468613483,0.025414722933022098,-0.025294789982451236
0.18828156937136115,0.026926107181903015,-0.009477822172710986,-0.007446990629456167,0.018960335553876113,-0.018216623173469997
0.18836046264157683,0.05085503289967409,0.004854763902603597,0.012289268911782295,0.0014143240153670336,0.008191764351742457
0.1884393559117925,0.09669484516034997,0.03974614336418637,0.05211561346666892,-0.0005625601117824772,0.03914715904578611
0.1885182491820082,0.15296622511925587,0.08556011139459513,0.09909274641928573,0.024719360091662916,0.057432487924918715
0.18859714245222392,0.18787831922853626,0.11174123975105339,0.12341796718009201,0.06447786765470268,0.04939319000178682
0.1886760357224396,0.17686123496054312,0.10036091778707476,0.11004661880338192,0.08807386048821876,0.023507545492278212
0.18875492899265528,0.12242301761192789,0.05888782593097641,0.06434881815924157,0.07782654516252309,-0.004114283727807683
0.188833822262871,0.05518151136067973,0.013656833013262473,0.015768086158613602,0.041844633979761674,-0.016269724682582025
0.1889127155330867,0.012658427598115429,-0.01054805876453527,-0.009445648753462344,0.012715056923235966,-0.01552552569537393
0.18899160880330237,0.0073659150363699685,-0.014145189396432507,-0.012452507890487104,-0.006261417560690993,-0.005072067203726745
0.18907050207351805,0.025178202851486947,-0.007184924775306324,-0.002920166855851715,-0.015877173658107264,0.008447129669556202
0.18914939534373376,0.05674599714439166,0.014340824983565563,0.021047356920746902,-0.01735321199813683,0.02725088446369276
0.18922828861394947,0.09950926691524618,0.05281566661744253,0.060865855778696645,-0.01019783654663478,0.05208966405493599
0.18930718188416515,0.1419438085328295,0.08334638889470133,0.09507008666330881,0.0033722358811009902,0.06859013009524567
0.18938607515438083,0.1581874766262153,0.08921057633646967,0.10198323957507255,0.027415360478942538,0.05781397442467868
0.18946496842459654,0.12876371331436567,0.058452320236122776,0.07074236978579594,0.029984254686487494,0.03267534485560818
0.18954386169481224,0.0651254721977916,0.011050763845879647,0.019812530074576278,0.014817547239126668,0.004825161766785169
0.18962275496502792,0.010926473427446433,-0.016378427015484837,-0.013403519982396238,-0.00664537416836065,-0.005522567873451869
0.1897016482352436,0.003636638678492259,-0.006460442968855758,-0.00840705892121325,-0.016099689724223595,0.004515961494168789
0.1897805415054593,0.033137291905960015,0.019819337201544225,0.014734858368248735,-0.0047806648205333405,0.014152356864084017
0.18985943477567502,0.06223163903882561,0.04256799456466828,0.03892317197489995,0.009224388707058166,0.022787975388801823
0.1899383280458907,0.07923843665592123,0.056818801268047614,0.0545245855902017,0.012549650916670905,0.03219325221684954
0.19001722131610638,0.09284266115791069,0.0658031998765532,0.06424026174750312,0.024249014330347443,0.031639286680751444
0.19009611458632208,0.10787410080471191,0.07567546087023304,0.07119018238783506,0.05661259918923176,0.01522908308973487
0.1901750078565378,0.11392975776850071,0.07934852883359486,0.0716669621944416,0.09476304331842281,-0.0099931642710965
0.19025390112675347,0.09098207472054437,0.0619464815497058,0.05240384532896492,0.10552506871013788,-0.031712765993408915
0.19033279439696915,0.04315076611115143,0.019828367228937663,0.014003992351220438,0.07574546387255257,-0.040323278964521134
0.19041168766718486,0.006550250743146856,-0.012448343870424204,-0.013845494629380724,0.023816808316876336,-0.026220617850169242
0.19049058093740057,0.009286926240175332,-0.016390677404576073,-0.01471042694314346,-0.004588325488475612,-0.007869959671554894
0.19056947420761625,0.04120670051011398,0.007710807635318956,0.008857285630562801,0.0030274337985684834,0.004561139399740629
0.19064836747783193,0.06550975006618683,0.030698384866516524,0.03016872236333719,0.018188576088920872,0.010278749255680081
0.19072726074804763,0.062002797850436726,0.03014893235649654,0.028545126794183973,0.020861715653806213,0.007282660911837688
0.19080615401826334,0.04299282945191402,0.010577122412113027,0.010303533935275848,0.016484463764003515,-0.0033629442356721308
0.19088504728847902,0.030104077120819632,0.0026916684483343466,0.0011506690839833194,0.030255198433135077,-0.019382250548887977
0.1909639405586947,0.033034753584016384,0.010816026135084854,0.0049320280620866195,0.062332130674999084,-0.038062772016963876
0.1910428338289104,0.03997812066208708,0.023531102400679224,0.01433314289821871,0.09815385625104125,-0.0551631752319653
0.19112172709912612,0.04130883602556302,0.015283541001286483,0.010054077648889883,0.08707930651315435,-0.050884406460549786
0.1912006203693418,0.04893975827783643,0.010098810489564045,0.011147296991278605,0.055600467214519486,-0.028925740513734522
0.19127951363955747,0.07439497814513173,0.024057991223332756,0.0304657324731571,0.02871722522677344,0.003459311908120639
0.19135840690977318,0.11272236192916452,0.05829062451290417,0.06500080236108595,0.029457610354903865,0.02873231778050173
0.1914373001799889,0.13933669646465338,0.08730606345182801,0.09055607552426535,0.04720817038847354,0.036053995264484114
0.19151619345020457,0.1290341264258628,0.08131757984552412,0.08047651048183392,0.05617908927077095,0.022490665775422965
0.19159508672042025,0.08875074860989286,0.045721389209963756,0.04646295115727877,0.038501651242522646,0.008841833610624142
0.19167397999063596,0.048830541645077774,0.013070512249371976,0.015894895180681122,0.015191652082406165,0.001660519868747475
0.19175287326085166,0.03059463375435083,-0.0034199612872057297,0.002246361625698064,0.0014018888993080924,0.0007327027617495221
0.19183176653106734,0.03541104130610935,0.0005821299458103084,0.007269947457957364,0.0005594180343804936,0.005031227826659319
0.19191065980128302,0.055197128603993166,0.01357545161277238,0.020864640074732852,-0.00017786588479788918,0.01563338997011185
0.19198955307149873,0.08537349210528825,0.02836994386564963,0.038271078390203564,0.00484749567081223,0.025226228082687333
0.19206844634171444,0.12438954049503925,0.05744892561301396,0.06682381580840069,0.016435528287312404,0.038780313355104505
0.19214733961193012,0.16453106118949765,0.09141752075403103,0.0972695471638114,0.03853767357225894,0.046877021064578986
0.1922262328821458,0.18136244122911618,0.09980149633658163,0.10377680468887256,0.055208901106461296,0.04068607660628866
0.1923051261523615,0.1501812601135385,0.08181683252481503,0.08404006175270884,0.0465390003298616,0.03160255317895807
0.1923840194225772,0.08902278697136624,0.033960874099483625,0.0390980007205279,0.013577257780477426,0.02001015324247092
0.1924629126927929,0.040081056141243764,-0.002955212943816113,0.003077855674419566,-0.008197929846533353,0.007770638991422684
0.19254180596300857,0.022624978681863778,-0.014561342848847362,-0.009121394128470864,-0.007594853887233116,-0.0017032335101517784
0.19262069923322428,0.030633901306767283,-0.005054606261352807,-0.0014348277219022613,0.004877507048005729,-0.00432854800105007
0.19269959250344,0.04928303707365572,0.016529583153092154,0.017554589269556886,0.02318276278581974,-0.0024497024944974146
0.19277848577365567,0.06909339448466528,0.03165554903449903,0.03296173998861749,0.031833487362300975,0.003234191845616325
0.19285737904387135,0.08869144461002634,0.04546598538363767,0.04643235781208087,0.04280131755694286,0.005942829916482263
0.19293627231408705,0.10637625951212507,0.06121042039461978,0.058061624978582416,0.06560548103915817,-0.0006315906590181746
0.19301516558430276,0.11123742097986478,0.07201475950647107,0.06373764616518704,0.08057779480913761,-0.0064196442773847544
0.19309405885451844,0.09024193697348051,0.06768844142661522,0.05657712614038008,0.07816000369013051,-0.010165581305582668
0.19317295212473412,0.056442550408206754,0.04129364385392026,0.03336868788793828,0.044908930844320995,-0.005213487829499378
0.19325184539494983,0.03192626576733261,0.011836614842717365,0.00978828227413788,0.003326956457812133,0.005053121350002384
0.19333073866516554,0.021457222568249817,-0.007609698232345013,-0.005502220518600781,-0.015997349113094833,0.00660760820233907
0.19340963193538122,0.02404213450529924,-0.0047021365865129085,-0.0012007731853849067,-0.008964288865635224,0.005102041672511707
0.1934885252055969,0.0343192660760018,-0.0005870710826018752,0.0017501620491611168,0.00931800801666002,-0.0049301245724534225
0.1935674184758126,0.04157420718165817,0.006425626649170272,0.0070898342317486105,0.0194939020783174,-0.0077659265742987165
0.1936463117460283,0.044480387683629385,0.013663237303050852,0.011496468035945145,0.031173656567117774,-0.012303541794490235
0.193725205016244,0.04895802524259982,0.02356972699755637,0.016189192185899204,0.047834920262379746,-0.019969174974358163
0.19380409828645967,0.05724872844386448,0.043252130565449735,0.029385551585273978,0.07982836044862576,-0.03161095188975824
0.19388299155667538,0.0616786617137199,0.055058654058644685,0.03639090942030545,0.10414565102352905,-0.04276410436576693
0.19396188482689108,0.05387093747591922,0.045775146696680924,0.02830270753655957,0.09690007818350675,-0.04391274172898481
0.19404077809710676,0.03643886826628835,0.023008551446405567,0.01273066080864481,0.06778998673168272,-0.035926576070419255
0.19411967136732244,0.01850958490030755,0.0022465700211165497,-0.0009705398851415205,0.030616206510720025,-0.02120074082683574
0.19419856463753815,0.010203026870744722,-0.009636928261839709,-0.007624771153779824,0.007805270556697285,-0.010888527233320233
0.19427745790775386,0.015900007188985335,-0.009727644265352548,-0.006509072612519066,-0.00012303391205680162,-0.004757304809423729
0.19435635117796954,0.03209040103126406,0.001501696138111948,0.0033931719316033617,0.0011186587153177241,0.0017747752586607017
0.19443524444818522,0.049144151956376295,0.007941993557767913,0.009722240654131308,0.008378697169948697,0.0016258548855807983
0.19451413771840093,0.05259784996764337,0.010911757459560448,0.011648185379989634,0.017662851851071838,-0.0031510683239366092
0.19459303098861663,0.04078670531413636,0.0078364026741528,0.007452733643104913,0.02594230930513137,-0.01181023805570401
0.1946719242588323,0.026684766350194192,0.0025433246010998323,0.0015510637109818362,0.019898254597413303,-0.012154834726858268
0.194750817529048,0.018295411515888947,-0.0018909133603956553,-0.0026882836514731806,0.009389124894540694,-0.008277628527694623
0.1948297107992637,0.01611287695381073,-0.007573985122297214,-0.005607900685731671,0.0007285386805008498,-0.0046567177490294265
0.1949086040694794,0.020315003689263332,-0.006892233720193001,-0.0031997649434905274,-0.006989158498451383,0.00229485164491467
0.1949874973396951,0.03290664426506303,0.003266215710320137,0.006881166944330104,-0.008575689983582808,0.01085088589319258
0.19506639060991077,0.05588153926006116,0.02630860940707624,0.02665010815211699,-0.010596169637920212,0.026899293164944497
0.19514528388012647,0.08797594445850847,0.05048498695661946,0.05174908216230455,-0.008792724302021012,0.04436530455349603
0.19522417715034218,0.11821935377309839,0.06544995942593508,0.06876478463039758,-0.00418979320114413,0.053971850396908765
0.19530307042055786,0.1262025923528121,0.06670971191623228,0.07242102587166495,0.01498157936060568,0.04393106272695754
0.19538196369077354,0.10658564122473846,0.05914680884677694,0.06408915554083082,0.031139295389822408,0.02692834067303918
0.19546085696098925,0.07681658898037767,0.04269077173749266,0.043872910815041216,0.033965572293330346,0.009942659579916448
0.19553975023120496,0.0529117772528728,0.029518489750458402,0.02594163959074479,0.029742072569615224,-0.0005954180726409776
0.19561864350142064,0.03992472246442474,0.022854876503964023,0.01797481422570471,0.022322246558035788,-0.00156139832980898
0.19569753677163632,0.03869783585457808,0.026658406234900962,0.024122705914161612,0.016402182108790023,0.00697273329711212
0.19577643004185202,0.05041661239151868,0.04343267768148443,0.04055036089330838,0.013450415472158668,0.021176717368425583
0.19585532331206773,0.07684598196220424,0.06471192208419005,0.061273369373317836,0.007779503248978505,0.04040866882036835
0.1959342165822834,0.11626966449370649,0.08836887793949526,0.0834312848222973,0.006372364012836475,0.057891198998847086
0.1960131098524991,0.15467099161902492,0.1124023963662797,0.10715673387090052,0.011131439762546361,0.07250230441741959
0.1960920031227148,0.16540407909825972,0.10651866265831157,0.10421930415663497,0.01504266532161807,0.06770441931513749
0.1961708963929305,0.13687780062200383,0.09235809090248155,0.08977575085212236,0.023271173165368517,0.05140317587420512
0.19624978966314618,0.09063861720118874,0.07043724652390998,0.06467227949341314,0.028831999921010442,0.02890420790427345
0.19632868293336186,0.05590044262275282,0.04623177227115208,0.0384387900161292,0.02495474611629921,0.011915483377072428
0.19640757620357757,0.047000387817245595,0.03993513387387204,0.03196934190892345,0.02059669780903737,0.010009543732336089
0.19648646947379328,0.0629022784028027,0.04787698425899492,0.04049069998665704,0.021701654079629307,0.015619009325680533
0.19656536274400896,0.09892789073271417,0.07035002220617888,0.06420679282582654,0.02354253383803629,0.032085600822781384
0.19664425601422464,0.1525398545150716,0.1118444566852755,0.10421817361007532,0.04115137791164904,0.05037062770115029
0.19672314928444035,0.21774763707852252,0.16338585067318082,0.15218057313943015,0.07438046655348579,0.06478354671522871
0.19680204255465605,0.2712551541707991,0.19522806837502688,0.18151972147724676,0.11215604744797195,0.0625115019187959
0.19688093582487173,0.27135950873342807,0.19203727042646704,0.17857424281608786,0.13776274297025162,0.043185726527915504
0.1969598290950874,0.2090556053700611,0.14962877673253538,0.13754216698967894,0.13079698993844635,0.01591150478781481
0.19703872236530312,0.1222734138866238,0.08126486648631126,0.07173617321428123,0.09300174676258896,-0.008756618399364608
0.19711761563551883,0.051181737432492436,0.02996724365006052,0.022495091350276688,0.05321330833706137,-0.018879241392242424
0.1971965089057345,0.016000398793646363,0.010584347854700893,0.004233481193633578,0.03132371162100693,-0.01780536347760131
0.1972754021759502,0.009777756589167748,-0.0012115102143226654,-0.005889625248027262,0.019437483397508906,-0.01737812552565723
0.1973542954461659,0.009020491370403444,-0.0008319756632013047,-0.003925258019013273,0.015092139191405902,-0.013011415019726287
0.1974331887163816,0.007174530223727521,-0.011007931394621726,-0.01200623273413879,-0.001294517224381314,-0.008061408577224484
0.19751208198659728,0.014000652736957407,-0.010985472300626006,-0.008619623612067837,-0.007612291007387879,-0.0013184499117668922
0.19759097525681296,0.03299336158336051,-0.00048046116932911546,0.003060179462911528,0.00022812449730890444,0.0021227131537240374
0.19766986852702867,0.05054900539979445,0.013952065073945776,0.018430845638337603,0.01856190497109649,0.0012930928420475751
0.19774876179724438,0.05133789754835475,0.00788812627840661,0.012746888424948978,0.024888665015203343,-0.007167669467032527
0.19782765506746006,0.043560863778516666,0.008548406013399514,0.011707103695848814,0.020050546209883877,-0.004704392941837401
0.19790654833767574,0.047118859748138814,0.014114923995708078,0.015309664362761337,0.00991395537268483,0.004754581135263593
0.19798544160789144,0.06894972529097933,0.038382386261707584,0.03757665650072646,0.009700479196191294,0.021467267701987064
0.19806433487810715,0.09414112847169351,0.06433474283984593,0.061885900523670656,0.021083528883428473,0.03199243369342708
0.19814322814832283,0.09612050288166152,0.06252944655741202,0.05765395314794919,0.0334558403258204,0.020571716171242864
0.1982221214185385,0.06745367614581058,0.04254726252122136,0.03895926591533238,0.032676591937340266,0.0071402703058418395
0.19830101468875422,0.027492137333809907,0.01120668598899678,0.007926513165828772,0.01915252531117085,-0.006915371179511475
0.19837990795896993,0.0034123763693864697,-0.011614078693596862,-0.012487803410232746,-0.0006984170037422298,-0.008818084052193437
0.1984588012291856,0.006622675507437668,-0.014765242758476833,-0.013720477486235885,-0.0054985295092839954,-0.006525143597711895
0.19853769449940128,0.026021879036805796,-0.004133573628029505,-0.0017912223375083623,-0.00672736820011317,0.0031670599772128712
0.198616587769617,0.051167745847691175,0.015915216227406537,0.017629158936045306,-0.010736706796184924,0.02028636493822759
0.1986954810398327,0.08114778250757228,0.04979743372376043,0.05098988142793313,-0.010979436762770254,0.04525922670651645
0.19877437431004838,0.11366325940286597,0.08922842743202859,0.08614408938494156,-0.008749626323386788,0.06996950904376674
0.19885326758026406,0.1377933601974495,0.11826186856234813,0.10825731424433944,0.00924578800313531,0.07457777242736016
0.19893216085047977,0.13437118788938326,0.11489292661847245,0.10293581658003823,0.0198846101351488,0.06352865326179245
0.19901105412069547,0.09564932861665502,0.07959559203987938,0.06540821829313843,0.017729503712727544,0.03686023288498486
0.19908994739091115,0.04477946129497345,0.04385102524983267,0.0317203642547782,0.002453392769212615,0.02195026500284637
0.19916884066112683,0.028550429148325798,0.028735128720436903,0.02188973296046392,-0.005310442093211307,0.019826672992955905
0.19924773393134254,0.0702820208745406,0.041471373049433546,0.04079627781473913,0.0014138006934998283,0.029399403103168496
0.19932662720155825,0.14080843039855379,0.08021543734285738,0.08457376169865499,0.013276501104040352,0.05415397984415607
0.19940552047177393,0.208469294368745,0.11772152979403847,0.1256073695765059,0.02830444490775174,0.07502541843428173
0.1994844137419896,0.2636587010924389,0.17678354500133492,0.18184926863984338,0.0493305191077705,0.10406900334387321
0.19956330701220532,0.30562163626034095,0.23924445817732326,0.23452293446170128,0.09010193173823905,0.1187579501589153
0.19964220028242102,0.331964141286179,0.28256945597988403,0.26672889713964576,0.14301884029140746,0.11058956112026967
0.1997210935526367,0.31744020280259344,0.2799084166611555,0.2538344951006414,0.1819757085317376,0.07446489685531724
0.19979998682285238,0.24166850909262821,0.2146123627117162,0.18601727810310298,0.16125224667206636,0.03334561471071332
0.1998788800930681,0.13089257828212852,0.12427565688984268,0.10160057513832056,0.10839459568806721,0.0034672735404979
0.1999577733632838,0.04137733192034483,0.036403327898756783,0.024296321454305915,0.04247657924587584,-0.010344342141536058
0.20003666663349948,0.009117499602549485,-0.000805268120178623,-0.003115384180588238,0.0032844054921978903,-0.004512674696081018
0.20011555990371516,0.024459496514573815,-0.008708308401840658,-0.0011906097054791933,-0.010891556097960468,0.006398528914474917
0.20019445317393086,0.05539121174096553,0.0020361704637459717,0.014472513759460095,-0.012757107720080887,0.019290558862422147
0.20027334644414657,0.0855662317741062,0.026192485528015928,0.04034845762842536,-0.013319935433752922,0.038905169142206146
0.20035223971436225,0.11188099963973784,0.04718329592456372,0.06097150886844718,0.005988923634608763,0.04137746739608299
0.20043113298457793,0.13294705254745567,0.07756368687079708,0.08555105368843555,0.048058614775630004,0.03172423268541386
0.20051002625479364,0.13771624542914276,0.08656484089678719,0.08819781306822636,0.07271770329032741,0.017246744109485495
0.20058891952500935,0.11006725449877863,0.07120433548093555,0.06841496557734662,0.0799073355047802,-0.0024578740433096125
0.20066781279522503,0.05924445888892345,0.03342370403897326,0.03012615243765347,0.059272860778743185,-0.017256154271942922
0.2007467060654407,0.017090704610309274,0.008382406306795225,0.006956281540516951,0.027923109058976967,-0.013504884544467133
0.2008255993356564,0.0027826593643347805,-0.011726259348608136,-0.009916950912757943,0.0021390989746150517,-0.008803829763433324
0.20090449260587212,0.01023654744114695,-0.011602965077522422,-0.011017486503845892,-0.0007198185367659156,-0.007710469901134916
0.2009833858760878,0.018160737059840417,-0.0007767034264778932,0.0005734557261163573,0.006539760340090143,-0.003947017388727091
0.20106227914630348,0.015112222331170738,-0.01266844349526037,-0.008482679065341855,0.0008654014826577101,-0.006885705981988694
0.2011411724165192,0.0076954900071918774,-0.016327829459867337,-0.00997501203892273,-0.006630737061837214,-0.0029827292616037464
0.2012200656867349,0.0052177951506207,-0.02608103969082322,-0.020259009915905492,-0.013114922390072323,-0.006295860851102647
0.20129895895695057,0.008110793951071981,-0.021838874073583314,-0.018321775598592892,-0.005168613924031068,-0.010167836352677246
0.20137785222716625,0.008747140020826496,-0.014907251984478915,-0.014817364590632221,-0.0010893861288839908,-0.010288961120850943
0.20145674549738196,0.005199106720217018,-0.009659981973576499,-0.010901331518710377,-0.0036786468148452284,-0.005645611800574006
0.20153563876759767,0.004492126026202415,-0.004318392501307139,-0.005794542549143348,-0.013956281327332402,0.005025056891962866
0.20161453203781335,0.01055581173271617,0.002612247006874924,0.0010428470767399538,-0.01569269281845775,0.011270203580388676
0.20169342530802903,0.017568062435557714,0.014450408444406614,0.010923331221480191,-0.01361252531591942,0.017224182823102455
0.20177231857824474,0.01527427238819924,0.013190072271991612,0.010031084900189228,-0.006603528906469144,0.011873941016608791
0.20185121184846044,0.005000518547264296,0.000525519069438975,9.605323548555495e-06,-0.010974005138176415,0.007346027949751869
0.20193010511867612,0.0023162345093452586,-0.010151427469083867,-0.00845239697976879,-0.012488756742521695,0.002067128517317007
0.2020089983888918,0.019067904264682474,-0.006805543628129766,-0.0031767215844087635,-0.003670853605579935,9.288664987678141e-05
0.2020878916591075,0.05059932682517688,0.019756774071048033,0.023118223856314894,0.021879799098248484,0.0025620613507554716
0.20216678492932322,0.08067613644240988,0.03811479723381357,0.042029979547121794,0.03470523075336348,0.008073351891094364
0.2022456781995389,0.09917675110891566,0.05715213798061905,0.06093119971279705,0.03439621098253176,0.022392896489772197
0.20232457146975458,0.10872672758879294,0.06671464604908436,0.06814555580631775,0.018583798329004274,0.03833555144260163
0.20240346473997028,0.11410639076460137,0.08670931281339547,0.0818995413183834,0.02202003843761322,0.04633400694429245
0.202482358010186,0.11684687628088453,0.10521294225044621,0.09445883155166156,0.034912671862869976,0.04717517861540982
0.20256125128040167,0.10843794960702446,0.10521949275615432,0.09022783354961156,0.04194980311999313,0.039310803505349975
0.20264014455061735,0.08340524164907591,0.09214941263900395,0.07714838593287496,0.03226533315298729,0.03595042208425566
0.20271903782083306,0.05612500636182738,0.04499299582803003,0.03537167676275999,0.0035840378444050762,0.02391207252632498
0.20279793109104877,0.039322906045758936,0.018587116766442553,0.017355865140228296,-0.009555194475648782,0.019293259073854766
0.20287682436126445,0.03526417254389678,0.0019183335911904646,0.006369479588062752,-0.013247059560757113,0.013594477962691365
0.20295571763148013,0.04301526045470597,0.0005243043370050246,0.00847236448729376,-0.004332916877042124,0.009196724475444859
0.20303461090169583,0.0551518093636782,0.011241132997611663,0.021629498094633014,-0.0004857511469009399,0.01640804688723101
0.20311350417191154,0.06357655177239363,0.01582058135531038,0.02554412902226115,-0.0010504799654009601,0.019697080290973484
0.20319239744212722,0.06766912054241515,0.026083696245166436,0.033703242546547274,-0.00017077194077431583,0.025179012045528644
0.2032712907123429,0.07057661476778682,0.03201353595391779,0.03577567519189724,0.015107797840861444,0.016513057838197804
0.2033501839825586,0.07307414610854997,0.044418576853969445,0.04540816471637739,0.027833390983847038,0.01518720882557357
0.20342907725277432,0.07143626980652852,0.039109894162939585,0.03843136561428415,0.025708179407995857,0.011406270949119914
0.20350797052299,0.062469597748305045,0.029601628717841087,0.03280986486371155,0.014660585396393885,0.014603506432476617
0.20358686379320567,0.04449014491868888,0.003916430309807868,0.010189339934979455,-0.006956655846837321,0.012227728927898985
0.20366575706342138,0.023103062186264133,-0.013729238442092636,-0.007131819144458473,-0.012768118574446067,0.0032359828689347628
0.2037446503336371,0.010805777707050357,-0.013212231116734753,-0.008598618710316999,-0.011350564940331204,0.0011971768826404194
0.20382354360385277,0.01086042247968429,-0.006458327488921289,-0.006311104519696107,-0.006951855484796206,-4.3524985333968455e-05
0.20390243687406845,0.016342319483263663,0.0006011143759189476,0.0012814250808888146,-0.0054854694492193915,0.004621063657325298
0.20398133014428416,0.022436371912918775,-0.0030722545112430184,0.002536657544521832,-0.010205221919784936,0.008710682607419501
0.20406022341449986,0.02856995607610366,-0.009329053047538323,-0.00020677007677252673,-0.021588552486563595,0.014285041456787348
0.20413911668471554,0.03636541599677765,-0.004775911908964597,0.0037070008117431777,-0.023497956332055293,0.018471923355050195
0.20421800995493122,0.04761548400627452,0.003977537200840446,0.012768026713472854,-0.019346253094649005,0.022429841290575465
0.20429690322514693,0.06047424085322037,0.01504735157950892,0.022559000542365325,-0.00839167631553859,0.0223839557643121
0.20437579649536264,0.06621152935733883,0.021489945972887677,0.026778003930177045,0.012124660393090845,0.011808665475035467
0.20445468976557832,0.058124195341476725,0.023467844586616955,0.02543837258141992,0.02885624708326757,-0.0003774868330281112
0.204533583035794,0.041954446694798905,0.01784776754816514,0.015319649950556258,0.03101294445820275,-0.009351780211787172
0.2046124763060097,0.025877741463386963,0.014506720086343338,0.00855894153281634,0.024505458393870142,-0.010026177949167409
0.2046913695762254,0.014141324360148592,0.004999554584824646,0.0013761476519662324,0.0071160815147958524,-0.0037356283735688754
0.2047702628464411,0.008107258025903475,-0.01167207579617593,-0.012278724926348685,-0.00751335137037401,-0.004105670826001512
0.20484915611665677,0.005281762875215074,-0.018083712376279815,-0.015470458332116011,-0.010705618730834681,-0.004344794180237917
0.20492804938687248,0.0033515215185258396,-0.02497736058258741,-0.02120079851666425,-0.013215654036537726,-0.006929197567805979
0.2050069426570882,0.0029420073489341064,-0.020402382044386186,-0.016806374752633833,-0.009084497417026932,-0.006422460438980608
0.20508583592730387,0.003875861676743665,-0.021989269098561064,-0.017046996681230157,-0.012392354826873501,-0.004389541138165392
0.20516472919751955,0.0033002368933635244,-0.024540653276649293,-0.019558636120004098,-0.007051343944910103,-0.009829066468832259
0.20524362246773525,0.0007046271172236757,-0.020039771896494158,-0.017545842678960512,-0.004972266912656661,-0.00972200092353603
0.20532251573795096,0.0014499874445616859,-0.00315600963964058,-0.005802133306659672,-0.00036730309075802455,-0.004068331877871501
0.20540140900816664,0.010397026782807847,0.01588225231106016,0.010457044769827076,-0.0023061175318912406,0.009317086812046182
0.20548030227838232,0.024590360462213943,0.01984186105745573,0.013184331941842254,-0.014441856110395068,0.019459519051210773
0.20555919554859803,0.03252681035580577,0.01975876902282135,0.015030966330875783,-0.020102988119015338,0.02461784839542334
0.20563808881881374,0.02562028810805006,0.006112594458015427,0.003814660183057297,-0.021118882472117986,0.01696040754467086
0.20571698208902942,0.010270523661834383,-0.010522497157755656,-0.009926958455428321,-0.01835003908364689,0.004890865769081896
0.2057958753592451,0.0005125312330497994,-0.022518694967118107,-0.020669955417034497,-0.013131203262116706,-0.006590714114818719
0.2058747686294608,0.0042116761374557275,-0.022471607403180025,-0.019982403076370003,-0.008629620618224604,-0.009089077549609059
0.2059536618996765,0.01627352096523359,-0.01945892467018735,-0.014114229731832757,-0.010887761424660016,-0.0032142609402001686
0.2060325551698922,0.0271086227112704,-0.016972697917403638,-0.00853801831453747,-0.014178485329273082,0.003133576026366583
0.20611144844010787,0.03653487918304415,-0.004009715738918591,0.004657514027517691,-0.01681916774569923,0.014710890301670606
0.20619034171032358,0.04932178720147106,0.008767317828770544,0.014216956954894762,-0.01630103220014609,0.021470342767172423
0.20626923498053928,0.06566365390485022,0.02673310598894215,0.03217896209400069,-0.015903086858664324,0.03455622497354777
0.20634812825075496,0.07301383629486435,0.04028682003129138,0.04408425693941348,-0.008247156655947399,0.03829709765990468
0.20642702152097064,0.055799638601522344,0.014342504392959986,0.020188074112527595,-0.011076493202384316,0.022415928205003478
0.20650591479118635,0.022947261391800807,-0.010708686064838784,-0.007244955990225623,-0.015321110759562594,0.004859386093617195
0.20658480806140206,0.002043277766196258,-0.018515303142295422,-0.01794794604850405,-0.01058665579996045,-0.006267167698919639
0.20666370133161774,0.014870521266897009,-0.006120916448343656,-0.0065683806433737635,-0.0028646748047921194,-0.0029680399500553512
0.20674259460183342,0.05790000618356112,0.025324321920495354,0.025214269888383996,0.01764136231544184,0.006956528079844568
0.20682148787204913,0.10055471015863246,0.05667134144957951,0.060613884512159454,0.04041428307956636,0.01813539331740328
0.20690038114226483,0.12311424279186653,0.07266277722656685,0.08122733651723438,0.03982991368812235,0.033965127312920826
0.2069792744124805,0.1288805983744719,0.06932401621535149,0.07909721124330397,0.019804393353841262,0.04571141779554292
0.2070581676826962,0.12467926854889602,0.0985964238985675,0.10347796629748225,0.03278136184076467,0.05537454522175885
0.2071370609529119,0.11553680552667114,0.08444938279889753,0.08576460501364254,0.029634740980240853,0.04416095424054496
0.2072159542231276,0.09766710353064817,0.06446966017330144,0.06121565657640934,0.04169975254146877,0.017726484260231462
0.2072948474933433,0.0667018465348033,0.06126420511189213,0.05109141520294342,0.04868997247674577,0.0054824278771300914
0.20737374076355897,0.03875367370147222,0.03973224432889506,0.02738927422900562,0.02841713677603782,0.00136889443944956
0.20745263403377467,0.03936426666215866,0.036839960638311776,0.02619916804496008,0.01168527347119683,0.011671632584230558
0.20753152730399038,0.07002347217592626,0.04547603035650621,0.041402889525689233,0.002304783919556848,0.029255974297974066
0.20761042057420606,0.10282273962023937,0.05680847329231851,0.06034388801122222,-0.004474664786219666,0.04788575898223012
0.20768931384442174,0.11642663536519327,0.06411352196726039,0.07150658885612107,-0.0032772787607725064,0.05540866121084501
0.20776820711463745,0.11102532659764955,0.08564108097038256,0.09353347019787406,0.011357168240511018,0.06213770730821499
0.20784710038485316,0.09467377838643525,0.05557970078816738,0.06274784679275067,0.003441101837639842,0.04440076221670136
0.20792599365506884,0.0754140291381977,0.04300353036321202,0.046761079767089174,0.016455853910912092,0.02379716738279502
0.20800488692528452,0.052831548843949284,0.04364356541971188,0.04177824095789154,0.03812661744379557,0.005597087601000728
0.20808378019550022,0.025549710346953223,0.016470401083405226,0.009973608191207736,0.03915512857346216,-0.018779482024336647
0.20816267346571593,0.007639566822179129,0.008968913470289129,-0.00035345363121211154,0.02822115506489373,-0.019139234934514228
0.2082415667359316,0.017850087674200297,0.012843292458626188,0.0045663377397823675,0.0024869049134796477,0.0017320692759503202
0.2083204600061473,0.05388487205395469,0.029794372363893623,0.025051544048758954,-0.011135446131211616,0.026071167533679926
0.208399353276363,0.08642722364605453,0.04580042884864537,0.04555833134322231,-0.016258173521766305,0.04474147839181514
0.2084782465465787,0.09267337516883872,0.050555571681351594,0.052670837709735775,-0.013846925726043005,0.048423127220009986
0.20855713981679438,0.07740989039111325,0.03476602770992566,0.03682839062235206,-0.015199649126035527,0.03754301588487191
0.20863603308701006,0.0558993955061449,0.01277822690629622,0.0171247922395954,-0.012714097502282657,0.021233469603620252
0.20871492635722577,0.04209291600604689,0.012143570388796338,0.015442341465286433,0.002604820388750529,0.009740488325569485
0.20879381962744148,0.03540570525449058,0.0048284464881246944,0.007738852006866288,0.013393864435826085,-0.0032030918708421505
0.20887271289765716,0.02498247120534435,-0.001822500870571358,0.0011867896133270705,0.006974158357454341,-0.0037815056900239973
0.20895160616787284,0.014813800220547882,-0.008578669606963322,-0.0050098658329307145,-0.006013817293842403,0.0002967125726358545
0.20903049943808855,0.01754662239725994,-0.01101835828233606,-0.006756339389830088,-0.020966224350385972,0.008998857434981621
0.20910939270830425,0.0369863087093966,0.009219370580933854,0.013183454765811465,-0.015597271323743675,0.02023150248112115
0.20918828597851993,0.058661767420171845,0.020816458934106507,0.024809209324264708,0.0009776047806288,0.01779490462044449
0.2092671792487356,0.06090106507326587,0.02341107675849381,0.028233270733079414,0.015543225311629971,0.010606438435257647
0.20934607251895132,0.04607772165952451,0.006454404540382121,0.013242064201110208,0.006718055573860428,0.005353894764394586
0.20942496578916703,0.03449757053727955,-4.6170578826360195e-05,0.004945795656067743,0.013674939930744827,-0.005467994651823074
0.2095038590593827,0.04252334382595505,0.014284874358724536,0.011946953333477579,0.03665216926881626,-0.01563572475706613
0.2095827523295984,0.06891489340684301,0.04131844516369592,0.035315918657803216,0.06149066142078861,-0.014873152891414013
0.2096616455998141,0.08943675721853987,0.0619944712205232,0.055148694370872914,0.08265698155794789,-0.014256648644850762
0.2097405388700298,0.08772565580515562,0.05949154433371256,0.05232709222603155,0.07149069165821523,-0.008871429536322315
0.20981943214024548,0.07121904100722043,0.045500316684164654,0.042585451099060055,0.04057690292845226,0.004560006132952424
0.20989832541046116,0.051675574463200466,0.01938134088720544,0.02115420523506066,0.007689557123744289,0.010589277069356284
0.20997721868067687,0.03585094740265986,0.011233966282242663,0.013280512790404134,0.0039667601009857195,0.007222186180317737
0.21005611195089258,0.024060143051187182,0.004793454643810643,0.006427652990109428,-0.0014234326859104448,0.005730898556717709
0.21013500522110826,0.017259525063185965,-6.250035289276331e-05,0.0007388966219438515,0.0005575615424824213,0.00017651610136409514
0.21021389849132394,0.025775761932898746,0.008321317359763245,0.009390875289061063,-0.005827172041992708,0.010878820481681829
0.21029279176153964,0.05679439819106537,0.027322713130322068,0.027741990374764235,-0.003996104811178375,0.02330044149766372
0.21037168503175535,0.0986141732748512,0.05081425865289505,0.0506101887897237,0.01833371028884709,0.025413014846688835
0.21045057830197103,0.12693912941184632,0.08192163534195616,0.07744430603396588,0.03374179807357942,0.03518783959006567
0.2105294715721867,0.12912727830614945,0.08601962144106971,0.08225968060411032,0.03587011401767089,0.0373790466139985
0.21060836484240242,0.11060035270263534,0.06778490827759807,0.06741509534578319,0.023297112787973098,0.0346469231827092
0.21068725811261813,0.08265334282878334,0.0478925720258392,0.048532801052228,0.013073931248533961,0.027376137360966835
0.2107661513828338,0.056484463641934796,0.030064128048316985,0.02924400306436027,0.007768399028417934,0.016555657850721023
0.21084504465304948,0.038393076354219645,0.01853843126226645,0.01645843011174142,0.014526802926843226,0.0025243491395566604
0.2109239379232652,0.030922632591799705,0.017435836803338763,0.015163872583893512,0.017787441274859202,-0.0006193646025807602
0.2110028311934809,0.03897433347708866,0.02039983364051142,0.0191117583093408,0.014683984457934117,0.004393112847787335
0.21108172446369658,0.06344145356176362,0.025032258018263136,0.027349129550756815,0.005703578794279413,0.016525702137415468
0.21116061773391226,0.09339242411123402,0.0484517324763242,0.05141797911718645,0.006511020001956548,0.03390729488601845
0.21123951100412797,0.1114151761121406,0.06374113981624197,0.06613800676224425,0.004021061233583583,0.04654276834311851
0.21131840427434367,0.10726659842379974,0.06296452630559908,0.06500794023307706,0.0020838481393815832,0.04699083212671106
0.21139729754455935,0.08453660917496038,0.04218709375105179,0.04309532622482628,-0.007747982891990159,0.03722801493826121
0.21147619081477503,0.054553208314818843,0.019031722406711422,0.0198040598818228,-0.009651497632766513,0.021177797632017506
0.21155508408499074,0.02936946444625737,0.0005606230930834306,0.0028707944263837485,-0.003467821025558598,0.004453477999290011
0.21163397735520645,0.013425978021349805,-0.0063881260095280164,-0.0046870698423501795,0.0005419536389747133,-0.0038472939003523815
0.21171287062542213,0.0037053290375892436,-0.014374633808329281,-0.014199770091765358,-0.004630528432036319,-0.007461975128833184
0.2117917638956378,0.0012368118499956698,-0.021753331954045406,-0.01910942434608927,-0.017826540509433275,-0.0022897828935279896
0.21187065716585352,0.010265599509605493,-0.012951961545898704,-0.008866217454843318,-0.01792217116209311,0.0053935321888496195
0.21194955043606922,0.03001378017518815,0.005126031763888063,0.006889513719207739,-0.0018821396044025674,0.006381038077828594
0.2120284437062849,0.050607285698356944,0.032104055792041876,0.028627055269078758,0.024596395879788867,0.004846176111941278
0.21210733697650058,0.057906393856167145,0.03907168788650325,0.03384397607823952,0.027836615295084056,0.006564845836818747
0.2121862302467163,0.048577571328452286,0.02960585571181182,0.025764363683948157,0.022184535847950194,0.004327880527610077
0.212265123516932,0.03247381206559067,0.010522623083742138,0.008701222578035798,0.0077400622524090084,0.001293682232835589
0.21234401678714768,0.020172849497352922,-0.0012847198919701648,-0.0029583577128627267,0.014915783098076878,-0.012174643358875178
0.21242291005736336,0.01639725032071433,0.0026946957921336573,-0.0019120076128692743,0.02386924228168246,-0.01738598621128126
0.21250180332757906,0.01794830947443795,-0.0005566208060300209,-0.004701577078102461,0.022977130423843306,-0.01886279963634054
0.21258069659779477,0.01774471357579066,-0.0041413836292222535,-0.006047382334130677,0.017403203217950546,-0.016134725999668344
0.21265958986801045,0.01349530628947752,-0.008077314238714576,-0.009081914139304453,0.004266682911302993,-0.00960563476919647
0.21273848313822613,0.007971091534449524,-0.017153189161397957,-0.01464001655968502,-0.0063022392856452785,-0.006671592225633668
0.21281737640844184,0.004540735259350423,-0.023657897843798167,-0.018952881383555453,-0.012685172788907288,-0.005611519188445822
0.21289626967865755,0.00482595932636496,-0.021790440411654018,-0.01726754865604057,-0.010771271733929385,-0.0056376041714361015
0.21297516294887323,0.008214864282844266,-0.013036407533413855,-0.010241507527164248,-0.011722989428110392,0.00022450712563304497
0.2130540562190889,0.012683857782447691,-0.011519963362565387,-0.008263530820875073,-0.010937091944574616,0.0011698344739609473
0.2131329494893046,0.016496602281687447,-0.004955536614796646,-0.002958020330874966,-0.0054488426857682275,0.0014445078299196396
0.21321184275952032,0.02016101831002909,0.005488608623069571,0.004972914630316426,0.006544502235655502,-0.0006790807975337857
0.213290736029736,0.02476247665214106,0.005285852626520722,0.003314887299831967,0.013789279736938212,-0.006757136776405774
0.21336962929995168,0.029108063590145807,0.012995930651253169,0.009061968804842262,0.016577530199397447,-0.004348539781455665
0.2134485225701674,0.032048640579154755,0.005124234714132253,0.0039294383349546035,0.007453828335675246,-0.00206306634619695
0.2135274158403831,0.03445111758688984,0.0025617296113232446,0.00401358966485089,-0.0005044948917679805,0.0033215035501879806
0.21360630911059877,0.038048488849736564,0.0034191809307306175,0.00545470719900566,-0.0066059224123242105,0.008473122797988895
0.21368520238081445,0.04441370479819894,0.012598912619533586,0.013705980356688623,-0.0034289607434004337,0.012483579784312266
0.21376409565103016,0.05388014223907575,0.018199183635371503,0.019603709685372516,-0.0003765141604283482,0.01482842785616426
0.21384298892124587,0.06293733823307865,0.023271519948163212,0.02474987781831175,0.017415291149641472,0.006762063582510375
0.21392188219146155,0.06455791921166273,0.02526176946826195,0.027073426280657564,0.03401789980122024,-0.0026136531877395523
0.21400077546167723,0.05644944482541602,0.018711756244933226,0.02033102272965178,0.033254330385074776,-0.0071225580613424305
0.21407966873189294,0.044275590041975066,0.02587030607971546,0.025280964684863433,0.03286751660771556,-0.00317863234212612
0.21415856200210864,0.03395812661399881,0.012591162969194068,0.012264421072768261,0.002398155792537906,0.007515444256609197
0.21423745527232432,0.027268915188909202,0.0003002235904216205,0.0013830810999332277,-0.01825075542255954,0.013234195602172474
0.21431634854254,0.02315330441294348,0.0001288610495416016,0.001247562909870031,-0.02159431868120884,0.015370099840075062
0.2143952418127557,0.020241799438741288,-0.0045494009085689955,-0.003070911900674859,-0.019252874550024068,0.010593085277504268
0.21447413508297142,0.018302991598007388,-0.0034328144056266457,-0.0013269363749645264,-0.017105836590456898,0.010453552239006373
0.2145530283531871,0.017088060667844227,-0.0026731176037777297,-0.0013625190514338064,-0.02072957746633593,0.012851141049986317
0.21463192162340278,0.014329601425697029,-0.007011372970749601,-0.005542179501008074,-0.021189662428303793,0.010051198576478695
0.21471081489361848,0.0085219081217336,-0.010296445816878823,-0.008787440111071361,-0.013564500360725653,0.0025374443735471605
0.2147897081638342,0.004296865225850691,-0.001256598009079637,-0.003010549001606076,0.0010507377878383115,-0.0029410188240942764
0.21486860143404987,0.009269323591964442,0.003663253486085246,-0.000304097239806851,-0.0033903288870146,0.0020411227611857267
0.21494749470426555,0.02501502682926337,0.021635295373629116,0.016458301384288186,-0.0058313633990072665,0.01613627693166593
0.21502638797448126,0.0427763402290504,0.036032308603742534,0.032767187194944564,-0.012172338416587323,0.03250091262971708
0.21510528124469697,0.0505587542770204,0.024300060033078226,0.027594110322263304,-0.019528280879174617,0.033570805306824304
0.21518417451491265,0.04591389604153159,0.01095623196439625,0.017627205273246727,-0.02889131850559514,0.03242492794720805
0.21526306778512833,0.0358717245314619,0.003116348277001266,0.008978449343044603,-0.03191936663716245,0.028024497135250633
0.21534196105534403,0.02872505060717212,-0.005858098275757889,-0.0007660140876077345,-0.02151715630361072,0.01382150347494839
0.21542085432555974,0.026442318921463346,-0.007555169678961016,-0.003587106309302536,-0.009391562117499698,0.0036135003587988686
0.21549974759577542,0.02170627245900715,-0.013797459057122314,-0.010342617870829452,-0.0013203363241311187,-0.006807106746855963
0.2155786408659911,0.01195399013624009,-0.01296469159074428,-0.012335755943458714,-0.005596325396344432,-0.005429979080522017
0.2156575341362068,0.005809285502645553,-0.00989335405568919,-0.010614344039100002,-0.013014825591030435,0.0008111979444954595
0.21573642740642252,0.010883976361913829,-0.0023403400195651895,-0.0035306451043874954,-0.016182557116529828,0.008197482081606082
0.2158153206766382,0.024430147211756962,-0.0009326617972739565,0.0004718692168680685,-0.01542341333931038,0.010665592736734685
0.21589421394685387,0.03236943963979414,0.005169730764395533,0.006949399024546622,-0.010046863206922078,0.011885437729969377
0.21597310721706958,0.024899143251167974,-0.0020963499869523835,0.0016194429741550405,-0.01529491772398474,0.011432821198970385
0.2160520004872853,0.009472288880453577,-0.021957486346176266,-0.01758561763592632,-0.018162191346185387,-0.0009315870305281412
0.21613089375750097,0.0004926479270402133,-0.023614672113987056,-0.02080176527352333,-0.010211668402941595,-0.008640860997682076
0.21620978702771665,0.005627171736109819,-0.018179298346921644,-0.015195795814681756,0.0009750039806643023,-0.011950631515824645
0.21628868029793236,0.01921668450585349,-0.007866298305402433,-0.004366185257826243,0.01804880658460832,-0.015316784215279489
0.21636757356814806,0.03166599612129649,0.006672744910824268,0.00969488298955965,0.015262269904329252,-0.0029981281473076653
0.21644646683836374,0.04232973939377433,0.015068159333369758,0.01693519085901943,0.009277617762477052,0.0063891435625832455
0.21652536010857942,0.0540639964545426,0.025800090335872605,0.025879907507074404,0.01046837080706068,0.012247548378463207
0.21660425337879513,0.06659801408784043,0.038154131046412396,0.03804124050348147,0.01620314746239306,0.017468469455325868
0.21668314664901084,0.07184534029056051,0.04356610624478798,0.04150332546372031,0.02789384976341422,0.012234971630423487
0.21676203991922652,0.059956606884630184,0.0344883148256961,0.03081439486169282,0.041344859791716794,-0.0047309616840764766
0.2168409331894422,0.035892110382657175,0.018439112540733167,0.013026239032529372,0.03585956422190684,-0.01430218440463413
0.2169198264596579,0.015421017074550066,0.0005198306916064074,-0.003205217295141488,0.015497467486457797,-0.012747220133165538
0.2169987197298736,0.009487671619509051,-0.012280819028650851,-0.011722701739588682,-0.00018914397516691037,-0.00858969142149488
0.2170776130000893,0.016269722133351858,-0.0076662280944447695,-0.003698281100402192,-0.01611336990269115,0.008026559304098003
0.21715650627030497,0.02602718120455041,-0.0006193195824732918,0.0041783834147046,-0.019567608975314798,0.016193095837987507
0.21723539954052068,0.03351850963802085,0.005241695601159652,0.009106789669917615,-0.020503617861171556,0.020482615925378547
0.2173142928107364,0.03973510735870988,0.015487093305838567,0.01773246736316253,-0.01883618808229064,0.025778585787974005
0.21739318608095207,0.045832168378142565,0.007692030470762602,0.010787263503984647,-0.016719441472091305,0.01920078806682832
0.21747207935116775,0.04564391256831061,0.002529235650769632,0.006580462197659554,-0.00921805219254139,0.011056895326670806
0.21755097262138345,0.031448406917060176,-0.007515294590647082,-0.004160981682874969,-0.010051518742944443,0.0036281673067308272
0.21762986589159916,0.01100837675387632,-0.01525829124149804,-0.014647291796460443,-0.011805023271445685,-0.0029973399302181116
0.21770875916181484,0.001590418321289808,-0.018744223415211776,-0.018423345410387967,-0.011134917142892331,-0.006254203939506495
0.21778765243203052,0.012894551918308014,-0.00958451193187392,-0.008067395399350932,-0.019676979201303388,0.007161432019189453
0.21786654570224623,0.03634552006222166,0.00871023528892402,0.00992925004143158,-0.019293292974772596,0.020284416134160863
0.21794543897246194,0.050774940425150974,0.01640631554818163,0.019325706035487337,-0.01710008811572111,0.025801972555607636
0.21802433224267762,0.047996461496809854,0.010140600078297408,0.01731191042746202,-0.023480258061481032,0.0285715881873235
0.2181032255128933,0.036340828973187654,-0.002158586984976012,0.005721743267663735,-0.026689059960616622,0.022104456718384256
0.218182118783109,0.027001445489619094,-0.006181054740595434,2.225462582231494e-05,-0.021695874108163614,0.014527106584948374
0.2182610120533247,0.02435934674999578,-0.008220249283492017,-0.0036506241410521243,-0.011834519800283367,0.005200109794238865
0.2183399053235404,0.021020831629418976,-0.0127917527712169,-0.009237437655960702,-0.006419374933883356,-0.00257559889594816
0.21841879859375607,0.012740688782823117,-0.019068250716965728,-0.01585247344661739,-0.011121469842205235,-0.004350857099383734
0.21849769186397178,0.007019187802869559,-0.017512424268376143,-0.015662823247264753,-0.02077091378505776,0.0022437766626047352
0.21857658513418748,0.011317239889496091,-0.00960508242164285,-0.010609897388934678,-0.018718959041520582,0.004629720708416065
0.21865547840440316,0.023428352478623057,-1.423655976229285e-05,0.00020808069234843892,-0.009463125387973163,0.0064831353936878056
0.21873437167461884,0.030069648179634322,0.0008779795398532281,0.0024232495717222205,-0.0067444654045525285,0.006311946681074508
0.21881326494483455,0.022662936918549446,-0.0013573045284851466,-0.002563143925162685,-0.008619881031072871,0.0038587659819222984
0.21889215821505026,0.008830007278050807,-0.003630576081686193,-0.005438088676626816,-0.013193960444330665,0.00478024388006918
0.21897105148526594,0.0016879991478129302,-0.021672745664684,-0.019246171855302422,-0.011027746050689432,-0.0069379637855807525
0.21904994475548162,0.0073720954743458425,-0.020719478694696838,-0.01897415855660894,0.007689730264706543,-0.019249287252688103
0.21912883802569733,0.01962033786056918,-0.006401476456396611,-0.0071688530039981475,0.022691939867201416,-0.020505960696536523
0.21920773129591303,0.029438568263579774,0.005380304721919164,0.004261615347236849,0.024603132664429463,-0.013287128678090857
0.2192866245661287,0.03609703513567307,0.006705535776066358,0.006456300283072155,0.009804132308549162,-0.0017559992526863374
0.2193655178363444,0.04216908293600148,0.016735354291595093,0.015462978295373896,0.00029859351953476904,0.011297788092717809
0.2194444111065601,0.0482452016301296,0.0322808592029763,0.027584229171966537,0.005845095470374183,0.016606043441027916
0.2195233043767758,0.049886826734920404,0.0443001933966859,0.032184209398122936,0.0144057072338242,0.014308042597968052
0.2196021976469915,0.0418966200853655,0.03775519217392114,0.02357013291341167,0.021122640575924716,0.0034048024560839915
0.21968109091720717,0.029217702816934265,0.026631336215764186,0.015346798725497742,0.019595447912540174,-0.0016926027609404871
0.21975998418742287,0.02267050484834232,0.02204356319425449,0.014422960579923507,0.00568868702545327,0.0069204215456882415
0.21983887745763858,0.026751004504741462,0.025424441431758444,0.021825621423051715,-0.006240975160338704,0.020401015569468973
0.21991777072785426,0.03680234520410959,0.007785296812541453,0.011171786428225302,-0.016029843895868832,0.019025437144233142
0.21999666399806994,0.04606563401697902,0.008659267261580355,0.01289450681838197,-0.020647392508128484,0.02339404336211246
0.22007555726828565,0.051790463617363953,0.019616562072806907,0.02201987415467717,-0.02365843349009233,0.032189292309725934
0.22015445053850136,0.054628781082721393,0.022693221681911735,0.02453724627114161,-0.023355846576468317,0.033857641124174706
0.22023334380871704,0.055861228570896454,0.023166767874984378,0.02372391417539586,-0.013300402252988225,0.02653120879129364
0.22031223707893272,0.05253691882864888,0.02432977832074453,0.021715021061092306,-0.0027892055490955363,0.018011421729679043
0.22039113034914842,0.03955478954679092,0.01717923618579314,0.014551959701970155,0.003284687142930928,0.0086237688148779
0.22047002361936413,0.02031595383702722,-0.003286436737046784,-0.004613504935926047,-0.0029429905576227058,-0.0014621434981243555
0.2205489168895798,0.006055356730577801,-0.02047573338062824,-0.018521036575406793,-0.008073148478453904,-0.008374084295832735
0.2206278101597955,0.004205443784270956,-0.024581862302175957,-0.020039961484797524,-0.009166185572408477,-0.008773149330097664
0.2207067034300112,0.011570873028081618,-0.0170731983240367,-0.012662842438803824,-0.011611530593275037,-0.0016507849808660763
0.2207855967002269,0.018644842326048405,-0.0047123688882196955,-0.0026507377746357343,-0.016580621723667612,0.009117981627287287
0.22086448997044258,0.020292858801110196,-0.009069016214853952,-0.00438636509292771,-0.015276045178854312,0.006954868336166667
0.22094338324065826,0.018236020231179515,-0.01531400343006126,-0.010126622975342682,-0.016118977901911396,0.003250055058478176
0.22102227651087397,0.01624957346227354,-0.014523529546533942,-0.01126688115993962,-0.011107939781524051,-0.0009493718531509989
0.22110116978108968,0.015606761064745973,-0.00824249563977558,-0.006958320184829716,-0.0018404644273877634,-0.0039428788478151075
0.22118006305130536,0.013557524536397372,-0.008269069924186414,-0.006271891521578743,-0.006776376572988074,-0.00013171808299496096
0.22125895632152104,0.008359898443584047,-0.012350680951547146,-0.010180304790491507,-0.011799270116457433,0.00032103689143768085
0.22133784959173675,0.003209834987841154,-0.01863996181307579,-0.015262349306947967,-0.015988720364053913,-0.000656918463839082
0.22141674286195245,0.0018807245464567675,-0.021181741041148262,-0.01804360605905786,-0.012223366855470407,-0.005243900404852789
0.22149563613216813,0.0038336236881774174,-0.02190745855487262,-0.0193226891846438,-0.002232119566880768,-0.012875492291525868
0.2215745294023838,0.005520180397286204,-0.019784730730431077,-0.017802771380339408,0.0007197549168185913,-0.013718593715759515
0.22165342267259952,0.00463104880051347,-0.021611285652745633,-0.019555201401949187,-0.0035080090568860287,-0.012195442728842524
0.22173231594281523,0.0021827193791336377,-0.02110888729721959,-0.02059694318782051,-0.01150125624804517,-0.0076262457995483115
0.2218112092130309,0.0011907483432054278,-0.021118672915837033,-0.020687911403518684,-0.01085604071147095,-0.008125327121514408
0.2218901024832466,0.003244646884172453,-0.01758894732449624,-0.01773254604991631,-0.002433772733445206,-0.011558048419303165
0.2219689957534623,0.0067200360748522646,-0.009985234585312974,-0.014134746019162337,0.006972186883982919,-0.015171444333317591
0.222047889023678,0.00872068534685981,-0.0002256947456142197,-0.007590553962620733,0.012717874683486273,-0.014148330107696444
0.22212678229389368,0.008178696673597026,-0.00823392944142101,-0.01175631472534692,0.0012193439140218009,-0.009556473040186263
0.22220567556410936,0.006716178459160427,-0.012088498655201214,-0.01306988842218907,-0.011634691286618839,-0.0019380314115897506
0.22228456883432507,0.00685851882413587,-0.005718235478422664,-0.005540761155244105,-0.015240736092305697,0.006072874233434365
0.22236346210454078,0.010215343223156629,-0.001971104546722538,-0.0041001430030131935,-0.016118374148765848,0.007731102139181424
0.22244235537475646,0.016519565854785274,0.0060866572846373585,0.0004925338431914681,-0.008936079354742367,0.0063421483124266416
0.22252124864497214,0.02381509554648357,0.011268526891136225,0.0062474980412478235,-0.006525474848080464,0.009008745465790008
0.22260014191518784,0.02953060328860822,0.010832994089940642,0.008805041163697801,-0.00967969551023985,0.013019457412553472
0.22267903518540355,0.030927735645924808,0.010041979295138998,0.009423523038708288,-0.013385582559964299,0.015957487235309185
0.22275792845561923,0.027636468513040833,0.009123664480487157,0.009050337254987755,-0.015910546841112202,0.01736868508934142
0.2228368217258349,0.022837221108428216,0.003405293598035571,0.005087981497743971,-0.021463041491262578,0.018137158361625823
0.22291571499605062,0.019671365122048014,-0.005062914051696733,-0.0029819130726201717,-0.023456185085963994,0.013471250585032825
0.22299460826626633,0.01931332361689536,0.0009962202284628094,0.0010525141030898258,-0.023077922158965883,0.01621762726637705
0.223073501536482,0.022199853201341227,0.004403077077741471,0.002662850251934496,-0.022967425847501787,0.017340816233264816
0.22315239480669768,0.028440740436261006,0.013446647272889451,0.009343937688499658,-0.01924532936061742,0.019817274278036326
0.2232312880769134,0.03610091592401465,0.017339334635328642,0.013196665956778746,-0.014201259808492133,0.01930780115116791
0.2233101813471291,0.040229593526420075,0.008596149074599671,0.008123501121116067,-0.013377423215260835,0.014985605770564583
0.22338907461734478,0.036726775520533904,0.000216000227197527,0.0022063539847857975,-0.010447863076453168,0.008627385955517193
0.22346796788756046,0.026640105047116603,-0.009961044030038085,-0.005949808964736545,-0.010160943916322758,0.002371244721487285
0.22354686115777617,0.015063330500175826,-0.018407708765313478,-0.015141754961989629,-0.009007417546397781,-0.005235885522067118
0.22362575442799187,0.007378316076518536,-0.0161168979212969,-0.013664712659676514,-0.015366450478945816,0.00011527382471234101
0.22370464769820755,0.00548992620668713,-0.01764121945453853,-0.015367654074752548,-0.016351501307860644,-0.0004926203223222302
0.22378354096842323,0.007392041517099325,-0.01768551489016329,-0.014802866014611601,-0.011572284032751061,-0.0032686935161992206
0.22386243423863894,0.010955696484678118,-0.012006203813183635,-0.010148596875783636,-0.00395544316692475,-0.0049007856059146105
0.22394132750885465,0.01603027548505188,-0.006314272293128941,-0.006559308810272068,0.00025531377880010043,-0.005047660062130061
0.22402022077907033,0.02276531818356373,0.0012481292145304908,0.0002767436380590529,-0.007512532561991542,0.005229689523752192
0.224099114049286,0.028908739972120925,0.0033748769377868666,0.003937925395003918,-0.01738165085778483,0.014552174847847595
0.22417800731950172,0.02981734901128606,0.002143050315992623,0.005337507575492063,-0.01871521974153216,0.01648459275040036
0.22425690058971742,0.02319187612432775,-0.009035113075501406,-0.005589706951031034,-0.017027527381417006,0.007231627297504294
0.2243357938599331,0.012693019538882355,-0.006558167814936699,-0.007072132663050913,-0.005755035617929943,-0.0014097615640922734
0.22441468713014878,0.005348572771350046,-0.011849082269939014,-0.014953355390300353,0.0006067338714880871,-0.011524125695405113
0.2244935804003645,0.0049455633613272095,-0.01008746678757229,-0.014093317665851788,-0.0003711385287221054,-0.01023077652886107
0.2245724736705802,0.00875546522532024,-0.011891593633748207,-0.011897530952237436,-0.003928446489773739,-0.0062193672715547986
0.22465136694079588,0.012394036756538948,-0.01494351878550824,-0.013019550970642405,-0.009021669773161366,-0.003647997186540465
0.22473026021101156,0.015356497714647673,-0.01247732395914966,-0.01123239838327683,-0.0068072348724365715,-0.0037997400328026835
0.22480915348122726,0.019840651891869693,-0.0029022129462010324,-0.003716774858319797,-0.004665924427317686,0.0003567833591651044
0.22488804675144297,0.026243304557455695,0.0017859118414619076,-0.001424010437755261,-0.0008548153465011232,-0.0004871207177033633
0.22496694002165865,0.029569893028178352,0.003494982854069356,0.00047695288968481773,0.005270082098997981,-0.0031696708238710953
0.22504583329187436,0.024715543208959332,-0.006647081550991072,-0.005741694922355219,0.00271156713346342,-0.006082268287087162
0.22512472656209004,0.014544358415480614,-0.015863333760178233,-0.011963705958416187,-0.01098517838150934,-0.0015496976365417837
0.22520361983230572,0.0064571541560291155,-0.01941794145910213,-0.01566934067540909,-0.02394212563389441,0.004360342448109907
0.22528251310252143,0.004761207756634439,-0.014484456824181029,-0.011764831621397038,-0.023468934378866456,0.006948292841050923
0.22536140637273713,0.006954894313568991,-0.011061157698421547,-0.009881195982023172,-0.016957491047302993,0.003993434681726733
0.2254402996429528,0.006856200011856821,-0.011704986859041333,-0.010632428009306295,-0.015723716592233383,0.0026095110396585383
0.2255191929131685,0.003059633354030551,-0.009793839628933437,-0.0096995423345083,-0.0171649097543131,0.004267269123188474
0.2255980861833842,0.00014567306195743717,-0.015267676537359226,-0.014269300610297471,-0.015911447269909576,3.0073347177055752e-05
0.2256769794535999,0.0021567448031975796,-0.01667634905465971,-0.01491430110898516,-0.014975908675470334,-0.0010753875661348227
0.2257558727238156,0.007634464643930425,-0.016522040532848038,-0.013710406911206351,-0.015164985583129863,-5.3454959125597615e-05
0.22583476599403127,0.012318932352876387,-0.014090965608756518,-0.011155007555367554,-0.015630984752445665,0.002158833460159057
0.22591365926424697,0.01613001815318923,-0.00986771900473643,-0.008245540330224357,-0.019180381748146125,0.00669675649048657
0.22599255253446268,0.022474965628782477,-0.004058950826887936,-0.0027661038154527247,-0.02148290887350691,0.012311543887345799
0.22607144580467836,0.03256580906042629,0.0031218919504158245,0.004702580533014529,-0.024870455996752718,0.02013019243071954
0.22615033907489404,0.04046643821234459,0.007772472361827259,0.008393560002349913,-0.02430448631772309,0.022494962128800942
0.22622923234510975,0.036163250679483,0.0036723756064570147,0.005516912073678418,-0.014853470580800655,0.014035039488954367
0.22630812561532546,0.02050025632073987,-0.007205453704333111,-0.005098001532415511,-0.012993889051621549,0.004899310815744299
0.22638701888554114,0.005481736693614312,-0.019195275953506268,-0.017227155402701845,-0.009465980697536996,-0.006480361730335186
0.22646591215575682,0.0002718472804651586,-0.025545837147702227,-0.02390859473694546,-0.010194739605666185,-0.010963645499438549
0.22654480542597252,0.004893973396259345,-0.021387967817189966,-0.01922591198445448,-0.012288627347981902,-0.006079795240458554
0.22662369869618823,0.011829927204296133,-0.010752061017607988,-0.00871909989982353,-0.011809677594720666,0.0014146315570759847
0.2267025919664039,0.014993408798368404,0.000261854527296167,0.0006154887151379987,-0.008059429824218119,0.00584728876869422
0.2267814852366196,0.015491048649356359,0.00308281138651059,0.002414679007673713,-0.0073993354167550245,0.006743518782966987
0.2268603785068353,0.01660023956032685,0.003572224076469365,0.0016880090106617608,-0.012880717948087048,0.009869101721361791
0.226939271777051,0.018040128293769487,0.0035067668143172353,0.00043384850134729584,-0.01880066489689857,0.012896337222154287
0.22701816504726668,0.015319790851051854,-0.0009911665565581743,-0.0017379483141580028,-0.019385135684248662,0.011672636116396093
0.22709705831748236,0.007711904560224551,-0.01042980473944718,-0.01077892056465501,-0.01688678058609401,0.0032784857473094928
0.22717595158769807,0.0021117538128635257,-0.014755827587119897,-0.016022788716917105,-0.01406226749187878,-0.002510949727055059
0.22725484485791378,0.005509883685443131,-0.01128432847145545,-0.013611515239374799,0.0033705112729415523,-0.012374260115555891
0.22733373812812946,0.018469671266420823,-0.006332115309503073,-0.007125780467925548,0.010972481491124206,-0.012635568014849491
0.22741263139834514,0.03346909794057802,0.005524231557041709,0.005489717787226139,0.015400507270916146,-0.006217694556429957
0.22749152466856085,0.04114986172563902,0.010482129439731362,0.010897824357646746,0.0051449715811576965,0.004662491754655973
0.22757041793877655,0.03954629635109241,0.01297778510988345,0.013267372642522484,-0.0076809765722508985,0.0150004863860626
0.22764931120899223,0.03321977177357664,0.012117088698583758,0.00974321899861647,-0.013524589116758167,0.016288104695775088
0.2277282044792079,0.02732962554311716,0.011163176485796938,0.007513188816471558,-0.01628096338871714,0.016473766573196765
0.22780709774942362,0.02151623315136772,0.008786880642045055,0.0029617333983499245,-0.01280702519655507,0.010766771224335392
0.22788599101963933,0.013042632236317128,0.004580297534089482,-0.0023411071843586094,-0.01541407590015036,0.008567921155472166
0.227964884289855,0.004893093088921889,-0.0017838450930400204,-0.008518322024939901,-0.0167919141674316,0.00489623123462871
0.2280437775600707,0.0028268327545824946,-0.01644484680397233,-0.01682671624560358,-0.01785451614553007,-0.0005727782968905537
0.2281226708302864,0.008099691809089787,-0.017662983229646958,-0.015110426799294798,-0.015016296364398376,-0.0011942628237686741
0.2282015641005021,0.01550148811445016,-0.009518605392112803,-0.007068475964796178,-0.00829799431325022,0.0002935412354166142
0.22828045737071778,0.018209723327301884,-0.007913111277173914,-0.005003162656090704,-0.005871834798241368,0.00020674691830862546
0.22835935064093346,0.014916868814881887,-0.014774617327843818,-0.012045794800683294,-0.011330610856397118,-0.001379739039606062
0.22843824391114917,0.009897374543670345,-0.0157631198173912,-0.013633100359686729,-0.008366182062833608,-0.004542628180183728
0.22851713718136488,0.007374412301502839,-0.010330581687717161,-0.00879653594731797,-0.005787727210617682,-0.0026701381909361873
0.22859603045158056,0.006606193422623103,-0.01800437954607656,-0.015723504891298038,-0.009222576974215798,-0.005524701017522331
0.22867492372179624,0.004378726943586906,-0.01942324042547636,-0.017752141886849843,-0.0060688623563080754,-0.009142256986918167
0.22875381699201194,0.0017953812943551112,-0.02074542757629224,-0.018077282280385524,-0.009992130743106306,-0.006760908119394427
0.22883271026222765,0.0033306807925255017,-0.015435630301350495,-0.013523307109897654,-0.018050905573841883,0.0020159241693181577
0.22891160353244333,0.01104697047452316,-0.005621907304442138,-0.00437962989716627,-0.018910834959120413,0.009391189661298269
0.228990496802659,0.020898712236961235,-0.0027327509173392843,0.0025585583583881506,-0.014808152696321828,0.011805430898031743
0.22906939007287472,0.025090006923416387,0.000933803981898683,0.004338007634646119,-0.01047884743503485,0.010232905335543998
0.22914828334309043,0.0209980230119606,0.0012420810268364483,0.0012564812786268254,-0.008342174448580094,0.006512949286604404
0.2292271766133061,0.01338913244422515,-0.005112704080544095,-0.0056957817332704535,-0.007494370948569825,0.0007768145497684306
0.22930606988352178,0.007935920517835239,-0.013596803363295768,-0.01220835273394471,-0.009500062665098154,-0.0027247958250828
0.2293849631537375,0.006454630690455129,-0.013602661761769202,-0.013954938506739052,-0.014391401516418056,-0.0007527079510721933
0.2294638564239532,0.006318272089137559,-0.0044683851027751045,-0.009610600274795381,-0.010041834647204602,-0.000430615464066363
0.22954274969416888,0.004674403651287419,-0.0037725282139289312,-0.010015848098753095,-0.0047822179854933615,-0.0042492130235854365
0.22962164296438456,0.0021603513955649875,-0.003547591661238494,-0.008930160037173963,-0.001298560147866063,-0.0057714126561375905
0.22970053623460027,0.0010010051700122828,-0.00957473344053032,-0.011256214614065575,-0.0022825416533683116,-0.006843044226239824
0.22977942950481597,0.0014888077153036084,-0.009015573722161288,-0.010119872044231844,-0.0048649227017718,-0.0042712614426066095
0.22985832277503165,0.0019495538980184746,-0.0024890127089069597,-0.0058679921686541,-0.003465260486504627,-0.002045646367191908
0.22993721604524733,0.001839769969603391,-0.013178016416380889,-0.013232128898342991,-0.006952828677035804,-0.0051895176140787265
0.23001610931546304,0.00290141269163561,-0.01063704641326063,-0.011047211815823072,-0.005746473940906886,-0.004371359180899696
0.23009500258567875,0.006987034540459599,-0.0051588123639438955,-0.008463060741325037,0.0008279284456958929,-0.006846061317610011
0.23017389585589443,0.013368122995032447,0.006294864239619677,-0.0012249814664260438,0.010305283939169315,-0.007802406717009787
0.2302527891261101,0.018497550071277888,0.011592440926138012,0.002199931333363814,0.010819051897555469,-0.005599594903761569
0.23033168239632582,0.019350349397483434,0.018085901408584446,0.007427690864042614,0.008606938808123403,-0.00023304072697276384
0.23041057566654152,0.01615574242220378,0.013012950778071871,0.005556984279202362,-0.003010028690129214,0.006144520364342246
0.2304894689367572,0.011509702717756282,0.007003000451687891,0.0016512892438511509,-0.014059239966325797,0.01063002475497652
0.23056836220697288,0.00797151672782379,0.0002191626492611244,-0.004229738851499718,-0.02053986867809679,0.010592395858499451
0.2306472554771886,0.0066828842364663596,-0.0006660890154252875,-0.006486928319585741,-0.020200420289268228,0.008686894474846224
0.2307261487474043,0.007830344236433922,-0.00030952247002425455,-0.004948416547731823,-0.024954375671877447,0.013011459740905318
0.23080504201761998,0.011567628478766879,-0.0002224550268916254,-0.004523761523664631,-0.021968334797066013,0.011329406331519224
0.23088393528783566,0.01732199491403052,-0.005455057312525205,-0.006804691923134219,-0.017087868549590497,0.006368520143285981
0.23096282855805136,0.022270747376755575,-0.007600776446900862,-0.006079749291647934,-0.003665209212986524,-0.0020693872544397997
0.23104172182826707,0.02324675020698894,-0.005317221950319064,-0.003882214792108113,0.0020687856342297547,-0.004269898953939578
0.23112061509848275,0.020339675236927174,-0.007788463205775585,-0.0063800558851825956,-0.0019954464709036035,-0.0034092772117000863
0.23119950836869843,0.015479915966697327,-0.012955240738164814,-0.010305176253037753,-0.0026918489614475103,-0.005862165417978212
0.23127840163891414,0.010233542943700637,-0.017168141605880267,-0.014816519139829332,-0.011860949128095894,-0.0030858100972494095
0.23135729490912985,0.006032043340558338,-0.01871410327272095,-0.01752480612974282,-0.009921652594375078,-0.006397075421353212
0.23143618817934553,0.0037433211468131805,-0.019064806656159877,-0.01727690923067318,-0.0116246390095721,-0.005073935025707514
0.2315150814495612,0.00328933799072546,-0.012867207797157606,-0.012302428744614952,-0.011287518704472237,-0.0015994198533349515
0.2315939747197769,0.004696173300454671,-0.01637782229410142,-0.015081905598952207,-0.017164140097199215,0.0002634494107395114
0.23167286798999262,0.008540577387202566,-0.018228934136592812,-0.01591328995061565,-0.021399774841264756,0.002478103062466429
0.2317517612602083,0.014931733751502528,-0.009826152214971141,-0.00923922526201182,-0.01800448293964221,0.005171190228012918
0.23183065453042398,0.02325803378871321,0.003571429618464765,0.0034367781219640818,-0.012352580330136705,0.010816007966520318
0.2319095478006397,0.032392426043093676,0.007180679008828,0.006758959856906768,-0.009229281143177849,0.011197108414035966
0.2319884410708554,0.0390444981590574,0.01022014263116953,0.009403560221107285,-0.00321071443787086,0.009138674936556405
0.23206733434107107,0.03977932350729122,0.009047145425316159,0.009082594631565,-0.006409765256110688,0.011039193235029271
0.23214622761128675,0.03553425599197725,-0.0026171741954748823,0.000993785369399132,-0.007434381059850501,0.005710540899735547
0.23222512088150246,0.030252012676392062,-0.007727672266813614,-0.0026110515441460664,-0.01359179742632981,0.007148376811379957
0.23230401415171817,0.027063646863711453,-0.004567965419443432,-0.0013129391150857046,-0.011315866146245036,0.006591355075091782
0.23238290742193385,0.026231935011770503,0.002225134944624877,0.004166052626066287,0.001809633567395028,0.0018873548759929632
0.23246180069214953,0.025644875155254595,-0.001109525887726077,0.0010262804097068976,0.0035817575253398897,-0.001632189891663106
0.23254069396236524,0.02303015039908778,-0.0001902048571250562,0.0007759277216227491,0.011581219302371265,-0.007168094015481031
0.23261958723258094,0.017969682182361894,-0.005157143578893145,-0.005172623520194253,0.010515288829882247,-0.010877769289291867
0.23269848050279662,0.012808443849259879,-0.0014052917306100559,-0.003959522205264348,0.007261596169202989,-0.007799963115329983
0.2327773737730123,0.010074653999836727,-0.003814295953143472,-0.006980395434827781,-0.003638199564290426,-0.002757126136621501
0.232856267043228,0.009651708427470264,-0.013260088204094201,-0.013271559477472617,-0.006645320621567198,-0.005424466350492694
0.23293516031344372,0.010559254813737453,-0.01668762138836012,-0.016122658074838436,-0.011953674844142887,-0.003995323494049834
0.2330140535836594,0.013379854481894984,-0.007533648477250886,-0.010177213419737988,-0.009986487591810823,-0.0008889919647219908
0.23309294685387508,0.0193111735758296,0.0018389058776519156,-0.004052857199971633,-0.006870135520061757,0.0015809512677530842
0.23317184012409078,0.027275425886257202,0.009887841589757685,0.0023100810680408814,-0.0038238959042377505,0.004274707613756158
0.2332507333943065,0.03298345083469694,0.010992201730100268,0.00603813662682874,-0.004121240708867735,0.007245337813408166
0.23332962666452217,0.03274569489351428,0.005110555903556099,0.00387255063456291,-0.008233206648609402,0.008385063513343172
0.23340851993473785,0.026754514842339157,0.002166734272941261,0.0022191616430832827,-0.008222436061730284,0.0071486088391344085
0.23348741320495356,0.018389275673936254,-0.00020844088907865779,-0.0021423325028405026,-0.015763807535475155,0.00894963849557456
0.23356630647516927,0.011531593066933504,0.0012921990153700645,-0.003184697778973232,-0.01818772443737347,0.009795967364942322
0.23364519974538495,0.007893355822272278,-0.004537403789553349,-0.008108417938705913,-0.025918193031512726,0.011306485821171296
0.23372409301560063,0.006698688609938347,-0.0016106534175798475,-0.003949333704662171,-0.01944444292789168,0.01006809305723835
0.23380298628581633,0.007129272847526333,-0.010857383282056193,-0.01152153908640548,-0.008991083461662747,-0.0025543896272411867
0.23388187955603204,0.009728413637645119,-0.005910871395850604,-0.008744685295485506,-0.00265128389201404,-0.004728943549797906
0.23396077282624772,0.014353482747008177,-0.0008832754955687733,-0.004973353161758905,-0.0033440545137881847,-0.0014615004244943348
0.2340396660964634,0.018221173714079185,-0.0018929833271957618,-0.004739888187197056,-0.003703104786913367,-0.0010478041939411826
0.2341185593666791,0.018283988314698393,-0.0028600709560005944,-0.0034435064705883945,-0.003834849115777439,4.195367225723296e-06
0.23419745263689482,0.014459218371434792,-0.009965150920538644,-0.009736865538302325,-0.007500531940836179,-0.0022239873446680382
0.2342763459071105,0.009153908614489205,-0.001082079179941999,-0.003501161417631769,-0.005335307109331034,0.0009647417534574865
0.23435523917732617,0.0048726959779364885,-0.004121814354164812,-0.006324486048772029,-0.001733981965489794,-0.0035428033966749283
0.23443413244754188,0.0025348577568850466,-0.015029420845001142,-0.014415829470963563,-0.014816942410583445,-0.0008109256904192534
0.2345130257177576,0.0023279412045578997,-0.019901482272794084,-0.017571074013753483,-0.013921568254688503,-0.0037567832870043887
0.23459191898797327,0.005898275304221098,-0.01780841104987056,-0.016444436892666246,-0.01998185795912154,0.001134500064077239
0.23467081225818895,0.01569058155750928,-0.007896931417449132,-0.005865837176560981,-0.016080570975798646,0.00639289163338447
0.23474970552840466,0.031287701755874274,5.6455402981835334e-05,0.002459838231941101,-0.014017467078793117,0.011203202208807475
0.23482859879862036,0.04720918676889022,0.014379995756354038,0.0165241785265729,-0.0007035588938682658,0.01275695402658071
0.23490749206883604,0.05637966115005915,0.023196973629436977,0.02615561102209171,0.01431787911297855,0.009879241757948739
0.23498638533905172,0.055770438618826405,0.009705173685629441,0.01481130569068492,0.0017577239145668757,0.009837595219897152
0.23506527860926743,0.04753318298959713,0.011043199928240594,0.014605381047902957,0.003448902742542746,0.008553696826811293
0.23514417187948314,0.03657444931531424,-0.003099999697224958,0.0022391134419692004,-0.010055822368291903,0.0083895528746153
0.23522306514969882,0.027005082527471837,-0.0038620419268408385,-0.00038264958296341245,-0.004572884582270646,0.0027735395004824686
0.2353019584199145,0.019423957339242376,-0.006183182609659934,-0.004791876557232098,-0.0031985611523636186,-0.0014238616596877938
0.2353808516901302,0.013539438512946984,-0.0033017535126592806,-0.00536799319974435,-0.0017127900119562958,-0.0028457902270297513
0.2354597449603459,0.011096170485414756,0.004581234574920428,0.00012403575971080237,0.0039984979380606024,-0.0025817047142790536
0.2355386382305616,0.013725992703168662,-0.00456796280816571,-0.005936555094885679,0.0036739672261419084,-0.0068707151245519
0.23561753150077727,0.02041977167728871,-0.0038605124306994565,-0.0014509885982534095,0.00015389484946327282,-0.0011817326419128222
0.23569642477099298,0.027584756818699756,-0.008037406629890735,-0.0023009106302024494,-0.006373381894772014,0.0025513680470219827
0.2357753180412087,0.03157801569958386,-0.007537659944968574,-0.002280043871158868,-0.012781979779625316,0.006852857309040189
0.23585421131142437,0.03213421132217963,-0.009077167054442137,-0.005492024312748572,-0.011410742024902401,0.0035474968279963983
0.23593310458164005,0.03209909428030897,-0.006671560766879414,-0.004589031384773023,-0.011133057747536467,0.004033215678460928
0.23601199785185575,0.03354639063061368,-0.001485618536531429,-0.0015962579787773506,-0.012022749065613667,0.006853474308907741
0.23609089112207146,0.03400646676088335,-0.0012322114311480385,-0.001642366721262897,-0.010028349115530816,0.005485336674618825
0.23616978439228714,0.029231577349654286,-0.004438459289591052,-0.004306340046369043,-0.011278852335473852,0.004340919760596917
0.23624867766250282,0.020093859222378784,-0.007248871150253025,-0.006641990557682645,-0.009480832110941157,0.0014017081108851385
0.23632757093271853,0.011227301523278416,-0.014182859467198255,-0.013286765789667237,-0.014148773002854902,-0.0004179963614780202
0.23640646420293424,0.005438327849724123,-0.016771638056126033,-0.014970007879203393,-0.020483971885575394,0.002567235403092548
0.23648535747314992,0.0027652286532440103,-0.01637402974043,-0.015323429124748393,-0.02229496920125052,0.003515763742789789
0.2365642507433656,0.0021224539115646903,-0.016186817322001525,-0.01744538920996331,-0.02151742460839118,0.001416945332317755
0.2366431440135813,0.0029180048348805996,-0.005330292543767997,-0.009086163506637426,-0.013171548777353536,0.0020524853027868283
0.236722037283797,0.0051840128522177,-0.008534207652824446,-0.011528106813647642,-0.008439282192786229,-0.002928276399997899
0.2368009305540127,0.008131106009839554,-0.006145950610032873,-0.009241507711636182,0.0003281362709883059,-0.007090663539268892
0.23687982382422837,0.009550714763275254,-0.013530834717882587,-0.013640751863045288,-0.0029669250390963013,-0.0081586140117818
0.23695871709444408,0.007612371751864043,-0.017430650681613084,-0.014626987706546047,-0.010929670191681942,-0.0035676083923921963
0.23703761036465978,0.003536989316546998,-0.01644870544873255,-0.014635625850336629,-0.017605381799391695,0.0008905411282017426
0.23711650363487546,0.0005816892045989061,-0.018036738828094465,-0.015332133446452314,-0.01734550397431269,0.00019861349804898166
0.23719539690509114,0.0003010619619076758,-0.019560582724888403,-0.016525580309139143,-0.012631806591768959,-0.003841556058744738
0.23727429017530685,0.0014121362422337088,-0.02087517032308588,-0.018387670036054227,-0.010695457841309562,-0.006521513983358873
0.23735318344552256,0.002265488679057354,-0.023395234449008925,-0.020646941492808636,-0.009979824790457953,-0.008680692398998827
0.23743207671573824,0.0032815211782329565,-0.02237974678955597,-0.01915284355874498,-0.014906770845765291,-0.0042746975509972765
0.23751096998595392,0.006371360064252954,-0.020896956629354063,-0.01892192229515485,-0.018829841494247882,-0.0014792641192788944
0.23758986325616963,0.012207043181594697,-0.015055667804231775,-0.013778056255971515,-0.018097755474266213,0.0018577703862691938
0.23766875652638533,0.018300877678324248,-0.008498475358297767,-0.007104346877462813,-0.012681002034358431,0.0031981467557236454
0.237747649796601,0.02042587432832811,-0.005881562775277279,-0.004960160085835121,-0.005387449512792753,-8.520681575136871e-05
0.2378265430668167,0.01691306097471205,-0.009020113843597183,-0.006831534597884823,-0.004884481703586649,-0.0018130244483854129
0.2379054363370324,0.01042748291157254,-0.01517066349709309,-0.013477551917614516,-0.0028628246474365743,-0.008106857915384623
0.2379843296072481,0.0048363559268119445,-0.013060582925294993,-0.012821238788458405,-0.0020719607194628767,-0.008147613113825126
0.2380632228774638,0.0018332305320656254,-0.018230025882370014,-0.017511772000952223,-0.00624363892092152,-0.00884661892799785
0.23814211614767947,0.0006989194241417066,-0.016260916280754954,-0.015036234914906809,-0.010720393328868856,-0.0040119439572501294
0.23822100941789517,0.0005612264040817033,-0.01850819154719648,-0.016532955432738795,-0.012634208422804306,-0.0038454359178435996
0.23829990268811088,0.0018824160498205783,-0.015004901008940781,-0.013793796970292678,-0.010839146380807772,-0.0030084472761893024
0.23837879595832656,0.005444689362376143,-0.010428098679686613,-0.01026214869918797,-0.00977550135762801,-0.0010932520694248969
0.23845768922854224,0.010618326882645747,-0.004997787626038277,-0.006699132821230796,-0.009683042601114947,0.0014944505918410343
0.23853658249875795,0.014739867299815653,-0.00489800574613041,-0.004767508977691068,-0.00950900728825723,0.0028143605256966573
0.23861547576897366,0.015123451554001766,-0.013588353346515909,-0.009549986813909981,-0.0038948482753714945,-0.00449618159965972
0.23869436903918934,0.01209610130680185,-0.0196922490604919,-0.015164477803779369,-0.008270136921166488,-0.005745788302083685
0.23877326230940502,0.008451591550906148,-0.02283888636004449,-0.01932770703222054,-0.008834693324520932,-0.008464950964024286
0.23885215557962072,0.006559268059030402,-0.02125349866751998,-0.020006793723469217,-0.014153842478666847,-0.005413512232080549
0.23893104884983643,0.006728470028066809,-0.013758405365069035,-0.015700234490853587,-0.016060411728391778,-0.0009346998528296582
0.2390099421200521,0.007555095636727743,-0.009790828480355653,-0.012020219211859733,-0.016211294992824244,0.0019034726415855263
0.2390888353902678,0.007487094049288916,-0.006384180808336657,-0.008317109732072867,-0.013254703430681185,0.002680006209111937
0.2391677286604835,0.006118603865238345,-0.006926142782878588,-0.0072021179920344685,-0.013132165128342078,0.0034271885201379803
0.2392466219306992,0.004114471039680383,-0.01657129931970626,-0.01397957156431676,-0.018316096554111958,0.0018539172127682712
0.23932551520091488,0.002512685777056061,-0.013992897087514772,-0.013445861275182425,-0.018910029633575787,0.002648182874143954
0.23940440847113056,0.002303710517485326,-0.0088929912103345,-0.01055076855387321,-0.020552470484028907,0.00590019610845384
0.23948330174134627,0.003870550695658341,-0.005530971008070137,-0.00812561168394009,-0.01998260702525904,0.0073225889133248685
0.23956219501156198,0.006406862472617786,-0.012478522597130805,-0.014124745181980116,-0.012653694825163472,-0.0020411348656597197
0.23964108828177766,0.008267904787935623,-0.015832613441263046,-0.014037929301650069,-0.008598034214580122,-0.004688670517792544
0.23971998155199334,0.008178914247092729,-0.014124362942971553,-0.010151952526307777,-0.010750834473337086,-0.0003590427896707037
0.23979887482220905,0.006343787632619244,-0.018051637659940983,-0.014963014813446989,-0.014007315081454426,-0.0017593957367487644
0.23987776809242475,0.004227263512542941,-0.017663181382136798,-0.014182244529124869,-0.021530518394977424,0.0038533197674554664
0.23995666136264043,0.003191465153175934,-0.018489799809580192,-0.01454277199795326,-0.016035287469146307,-9.051733565861195e-05
0.2400355546328561,0.0034288285970570024,-0.0186213457048422,-0.014648962282730953,-0.017466661751141224,0.0007878382954221267
0.24011444790307182,0.004074504820986041,-0.009455665511088108,-0.010006247994385011,-0.010246877093777449,-0.0005877153813008807
0.24019334117328753,0.004212986299098915,-0.008232995716706184,-0.01189044624267207,-0.008930196531516511,-0.0028694551712902315
0.2402722344435032,0.0034821184717648093,-0.008312280796018524,-0.011343314064520375,-0.0048495972275506465,-0.0051912829850531885
0.2403511277137189,0.002212386640581702,-0.012372083172408163,-0.013213029223045888,-0.010542094690092632,-0.00277515267516955
0.2404300209839346,0.0011525555391733026,-0.019537162298689098,-0.015672311269046706,-0.01479194268925643,-0.0017622638426906224
0.2405089142541503,0.000575649361130277,-0.020466885177071688,-0.016954830625858383,-0.013534903642433677,-0.0035569377476928213
0.24058780752436598,0.0002607607339453452,-0.022184484470620804,-0.017409658692617853,-0.018174760455098325,-0.000792272471596988
0.24066670079458166,0.00013159378008079548,-0.021856424357031,-0.01756750734110235,-0.011978950891342748,-0.005053176466079941
0.24074559406479737,0.0002991570049052588,-0.027490524865659973,-0.023214702182151596,-0.008829983000024272,-0.011359754706683605
0.24082448733501308,0.0009862302322346873,-0.025258372918160122,-0.021836104098978522,-0.005317451342157951,-0.012682361666400391
0.24090338060522876,0.0022290189545232505,-0.01791605620734823,-0.0167252290870816,-0.005596208165096155,-0.008694499983136605
0.24098227387544444,0.0036782597746532774,-0.011239863159616325,-0.01248476669309249,-0.00685719346561773,-0.00469766883842724
0.24106116714566014,0.004636406811953768,-0.007034731535768909,-0.00792973060411031,-0.010128913326983482,0.0008775637809333298
0.24114006041587585,0.004340946302020883,-0.014087960473464858,-0.011438358645237776,-0.017018457307819132,0.002876109880027129
0.24121895368609153,0.0030003031297443973,-0.022601752312086654,-0.01796522278532276,-0.020859374952275224,0.000590008632299239
0.2412978469563072,0.001848320218219423,-0.02070274041314025,-0.017328757032103254,-0.02016451991801571,0.0005987689284159452
0.24137674022652292,0.0018141598895332156,-0.02133356106735145,-0.018276197362449852,-0.016684491355477768,-0.002433644770090056
0.24145563349673863,0.0024441264223385704,-0.021308518610140985,-0.018800320547567213,-0.00859012825380554,-0.008236167597800216
0.2415345267669543,0.00236540514965631,-0.022426402523829523,-0.017988737019442442,-0.008652630707654426,-0.007590687894441891
0.24161342003716998,0.0011795821316051792,-0.02283530851195632,-0.019629619464649337,-0.006895451025643428,-0.00998609353265092
0.2416923133073857,0.00019876646179731243,-0.020947693383772285,-0.018640744952208202,-0.011598771608561717,-0.006105763321046913
0.2417712065776014,0.0014425526878512106,-0.016671837207918414,-0.01702287280038675,-0.01146181870396711,-0.00499384514011988
0.24185009984781708,0.0057193496414285425,-0.014030833705138688,-0.014777436640912568,-0.015647753939885767,-0.0005242557185166911
0.24192899311803276,0.01093852215633761,-0.00439071740627785,-0.0046640663145842845,-0.013844263242170883,0.005790729114220128
0.24200788638824847,0.014041931080062872,-0.004220802401964635,-0.004137758724374187,-0.01882607998891852,0.009514339287703557
0.24208677965846417,0.014463087352991713,-0.00493427960274696,-0.003559715303387367,-0.021942904012056924,0.012029210454887931
0.24216567292867985,0.013929769039522758,-0.016451174829823223,-0.012018928120756594,-0.02436248063637659,0.007357109902532908
0.24224456619889553,0.01426415787052125,-0.010804948676364997,-0.006098185068216701,-0.019905804705178443,0.008778882671580246
0.24232345946911124,0.015844040634775264,-0.015969262420265588,-0.01140833332712383,-0.01834542285207337,0.0037860247866340984
0.24240235273932695,0.017470579619828355,-0.006577127426867822,-0.005037656436420576,-0.018524725250460554,0.008643618953894249
0.24248124600954263,0.017687612273081573,0.005438164235872755,0.0020506551428663275,-0.008427992031032014,0.007160795535641947
0.2425601392797583,0.01626571078302743,-0.00011483208495090575,-0.0025158084591672585,-0.00789751738594681,0.0034108664485138097
0.24263903254997402,0.014294867020384586,-0.006567130648594467,-0.006600755886641805,-0.006495069283310943,-0.00056437311263828
0.24271792582018972,0.012744322821899056,-0.015901841966595703,-0.014035476300950641,-0.009840751390598413,-0.003855840651908395
0.2427968190904054,0.011833718142562096,-0.014742760886082255,-0.01211696425337759,-0.012370692152915431,-0.0007371013039844702
0.24287571236062108,0.011871031382118936,-0.009196693051503493,-0.008224887327676518,-0.015015967237571854,0.003926577020423784
0.2429546056308368,0.013331153781908009,0.00019786603922629085,-0.0008252062762010743,-0.014800320905573656,0.009284483868747265
0.2430334989010525,0.01572543625042664,0.009182499290262715,0.0063007280526787175,-0.013567669786121474,0.013757786933840234
0.24311239217126818,0.017232156901840354,0.0026640894614471324,0.000528038559635273,-0.008933814243875147,0.00636703089206705
0.24319128544148386,0.016365155863000146,-0.005738869949088655,-0.005514192817276931,-0.008880564340049189,0.0018388696951153396
0.24327017871169956,0.013425807608149829,-0.015752587946574546,-0.012639450068505583,-0.011284428016805164,-0.0018521373339235167
0.24334907198191527,0.009797765672673217,-0.01716335273586056,-0.013794934052735668,-0.016547987987844674,0.0008086520665886882
0.24342796525213095,0.006835233784466205,-0.008936092676293046,-0.009880426913464772,-0.021301169677986665,0.006899612020869086
0.24350685852234663,0.005322892475720231,-0.010331659467388047,-0.01216869905783495,-0.021003096751777483,0.00499826598526273
0.24358575179256234,0.005442608187428704,-0.017350901269599046,-0.014855517072930296,-0.02201853070156385,0.003678930117788282
0.24366464506277805,0.007343660826151098,-0.0164025324740728,-0.014155653326536895,-0.017495461356756423,0.001174048563258554
0.24374353833299373,0.011174306462533227,-0.007293632190022388,-0.007535510948448616,-0.017373327064471693,0.0060160030664014414
0.2438224316032094,0.016067978954056837,0.009432023882338875,0.003687577109417794,-0.017296129311271124,0.014308862652965238
0.2439013248734251,0.01977812448930671,0.01727424159790287,0.010698164487716816,-0.019807048847065745,0.021199555905802872
0.24398021814364082,0.020086730320215695,0.0024202503323375504,0.002996724013924138,-0.02286157212163496,0.017518192180998614
0.2440591114138565,0.016626979615172507,-0.015394017623782398,-0.009494362314517096,-0.024396668987186416,0.009257703283759935
0.24413800468407218,0.011260992833948866,-0.019758141878430488,-0.015174730934760551,-0.024196206495247695,0.004898297108811447
0.2442168979542879,0.00653023115356218,-0.01109786794637585,-0.011330524376709993,-0.01962757744725248,0.004701545871504356
0.2442957912245036,0.0035442096523604174,-0.008552245475384381,-0.01099915651799991,-0.016491438839795272,0.0028502593731197737
0.24437468449471927,0.0016561507090624874,-0.013252262505466425,-0.012365355054581435,-0.013300875637492843,-0.0002997518564283094
0.24445357776493495,0.00028979437407511963,-0.018235832012529967,-0.014131021662546055,-0.013164251314041935,-0.001704364667734848
0.24453247103515066,0.0002547773236249272,-0.022852169811977376,-0.01756047898437602,-0.015200899391263211,-0.002893360190545341
0.24461136430536637,0.002813199199537652,-0.019507011357742226,-0.01588211253266994,-0.015877436794579165,-0.0011923678741665327
0.24469025757558205,0.007859813279896242,-0.015620958119235159,-0.012118339220315522,-0.018450880193856642,0.0033284823444544713
0.24476915084579773,0.013269428616600958,-0.016973191158137352,-0.012322803769630273,-0.019447033424673053,0.003842735049389846
0.24484804411601344,0.01625720700511155,-0.013395084018602661,-0.008106476582922474,-0.02166365382273367,0.008461400234381727
0.24492693738622914,0.015817775471099728,-0.01268669573359915,-0.0071236712763351655,-0.01936063490957531,0.007651615583248872
0.24500583065644482,0.013455694432047605,-0.015118489318290072,-0.009284380370367237,-0.017525823783495632,0.004817434202233661
0.2450847239266605,0.011373036778727733,-0.01934221142715686,-0.012642608568676921,-0.018792658372261264,0.0031671478899710313
0.2451636171968762,0.010798589492391956,-0.021355303699140175,-0.014693714790444666,-0.018365149220997933,0.0013555064048126433
0.24524251046709192,0.012101107879616909,-0.01713318855026672,-0.012170644986287353,-0.020988629279527174,0.004987140474332295
0.2453214037373076,0.015243295083991614,-0.00856484974128039,-0.006652366707883973,-0.016684997435143588,0.006212314849190974
0.24540029700752328,0.019129337243776426,-0.004331509775498457,-0.003958130459804225,-0.010645542573863557,0.004176274223547432
0.24547919027773898,0.021576328973667663,-0.009292564202223614,-0.00762388368916438,-0.0016163644316023013,-0.004587612578277062
0.2455580835479547,0.021300126050456607,-0.010925112838759967,-0.007696160453053614,-0.0024926245390937403,-0.004055395945830788
0.24563697681817037,0.018786603397223857,-0.013845614966248072,-0.00964589807181935,-0.009478892530529694,-0.0008333347666419588
0.24571587008838605,0.015256884837698945,-0.011036167008751046,-0.008642519717181336,-0.015163198723711182,0.0037144788644163044
0.24579476335860176,0.012033157479192707,-0.008246459222870962,-0.007050581823578375,-0.015512050210874342,0.005131639204294576
0.24587365662881747,0.009926218577359354,-0.009287272083100508,-0.008982433775891694,-0.00964244830386084,-0.00023058003921440584
0.24595254989903315,0.008709222882563816,-0.012724965618618737,-0.012654982045720006,-0.00806074813521994,-0.00401944177952782
0.24603144316924883,0.007902923398726263,-0.014795877523702053,-0.0144173662868018,-0.006526190048051676,-0.006356258488981217
0.24611033643946453,0.007783477959080197,-0.019135858780961575,-0.017329911344640927,-0.008098394312794382,-0.007471223303075691
0.24618922970968024,0.008689499559560958,-0.019767485944634604,-0.01668055911440439,-0.0044445179912946395,-0.00943130919104679
0.24626812297989592,0.009751651715007203,-0.019249691343088803,-0.014432808979799691,-0.003797336788172895,-0.008192385964521
0.2463470162501116,0.009819650639240708,-0.020303454400733514,-0.014487124867096426,-0.008918657293360577,-0.004808355648569688
0.2464259095203273,0.009029764629872301,-0.022241979932227224,-0.016322098770936082,-0.013356159972797672,-0.0032057999123676264
0.24650480279054302,0.008515608915033198,-0.019498136235748167,-0.015460643127241162,-0.015337800291112797,-0.001239753826485569
0.2465836960607587,0.009159697500569814,-0.014954247529394863,-0.013432611162580757,-0.013614498439859884,-0.0008837872455787329
0.24666258933097437,0.010608594838836598,-0.01422280611077877,-0.012553827763828388,-0.012538536497172013,-0.0009497615130634283
0.24674148260119008,0.011451228917348448,-0.014552326718854017,-0.01264490127857536,-0.012308338541967336,-0.0011714452062429942
0.2468203758714058,0.010432106775823628,-0.017135451676132608,-0.014392811428462451,-0.012822277557590887,-0.002127779121170025
0.24689926914162147,0.007552879988982388,-0.02378496396628625,-0.01936778163314164,-0.013564140153150599,-0.005332429940854714
0.24697816241183715,0.004260376628089698,-0.022778188112982076,-0.01899806424689178,-0.014729350617893973,-0.004278190615709973
0.24705705568205286,0.002138136526254787,-0.02074083655279578,-0.018613985376789682,-0.015913235296667664,-0.0032007394192822645
0.24713594895226856,0.0014754231389645961,-0.014718122594310283,-0.015385498680680764,-0.017016668720519032,-6.101848363438949e-05
0.24721484222248424,0.0014668504015554308,-0.0075898682533371105,-0.011364062519828466,-0.016871367284807485,0.0028329840096258303
0.24729373549269992,0.0013100612365216863,-0.016584656250667188,-0.01717724125319208,-0.015174723151912461,-0.0026257676877830777
0.24737262876291563,0.000836367426494347,-0.02470467608651917,-0.02195608335027,-0.01161076968908738,-0.008564206738037103
0.24745152203313134,0.0003025237869423844,-0.02818769583451451,-0.024147236682733966,-0.017003671730033292,-0.006588795131107546
0.24753041530334702,1.4149514262835613e-05,-0.02689046394827293,-0.02252387203177814,-0.020192216089879124,-0.003248388888257018
0.2476093085735627,0.00021080835455377026,-0.024259916288761372,-0.02136880628850823,-0.021388519053706805,-0.0015886830215824372
0.2476882018437784,0.0009090776968420387,-0.020688415364224506,-0.01884869228317683,-0.01629810652283159,-0.0031179725249591123
0.2477670951139941,0.0018703465752347242,-0.01596249307431146,-0.017017534926489098,-0.0077758003775808444,-0.007454576742373331
0.2478459883842098,0.0026768799698227374,-0.012241111615350091,-0.014279154596999046,-0.00394355938765956,-0.007980348136394344
0.24792488165442547,0.0029473215793993732,-0.009828304904877029,-0.01164839069930733,-0.009641611772176751,-0.0022136985242665694
0.24800377492464118,0.0028656581258009613,-0.01301777421133976,-0.013491805959174433,-0.02034902296631412,0.0035765643588010357
0.2480826681948569,0.003143576574584205,-0.018917737735737003,-0.016253456925145262,-0.02350623382153202,0.0036341605882299903
0.24816156146507257,0.004124926481927257,-0.01948704061876574,-0.01654077023818822,-0.018869940523654666,0.00031910534589238285
0.24824045473528825,0.005203982307014111,-0.01646396747368347,-0.015478718331630942,-0.01280652460821889,-0.002946020603568789
0.24831934800550395,0.005339594818075853,-0.017175590656350572,-0.015865341608339568,-0.010817845012989926,-0.0045634627872827285
0.24839824127571966,0.004211455302193718,-0.014108887566622652,-0.015195967253005599,-0.015399241526711594,-0.0010017822612499205
0.24847713454593534,0.0026624652482363687,-0.01150736882877293,-0.012834529149951172,-0.01171995889172336,-0.001705962584829297
0.24855602781615102,0.00170610748191043,-0.012460157980888977,-0.013951617513537054,-0.0077169950521724295,-0.005213617942724573
0.24863492108636673,0.0014715738437271273,-0.015576853495058704,-0.016516630157786285,-0.005788349432519406,-0.008410886528868844
0.24871381435658244,0.001492289014013651,-0.019794180140681177,-0.018673142078135165,-0.00837034349614995,-0.00828851756328917
0.24879270762679812,0.001545521618424894,-0.02421030311373619,-0.020175276570453725,-0.013093541278026002,-0.006247861579720544
0.2488716008970138,0.0018447102205554034,-0.027320020485993645,-0.02299476277087683,-0.010255273989113278,-0.010243254581022045
0.2489504941672295,0.002514089090908081,-0.023779789639326174,-0.020932985769007453,-0.004521436220201017,-0.012542728237019058
0.2490293874374452,0.0031060514996522678,-0.024507808661410023,-0.0208357405591079,0.001962997409674265,-0.016805228683634883
0.2491082807076609,0.0029098759145207865,-0.029080437070103462,-0.024715010392867193,0.004337790160200708,-0.021277556380464243
0.24918717397787657,0.001776104527365964,-0.027426667928533512,-0.02367630358238561,0.0007524259011814029,-0.01810860717378311
0.24926606724809228,0.000522223895698563,-0.02431743815848141,-0.022209812734544893,-0.0044073900388783786,-0.013568726669603168
0.24934496051830798,0.00022129176962966477,-0.021450532376748592,-0.020588778139689158,-0.012158899417953912,-0.007180448759916655
0.24942385378852366,0.001147943340008386,-0.019256070808222458,-0.019784822478496618,-0.012540035699153376,-0.006327485595867587
0.24950274705873934,0.0027190041504990335,-0.02028687445309774,-0.019224511798813754,-0.011799187948725856,-0.00640602402835546
0.24958164032895505,0.004077791236816112,-0.021731494317324938,-0.019467633711915112,-0.01203381375509219,-0.006430005026091073
0.24966053359917076,0.004737101661663437,-0.01754858088634204,-0.01633947711997231,-0.010781536310090377,-0.0049404104482916366
0.24973942686938644,0.004992049703322748,-0.02069630124963308,-0.018005952240810103,-0.01312200603101776,-0.0046149728297339146
0.24981832013960212,0.00558271371658843,-0.02026018000087379,-0.016618020246673908,-0.012209406645678914,-0.00419278286835916
0.24989721340981783,0.007292031880147973,-0.013829442436237231,-0.011961923099807951,-0.012472303319334096,-0.0005538386518464801
0.24997610668003353,0.010893878530382648,-0.004513735600954817,-0.005317672221159568,-0.011089857984071047,0.0034625331539948206
0.2500549999502492,0.016594269501542216,0.0026691162778809197,-0.0012941017780279545,-0.009571923079740615,0.0054390242893341345
0.25013389322046486,0.022961933924686213,0.008373454473255016,0.0027591393216390824,-0.006211020916789089,0.006204937425309527
0.25021278649068057,0.027062142151736687,0.005310604705590204,0.0024360887721128766,-0.004077339031844799,0.00453787957517219
0.2502916797608963,0.02676519527367321,-0.003272418920157485,-0.002445886420360072,-0.0035979464531913636,0.0005875211330296835
0.250370573031112,0.02265977974991519,-0.010951120509386314,-0.007278190709485174,-0.00990323369852261,0.0012111246136826718
0.2504494663013277,0.017024991978737573,-0.014480775501992919,-0.01079910460868244,-0.015158423758428073,0.0021074603748576816
0.2505283595715434,0.011915061001159834,-0.015668214558418072,-0.01356452918134737,-0.019302163929862802,0.002822210595673075
0.2506072528417591,0.008280793758926586,-0.01164544754330365,-0.012319055264006304,-0.019248797246273586,0.0037129203027000653
0.25068614611197476,0.006029479203942521,-0.006310504564886852,-0.009892134177866484,-0.016173831764236833,0.003461134343362397
0.2507650393821904,0.004857314211321767,-0.003896318473749586,-0.009545043758529187,-0.018117284446224312,0.005019207562217554
0.2508439326524061,0.004887242753963329,0.00039567232030120935,-0.00668798705051301,-0.022198979178106485,0.009874399118872432
0.25092282592262183,0.006134257992786388,0.0014662586596529343,-0.005138794206218652,-0.018624177521425405,0.008634941641794867
0.25100171919283754,0.007543558939053341,-0.004401758879709616,-0.007713403609618259,-0.018997387048083226,0.0069700737809279874
0.25108061246305324,0.007692547954889601,-0.010006096716339738,-0.009807268669548527,-0.019098872094831288,0.005480787984974935
0.25115950573326895,0.0064289945075657745,-0.015049478124260704,-0.013762322910705766,-0.017589490607537974,0.0015295135605454845
0.25123839900348466,0.004812060384380926,-0.014813985032075358,-0.014836052285609032,-0.009270821682021764,-0.004832381687792384
0.2513172922737003,0.003771384081176364,-0.011038528336524087,-0.013343664650406413,-0.008948596737555055,-0.003937909430950476
0.25139618554391596,0.0033421948179231825,-0.013792362004276125,-0.014677316962930507,-0.0073169646101495815,-0.0060208253871657175
0.25147507881413167,0.002972957330763718,-0.01697323117187054,-0.016272657076684738,-0.011817598531428568,-0.004197893352709748
0.2515539720843474,0.0023286084747807466,-0.018920726563446143,-0.018257551706949843,-0.015116610772487786,-0.0034683067427098463
0.2516328653545631,0.0016546753216955033,-0.01834511650952178,-0.01863163674786788,-0.013281783394707081,-0.004973588250823226
0.2517117586247788,0.0014668833555198184,-0.01980644310317824,-0.020181762432801075,-0.012458309910649685,-0.006677440533739881
0.2517906518949945,0.0019013031603086368,-0.021465861713877873,-0.020671800168711695,-0.011146626872549815,-0.007919050144581675
0.2518695451652102,0.0024856204926074284,-0.02439592026726075,-0.021742617630519774,-0.0078239708352539,-0.01093714191267612
0.25194843843542586,0.002821065100164394,-0.023354760137845845,-0.02044483694821278,-0.006347146668160506,-0.010959068129650806
0.2520273317056415,0.003123462197651271,-0.02041546532375219,-0.018808708285552946,-0.0069146839011168405,-0.009362615416379276
0.2521062249758572,0.003716408198542416,-0.019972127452918945,-0.018529671900336425,-0.0038585849422505384,-0.011198313334666166
0.2521851182460729,0.004466577566940471,-0.01962767391074543,-0.018578289961609564,-0.003260143550034005,-0.01163456844405435
0.25226401151628863,0.00512129048235486,-0.021068050229114444,-0.01989298960940471,-0.009978001428574336,-0.00812102977502641
0.25234290478650434,0.005975418601331437,-0.017814137001297893,-0.01736909318382815,-0.012644063248263051,-0.004460820695332731
0.25242179805672005,0.007846990707194773,-0.0164354826984159,-0.016032456857832555,-0.009842158002959305,-0.005340195141429395
0.25250069132693576,0.011317750234327765,-0.010947160282093115,-0.012376264777065785,-0.004656316780887837,-0.006088664288263963
0.2525795845971514,0.016157741057866805,-0.008794804917900701,-0.009030850321873018,0.0017121683448112946,-0.007859508826505122
0.25265847786736706,0.021623363377699715,-0.005912156352222039,-0.00521813495640527,0.0027585031161276885,-0.005724386541597465
0.25273737113758277,0.027440445684269777,0.0005490981943677449,0.0004700428391472473,-0.0005718914222477815,0.0007319202149631995
0.2528162644077985,0.034044226299526734,0.00683452314334994,0.006563579983902442,-0.002731189395706769,0.006706465581255006
0.2528951576780142,0.041280901768807485,0.01670702382124611,0.015469400362715307,-0.007652228277327541,0.01661842659803462
0.2529740509482299,0.04755809703910003,0.029142657358757325,0.02478373609669622,-0.006388881222911431,0.022699557530174597
0.2530529442184456,0.05064474986441023,0.021094284855972582,0.01857160178949598,-0.009285388801194722,0.02001673968488867
0.2531318374886613,0.049139941204186015,0.0124772787267127,0.01273655703325394,-0.010626317237351895,0.01657526234149829
0.25321073075887696,0.04409967895749759,0.005551289449127431,0.008376207954854407,-0.016413577621024755,0.017203993484305343
0.2532896240290926,0.03880308027416543,-0.0003589439606411616,0.004642602698145493,-0.021804535630677892,0.018034532178440466
0.2533685172993083,0.03580181102445628,0.0009392332395553177,0.004761296739129688,-0.02633101407858409,0.021151022589225073
0.253447410569524,0.03545495928891535,0.0042601950298019435,0.0061317945438723485,-0.027056446745031732,0.02265503682477089
0.25352630383973973,0.03697474784591708,0.007785741121244291,0.007542464568579014,-0.02406303951609474,0.02170086543110567
0.25360519710995544,0.03914028514466792,0.017639758052208347,0.013481254414325254,-0.01812177509623129,0.022141075582608152
0.25368409038017115,0.040563592784577426,0.024659806761034263,0.016937131407240485,-0.013540812381433178,0.02164671401246
0.25376298365038685,0.04017082412093366,0.026722434261478772,0.019307879351401522,-0.012617231330122856,0.022791603637646932
0.2538418769206025,0.03716575802840063,0.013661569008440583,0.01037289414762193,-0.01558771247377249,0.01813590615352603
0.25392077019081816,0.031106480512410568,0.002371289258094315,0.004139329398912592,-0.013665623576827811,0.012216477599633013
0.25399966346103386,0.0229931672825678,-0.009274123679396472,-0.004376311682420631,-0.014260713420092606,0.006283232481887063
0.25407855673124957,0.015542638876145601,-0.012749876947306858,-0.007837373300861119,-0.01456722323664792,0.003914608324124605
0.2541574500014653,0.010954896836139457,-0.010362167490405035,-0.008167310541633823,-0.015264516034284505,0.004135635981352977
0.254236343271681,0.009387624557791987,-0.013880725752535255,-0.01255070582573348,-0.016603726732247092,0.001771388944065154
0.2543152365418967,0.009899938408141832,-0.016560776662624305,-0.014881195232716011,-0.016595875940287844,3.2679596244514783e-05
0.2543941298121124,0.011498494577363294,-0.010675895801503337,-0.011141757517226507,-0.017678135869994543,0.0035379493679613926
0.25447302308232805,0.013135102167360076,-0.00996744405189489,-0.011678118917814955,-0.01712910277856939,0.0027717943047118887
0.2545519163525437,0.013699693408828185,-0.005397698137271785,-0.008347996242655616,-0.01728155974821713,0.005350414217590231
0.2546308096227594,0.01247744196779337,-0.008639392584943176,-0.01037015393654265,-0.019689884628356278,0.005457502615874924
0.2547097028929751,0.009596347979084218,-0.01711722339598935,-0.01559482141721263,-0.017486941048786293,9.780165941907693e-05
0.25478859616319083,0.005975305714846667,-0.023187250139034284,-0.020204399408697744,-0.010426023208988333,-0.008053139064309652
0.25486748943340654,0.002917961359366934,-0.021241826159769297,-0.018056016315837864,-0.006219019931117925,-0.009267878114459525
0.25494638270362224,0.0013051881207575518,-0.019589685567351734,-0.017480858782067035,-0.0021825755917090736,-0.011538810522846206
0.25502527597383795,0.0011496721522888478,-0.019227225476995225,-0.016929568137923127,-0.0022404503334471295,-0.011090124690126999
0.2551041692440536,0.002326772069628401,-0.01817449584358815,-0.01689303851417904,-0.005746627226196112,-0.008718735526009996
0.25518306251426925,0.005268018799124385,-0.01647070450473102,-0.01749731469490777,-0.003867395150416434,-0.010424614710684534
0.25526195578448496,0.010241349013967307,-0.0065685278769166515,-0.01115330741776587,-0.001597584317984829,-0.007224532056126001
0.25534084905470067,0.016184461449689276,0.004377995855273462,-0.0026046358005762243,0.004857145247876911,-0.005184676427963771
0.2554197423249164,0.020883410216128263,0.007232067710208689,0.001294114525703959,0.005052056554845816,-0.0024163012852147204
0.2554986355951321,0.022765159776409957,0.007613589593790754,0.005385335896023122,0.004405646368899162,0.0010579094177609045
0.2555775288653478,0.02229851481349215,0.006128853283170146,0.0053737867891339485,-0.005795753094386396,0.007871178806756562
0.2556564221355635,0.021122652541823782,0.001476880554616772,-1.0413536978647122e-05,-0.012730311315677454,0.008505775192072237
0.25573531540577915,0.020570931387442405,-0.0014435269968662667,-0.0029411142728993675,-0.012324045110998823,0.006055058104995342
0.2558142086759948,0.021287316499824654,-0.0013401371402121107,-0.0010849746372130723,-0.016462893061665963,0.0102033904831605
0.2558931019462105,0.023775986920966333,0.004401692084539872,0.0045405494623894215,-0.02132147335839567,0.017635526358585535
0.2559719952164262,0.028800877046955088,0.0182958503608972,0.014262363978663864,-0.016089547415375324,0.021362673888776117
0.2560508884866419,0.03675952937682609,0.027559500862747346,0.019600608748759282,-0.017550617141473965,0.02630752678020897
0.25612978175685763,0.04609663383572202,0.02937748212186843,0.022295238163505086,-0.009311488624312018,0.022802684248358945
0.25620867502707334,0.052880921223147165,0.017727013015851906,0.017528734813282043,-0.007057983153227583,0.017752243345418074
0.25628756829728905,0.05403724766429285,0.011683320529994965,0.01566602459454435,-0.01199265890950712,0.019666664275384372
0.2563664615675047,0.050249130545701175,0.012131587660203414,0.015775454266406058,-0.02057386011043153,0.02548606430616408
0.25644535483772035,0.04363768271182199,0.018464344617186997,0.017053948337350185,-0.023051114350165117,0.028092889992825495
0.25652424810793606,0.03577087581702269,0.019350274433789807,0.015107666717785925,-0.023258979887018694,0.02678552160407614
0.25660314137815177,0.028228051961816228,0.00843163542269509,0.005703235609268287,-0.02058048175993721,0.018004129834722025
0.2566820346483675,0.02252281397953196,-0.0009167279128252993,-0.000978198385555404,-0.01980897818717179,0.012521029296732445
0.2567609279185832,0.019712389180149784,-0.006671322671516333,-0.0033276843525845597,-0.01858953228487972,0.009958431843923506
0.2568398211887989,0.020019208549579517,-0.0039290652429912485,0.0021625437754694246,-0.01802892437380321,0.013665288127425531
0.2569187144590146,0.022321816220682772,0.0011387387792414969,0.007927177432228526,-0.014586031833598405,0.015647946845920174
0.25699760772923025,0.02442466247029519,-0.000846216964547622,0.0043689556826648195,-0.016140668162918866,0.014042561886325515
0.2570765009994459,0.02447986892487257,0.0004894402337029346,0.0033524045943445283,-0.01713330756841811,0.013950786201297869
0.2571553942696616,0.022140945157113897,-0.00217162350211859,-0.00040163743155814246,-0.018291486274429673,0.011934585572864666
0.2572342875398773,0.01805961756357416,-0.004210494259522928,-0.0024599574426542843,-0.01717728743622249,0.009658937427673982
0.257313180810093,0.013080945128976862,0.0014548030914444063,6.293624534182281e-05,-0.022858239007032436,0.015334978584353695
0.25739207408030873,0.008160978736939018,0.012557888641891007,0.00715345786460028,-0.02737110276088191,0.023624897646674473
0.25747096735052444,0.0042177703603138075,0.018586692688923455,0.009504924480794978,-0.029620519786110893,0.026877487614942255
0.25754986062074015,0.002157269636548313,0.007321989005620746,-4.0732244191435284e-05,-0.02432352592667221,0.016238241005735805
0.2576287538909558,0.002530737479646519,-0.008027233952769773,-0.009688725293731486,-0.01680786239701089,0.0040364921310789515
0.25770764716117145,0.004773874149212178,-0.0111752316874877,-0.012250212382369886,-0.005531453062126113,-0.005409743209480292
0.25778654043138716,0.007340233264316524,-0.006514958717098906,-0.009145751866138706,-0.0026314562634313274,-0.005040423627628771
0.25786543370160286,0.008605477787804554,0.0015392848135490698,-0.0036171460751662256,-0.00439063961588746,0.00024676682517472086
0.25794432697181857,0.007958246999095961,0.0020204902469040512,-0.004305334413392845,-0.011907245833006187,0.004761941197338644
0.2580232202420343,0.006191886165989823,-0.008232995905331768,-0.011819445013373424,-0.013853612126938275,0.0004759278017793352
0.25810211351225,0.004440636263885742,-0.010841203336738003,-0.014212802462952798,-0.01569154944616288,-7.497240058778316e-05
0.2581810067824657,0.0032884983591828986,-0.0026434866777429494,-0.009323984781206763,-0.015465691977226631,0.0034100171360854775
0.25825990005268135,0.002952863772804672,0.0015932410384518587,-0.008493756827428254,-0.01582962690354281,0.004270852110757618
0.258338793322897,0.0036675743992553526,0.008977069667747474,-0.0025773900343986065,-0.016332480172550692,0.009006538668190662
0.2584176865931127,0.005478854790942509,0.007336174506460457,-0.0016621627847880972,-0.00904208639027073,0.004811022730412815
0.2584965798633284,0.007660180847675991,-0.0014969332804839026,-0.008814697369768998,-0.0023565585445709763,-0.004978083908095045
0.2585754731335441,0.009033817466404035,-0.011044447942757054,-0.013972278301716195,-0.004852239747615615,-0.007144547922356627
0.25865436640375983,0.009457679717940804,-0.010405091699023683,-0.011422419090050161,-0.0059694266847503605,-0.004501289840420437
0.25873325967397554,0.01011114725315762,-0.004974741236111874,-0.006064302709894138,-0.010561073295933952,0.00255371007430442
0.25881215294419124,0.011720429601689371,0.006842763007160538,0.0037401774895383932,-0.00800880588264569,0.008136579938689315
0.2588910462144069,0.013792569258778682,0.016811203735096616,0.010480874827403975,-0.005026322595554739,0.011153715881036861
0.25896993948462255,0.015196330829284677,0.007095214091711395,0.0017786149020294186,-0.009251677490920289,0.00750939273549954
0.25904883275483825,0.014653037832221797,-0.0029790518686864005,-0.004857757131424171,-0.013027209891813316,0.005100234806919392
0.25912772602505396,0.011827696363344218,-0.01054379618088072,-0.010404173261318924,-0.015473208639894367,0.0026117158690505474
0.25920661929526967,0.007967976102368306,-0.01817897417932593,-0.016816365914858473,-0.020950460430791407,0.001505690099423137
0.2592855125654854,0.004632966907028224,-0.018385672567822656,-0.016781428630109164,-0.021043243872168143,0.0015937463190542163
0.2593644058357011,0.0026528622582602797,-0.018147155362066614,-0.0171978858181129,-0.023143873651768548,0.0026890869289157514
0.2594432991059168,0.0023433212094446814,-0.022136568947175517,-0.020620877648155796,-0.018799834636300247,-0.0027634722567343463
0.25952219237613244,0.003778140510860293,-0.02317105243731468,-0.020217871631226004,-0.016442002478862152,-0.004040435029384862
0.2596010856463481,0.006587408436232798,-0.021080526541422742,-0.01883537093453056,-0.00999186434776138,-0.007325003797649181
0.2596799789165638,0.009612770624195159,-0.021084900692256846,-0.01755024106233923,-0.007845012919816135,-0.007804524102878064
0.2597588721867795,0.01131832146860445,-0.0187008693701891,-0.013938210322694967,-0.006537846123594948,-0.005992114618673741
0.2598377654569952,0.01076239227785443,-0.016128748148264004,-0.010611195313556478,-0.00951338082006175,-0.0015281161732357729
0.2599166587272109,0.008305162029277575,-0.020754798884191752,-0.014032422980718056,-0.017440719882303838,0.001229098219323262
0.25999555199742663,0.0051547923506237705,-0.022060015484922157,-0.017215676624212264,-0.020883630695175293,0.0011639045700570364
0.26007444526764234,0.002558219650694947,-0.020044353544908935,-0.018360593836883397,-0.016891536247010563,-0.002357966891412159
0.260153338537858,0.001230843382308881,-0.018063459838458928,-0.01667165724460352,-0.014192963385792049,-0.002906220520343462
0.26023223180807364,0.0011476936945452908,-0.02033378687799724,-0.01710006293650876,-0.01583264787962983,-0.0021283548004531485
0.26031112507828935,0.0018618292032571448,-0.018483222920406404,-0.01604625952170141,-0.01783725025843641,-3.724604937149532e-06
0.26039001834850506,0.0028773065413246583,-0.011281678682284675,-0.011956356127629457,-0.014432018942332992,0.0007609432027728159
0.26046891161872077,0.003749895764390465,-0.016158094280714172,-0.016989268557624924,-0.017749029105026633,-0.0007642599769045545
0.2605478048889365,0.004378354519420019,-0.017897899694599324,-0.018055710899330807,-0.011050644616350162,-0.006037077858181835
0.2606266981591522,0.005214774058478597,-0.019506016270530658,-0.01759661632926938,-0.013119530935774056,-0.004312122533144821
0.2607055914293679,0.006957740740787342,-0.018567881927125225,-0.01738198870919336,-0.015382825117880333,-0.0026389126143701053
0.26078448469958354,0.01013139665772332,-0.007715339946480405,-0.008510077611315366,-0.01620007485270771,0.004506495168134483
0.2608633779697992,0.014866720402173314,-0.00038880785835157484,-0.0011463576643570522,-0.0241371435385863,0.01529156609577794
0.2609422712400149,0.020588743370610646,-0.002137307160398097,-0.002623180739839352,-0.023478553280473213,0.013752937969150787
0.2610211645102306,0.026299934509486728,0.009792808442600404,0.005519129978643757,-0.016333853768674873,0.015026806758906708
0.2611000577804463,0.03123690127387498,0.020483659288407847,0.013402490929179766,-0.01487367110984053,0.019910442859008483
0.261178951050662,0.034243346587085825,0.02598697652537809,0.015513861909772437,-0.0059301971782197305,0.015500141601132562
0.26125784432087773,0.033968494830594546,0.025087259231552052,0.01406142623181734,-0.0025875935423038455,0.012185320569782528
0.26133673759109344,0.030051770148127387,0.023324719669336528,0.015894472218818796,-0.002516987957372966,0.013501120025200618
0.2614156308613091,0.022894032560028553,0.012534941778446496,0.0073540910529527855,-0.008997383250457219,0.011484480443029273
0.26149452413152474,0.014276151550476453,-0.003912939235130997,-0.0055576977681763,-0.01478452734042133,0.005755141229240348
0.26157341740174045,0.007228586908814135,-0.004653090260393415,-0.0040774045401718835,-0.014431736381058706,0.006619875174204832
0.26165231067195616,0.003413685884741755,-0.018974155951450057,-0.017389700505059214,-0.018221292011601484,-0.0007463027544820605
0.26173120394217186,0.0022768296103347495,-0.018736450961223974,-0.017341321365023032,-0.018026598424163248,-0.0008405262665963811
0.26181009721238757,0.002354471042151416,-0.006941263872797256,-0.010025797535559862,-0.018198790024487387,0.004716186249719024
0.2618889904826033,0.0025388634127897925,-0.005367755750440509,-0.012291243798147998,-0.015506606484681594,0.0012305739104080417
0.261967883752819,0.0024349300059977688,-1.256631125303741e-05,-0.007356888819695843,-0.001136727721741006,-0.004709824023726487
0.26204677702303464,0.002041972449374219,-0.00702236569797577,-0.012176241752576769,-0.0009089947855464354,-0.008445606711826805
0.2621256702932503,0.0014406626558763171,-0.01581449534831212,-0.016449576209790817,-0.00515740334608147,-0.008782878197516624
0.262204563563466,0.0007423651595832544,-0.021972102180817295,-0.021328536980261856,-0.008205371960852269,-0.010374112465437714
0.2622834568336817,0.00028968860819789685,-0.021851697682112654,-0.020399550658075798,-0.0112377040164985,-0.007655612392385003
0.2623623501038974,0.000439106057845771,-0.02497568466668794,-0.02328247330506504,-0.01071278116167077,-0.010151450505932953
0.2624412433741131,0.0009900818010970048,-0.022693465193079503,-0.02245457171445587,-0.005698726191796459,-0.012887544218903325
0.2625201366443288,0.0012832291510096747,-0.024072227582525557,-0.021813534013955926,-0.0027969482247293914,-0.014350522746239566
0.26259902991454454,0.0009537108532160609,-0.023073218244162575,-0.02024764151619495,-0.0023193481461119617,-0.013505111222684139
0.2626779231847602,0.00033474306339734166,-0.02344859379272652,-0.019542727280639466,-0.007444304648991949,-0.009554505991380214
0.26275681645497584,6.257512043906344e-05,-0.021320743875493393,-0.01823294486034734,-0.01234231097392501,-0.005305212700429996
0.26283570972519155,0.00038203015727192964,-0.013514512653327213,-0.012697000992548012,-0.011304195282352165,-0.00188172026909531
0.26291460299540725,0.0008364566654132213,-0.012012213157746384,-0.01078659815352539,-0.006261373384330495,-0.003833244858654735
0.26299349626562296,0.0009360274567872736,-0.0193554982482338,-0.017372616752174337,-0.0025567869247087645,-0.011208122414980119
0.26307238953583867,0.0008486199213141964,-0.024428148955645147,-0.02087276856893544,-0.002932449319683183,-0.013560199568173312
0.2631512828060544,0.0009375779836541022,-0.01886982402990379,-0.016643786374273047,-0.00017678561131679265,-0.01225732170993734
0.2632301760762701,0.0013129895122249084,-0.0126432503407089,-0.013297187359908355,-0.0028074272509240996,-0.008009773462275811
0.26330906934648574,0.0019316043912129396,-0.013301471890402213,-0.013865186644144031,-0.006694347690801486,-0.005833159102383348
0.2633879626167014,0.0034103879290383375,-0.014746770534520797,-0.015505328990348137,-0.004116735459930153,-0.00877643976274997
0.2634668558869171,0.007269612567529195,-0.016710634783934447,-0.01608327654510663,-0.00726104239139223,-0.007103888436060687
0.2635457491571328,0.01407869971815887,-0.006657371133179727,-0.008008411988679829,-0.009637540888957246,0.0004904408893693587
0.2636246424273485,0.022638439394327133,0.004804315216116078,0.0012889223476524017,-0.012638833149071214,0.009410618836151317
0.2637035356975642,0.030335265549977366,0.010097068150132527,0.007201010670537419,-0.014823960814536448,0.015267250914235492
0.2637824289677799,0.03417410264148309,0.013463461028355148,0.01320762152813498,-0.0168725625803012,0.021102285108654598
0.26386132223799563,0.033561632555235865,0.00850105171189084,0.01000602641365826,-0.014833222637215426,0.017358619407452643
0.2639402155082113,0.030168646917729268,0.007780810639617559,0.006769218591963292,-0.005847759631567887,0.00894343309327368
0.26401910877842694,0.02547301036100049,0.012201395095197845,0.010166116734866915,-0.004060494489422203,0.010273871569976875
0.26409800204864264,0.020357453691592708,0.016444439143503513,0.011426438027220584,-0.006512675899432575,0.012850606903476858
0.26417689531885835,0.016147452292756263,0.011745692346146438,0.006263447728569054,-0.011257848154863876,0.012185324288737026
0.26425578858907406,0.01435702345369266,0.009033166218921333,0.007386194743204127,-0.013800265695998367,0.014720280757869752
0.26433468185928977,0.01580203050199702,0.005237053274104105,0.006379315587749798,-0.013368773710674308,0.013683190581230157
0.2644135751295055,0.019502791956811306,-0.004476447071352602,-0.0016093031322789433,-0.011269170156430256,0.006339775369810949
0.2644924683997212,0.022317664377581058,-0.005070052518324143,-0.0010146416591381774,-0.016137048852774474,0.010037731546327032
0.26457136166993683,0.021369039513959364,-0.005838545806068822,-0.001896670541146902,-0.019137362899414655,0.011388880561576172
0.2646502549401525,0.016983223149229742,-0.006021154776952088,-0.003760971798719275,-0.012846517646412165,0.005794903960381987
0.2647291482103682,0.011407332600328057,-0.005820131357154021,-0.0060478741696889686,-0.009590116771388078,0.001916568602603121
0.2648080414805839,0.00654239367667448,-0.002226593110155495,-0.006794517407745242,-0.001167721611825909,-0.004270952883284969
0.2648869347507996,0.003561662490986569,-0.007202382680998883,-0.011532327745257753,0.006194505734548726,-0.012716586571994558
0.2649658280210153,0.0029550137213304396,-0.009666812477848116,-0.010338723502962534,-0.003077746922577845,-0.005629067548795151
0.265044721291231,0.004682285550761326,-0.015591940065627584,-0.011023248088569398,-0.011409361664677388,-0.0005666044283212323
0.26512361456144673,0.00812856216770269,-0.014880770700906374,-0.0096196256064777,-0.011620719049526327,0.0006185832950966246
0.2652025078316624,0.011717125892291177,-0.008252409079100936,-0.0017600512539190387,-0.014817520402675905,0.008600930664213347
0.26528140110187803,0.01293394804825923,-0.014605724038782127,-0.008757469248849289,-0.01637577023979628,0.004440036197929283
0.26536029437209374,0.010190687512914078,-0.02024974439525182,-0.017298397415261377,-0.010746123862850692,-0.005677366667393092
0.26543918764230945,0.0052339828537799815,-0.02367570415706826,-0.019589366227286645,-0.007059187859372262,-0.009846680583293702
0.26551808091252516,0.0012838421212924165,-0.019812831974805593,-0.01763002764697071,-0.0067637441036629345,-0.008586827267351452
0.26559697418274086,0.00030546509228590666,-0.019882201618877087,-0.01819759565356231,-0.002520052313556871,-0.011846229379443284
0.26567586745295657,0.0022989089851950606,-0.022408105883174476,-0.020071119937831818,-0.0007271211696570913,-0.014438249791704442
0.2657547607231723,0.005737688473567825,-0.020367717949542466,-0.01739785895553353,-0.003498886698786649,-0.010597025867711968
0.26583365399338793,0.00957662225205132,-0.017779270891753556,-0.014156144455208164,0.001352305351360311,-0.011429819080593697
0.2659125472636036,0.013338330016449173,-0.016267841840421345,-0.013935009452324362,-5.110056077043545e-05,-0.01032704170441804
0.2659914405338193,0.016189925369705566,-0.007687041544297094,-0.006983241420190298,0.0028821803442437314,-0.007119454787579465
0.266070333804035,0.017396176022027823,-0.0005403063127213454,0.00020593003990693982,0.00686036953683387,-0.004434682849958045
0.2661492270742507,0.015840690963167675,-0.0038540708600201794,-0.0018489076007447063,-0.0030709445809646366,0.0006789589566223715
0.2662281203444664,0.01165959099876374,-0.009331821516727824,-0.006572800396778166,-0.014131108979709149,0.004563279112571015
0.2663070136146821,0.007463154876148327,-0.012721626790787104,-0.011720010495817454,-0.01517412259995332,0.001433055654147927
0.2663859068848978,0.005196642582228489,-0.015234519427543669,-0.016025695714554953,-0.01603854058022794,-0.0011914316331159713
0.2664648001551135,0.00495283656060308,-0.0051419625920963484,-0.006152183006499296,-0.007779819133795596,0.0006283446998665012
0.26654369342532913,0.005730825494459729,-0.008780432375730375,-0.007396819252688487,-0.014394908435072358,0.004126966354319495
0.26662258669554484,0.005990260537270888,-0.016486669941203284,-0.014799234721119475,-0.01889925811578691,0.0016342629147868355
0.26670147996576055,0.005253479446661123,-0.006687184559613665,-0.006626034224407272,-0.009587403117551354,0.0014848446919375996
0.26678037323597625,0.004334420091791516,-0.0032051885071228484,-0.0011367374985615131,-0.0032973723697918094,0.0013598853388984318
0.26685926650619196,0.004159323528191922,-0.014626144349372037,-0.010919968985804962,-0.005559684302856629,-0.0044016430307223025
0.26693815977640767,0.0052087279379430034,-0.01822100095336125,-0.016022983279249628,-0.010165089818781056,-0.005117209576525516
0.2670170530466234,0.007501312129435132,-0.0044755852922893375,-0.005232078288523935,-0.014162675107182731,0.005581339874321425
0.26709594631683903,0.01063392243671503,-0.008899687550359582,-0.00964396671409331,-0.017424975812722187,0.004482555287190625
0.2671748395870547,0.013839027043449541,-0.0059859099663373974,-0.006991107087468936,-0.014836186979490176,0.00472380986271792
0.2672537328572704,0.01578316708084624,0.0007110000824394308,-0.0004327469081464014,-0.009466625442473467,0.006009023713633117
0.2673326261274861,0.015024264426468316,-0.007399153740331796,-0.006311338538441525,-0.013172235290727374,0.00411637648826773
0.2674115193977018,0.011475046571402275,-0.0038654223468072243,-0.00038435979067194526,-0.010862609341546323,0.006978616623333461
0.2674904126679175,0.0066696415772531355,-0.016126114484944717,-0.011045479794115734,-0.01600488422058638,0.002490373216865582
0.2675693059381332,0.0027450414859289847,-0.018453809715353174,-0.015368360223478044,-0.012275786803932223,-0.0032188565779828326
0.2676481992083489,0.0012664841121921243,0.001526436918473671,0.002482150699869248,-0.002397514073065869,0.0034487769031373693
0.2677270924785646,0.002294105129118312,0.01062136879828404,0.012039544889249132,-0.006340110423326264,0.013191055854133193
0.26780598574878023,0.004890615080396012,-0.0074883884618979915,-0.0051846288170000285,-0.015344019614270855,0.006406770226271558
0.26788487901899594,0.008016099788199763,-0.010013676222186735,-0.007083254761318654,-0.015476187244568423,0.005083355496537305
0.26796377228921164,0.01066821507113153,-0.0041816806701153895,0.0006691334494568775,-0.016014343183868313,0.01120750350733607
0.26804266555942735,0.011720375678636154,-0.01290989150567446,-0.007688242234786457,-0.018343988252900123,0.00655170919500815
0.26812155882964306,0.01001258883299386,-0.015181640372799813,-0.01027115271394875,-0.015455713578324908,0.0026989425828598344
0.26820045209985877,0.006245819321618901,-0.00936244246571032,-0.006910566094178461,-0.004322562447288623,-0.002247557695416121
0.2682793453700745,0.0031050737278604163,-0.018322315092518082,-0.01684661759054458,-0.005286691392198513,-0.008991728854253617
0.2683582386402901,0.002943066555398051,-0.02287706491408219,-0.020586076936652778,0.002685525328346061,-0.017102559729417332
0.2684371319105058,0.006377441443071799,-0.015467273299944044,-0.013803033847117526,0.006037289934790818,-0.014299724883350485
0.2685160251807215,0.011410665475654443,-0.013240500973153421,-0.01008560843695712,0.0019479872490576985,-0.008801441173782822
0.2685949184509372,0.015241461946103515,-0.010238484882307847,-0.006590368558800077,0.0008386458983662914,-0.005460830757887721
0.2686738117211529,0.01711323615250467,0.0023108367427114615,0.004271302286819834,0.001665631817229182,0.002061907669270619
0.2687527049913686,0.01727554951212804,-0.011168829175606278,-0.006631779716067366,-0.005229610888257912,-0.0014336968390998778
0.2688315982615843,0.015866623220907046,-0.009096593022444118,-0.0070835701400699174,-0.006091703216767472,-0.0011931257832013711
0.2689104915318,0.01350308492464246,-0.004643621891168615,-0.004992010132274762,-0.011734523110185557,0.004135838302267557
0.2689893848020157,0.010889823139723207,0.00042862604706692147,-0.001087029073874525,-0.011970172908533576,0.0071969255500350495
0.2690682780722313,0.008528637806671286,-0.00501682186560398,-0.003922653169320914,-0.020848103582041796,0.011026933170489923
0.26914717134244703,0.006998915301305064,-0.008514786442262657,-0.005195112713367079,-0.022883387969387842,0.011442398527667768
0.26922606461266274,0.00613610264043361,-0.0016221610705337548,0.00022407852553463266,-0.015763287449084236,0.01070869730119763
0.26930495788287845,0.004986634377739268,-0.015196840856556275,-0.012317820973432932,-0.01809158128836798,0.0029397797524586848
0.26938385115309416,0.003174622720085259,-0.012507392455101591,-0.011357291111672996,-0.013835963668927252,0.0008078404915161174
0.26946274442330986,0.0013481260316877172,-0.008397188129095585,-0.006271424666160343,-0.014391172726761192,0.004961324475486961
0.26954163769352557,0.0004511844200006621,-0.017174724251861253,-0.014648711264745993,-0.012203709854264711,-0.0027317799703954187
0.2696205309637412,0.0010172153203213397,-0.01620918636108862,-0.014524361967313925,-0.002198379325165974,-0.009329580097407262
0.2696994242339569,0.0030848582624149537,-0.023377599619311632,-0.019669922774550472,-0.011310912630793236,-0.0070638628919487655
0.2697783175041726,0.006460875264618883,-0.018971988652332017,-0.013767315473925519,-0.0179842659649613,0.0017898502458683972
0.2698572107743883,0.010624113408552054,-0.0130238340877038,-0.007437767315342736,-0.019710927396305943,0.007652368231061778
0.269936104044604,0.014753567597541118,-0.0004928797444091009,0.0051350828798254426,-0.019498054714006487,0.016857749560436175
0.2700149973148197,0.01747380447647355,-0.00595836913373671,-0.002151422409065294,-0.02354463932534778,0.014147905238517118
0.2700938905850354,0.01673834785391128,-0.012819040542754755,-0.01024926570684967,-0.02011621597544407,0.00583260271760466
0.2701727838552511,0.012362317879638767,-0.004655886462574145,-0.00020370789805927787,-0.013847535642356877,0.009109294634806689
0.27025167712546677,0.006859718200817009,-0.017951285095781772,-0.013711666502483974,-0.018764930605776678,0.0023534121125285148
0.2703305703956824,0.0029451381773108695,-0.020838666059048383,-0.01794700718224678,-0.017315692032635086,-0.0017665974907209705
0.27040946366589813,0.002064002533465388,-0.0035400196425796797,-0.0002455356329094376,-0.009577476538311246,0.006222349954309137
0.27048835693611384,0.004117700230433557,-0.01026119536682802,-0.005423482498705697,-0.019122301902491808,0.008756465577815153
0.27056725020632955,0.00814014838890618,-0.013131650219667897,-0.011082583797636313,-0.013090577663354547,0.0005136307023701168
0.27064614347654525,0.0129856831013321,-0.01048611574265285,-0.00778439694927464,-0.014371842094834145,0.0038233245462188856
0.27072503674676096,0.017576519318548766,-0.003643711966268026,-0.0008693971148636928,-0.009467054983766866,0.005684660960154351
0.27080393001697667,0.021068700423638693,-0.0017643159547590366,0.0012208280420563328,-0.004754222691503185,0.004086994817643319
0.2708828232871923,0.021859657417563856,0.000485536977264522,0.005259385275782414,-0.00802356307682455,0.009275930675506883
0.27096171655740797,0.01876603676141693,-0.0056943253095061005,-0.0006331508492511212,-0.013779715493337456,0.008744648363554371
0.2710406098276237,0.013448365725856552,-0.018156188726114117,-0.01399395306689672,-0.010180762327429281,-0.0035975885347613876
0.2711195030978394,0.008463009075257797,-0.013589857218284993,-0.010950580163305117,-0.00481425582256959,-0.004922868804768556
0.2711983963680551,0.00505467987124417,-0.01988238633063317,-0.017794091561898717,-0.005104806497036407,-0.009818022708040509
0.2712772896382708,0.0035020124651040617,-0.021362960897788708,-0.0178498922114387,-0.006986633364056583,-0.008601334278062806
0.2713561829084865,0.003412904991295488,-0.006647265022837212,-0.0011081035602264436,-0.005791672142209208,0.0030492178236804315
0.2714350761787022,0.004167910713126748,-0.010299803835274422,-0.006273863219359467,-0.012519368969631592,0.0037075930445523834
0.27151396944891787,0.005446394298999102,-0.020654610987408888,-0.017946526220266046,-0.012154480351389742,-0.005217747101503063
0.2715928627191335,0.0071264281006522415,-0.02249844487852815,-0.019793489030243937,-0.012486073683014918,-0.00637001548257681
0.27167175598934923,0.009111658230376898,-0.014775183429806247,-0.012949402607465634,-0.014826598031355791,0.0002862547726680126
0.27175064925956494,0.0111889263044142,-0.005266145813225761,-0.007926343140732478,-0.018344104907932944,0.0063747229619870605
0.27182954252978064,0.013043694072849247,0.00632347547641198,0.0008612059592991733,-0.018431134998916826,0.012966870094158745
0.27190843579999635,0.014583676635724234,0.008778365763610817,0.0027643970194732664,-0.01634779389329215,0.012988246777163133
0.27198732907021206,0.01482909679788417,0.004701298393672061,0.00014929290688871428,-0.012713992160389606,0.008613599838629693
0.27206622234042777,0.0121897249039511,-0.008093691550437689,-0.007543827769535669,-0.02089873730558155,0.00836810070240369
0.2721451156106434,0.0072120630456173574,-0.00835211815474338,-0.007954995121651723,-0.01303609471623094,0.002803078468282169
0.27222400888085907,0.0023165534434799956,-0.016006246028887134,-0.013581797824000237,-0.013010971377604449,-0.0013983705914671417
0.2723029021510748,0.00010376886125010564,-0.013418297873194082,-0.011817444192443396,-0.013116406009393374,-1.562278830327836e-05
0.2723817954212905,0.0020750398899869594,-0.007498636165067396,-0.007767130749666435,-0.01266706204707154,0.002695965898549557
0.2724606886915062,0.007096559258727721,-0.010316577997012237,-0.00799146763311107,-0.014702928938191886,0.0038907837115360216
0.2725395819617219,0.012777518729925733,-0.015556040312555764,-0.011944202944925292,-0.013756293562455984,0.000318054577629085
0.2726184752319376,0.017044147004132496,-0.016525339902086218,-0.011547651955109211,-0.017820027126700864,0.003330972862476013
0.2726973685021533,0.018763692313719462,-0.016762054245708504,-0.011517824983316013,-0.02275344806219177,0.006653343307539522
0.27277626177236897,0.01811612394258192,-0.006392485892490741,-0.004203875862174564,-0.014421194884440455,0.0065187862221540264
0.2728551550425846,0.01488783859843316,-0.006683883327524431,-0.004025447174633432,-0.010577810261262179,0.004080922165263988
0.2729340483128003,0.00936298957568429,-0.009258023010644998,-0.0063534609972836255,-0.0014065923916673038,-0.0037832764115495517
0.27301294158301603,0.003868812523600222,-0.02334119449067892,-0.022693628161267947,-0.003992635386240046,-0.014205874128325757
0.27309183485323174,0.001387460210273124,-0.012354107630642628,-0.013887511971506502,0.01116374692684508,-0.01779026100220248
0.27317072812344745,0.0034477325724259857,-0.004448330386209564,-0.004602964993737187,0.004991598443243411,-0.006760326330808992
0.27324962139366316,0.008787736799397506,-0.0050660903436611495,-0.0037681506326333936,-0.004528011650992992,0.00022635647254828984
0.27332851466387886,0.014630356183062807,0.0021346506583990042,0.005040408311650924,-0.004963172999427055,0.007066551195837275
0.2734074079340945,0.01892432455243208,0.004474380155378266,0.008975656578292336,-0.014272147531992338,0.016217447158160092
0.27348630120431017,0.020635746439387634,0.00023958581930357694,0.0011557688078123673,-0.014718257296645589,0.010702402098924618
0.2735651944745259,0.020305127650552778,0.0008574553990556583,0.0007191150678193234,-0.010421280066916668,0.007503881073460305
0.2736440877447416,0.019150699009298146,0.0031503581550149434,0.0040357117462430725,-0.01429416152857671,0.012559820687197696
0.2737229810149573,0.01768797853892428,-0.0013479564474403512,1.5714947256762804e-05,-0.01269501998869303,0.008501597813256564
0.273801874285173,0.01620431675411385,-0.009826232560488167,-0.005418315379842612,-0.01639246151001617,0.006934282013437675
0.2738807675553887,0.015527153326036719,-0.005996026753696079,0.0014120897487953476,-0.010603422781933783,0.008140908503875596
0.2739596608256044,0.01610442764228606,-0.017287658140120996,-0.009906174803309069,-0.014304828210749366,0.00220062333671412
0.27403855409582006,0.016958256108905136,-0.015003157604377168,-0.008348214145489636,-0.011892616438845816,0.0017459045880147638
0.2741174473660357,0.016495888760849797,-0.011931698512508995,-0.00520583875973229,-0.016261089802020377,0.007004403412842355
0.2741963406362514,0.01386777156955658,-0.018458557454917847,-0.013329150663468613,-0.02195240142370624,0.0047701363416671385
0.27427523390646713,0.010269303995485184,-0.017857622917687357,-0.01309087392385232,-0.013189993396044025,-0.0009135132311125699
0.27435412717668284,0.0075923602567454914,-0.017273361012895647,-0.012895451513114772,-0.013451182387451707,-0.0005934884440461627
0.27443302044689855,0.005834449211627008,-0.02011875005974641,-0.018156704151457943,-0.012273183747972562,-0.0052947217001406265
0.27451191371711425,0.005067791114115487,-0.015682669680874183,-0.014250118439299634,-0.008641399402259524,-0.004817484314611258
0.27459080698732996,0.006114505867297144,-0.010740773462904718,-0.009693792622105195,-0.011480844636518144,0.0004698830875793227
0.2746697002575456,0.00914081659803282,-0.005858147419409159,-0.00779559458899664,-0.014812195054801327,0.004109524555240233
0.27474859352776126,0.013597325649455115,0.002886321737884203,0.0006076349958385219,-0.015397218988467147,0.010749009708705013
0.27482748679797697,0.016463837283598445,0.010353043401590859,0.0074538487701650905,-0.0115960439547021,0.01329646943047359
0.2749063800681927,0.014668039932925982,-0.004945889073237484,-0.00496826609588095,-0.01586088977028855,0.006913371418271651
0.2749852733384084,0.009316083778435447,-0.01258144241463737,-0.010775365826897887,-0.020375312278610988,0.005614640858397038
0.2750641666086241,0.0036159724192272734,-0.006206592619929363,-0.005019680101767393,-0.021247022003277456,0.0104780952959638
0.2751430598788398,0.00046399218573697787,2.219647074250442e-05,-0.0015449072942166169,-0.012607521492701116,0.007282759914649383
0.2752219531490555,0.0006103280628394365,-0.012799921608966359,-0.012831052764506252,-0.016332532320285854,0.0013814848395870612
0.27530084641927116,0.002432879338338112,-0.013121164158162864,-0.012161490434456697,-0.009258674828383004,-0.0028513666517597414
0.2753797396894868,0.0045819580934076285,-0.014921036612601628,-0.013944459610759961,-0.0046274514279254645,-0.007274164796091334
0.2754586329597025,0.006597854625122795,-0.0140873012262695,-0.015086346042271105,0.0009661732399288684,-0.011863340042016121
0.27553752622991823,0.008571852365015594,-0.010965158549715729,-0.013319514533509578,0.004179078450713467,-0.01269777399812383
0.27561641950013394,0.009861576727220597,-0.011167039901916007,-0.012620959959684689,0.003499882612992803,-0.011724244030618473
0.27569531277034964,0.008887742991352181,-0.010231648059344777,-0.009332993681811723,0.0015449683933890872,-0.007972358375289559
0.27577420604056535,0.00591972602250354,0.0012073843999163565,0.0026021594015031174,0.017000398609145578,-0.009434886699219595
0.27585309931078106,0.0028609554195069024,0.003340990116741487,0.0035434276299232325,0.020544959113992182,-0.01110610669746512
0.2759319925809967,0.001172423886402876,-0.008999182569917823,-0.009254610851306749,0.005217243005439148,-0.010369658940206486
0.27601088585121236,0.0011380652207062206,0.0038364243972016498,0.0012401416263388555,0.012586210369327493,-0.0074951016779450045
0.27608977912142807,0.001757770743939322,0.04344331273751085,0.037702609724068234,0.028509850817703675,0.008989959334866335
0.2761686723916438,0.002099604199807465,0.012155666009699818,0.012467263387481055,-0.004660202527339514,0.012385801484467617
0.2762475656618595,0.0022928124283294617,-0.014508159337340657,-0.01193055286835967,-0.02002039135158613,0.0045180226949575126
0.2763264589320752,0.003086561079409997,-0.012603551873520453,-0.010228567596723942,-0.014573962940059032,0.002140867004158336
0.2764053522022909,0.005078896487951914,-0.002078494501377611,-0.002453813042222115,-0.014580023487912272,0.007926257544671534
0.2764842454725066,0.0083705175560951,-0.010227888003027093,-0.008763058096024248,-0.024128482841982546,0.009622153253916849
0.27656313874272226,0.012608194261534767,-0.007418907053144306,-0.00596156046203542,-0.023457377886126028,0.01125649467204017
0.2766420320129379,0.017458728801638776,-0.006286097892457473,-0.0017652910491736688,-0.011542397289443578,0.006406532184065022
0.2767209252831536,0.02190478001365274,-0.0029275115962437205,0.00341346133524455,-0.005099858266500091,0.005948341057219555
0.2767998185533693,0.023154807442328777,-0.0015297092886105215,0.005040542100817988,-0.008613697427796066,0.00950787682331058
0.27687871182358503,0.01962381420975874,-0.011212356150731993,-0.006576878323655559,-0.017248496174562828,0.006645369842371608
0.27695760509380074,0.012739774892387604,0.0029927574997927254,0.005819170398804679,0.0002738994433097958,0.0041434594603199275
0.27703649836401645,0.0052410997346335215,0.04175822979820195,0.04092643827633999,0.01935417137139838,0.017512442798489503
0.27711539163423216,0.0005399731446617801,0.011867988716555823,0.012141200094343248,-0.007605646247444437,0.014112840162580938
0.2771942849044478,0.000819180973800586,-0.01139898312813692,-0.009476659047669578,-0.019536202909872943,0.00601921082282787
0.27727317817466346,0.005191138914769259,0.002125232254680506,0.004770485395741419,-0.0068241614378707054,0.008110364309114021
0.27735207144487917,0.011557501512005774,0.005923282446964254,0.00840113757245783,-0.01094690560507862,0.0135665982544026
0.2774309647150949,0.017869650195964423,-0.009423384304314365,-0.005818062177339391,-0.01356687843262865,0.00474712122812678
0.2775098579853106,0.023224143153795382,-0.003799808644878767,-0.002276552023606565,-0.01204340761336802,0.006361482182585636
0.2775887512555263,0.026703564375533704,0.006044541882217796,0.006814833034640297,-0.015902574126940693,0.015701556886688412
0.277667644525742,0.026464253200804554,0.0012189319487938455,0.0028852718351042314,-0.02547098190370389,0.019181119526471876
0.2777465377959577,0.022421086775230525,-0.006368743900058768,-0.003263263666148618,-0.025227916909964038,0.014447477765462768
0.27782543106617336,0.01695224423678232,-0.007266006048423464,-0.0036668280209522877,-0.01683047382355754,0.008529608307710016
0.277904324336389,0.013180683965220966,-0.007517863278823117,-0.004739374032651261,-0.012155803120246996,0.0046054458114998436
0.2779832176066047,0.013182113296679569,0.004537544361969912,0.006555958852706629,0.00013895456973979467,0.004781519795856538
0.2780621108768204,0.016685285195601675,0.0029173782069455458,0.0033973877652305026,0.001173303493406279,0.0017413674709462377
0.27814100414703613,0.021524402202704438,-0.005324408673271293,-0.004047002836800887,0.0021203774661067093,-0.004426920037413398
0.27821989741725184,0.025610540843825958,0.0031626138955414005,0.0034687293257355113,0.01086297877978552,-0.004685585119532131
0.27829879068746755,0.028528387252709776,0.014041350988098377,0.011977007216971673,0.02365557378846183,-0.006915340745354549
0.27837768395768325,0.03048051076074785,0.010038816242647821,0.008694624707941497,0.016867912243959202,-0.004815954466923397
0.2784565772278989,0.03126740871983301,0.006298037861632946,0.005634239785410146,0.004334062570249808,0.0012908508831278572
0.27853547049811456,0.031075383113411747,0.0062507018741582805,0.008103833272802041,-0.0076396486038908164,0.0111339379890087
0.27861436376833026,0.03053542774650056,0.012127109814018365,0.01637950057864145,-0.01570809343983301,0.02268131579418396
0.27869325703854597,0.03045876267690006,0.005582487289656029,0.012456645617009744,-0.019551852414461036,0.022335905169819748
0.2787721503087617,0.031276289983519404,0.0036451295987745096,0.010279356133815143,-0.02167804806870508,0.022139692196674093
0.2788510435789774,0.032459159957077925,0.0011476684291161334,0.005686419199940342,-0.01989249703951981,0.017531429987403237
0.2789299368491931,0.03311496597449372,-0.0013122136966215116,0.0016001590689069878,-0.012154924612182677,0.009318370727024787
0.2790088301194088,0.033585448891160025,0.006059227373930991,0.008676775342952837,0.0018539650198669828,0.005211611542195375
0.27908772338962445,0.034386356850305895,-0.0012039982329090616,0.0066491852787886,-0.006022612817109385,0.008971117570721297
0.2791666166598401,0.03331816142213146,-0.007230928587605027,0.0027999031920995995,-0.011295269184516454,0.009635400475602652
0.2792455099300558,0.02853011566820648,-0.0043342653754777,0.0031187442887933106,-0.0021360468727988783,0.0037472354272365953
0.2793244032002715,0.02129973252021336,-0.007639373574717703,-0.0033193985933313336,-0.008187698920868307,0.00300743859978086
0.27940329647048723,0.013372882107953754,-0.00706401514625257,-0.0065511921240207945,-0.016384450850543957,0.00608651861739497
0.27948218974070294,0.006607795478860456,-0.009025154127851289,-0.008392099688778066,-0.014181894451487298,0.0032443684016354567
0.27956108301091864,0.002537659242006036,-0.008076741937057316,-0.00649873631922016,-0.016639333775532734,0.00629601263414266
0.27963997628113435,0.0009327493394978756,-0.01872227874641629,-0.017745642146730668,-0.01831870178563027,-0.0009459637700094185
0.27971886955135,0.0013104804995951748,-0.01892848912187624,-0.016561973239902338,-0.011398025901487911,-0.0046936662509638495
0.27979776282156565,0.004062865663832374,-0.016311527403428772,-0.01244498470541348,-0.005757741469852532,-0.005403271992172947
0.27987665609178136,0.00953606907834094,-0.02094227772847073,-0.01755870933122022,-0.007021789651721117,-0.008361248376938607
0.27995554936199707,0.016308108870559418,-0.007363546333238345,-0.0043052147470578166,0.004543312810516255,-0.006239172078922413
0.2800344426322128,0.021696016111818577,-0.001617424182993044,0.006138783643168642,-0.011075782142247874,0.011970886551383878
0.2801133359024285,0.024146180318768442,-0.00649696516605765,0.003027896567119661,-0.02075308358458649,0.016130845623624383
0.2801922291726442,0.023366375260761008,-0.004024759714161645,0.002849924879919439,-0.009193771258566227,0.008267157928167002
0.2802711224428599,0.02028414064315571,-0.0008995372908875638,0.002625730755632806,-0.013180774734186607,0.01076693808486537
0.28035001571307555,0.01727725291779067,0.0013170054642218814,0.0023178756554169304,-0.015849205469222603,0.01232280359682184
0.2804289089832912,0.016530691954152372,-0.006020032031368556,-0.004363833645720372,-0.020420406919093966,0.010412771580856642
0.2805078022535069,0.019435738394365697,-0.0032318891336534164,0.0006343454296945,-0.014031675419647635,0.009855528019834046
0.2805866955237226,0.026555397843099578,0.002174703599330981,0.006051218397149688,-0.009931072921354351,0.011140258265109408
0.2806655887939383,0.03620734055126934,0.004947745784936113,0.009500527925503096,-0.004058277298552743,0.009777518671551761
0.28074448206415403,0.04453166551165527,0.007412632966872478,0.01343532650043137,-0.001615114278661387,0.011069554266845359
0.28082337533436974,0.04888894144013591,0.007839094256434623,0.01424523969165593,-0.006516134513830495,0.014948670514129452
0.28090226860458545,0.048965070483522485,0.011786760434236845,0.018555339311624057,0.00036836660975834436,0.01355079486283797
0.2809811618748011,0.04538725913017429,0.006755975302812136,0.01308330852756145,-0.005936844247414071,0.013697446769859088
0.28106005514501675,0.04018005931462359,0.004504569971075073,0.008609950268770868,-0.006506156067531293,0.010752249494874999
0.28113894841523246,0.03687213294538771,0.0071990974402367834,0.009701253628731405,-0.0023838110013577837,0.00880708513772956
0.28121784168544817,0.038973811026208664,0.01474927380673783,0.016773710842739122,-0.007524544074514017,0.017502803647494847
0.2812967349556639,0.04908609613070091,0.024038574677188614,0.0265937038617699,-0.011267067697831758,0.027305735974843648
0.2813756282258796,0.06785260630853149,0.03218085273964841,0.036579809866356554,-0.020344450565683268,0.040794909554092304
0.2814545214960953,0.09092619297462567,0.037147222658509976,0.04503129094169532,-0.027335435756046335,0.05174498266416892
0.281533414766311,0.10958216417964091,0.04659139395431587,0.05749584644038881,-0.031014726925318745,0.06346219797576805
0.28161230803652665,0.11821345869298902,0.052183304325247475,0.0633035000228402,-0.028900317710729387,0.06636872863343264
0.2816912013067423,0.11479184353730665,0.04895901363091391,0.05738106656798823,-0.023739395814861734,0.058524831434377
0.281770094576958,0.09915726538957419,0.04440285130633116,0.050099136460304096,-0.015518206465460663,0.047624950568067904
0.2818489878471737,0.07738052761075137,0.03217616973536358,0.03672886734375105,-0.01319560476937475,0.0361303937732126
0.2819278811173894,0.05727795302005031,0.01430202889793537,0.020558016938720253,-0.011477137040864914,0.022958794205953245
0.28200677438760513,0.041610080224873856,0.0032657056777136537,0.010237473983643313,-0.010523975097321963,0.014648952108533961
0.28208566765782084,0.0304124371435287,-0.011168154903752427,-0.0033321564771715247,-0.015012695967850017,0.007562579331864352
0.28216456092803655,0.02457939421173317,-0.006103091426391443,-0.0010898029414142779,-0.008462254604019993,0.004848801684297798
0.2822434541982522,0.024528266512186543,0.001450505480950561,0.002238088110064779,-0.007619933002522991,0.006759752051002893
0.28232234746846785,0.028248290503571444,0.012096145122960538,0.009798753816340213,-0.013460290413457506,0.016286389009122253
0.28240124073868356,0.032081366663150375,0.007092373847064093,0.006066062918293329,-0.012540725705044484,0.012896531519076139
0.28248013400889926,0.03280339503557067,0.0025358130250974433,0.004083746289779699,-0.0051655840991692075,0.0064906428308904845
0.28255902727911497,0.0293831817264394,-0.00024169686466405424,0.0022658870894608713,-0.005936692186325796,0.005654755362355656
0.2826379205493307,0.02419350683812547,-0.010317873369110038,-0.005571654193783596,-0.005021217158905462,-0.0007847939307230081
0.2827168138195464,0.01967310318018903,-0.01075130266816615,-0.0055789774483132595,-0.0023155970743948093,-0.002599555868504353
0.2827957070897621,0.015683979397955253,-0.02314968113391685,-0.015931013839622227,-0.014177152721865515,-0.0023658520789787527
0.28287460035997775,0.01206437829303392,-0.0270036976692149,-0.01970367018914294,-0.018859364649711254,-0.002041178627110707
0.2829534936301934,0.009815350735916665,-0.017905386947582456,-0.01360607949725983,-0.012740722066936643,-0.001597163474786963
0.2830323869004091,0.009780352387793368,-0.013158951018884533,-0.011357750002900598,-0.0146918866681145,0.0013799508544799582
0.2831112801706248,0.011897396724172496,-0.0039858616573340035,-0.004423269909783412,-0.004559170466885668,-0.0002399086965148596
0.2831901734408405,0.015299111444562318,0.0015080928888625703,0.00017621580737138453,-0.00022998897634571492,0.00028481789175754116
0.2832690667110562,0.018723101320149906,0.0029346320616490946,0.002020974281818292,-0.007407322536726925,0.006456147432756949
0.28334795998127194,0.02144099188965088,-0.004571532145353699,-0.0041459152832248715,-0.0028994689505342465,-0.0011435813970245344
0.28342685325148764,0.023800994607480194,-0.0016379697903527676,-0.001561158952345928,0.004044337960212578,-0.003865303264117082
0.2835057465217033,0.02488284245304367,0.0067148489270300385,0.006097186009914201,0.000878094650166755,0.003946139641087873
0.28358463979191895,0.022603147417793068,-0.0036296578424353633,-0.0016288143170481591,-0.007951462203834733,0.004106439113335393
0.28366353306213465,0.017773266121412442,-0.005639603073554049,-0.002616957888953192,-0.004998075599928208,0.0013966475019407732
0.28374242633235036,0.013830626971144554,-0.010473091260177123,-0.006415692314311606,-0.011742364975311333,0.003082463147867427
0.28382131960256607,0.013920735816928102,-0.014770903548407235,-0.010725596592421774,-0.008000039142464593,-0.002625212685464968
0.2839002128727818,0.019305557338639565,-0.010402267596545327,-0.004751813977893086,-0.005907142077094867,0.00041724746701730096
0.2839791061429975,0.029236101674151534,-0.007997397873207704,-0.00182069793000446,-0.012186218224886233,0.006795931174212482
0.2840579994132132,0.04173355435503839,-0.0015312565621000303,0.005184313869566139,-0.0010056199691158014,0.004527062396051438
0.28413689268342884,0.05540781325191097,0.012032689859406864,0.01770583057317572,-0.0033200735120354455,0.01538494487152116
0.2842157859536445,0.07021960517710137,0.030907701365765608,0.03337797909709026,-0.008581084676689187,0.03055582946535709
0.2842946792238602,0.08279748118220989,0.03911285477841105,0.04167610341194564,-0.018718774844235616,0.043497584588782716
0.2843735724940759,0.08589321309729964,0.04089489399781611,0.043796186911679504,-0.027313065972832645,0.05081230235284975
0.2844524657642916,0.07767549454075395,0.04490230239344358,0.04809263993830161,-0.025755996120992938,0.05296551737453523
0.2845313590345073,0.06295616207940574,0.03632159226386783,0.03830550736004571,-0.02860081041809448,0.04759298796851527
0.28461025230472303,0.04732948777753745,0.018188978788483138,0.019760152050987714,-0.031289275277218205,0.035613561677849674
0.28468914557493874,0.03600657085916966,0.01644699222648537,0.016784342447708375,-0.027389163041098154,0.030793903734786174
0.2847680388451544,0.031444484641814464,0.004150838453678777,0.006961561377501534,-0.023334384180981268,0.020781650289008212
0.28484693211537004,0.03264257638857449,-0.0009494393066495378,0.005395849364144757,-0.014081592397019463,0.013428801510244899
0.28492582538558575,0.03763270215546704,0.006318713897826342,0.011683639278899547,-0.006028746275713424,0.012718248784779078
0.28500471865580146,0.04404133923989694,0.010150999941145048,0.016165976539107084,-0.009787878389814715,0.018564200205061845
0.28508361192601717,0.047807907199005066,0.018324433127110074,0.021077406297705943,-0.008890273156158575,0.021615645396389563
0.2851625051962329,0.0454286682859005,0.02660657059322667,0.025076310947433313,-0.005000458516578629,0.021989156160222626
0.2852413984664486,0.03734111372165517,0.019572186734515443,0.018027175464586223,-0.014460862872323243,0.02307216287829464
0.2853202917366643,0.02656604896954151,0.008113961353595739,0.006624930122749424,-0.01721025820740966,0.016435005007199677
0.28539918500687994,0.016629344659006437,0.00839799203656557,0.0071399551571805515,-0.0027749549879429298,0.007164270871837783
0.2854780782770956,0.0104821619352424,0.007925476170450465,0.008230690194230384,0.004544652080691911,0.0030806460347110186
0.2855569715473113,0.008659061741994495,-0.01759024468966079,-0.014098091871261624,-0.01626801288052399,0.0003959009764988163
0.285635864817527,0.00969208720110349,-0.02030540694572279,-0.015376305889762795,-0.02286564908866997,0.003858194068144196
0.2857147580877427,0.012040193464639037,-0.012596917180145313,-0.008298290135021846,-0.01459919225780535,0.0035932335688965435
0.2857936513579584,0.014579993115464833,-0.011917637850370994,-0.00926577921890006,-0.018929653851518995,0.005770302656922512
0.28587254462817413,0.015574122098062956,-0.0018051984046599959,-0.0030266043325103383,-0.006331818011066413,0.001984002226288099
0.28595143789838984,0.013575685522931029,-0.004305588281515545,-0.005914368641320891,-0.017444337507691227,0.007269015478015159
0.2860303311686055,0.009253068809888682,0.0002468095307488003,-0.00253134092008784,-0.017480602772946132,0.009808751236072184
0.28610922443882114,0.004574686710153701,-0.0030673329887150108,-0.006880187628609639,-0.014786706100024282,0.004773195999594695
0.28618811770903685,0.001563607214557077,-0.011082343724242369,-0.01170423819892523,-0.018185922732476288,0.003459252659887813
0.28626701097925256,0.0011579588959743394,-0.0066386026259274925,-0.0067900585478785315,-0.0014629004252071252,-0.004070249334057129
0.28634590424946826,0.002628546682277107,-0.001109057511227104,-0.0018067290079264206,0.009409553092943992,-0.0076358777057741935
0.28642479751968397,0.004798127696429967,0.0035820593674102336,0.0022970466812061254,0.009274200451300669,-0.0044942085835363715
0.2865036907898997,0.00736017929930028,-0.010992728368558706,-0.009419837662666214,-0.004661897569920156,-0.003886477553602785
0.2865825840601154,0.011005249386540367,-0.0012954059604818927,-0.0009698828859435557,0.008747077232798248,-0.006570652872882163
0.28666147733033104,0.015065820662899838,0.0008192894048062119,0.002182296678680375,0.004941044191391107,-0.001681686858842131
0.2867403706005467,0.017034664656588355,-0.004117752430390928,-0.0015605623642536597,-0.0041102298524896335,0.0015883554207956779
0.2868192638707624,0.01598328496877693,-0.011224774191534686,-0.007102956850168512,-0.0022658661958569588,-0.0037659531789354084
0.2868981571409781,0.012694584796856551,-0.018502438942052744,-0.013942124403105334,-0.0044197170521568276,-0.007411329587763105
0.2869770504111938,0.008600855592207036,-0.013595572948536054,-0.012078966836940513,-0.002915969853582931,-0.007031296450904391
0.2870559436814095,0.005527586898855542,-0.015051330225731815,-0.01644607974515786,-0.015803419755050764,-0.001661398226271619
0.2871348369516252,0.004060504059083776,-0.01222881175489077,-0.015470389537540652,-0.02076993467718377,0.0023862790321089586
0.28721373022184093,0.00390822515811459,-0.008702913146662277,-0.01193508638321198,-0.016827482869449326,0.0023789295033864884
0.2872926234920566,0.005304062135350538,-0.007213378679190275,-0.009466443864354995,-0.0146407751494218,0.002752334220841774
0.28737151676227224,0.008551529311345181,-0.010165660894279028,-0.009178422988387119,-0.012203650260747084,0.0013365434799396455
0.28745041003248795,0.012963797953571709,-0.014474639535060752,-0.009978674165520701,-0.018495518697568002,0.0049497166967807345
0.28752930330270365,0.016856281480758267,-0.01105799723669967,-0.006486082702149413,-0.014678333551571584,0.004993771209511144
0.28760819657291936,0.018442381281656886,-0.014298272907692509,-0.009697775586585479,-0.010077214964321127,-0.00047178223203493046
0.28768708984313507,0.016754177062127312,-0.014090151091347975,-0.009059718200725908,-0.0038444302531727642,-0.004165338756164731
0.2877659831133508,0.013080682686563833,-0.0180346499385455,-0.012900083626834232,-0.00012243311156556554,-0.009509779073701936
0.2878448763835665,0.009580642716117745,-0.015660950137673508,-0.014341457749907659,-0.005843500803910495,-0.00675629125295456
0.28792376965378214,0.006506469083011557,-0.004570514871592017,-0.007420315926342214,-0.007081213499174341,-0.0007818011929496448
0.2880026629239978,0.004101325466810814,-8.814633596718244e-05,-0.0042030113713526236,-0.015919552125549404,0.007521625873219826
0.2880815561942135,0.0037942762390461033,-0.0049372766086961985,-0.008098045073798476,-0.017591458255547678,0.005743583097738116
0.2881604494644292,0.006312817672268866,-0.00938935068726932,-0.010889066218415549,-0.022113656467165947,0.006692981018716023
0.2882393427346449,0.010270527741431546,-0.005311275269277944,-0.0051825012577307586,-0.019489410003334602,0.009181231613240318
0.2883182360048606,0.01326836937000782,-0.01224997680231696,-0.009971176696216251,-0.018284822597398807,0.004814356245583634
0.2883971292750763,0.013494787435869593,-0.01569167655340214,-0.011377506675577832,-0.017689303799430303,0.003370080950691489
0.28847602254529203,0.010457443127005348,-0.013690484919484025,-0.009284225484747456,-0.015934941673717395,0.003753445523296979
0.2885549158155077,0.00590317871547369,-0.01838652610740491,-0.01612606835323822,-0.021951323529790144,0.002688755412992832
0.28863380908572334,0.0023601518063695653,-0.009438449442988944,-0.01093501460031859,-0.015293934649270901,0.0020970159623018678
0.28871270235593904,0.0008983406302210401,-0.007507812622916782,-0.011373913510901973,-0.02243798385482292,0.006549336252213488
0.28879159562615475,0.0021259817395431852,0.002949729082765631,-0.0022002047485795754,-0.017496089926245673,0.010065315577618686
0.28887048889637046,0.006967189183441868,-0.0011025873325328647,-0.005377192104450774,-0.021783089902201007,0.010570884272984346
0.28894938216658617,0.01545862267450865,0.0010761682535865916,-9.117972242518477e-06,-0.022694266951681526,0.015171710535255315
0.2890282754368019,0.024705397709606843,0.0034134523048220304,0.004640814565694966,-0.017677912645925727,0.01527285816522929
0.2891071687070176,0.030851216222714615,0.0028027295278738274,0.0057294406566921995,-0.018849054099781118,0.016865459840569298
0.28918606197723323,0.03200929241840666,0.004721766534108267,0.007226076289245607,-0.01391569411856538,0.014678445709791309
0.2892649552474489,0.02780417766137095,0.0029244782044098214,0.003994768919597661,-0.006892900153982847,0.007579605885567187
0.2893438485176646,0.01989447964986758,0.006931786469740284,0.0034170754665081193,0.0013937688066660687,0.00160857488330736
0.2894227417878803,0.012302336381772493,0.00479745214492136,-0.0011845083198074257,-0.006200384394818965,0.0032657367199801553
0.289501635058096,0.007800788390919556,0.0036757610369295575,-0.002863510471396569,-0.013860581331318709,0.007140440029962409
0.2895805283283117,0.0068707124745696485,0.003300394294163345,-0.002982200535373549,-0.007812044110812213,0.0030069304683794733
0.2896594215985274,0.009491484927235207,0.0008292808499265334,-0.0022810319746753654,-0.009591642806650588,0.004718415440316483
0.28973831486874313,0.015019814000471766,0.004087428727305082,0.005217065089255686,-0.01083702071323184,0.011125971696437992
0.2898172081389588,0.02099274874510151,-0.006623882442376059,-0.0004691628405850072,-0.010418406683598518,0.006618486026386577
0.28989610140917443,0.024214974440991074,-0.009925846268992407,-0.003353583948525705,-0.016990467612539504,0.00886953750553347
0.28997499467939014,0.023099504169025283,-0.010173934278496638,-0.005174201052106923,-0.009263025302905134,0.0023474541521075064
0.29005388794960585,0.017864646514366197,-0.013202374825710537,-0.010368850522911453,-0.007261923779077535,-0.002853513945475304
0.29013278121982156,0.010967175375316399,-0.01715547973525184,-0.01460778464771672,-0.0047379867370583376,-0.0076935565645411645
0.29021167449003726,0.005728079697692812,-0.021092123674881728,-0.018260764687864743,3.6364032371732735e-05,-0.013602305791277651
0.29029056776025297,0.0027421516408573337,-0.025784854712507608,-0.022403576086907687,-0.005425627783762713,-0.013032175148305888
0.2903694610304687,0.001024278661955959,-0.02824126243816303,-0.024437292077681465,-0.01283498352446957,-0.009591908547082563
0.29044835430068433,0.00044582877772588527,-0.02370521362057034,-0.02025375640071902,-0.006277886953670434,-0.010863236822077441
0.2905272475709,0.0014629478303070755,-0.023388514402683164,-0.020400936612251532,0.0004919769925333184,-0.015498509590400552
0.2906061408411157,0.003714604043475511,-0.024818724390611703,-0.020030314491700223,-0.00443902528424742,-0.011926402770044238
0.2906850341113314,0.005489908413683546,-0.021277529568060463,-0.01629887606080927,-0.004913466359328047,-0.008833898477399172
0.2907639273815471,0.005453769780381639,-0.023640697879876455,-0.018832023539054943,-0.013507745371856006,-0.004971562901128897
0.2908428206517628,0.003801851779227168,-0.01608278315534766,-0.014603887677041915,-0.01205136834339962,-0.002800317103492297
0.2909217139219785,0.002087126623363518,-0.018331300077882823,-0.018319103813577202,-0.016782704602443795,-0.0023998834226863436
0.2910006071921942,0.00141369458859203,-0.012031513503530784,-0.012252797745875761,-0.012439569936744837,-0.0007920609948736666
0.2910795004624099,0.0010584366605928622,-0.015112038412233028,-0.015049107803871128,-0.013603543103997704,-0.0020934615091491755
0.29115839373262553,0.00032718276306332273,-0.01437497234801555,-0.013151386034232913,-0.015959945788789443,0.0008940258373184458
0.29123728700284124,0.00012548685453385005,-0.017990814258501672,-0.016451874291004562,-0.008614264117969757,-0.006473208882212166
0.29131618027305695,0.0022289923561109835,-0.017184548629280785,-0.015753889443881817,-0.014897299855054388,-0.0017524864100605694
0.29139507354327265,0.00690272599108949,-0.015968736826163787,-0.015860352819831745,-0.01144230624016571,-0.004142172602238689
0.29147396681348836,0.01237331410313943,-0.014296165336521935,-0.013856349068963773,-0.010707041469939694,-0.00314331245473262
0.29155286008370407,0.01668594394619462,-0.010927553797176415,-0.010690819213811204,-0.010270831956820723,-0.0010807860750776247
0.2916317533539198,0.01846947387091627,-0.008264139515950907,-0.008939604371385386,-0.01685472818885954,0.004624951063551758
0.29171064662413543,0.018435359682359927,0.0008015757865204343,-0.0017758502763385892,-0.019330913814760677,0.011608184692810483
0.2917895398943511,0.018519717309902862,0.0031449670006631412,-0.0007254049386442857,-0.025066842958182206,0.01622656008315463
0.2918684331645668,0.017935921469681315,0.0033998599220091312,-0.00010162716319638606,-0.028667831605418543,0.019099834316663504
0.2919473264347825,0.015446009748514986,0.004707634538872162,0.0025340094400286913,-0.021180808894240902,0.01604982405018632
0.2920262197049982,0.012728058923451262,-0.0044865138872900445,-0.0055868547531092334,-0.01889682570666773,0.008484153434664037
0.2921051129752139,0.012249766876832258,0.004322038457441914,0.0019257247106464087,-0.01719789642175575,0.012933363630684985
0.2921840062454296,0.014700932921634333,0.013583110939348187,0.009322250607033667,-0.013780091188227518,0.016146030827290467
0.2922628995156453,0.019108154567545554,0.012093480523179273,0.006689838524246593,-0.01950165160619829,0.018015878493181023
0.292341792785861,0.024102622524421725,0.016255059528966814,0.009891649283261679,-0.019571230134088027,0.020442362021312648
0.29242068605607663,0.02862509363026009,0.015463229317061832,0.010145797971535614,-0.019426434441864555,0.020534423951582528
0.29249957932629234,0.03277175617465685,0.019181040218656478,0.01283859484018782,-0.01799808150400411,0.021580674453586666
0.29257847259650804,0.03688004985271499,0.019531955952537313,0.015150995035015886,-0.021881024114091818,0.025896147497754138
0.29265736586672375,0.03841962532417807,0.02349230175124462,0.021668165959807917,-0.02023640110839509,0.029639912556480914
0.29273625913693946,0.03474744520169503,0.010915755026837207,0.011727228305885308,-0.015259974476223938,0.01892347208545986
0.29281515240715517,0.02786523209315384,0.005284071189478897,0.007224646157019639,-0.020409910838089688,0.01902093851201325
0.2928940456773709,0.021618221104350355,0.020131589438571226,0.020932524682518047,0.008364885770216988,0.009972868127719737
0.2929729389475865,0.0179701901186076,-0.00912018587233886,-0.006670432627010225,-0.005713765451496679,-0.0011386686297031644
0.2930518322178022,0.016340633483296653,-0.0056913908616870726,-0.0021812786941831663,-0.013242043071966938,0.007233994352379556
0.2931307254880179,0.01540630300165146,-0.007142015334998215,-0.002102636472271474,-0.006840251133312007,0.0030110096464007804
0.2932096187582336,0.014835854075286273,-0.013428251215523674,-0.009154128417966274,-0.01793678458255291,0.005189192226630314
0.2932885120284493,0.014849053947016574,-0.006702844277738716,-0.0054544211669775855,-0.014245986802288692,0.005471733100568247
0.293367405298665,0.014788743888859462,-0.0031313079726570155,-0.003525542000663605,-0.01150803163397418,0.0050747554135717535
0.2934462985688807,0.013071070441529034,-0.010025993639055684,-0.009903112998021251,-0.01745742694975017,0.004311533410186483
0.2935251918390964,0.009210713285224933,-0.007125272975433474,-0.0037271976965313394,-0.010556111281476361,0.004288171765709751
0.2936040851093121,0.0049790835013853495,0.014301522096400744,0.015451843558473843,0.010345425859327717,0.0045718095710979645
0.2936829783795277,0.0031491519524604644,-0.013182695476115856,-0.008893357724039541,-0.01354665363764222,0.0024467420691341433
0.29376187164974343,0.004863307333391843,-0.011663520165943369,-0.009113956903382566,-0.011122980654625839,0.0006617470868918927
0.29384076491995914,0.008354258045399581,-0.0046426574820016804,-0.003677293998130054,-0.003104625201184592,-0.0006579557096287256
0.29391965819017485,0.011191715897286767,-0.014129749776654758,-0.011621681648127886,-0.008308504631559242,-0.003085318717168016
0.29399855146039056,0.012523705800378041,-0.009964840966799253,-0.008944782987788091,-0.0002412208486129031,-0.006489315109740447
0.29407744473060626,0.013619514352355483,-0.014464520929848568,-0.012838394655116263,-0.007207446431901402,-0.00472644331249874
0.29415633800082197,0.015162101251833732,-0.010960089234753289,-0.01080176859081226,-0.008682810381428069,-0.002225270909692234
0.2942352312710376,0.015450491472720328,-0.009418052105024811,-0.008991453940561943,-0.006528247104960287,-0.0023198784327380295
0.2943141245412533,0.013204669504778705,-0.003038891157329749,-0.0015955759370929004,-0.0038926702568609587,0.0014168318883464245
0.294393017811469,0.009157140624304106,-0.013019124045338172,-0.00884149885092513,-0.010511419479878693,0.00045536094450000087
0.2944719110816847,0.005032300811403935,-0.019415852253771206,-0.01614421151825526,-0.016236205261691176,-0.0011473968767383366
0.2945508043519004,0.0024841368583064646,-0.004638063570274693,-0.004782446903041205,-0.012256404993521763,0.004640702423925106
0.2946296976221161,0.001796308242673359,-0.006254808065247367,-0.008824506888202027,-0.02089403113654655,0.0074125453760740595
0.2947085908923318,0.0022466345513249136,-0.00764601633714203,-0.01228870223507629,-0.021093735229898384,0.004969639792181345
0.2947874841625475,0.003712706056534236,-0.012380909050416613,-0.014793165041732493,-0.008566506976430065,-0.0052714493124439935
0.29486637743276317,0.006844400087081806,-0.01719013737389987,-0.016039637554590605,-0.010773242170104357,-0.0047229314395949235
0.2949452707029788,0.01120232768001866,-0.018424336188118933,-0.014297065006201058,-0.010212587665810983,-0.003801746722440489
0.29502416397319453,0.014698005727808397,-0.01102060071460073,-0.007036276198482063,-0.011470024146491333,0.0024388570981297084
0.29510305724341024,0.01572358783085601,-0.0055077155936374385,-0.00239067430409802,-0.008625915063243542,0.0039910365076730025
0.29518195051362595,0.014081513991374183,-0.00977830824718721,-0.0095050872818302,-0.012358586627094083,0.001197237696469846
0.29526084378384165,0.01092217510933958,0.0013048017822907892,-0.0015489333877683129,-0.010997698115474741,0.00620310002848567
0.29533973705405736,0.008258459522645143,0.0023502665208918147,-0.005225589141189458,-0.016517570594652444,0.00716127363839717
0.29541863032427307,0.007470740262097219,0.009898278500433691,-4.287199205204737e-05,-0.025643602481924845,0.017119882090813103
0.2954975235944887,0.009125261799152929,0.007407772164575843,-0.0007970571486218999,-0.026450266282610758,0.017098942671116935
0.29557641686470437,0.013402246225231769,0.006192988665598273,0.004428144305950473,-0.026195902288821023,0.02081299293361715
0.2956553101349201,0.019234040529694768,-0.0015760204375652935,0.0020799417288412726,-0.02375739850234908,0.017435998727797622
0.2957342034051358,0.02434417518855887,-0.008326969848999381,-0.002212367842983585,-0.022407591754935396,0.013341870608331264
0.2958130966753515,0.026878843525556494,-0.002047030378250346,0.0039032361002056593,-0.016588143196260438,0.013995637869744115
0.2958919899455672,0.02554163406483804,-0.013359887031398504,-0.0052810971502312565,-0.016842875717260293,0.007337592554387477
0.2959708832157829,0.020056159472532697,-0.012021110042531251,-0.0035904456127982434,-0.012773567894017126,0.005872907025807403
0.2960497764859986,0.013131827535750986,-0.013266893079832358,-0.0085751211493446,-0.013917218519517082,0.002931241669174959
0.29612866975621427,0.00784785485771364,-0.009321497933334135,-0.010590296564806248,-0.021742386936638693,0.006666818529353048
0.2962075630264299,0.003970200057348753,-0.006837128959856892,-0.011264201652557225,-0.021716128985676365,0.006148022822448217
0.29628645629664563,0.0010272651527353494,-0.005911865694448479,-0.011071836892296898,-0.018868468108106908,0.004386163712853896
0.29636534956686134,0.00013785605642337493,-0.00620475168165116,-0.009449491177288664,-0.016058478085611002,0.003713168891172215
0.29644424283707704,0.0027091487010055607,-0.015396689164501546,-0.013439096382417302,-0.014748403080803803,-0.00013026734075457377
0.29652313610729275,0.008134839808104997,-0.017728790730954184,-0.01324877131524462,-0.009441627965735782,-0.003537640808987097
0.29660202937750846,0.013471449604725865,-0.015405565904801613,-0.009978383688667344,-0.010398319017339334,-0.0004657156836153064
0.29668092264772417,0.01589845772694653,-0.01584310110546271,-0.011602496589934294,-0.005919970066814364,-0.004668274550221896
0.2967598159179398,0.01401043831531125,-0.017696631094504953,-0.013712717529569768,-0.005016543853427225,-0.006841656712779113
0.29683870918815547,0.009209555710351484,-0.02099448294845812,-0.016632824240876583,-0.004162407337751832,-0.00958442812376191
0.2969176024583712,0.005074259253052251,-0.018537207615428437,-0.01578794220859597,-0.010597436440944396,-0.004653279415308088
0.2969964957285869,0.002642022695561438,-0.013813351629065192,-0.01523700454404677,-0.01708459768591379,9.487538015452223e-05
0.2970753889988026,0.001030001147576251,-0.010350620373069346,-0.012688635415866189,-0.022256001558144233,0.005449684101078893
0.2971542822690183,0.0003502025989162691,-0.011855010211559946,-0.01269536455300325,-0.017377515301909806,0.0021813467608632676
0.297233175539234,0.0014464300858753893,-0.01981800491368857,-0.017540296676334995,-0.020118105676789445,0.00041033905962490984
0.2973120688094497,0.004007702722387665,-0.019097193318597428,-0.014204467614733242,-0.015450775352914444,-0.000229804477695003
0.29739096207966537,0.006264361530524548,-0.018269087394324215,-0.0137006214108121,-0.013843395476702918,-0.0009300463440396484
0.297469855349881,0.0067682325602934894,-0.011418441605403996,-0.008679841283818572,-0.007398875469177793,-0.0015059468667953573
0.2975487486200967,0.005168591834073652,-0.006180613197145963,-0.0064967511540308534,0.003148699884320871,-0.006935969764202718
0.29762764189031243,0.0026771493570416326,-0.015007812456442135,-0.013524088555301007,0.004867339375079242,-0.01331006893446653
0.29770653516052814,0.0011650444753059507,-0.01987528686392349,-0.017757107054494403,0.007906535181545183,-0.018489343113706685
0.29778542843074385,0.0006972531193104591,-0.021332949491735986,-0.018171567822342475,0.004119898612347011,-0.01626597921277254
0.29786432170095956,0.000370808593181509,-0.01916641255572086,-0.016723925690979257,-0.001183844664092742,-0.011643619913199997
0.29794321497117526,0.0002938296172028022,-0.02271511296092999,-0.020885832325343773,-0.010419459460347806,-0.008564472908362968
0.2980221082413909,0.00148012898795481,-0.01652178027172822,-0.014054529292054432,-0.009100308474624669,-0.004365148080860774
0.29810100151160657,0.003929895453729957,-0.013181423152795644,-0.013592160214780224,-0.008665034662961455,-0.004312338592101332
0.2981798947818223,0.0061647333086930324,-0.0027999418373687423,-0.004664447095183419,-0.011620971865991305,0.0043034580802841895
0.298258788052038,0.007268754451941934,-0.00501029072740353,-0.008715863239647632,-0.0093198059439128,-0.00024812060006571235
0.2983376813222537,0.008407943003999673,-0.00844121803849871,-0.010154867307850497,-0.013178596275028516,0.0012624352777562142
0.2984165745924694,0.01248169028967054,-0.010313967398446575,-0.010049430887888284,-0.009187546071810077,-0.001328257109957073
0.2984954678626851,0.019247082452553733,-0.00954379687000157,-0.0068897715443038705,-0.006610498412187704,-0.0007020850423926347
0.2985743611329008,0.024426976130005492,-0.005350561409415965,-0.0015979827093457117,-0.009423070447051124,0.0051135356695430605
0.29865325440311646,0.025297517293609073,-0.007805836721159038,-0.002392893389505356,-0.012056673819514372,0.006283852542406864
0.2987321476733321,0.021388968703463702,-0.008888503783671106,-0.0032535468722409765,-0.013227009668218844,0.006426679132858134
0.2988110409435478,0.014683980908484998,-0.013554554386367797,-0.0061035728967731954,-0.01787043649544354,0.007413344510112215
0.29888993421376353,0.009313087507353515,-0.008460304563048235,-0.00402213788193114,-0.01427428127202632,0.006555655040932476
0.29896882748397924,0.0062590382540676495,-0.003356375348416717,-0.0018986257321533012,-0.020155553505830384,0.012068546736993457
0.29904772075419495,0.0035793324599646677,-0.006445461989513093,-0.005933148319951612,-0.02253071030723102,0.010657646244820181
0.29912661402441065,0.0009769987715188948,-0.005626417189475738,-0.005421402674829257,-0.015184071112171548,0.006123726181973197
0.29920550729462636,0.00010010701612512976,-0.011332341688465322,-0.010361983355408297,-0.010134168289852185,-0.0009276360004544277
0.299284400564842,0.00247876072299915,-0.014597181483594865,-0.012459958084153056,-0.008579531482129895,-0.003527490029445171
0.29936329383505766,0.006746349989208255,-0.014215554831563657,-0.010767662765658749,-0.009300594406157173,-0.0017867741925030206
0.29944218710527337,0.009741927374271387,-0.011346926030897554,-0.006358939204097717,-0.0063787949672509826,-0.00046232332838728725
0.2995210803754891,0.009592805562940381,-0.007747960436218421,-0.0029089823214414347,-0.0013056236693449763,-0.0012897448676758188
0.2995999736457048,0.006880936202770456,-0.01484558023208913,-0.010239184924855618,-0.0050872299566278615,-0.00421132716088907
0.2996788669159205,0.004195643421070899,-0.009558463896011634,-0.005419070902311926,-0.008071237639065818,0.001368349706858834
0.2997577601861362,0.002900863801477232,-0.015522690021326424,-0.013295718559164726,-0.011621971694051695,-0.002114497695132001
0.2998366534563519,0.0021541632895135444,-0.015600082844205509,-0.015248347515603394,-0.014057826285892751,-0.0019378544864765389
0.29991554672656756,0.0013439239801350002,-3.738453151035805e-05,-0.003440145222460754,-0.00532916810377412,0.0010060036207109394
0.2999944399967832,0.0009508656670325836,-0.014547741034457731,-0.01713819255981834,-0.01795294956959272,-0.000738665223645974
0.3000733332669989,0.0014719913098826542,-0.012006430662709075,-0.012007633127442017,-0.020266963507661884,0.00462563204309339
0.30015222653721463,0.002334177868836245,-0.011718970414667832,-0.010991036321184705,-0.010714741414723537,-0.0010071840902657286
0.30023111980743034,0.0023655667077840422,-0.0179372498406169,-0.015315248306720826,-0.011549783092429378,-0.003664847771093351
0.30031001307764604,0.0012765663466924682,-0.01852629771974615,-0.015274380638293089,-0.006037082775740405,-0.0073206751020886895
0.30038890634786175,0.00034358741755701757,-0.012311845771311112,-0.0108615992797995,-0.007956757993992208,-0.0027552943149671293
0.30046779961807746,0.0006531354628062368,-0.015265841529884633,-0.01614039318650817,-0.005772481106010458,-0.008141674312145741
0.3005466928882931,0.0014459235211454397,-0.011045494339250748,-0.010026484911194435,-0.0002414684574343573,-0.00729345240572867
0.30062558615850876,0.001543053300259946,-0.005878429932013627,-0.00656102237016141,0.0032533457862548463,-0.00705373295096917
0.30070447942872447,0.0011235844681036031,-0.011648506376346658,-0.010236276811585267,-0.006779167619646346,-0.0030777548019262895
0.3007833726989402,0.0021579453295024033,-0.005751887755440845,-0.00552934721444554,-0.009389947753719608,0.002168262662969701
0.3008622659691559,0.005735102392978701,-0.003462648195467858,-0.004937161591032963,-0.005317012874436338,-0.00011521013326789301
0.3009411592393716,0.010058767212739853,-0.002931843167657026,-0.00346334921179652,-0.0033481382450858952,-0.00033603795455328025
0.3010200525095873,0.01293936884354323,-0.003598295638597042,-0.0035487212193623667,0.00027249825180803734,-0.002820727555158938
0.301098945779803,0.013367730916794801,-0.008934630198515151,-0.008032105322332457,0.0020632874313997285,-0.007351707005542044
0.30117783905001866,0.012693538568083853,-0.013369623983345404,-0.012562307250581,-0.00014708630250082145,-0.009242128352337007
0.3012567323202343,0.014318014329269331,-0.010645533757093033,-0.008810139629937132,-0.001173105429571398,-0.0057660609217507755
0.30133562559045,0.0182287692286144,-0.008596967191579732,-0.007524516257104561,-0.008325861521959325,-2.6929802846523236e-05
0.3014145188606657,0.02051171934157784,-0.007077530701565177,-0.005753664885601127,-0.014242663208608215,0.005246997253451763
0.30149341213088143,0.018798070473974016,-0.003027007397534431,-0.0020662308626245877,-0.017873690128350803,0.010417507116174398
0.30157230540109714,0.0137532183968652,-0.00350042711230877,-0.004580124823152184,-0.02158599257520137,0.01103170712343186
0.30165119867131285,0.008153885602918702,-0.0030405334370347263,-0.0069207056550771775,-0.02208945646669445,0.009628069485429554
0.30173009194152856,0.004409654035556748,-0.004411023724653596,-0.006597631553535548,-0.021886662264142143,0.00973264630229631
0.3018089852117442,0.0027733469996916874,-0.01202402417788491,-0.013274622306584041,-0.01673812825256936,0.001322839273791652
0.30188787848195986,0.0026647460007321816,-0.015559529131341817,-0.014703782740192678,-0.01479971467234515,-0.0010366336036461495
0.30196677175217557,0.0036959642493505306,-0.024583726404790413,-0.02132144124180586,-0.012168027870875484,-0.007719438324816079
0.3020456650223913,0.005528371221293181,-0.020922214912138224,-0.01827441010644659,-0.012621691239933532,-0.005149240375629142
0.302124558292607,0.007937288725064934,-0.01802773360094592,-0.015211688782195285,-0.0138595878176433,-0.002043161083409241
0.3022034515628227,0.010563120390036323,-0.011348709464899477,-0.007780706744575783,-0.010373843435767837,0.0011521826948072105
0.3022823448330384,0.012094831870801591,-0.010163916188662367,-0.008873789342381647,-0.014959176065191284,0.0034060327412013948
0.3023612381032541,0.011714906033763824,-0.006374726547092132,-0.00617655503252976,-0.013043336990385878,0.004130390421237029
0.30244013137346976,0.010577188392353892,-0.003901044353641196,-0.0056543445802386605,-0.011000638466985102,0.0031525232228396243
0.3025190246436854,0.010315083019798107,-0.011633375426069684,-0.012558572730777137,-0.016506554243706287,0.0017005441698842699
0.3025979179139011,0.01152487942963481,-0.01061412481878508,-0.009474778811572732,-0.017525235771866286,0.004675442915262899
0.3026768111841168,0.014703894599098691,-0.01612909624373923,-0.013056889542538917,-0.015536335175902746,0.0006809901785952597
0.30275570445433253,0.01948503550382832,-0.012777496397967191,-0.010014526240249722,-0.018426344628657547,0.0048767816666296865
0.30283459772454824,0.022927751353498622,-2.6486910801148555e-06,-0.0002795592366587845,-0.016028002059714462,0.010511315291676107
0.30291349099476395,0.022301599240248667,-0.004205530675783812,-0.00494408704380929,-0.018015362847994914,0.008372470189831395
0.30299238426497965,0.017612369795770955,-0.004629755465839413,-0.0036520689706407536,-0.017735127635024883,0.00914570883792238
0.3030712775351953,0.010510388141872407,-0.01886818841671909,-0.015290117376418092,-0.011896811588563738,-0.003414089863625654
0.30315017080541096,0.0038114976103198234,-0.024623857246949408,-0.02114268460877672,-0.014358335040478854,-0.006121893438656566
0.30322906407562666,0.0003560738378401455,-0.023661697894734657,-0.020802678252144467,-0.012513261781170432,-0.007102645588576872
0.30330795734584237,0.00027906145308775654,-0.014029647265740715,-0.014055500985580534,-0.009893587572348395,-0.0038354018696807744
0.3033868506160581,0.0018241168866367325,-0.01476952332066022,-0.015236310694929464,-0.009707524401485385,-0.004838061103820285
0.3034657438862738,0.004175306255481358,-0.007783307774981562,-0.009570558543369086,-0.006768289917048299,-0.0025899853625009615
0.3035446371564895,0.008367517762065239,0.002329209695211439,-0.003291947921763656,-0.00420807340364428,0.00036647124991833407
0.3036235304267052,0.014766809984896653,0.004069888625702415,-0.0028925440557195786,-0.004856820050855098,0.001097279715490836
0.30370242369692085,0.020501285205030268,0.017569407701634315,0.00801497959132073,-0.0038149542049303194,0.008510300903074175
0.3037813169671365,0.022837340924830505,0.015611052777789024,0.009359875555045274,-0.002446097759511052,0.008594911796730888
0.3038602102373522,0.021452847915929732,0.003140188653661063,0.001669145965873067,-0.003295743321251464,0.003444980665235785
0.3039391035075679,0.017420671704384858,-0.009249511168834355,-0.008142618413634936,-0.004782432324668492,-0.0028561507085906124
0.30401799677778363,0.012763548150729987,-0.015194548002452542,-0.014602899270345157,-0.009025637497030484,-0.00482292577119721
0.30409689004799934,0.009566306434449326,-0.012347981937055006,-0.011612883879378573,-0.017000781848433327,0.0027344837507659956
0.30417578331821504,0.008812820014287459,-0.005749498483515149,-0.007292993156093071,-0.01930703818893507,0.0074898480984449105
0.30425467658843075,0.010409251935777296,-0.0011216588310273708,-0.005177577519791973,-0.018501043643889388,0.008523735108952518
0.3043335698586464,0.013282141076802121,0.008079248918061083,-0.0003733259131726463,-0.016868211443659457,0.011003601984136115
0.30441246312886205,0.01544835659464285,0.015917299389213647,0.005075572235483828,-0.0182287710380277,0.01596450258501048
0.30449135639907776,0.015208634673869112,0.021962951796997882,0.00994688446689058,-0.021770251911124777,0.021954254803807815
0.30457024966929347,0.012066406026020628,0.016389178736222684,0.005897220678416048,-0.01567887224277749,0.014869803304495461
0.3046491429395092,0.007179219290274479,-0.00017658871509988194,-0.005860057959196162,-0.016006022915190626,0.006347325529348225
0.3047280362097249,0.0029843076420194956,-0.00939494826574577,-0.011642395407938776,-0.013719198674513093,0.0005177091471203924
0.3048069294799406,0.0008455402505751306,-0.0179139665780643,-0.016029162621696128,-0.01505987430376696,-0.0018485274844689478
0.3048858227501563,0.0002711549048598914,-0.02181509666767469,-0.02045868524352577,-0.01737579588441031,-0.003595143494646224
0.30496471602037195,0.0011538405832140373,-0.016596614655147543,-0.017037315117973576,-0.017369588767786402,-0.0010537795958944088
0.3050436092905876,0.005260783630292929,-0.0076371261227131775,-0.008763818984978347,-0.014147108654075551,0.00294467290342072
0.3051225025608033,0.014077027289911115,0.0004786816953566921,-0.0034708341584772737,-0.018474996035652877,0.009775377868399918
0.305201395831019,0.024952026198760312,0.02422401694079021,0.016631805220880983,-0.014897286803337101,0.02232672064969107
0.3052802891012347,0.033400171969298134,0.025229006282469504,0.017551326376404174,-0.01814661630596807,0.025182860080883305
0.30535918237145043,0.036511056597864716,0.02079627040482886,0.01498743618897054,-0.019531221638157088,0.024203128078641795
0.30543807564166614,0.034077235581536046,0.014818355959528387,0.012142600363784945,-0.014188522396014501,0.018515732573977147
0.30551696891188185,0.02961173697648098,-0.001471561603020035,0.0014595349866522145,-0.011840310990279669,0.009003406507543029
0.3055958621820975,0.026411595788415544,-0.0061727521923394015,-0.0011764661617208066,-0.007875454756194581,0.004391933758159653
0.30567475545231315,0.02270789655168703,-0.0012854200758612843,0.0018141187558018042,-0.006306187979193369,0.0055659689271453944
0.30575364872252886,0.01589553115755282,-0.0049907202747980816,-0.003839050682708599,-0.002024042525129001,-0.001500841261645992
0.30583254199274457,0.007177073388662689,-0.01593058396609979,-0.014489774941969964,-0.0036145121803579793,-0.008356992616650662
0.3059114352629603,0.0009934908047862536,-0.024477091937444552,-0.02138752627347243,-0.0017791326015550101,-0.014714057155893797
0.305990328533176,0.0014316166698522179,-0.023948949775904043,-0.02116557074323798,-0.0020050881671028207,-0.014397922815229714
0.3060692218033917,0.006835506023112096,-0.01752753793151593,-0.016932598040525215,-0.006890061031350368,-0.007983635339002013
0.3061481150736074,0.012682579272206541,-0.007748250125755132,-0.009715171341186353,-0.007156771676818556,-0.002437736092567647
0.30622700834382305,0.016057224695018194,-0.005706297210645091,-0.006808202425438934,-0.008140341417690286,0.0003816454324594396
0.3063059016140387,0.016490369643363215,-0.008831450960627216,-0.007915718063855628,-0.008835471358368166,2.297643677348818e-05
0.3063847948842544,0.015968619466755683,-0.008985374684990851,-0.008901675586561705,-0.012981210124049002,0.002062380334440303
0.3064636881544701,0.015841991320926348,-0.00625495080188408,-0.00827463717565028,-0.013220180008737259,0.002688500647672629
0.3065425814246858,0.015093581534550647,-0.0015264450867565466,-0.005865569829285401,-0.015193414905677011,0.005799698808312517
0.30662147469490153,0.0142469349291121,0.0016999702413433733,-0.003807600346290935,-0.010996567443719183,0.004522964458613556
0.30670036796511724,0.017009366455839416,-0.0036859788757831924,-0.004074563016894329,-0.016749082030702907,0.008171994686890392
0.30677926123533295,0.024880277527894446,-0.00843906153772573,-0.006245732997065935,-0.013368451896484208,0.004296395348465541
0.3068581545055486,0.03315158210384415,-0.005846396037627366,-0.003105539380571883,-0.0116674382529686,0.005493655166604721
0.30693704777576425,0.035639337780552095,4.958606442504454e-05,0.0019830093178172274,-0.0138566858097319,0.010741169354366161
0.30701594104597996,0.031414532894633584,0.0013138010481201095,0.0036794096712273318,-0.014636330869073387,0.012523787740747725
0.30709483431619566,0.02519710921722836,0.0010540920298546055,0.0019709661720536563,-0.012568416432675056,0.00987059844281534
0.30717372758641137,0.019868746007091275,0.0026813412453961715,0.002181274363089114,-0.011539961226930153,0.00933912213612642
0.3072526208566271,0.014581134402692408,0.0027542975860883824,-0.0015298795643747462,-0.012639440915133297,0.007315281553582969
0.3073315141268428,0.008726208186355418,0.0015374259642385517,-0.005566732255053305,-0.019624667631732408,0.008986002935353028
0.3074104073970585,0.004125084486380988,-0.0019501014168754778,-0.010037099687566496,-0.020242434911004185,0.006074831660169967
0.30748930066727415,0.004751474170361658,-0.007012086569751398,-0.013109614048480515,-0.019973528391571408,0.0036096761872787416
0.3075681939374898,0.013111180937207412,-0.0005460841504537472,-0.004547138908284111,-0.018423385156878556,0.008940564761217077
0.3076470872077055,0.025437534294054064,0.0021378728995451683,0.0004906450961940725,-0.023242768068852396,0.015910209312630832
0.3077259804779212,0.034678702641215566,0.005486737692699836,0.006203223786213162,-0.021218944136912016,0.01880286659709128
0.3078048737481369,0.03692151713063273,0.006474682924546331,0.008802529279707504,-0.021357143502551967,0.02082737126082586
0.3078837670183526,0.035357837307904226,0.0015400565411322034,0.004891413240910074,-0.021758643607342063,0.018188783755627196
0.30796266028856834,0.034729106198814114,0.004172301392984355,0.0069886717138711,-0.023167703320497463,0.020690297859681135
0.30804155355878404,0.03381539806693798,0.0076064833398644185,0.007306157534143137,-0.02772660176035908,0.023976240292398403
0.3081204468289997,0.029353737916651374,0.012173581931716783,0.010082166560286184,-0.026307917659551643,0.025090198440427553
0.30819934009921535,0.020904121610993535,0.004311637459715282,0.0023615375724279444,-0.021215242400159855,0.015944644213516008
0.30827823336943105,0.010434355516789057,-0.0031815664329165375,-0.005188513179681025,-0.014601398109500077,0.005907172988938606
0.30835712663964676,0.0025877551708744775,-0.01279250571785558,-0.012665655022166798,-0.01165801221040059,-0.0016217920609835914
0.30843601990986247,0.0006963345469493452,-0.016229626889270852,-0.017432558832935117,-0.0022670769279896064,-0.011446394513183694
0.3085149131800782,0.002334713672568238,-0.009356521711454778,-0.011789782814554903,0.005872327572191915,-0.012692575533813973
0.3085938064502939,0.003710071102194117,-0.007154210472839351,-0.010456829349565546,0.011398247414559923,-0.015396657805064856
0.3086726997205096,0.0037235246790053673,-0.014962996457073257,-0.016653073368974747,0.01242004316512869,-0.020686191104600713
0.30875159299072524,0.004094901443362126,-0.018594801062353245,-0.018586526764030564,0.00804126557877794,-0.01919609134903052
0.3088304862609409,0.006213919483351524,-0.01801381547910839,-0.016850110238941875,0.0037518808375947535,-0.01503733094871232
0.3089093795311566,0.008683575556096983,-0.016967272484094544,-0.013995970295611636,-0.005962254293364902,-0.006419948677401799
0.3089882728013723,0.009593472064357397,-0.020771516848295684,-0.016409646266455833,-0.014181546803540673,-0.0027189514185871513
0.309067166071588,0.008845738237467649,-0.023774447083487533,-0.017210075784611846,-0.02019691213471787,0.0007087329855403589
0.3091460593418037,0.007807269440487052,-0.023688229021608165,-0.016815997118860827,-0.0220485372846917,0.002240491193885492
0.30922495261201943,0.007615125471546826,-0.018690693893295002,-0.015248868952877493,-0.017200971541575655,0.00016388408994016075
0.30930384588223514,0.008339412116402115,-0.012825331006587776,-0.013494838305358647,-0.018433602442601536,0.0022930766472043906
0.3093827391524508,0.010215120435507964,-0.00538769543432215,-0.00937556961467358,-0.014361089370425576,0.0026328523901195666
0.30946163242266644,0.014338059903765963,0.002324930814019511,-0.003400791675880062,-0.013277204218926713,0.006350768779767116
0.30954052569288215,0.020583497900745113,0.009789155247863274,0.004163420810967345,-0.013920622766621565,0.012404934063369287
0.30961941896309786,0.026029637864261265,0.004498431242099085,0.002796595947527984,-0.017238754141635438,0.013608120658767995
0.30969831223331357,0.027179553668898373,-0.002534530943324197,-0.0019783773288725515,-0.014434241784626978,0.008182245765984399
0.3097772055035293,0.02251801079200495,-0.00989466187712339,-0.007962988436518596,-0.015181850643828416,0.004232288054710155
0.309856098773745,0.013986625623271895,-0.012013596454381988,-0.00892365316324869,-0.012880419814947235,0.0019786273466693566
0.3099349920439607,0.006887291027816918,-0.021656010817454694,-0.01659239380710549,-0.018633335444790428,0.00012244675598968883
0.31001388531417634,0.004638660219342868,-0.02204322157214692,-0.016197578656839594,-0.018500344494640067,0.00032721220668919496
0.310092778584392,0.006700737716573256,-0.017555362571616093,-0.013262192548143556,-0.01629866697453546,0.0010381557198247467
0.3101716718546077,0.012087226507337779,-0.00916824421447529,-0.009089037400716631,-0.017116593062962503,0.004688977880129341
0.3102505651248234,0.021303713601746602,0.006864890669080518,0.0027732678031990483,-0.01846808822609383,0.014413066885617297
0.3103294583950391,0.03401776510578062,0.024012290940541248,0.016648029180234742,-0.017434923886124085,0.02403557858320128
0.3104083516652548,0.0473019285846375,0.03056766256372136,0.02461778976053221,-0.021574530599406463,0.03272662467556001
0.31048724493547053,0.05747527546143204,0.03613668688469389,0.0322469427832648,-0.02133821264765082,0.03823848175535327
0.31056613820568624,0.06045913766960647,0.026717416954767433,0.02710114620447269,-0.02645219453252947,0.037832769411699316
0.3106450314759019,0.052960928426385376,0.019281231864789698,0.021799225767768736,-0.020869598596359014,0.030160663671293445
0.31072392474611754,0.03779555180762935,0.005812619093225565,0.009627525155477391,-0.01861008906519301,0.01960319699153106
0.31080281801633325,0.02353894858979673,-0.01400661623334426,-0.008411654707661673,-0.02128180657775447,0.007978993031878233
0.31088171128654896,0.014631781798606294,-0.01838641662901408,-0.012686996176568925,-0.023573812587015346,0.00633252635810168
0.31096060455676466,0.010243664131730832,-0.016957223971533025,-0.015118285846750274,-0.022042508895917353,0.003499490939924978
0.31103949782698037,0.008493665896254334,-0.007357029368391365,-0.008725997242915142,-0.018299624857557577,0.005750293277605769
0.3111183910971961,0.00800597154447349,-0.007211569901510194,-0.010185101474322354,-0.01513059119052368,0.002545483836803044
0.3111972843674118,0.008941712085897176,-0.001448357342929008,-0.0045726716405561614,-0.014222471115084342,0.006111648697530241
0.31127617763762744,0.012759567056783452,-0.003028350379498498,-0.004491825312370981,-0.011058566656429182,0.004055674271157374
0.3113550709078431,0.018442793305080803,-0.001981774295983611,-0.0026990534737937138,-0.0023992963989210242,-0.00040228949298293357
0.3114339641780588,0.022291838759637153,0.002255418147938195,0.002595149730948285,0.0018133104221972438,0.0007169017008611785
0.3115128574482745,0.023354896872380425,0.0034356685502344225,0.004770220674579166,0.00019427418581884762,0.003416789771529898
0.3115917507184902,0.02425979226727845,0.0012976120413646804,0.00355981727668464,-0.006699124844621763,0.007126643252680932
0.3116706439887059,0.026534429085741457,-0.0003229572246600591,0.004953980823999748,-0.011140953218689553,0.01113364433992336
0.3117495372589216,0.030480382304648904,-0.007276028025806259,0.0007173947758373,-0.010707624094130883,0.007694105884805832
0.31182843052913733,0.03607630949071494,-0.006540610195946833,0.004219845134332853,-0.01703633105160887,0.014530780612558246
0.311907323799353,0.03992438246669617,0.003020178933755676,0.015104263061572724,-0.024941346815081547,0.027908214292510242
0.31198621706956864,0.03797767024427189,0.006032907558680678,0.01639713751101786,-0.02551936551978442,0.02925556364910624
0.31206511033978435,0.03070334065912569,-0.000557284294018393,0.007773027610223862,-0.022179710955560556,0.020612385859504943
0.31214400361000005,0.021162526751581062,-0.0011782918930304679,0.001330356207229298,-0.01601598375838806,0.011700190769028663
0.31222289688021576,0.012234390880218124,-0.0005451295461966505,-0.006168857387660157,-0.011628941624411788,0.0031901492741359568
0.31230179015043147,0.005947265384148469,0.009132265926522085,-0.006568547532359033,-0.011400751865041686,0.0027403303691450774
0.3123806834206472,0.0032619441914398923,0.024639466329321687,0.0010635353769183184,-0.009227563749325094,0.006961617867384886
0.3124595766908629,0.0035269085145158553,0.028089345786146726,0.00544239219248117,-0.011629539085195763,0.011823499734109651
0.31253846996107854,0.006348681810435616,0.01854363207670927,0.003161433640264322,-0.01212573288319799,0.010459589101419968
0.3126173632312942,0.0127085361171242,0.008300452435539245,0.002345732289104048,-0.011174204025114647,0.009216775169594465
0.3126962565015099,0.02218580149794519,8.574162762263936e-05,-0.00012271776779976395,-0.007635974161746043,0.0050152438208186795
0.3127751497717256,0.03064971184197872,-0.003028392042009722,-0.0001535519709881561,-0.007349101091050778,0.00480046907854623
0.3128540430419413,0.03379740808842075,-0.0018691812869335077,0.0024714463933211733,-0.007578732390412685,0.006905696490397648
0.312932936312157,0.030718692099075028,-0.008094656650962984,-0.0020607472580330527,-0.011439149193641166,0.006117803038935613
0.3130118295823727,0.02454062600375576,-0.007710765984229117,-0.005487164746539761,-0.017174437814275526,0.007406144763811018
0.31309072285258843,0.01947516394207884,0.0070579086192472705,0.0014694542711542764,-0.021155077459281,0.015241216269621813
0.3131696161228041,0.017709200132213554,0.028594565021220413,0.014149206880023664,-0.023573431295556186,0.02628354369086808
0.31324850939301974,0.019418797190001176,0.049348713408887766,0.03022576488651959,-0.02650067858489881,0.04018672484973674
0.31332740266323544,0.023845511545444485,0.05311260451286854,0.03697703090182771,-0.03096678541494634,0.04818694822141881
0.31340629593345115,0.02969242520386785,0.04140866324355542,0.031597470304712987,-0.027636566766978073,0.04196506857593191
0.31348518920366686,0.03514109845381067,0.02069749970666093,0.018193743048487004,-0.02506259930024768,0.030285112382613288
0.31356408247388257,0.037672075428537406,0.013735073102837317,0.01636210999021707,-0.018723860741311823,0.024684955188836174
0.3136429757440983,0.03474334634854046,0.008263346160948221,0.011084624952279357,-0.00794596805821838,0.013554874722037156
0.313721869014314,0.02667813525428866,-0.00384473829476686,-0.0015835381907384934,-0.008479900937539891,0.00449350593368248
0.31380076228452963,0.017443384501034994,-0.009707839777277884,-0.010991646858511232,-0.010629303432425198,-0.0010647752615788625
0.3138796555547453,0.010108610812808961,-0.006098958382141288,-0.011102696335434602,-0.012987494935745324,0.00042973194482164256
0.313958548824961,0.005279730134821678,0.0041855860428916866,-0.0036926490209886133,-0.019457153812210446,0.010267453220562443
0.3140374420951767,0.004316571530941145,0.010446588352873414,0.001608250663781815,-0.021270225577749567,0.01542142996832551
0.3141163353653924,0.010616618588224238,0.009812882739719907,0.003194098384593644,-0.021759702719589116,0.01692778270074927
0.3141952286356081,0.026724473276795203,0.012316544257419737,0.00620340324157718,-0.015508121218283669,0.014983214147200916
0.3142741219058238,0.04946201773036699,0.026127247878846245,0.018650699371729754,-0.007388191157235948,0.018807202030489665
0.31435301517603953,0.07076069799408007,0.03915516693460862,0.034631234207619196,-0.006991827535928804,0.03042626657841464
0.3144319084462552,0.08261033888218337,0.037921890172222895,0.03806209537877684,-0.007472781650731669,0.033299628554610126
0.31451080171647083,0.08122573526653444,0.031759917201813696,0.035839711811745806,-0.004736716697387484,0.029818811574720827
0.31458969498668654,0.07028492278169661,0.017092137025637475,0.024855464392091457,-0.003004998544503625,0.02049121091391279
0.31466858825690225,0.056561031448949146,0.006486042362108268,0.014161948192345737,-0.008464807702910528,0.016189670634965774
0.31474748152711796,0.04247330070417569,-8.073235339348052e-05,0.006857976772508376,-0.014526567740601206,0.014813348311369115
0.31482637479733366,0.02803277090709267,-0.010288009529113054,-0.005165435160730884,-0.02056132798491639,0.009910995771299124
0.31490526806754937,0.017145575125608017,-0.013097877257072683,-0.009910683837754616,-0.01689666152809974,0.0039308169941734495
0.3149841613377651,0.016693276632422975,-0.004380224055378708,-0.006263781095138344,-0.011701708312862371,0.003168231645728695
0.31506305460798073,0.029302930593746446,0.020817576261449238,0.00868692145662537,-0.0032967771125103026,0.00866339364574977
0.3151419478781964,0.047490851173423505,0.051043731710570535,0.027736302784098256,0.0016461395600562627,0.019525516866336606
0.3152208411484121,0.05996867504598469,0.0740824284813406,0.04419593041150608,0.005370347216594252,0.02928860703906254
0.3152997344186278,0.06138416072904447,0.07974912383728217,0.04974246597274907,0.011796070748058012,0.02913092375805245
0.3153786276888435,0.05519933903657181,0.05903580658579196,0.03994476500063419,0.005044509156263582,0.026340661970184396
0.3154575209590592,0.04765197746081308,0.03558194405065277,0.026068291988435535,-0.0009215970605253786,0.020000818298442927
0.3155364142292749,0.04109090894563148,0.010504053372410806,0.008581983440171614,-0.0030352117631742,0.008410465727626416
0.3156153074994906,0.033911987914026366,0.004648876673473315,0.0033300544894669564,-0.0056512668309143315,0.006255075166837868
0.3156942007697063,0.0255420028304045,0.007743863499969885,0.003855335765477997,-0.008836904643403429,0.008775989888419692
0.31577309403992193,0.019013114269356382,0.0035064734410026593,0.001139727115674467,-0.01520563175931319,0.011016455526677618
0.31585198731013764,0.018255545920073928,0.007807435073487977,0.003174176989559879,-0.0167709054216498,0.013575889887868578
0.31593088058035335,0.022035990084174624,0.030032618071424256,0.017245705553469996,-0.015088234887827099,0.022910730196990175
0.31600977385056905,0.02433563161968308,0.053615985320161964,0.030599567544277007,-0.019764989998754926,0.03596279671848114
0.31608866712078476,0.02271497925184131,0.06589874682870454,0.03668204028785099,-0.020492981991577897,0.040970119615229984
0.31616756039100047,0.020868669157499947,0.06201187990717267,0.03445291209932598,-0.020315474443579187,0.03919466671205725
0.3162464536612162,0.021224478157523943,0.03846900543369589,0.020434860143327842,-0.02008978019723474,0.028625283329565612
0.31632534693143183,0.02093311222523694,0.020745559671494097,0.011052403008401043,-0.018612809539074092,0.020664130550760974
0.3164042402016475,0.01704146369840627,0.01076718401387996,0.00639923722955543,-0.015565368148332315,0.015167082136578651
0.3164831334718632,0.009882745185759373,-0.000268691792141639,-0.00206046935287985,-0.014381733838870626,0.008086089295112665
0.3165620267420789,0.002794714680500184,-0.014214366905513453,-0.015771436105813417,-0.013207934666035011,-0.0028953144788730093
0.3166409200122946,0.00011471274565562094,-0.015444513404898637,-0.018825123046763127,-0.015197274642490056,-0.0038366140627519025
0.3167198132825103,0.0027162959145772604,-0.0024434756744531067,-0.011047001933702165,-0.01332609907679259,0.0006976088555955114
0.316798706552726,0.007442501894850985,0.00940250636654797,-0.003948276221644319,-0.012565605594982451,0.005467753796541367
0.3168775998229417,0.012034347509753063,0.019543393445551515,0.004439820289276901,-0.013835751377521981,0.012553653219198263
0.3169564930931574,0.018524533308423744,0.01496787757529041,0.004071935294658057,-0.01257881291926706,0.011439513363555753
0.31703538636337303,0.02984533085726305,0.01300280119893201,0.007786220377205762,-0.013885780191114847,0.015074847398993431
0.31711427963358874,0.04203430571188827,0.01924219099321847,0.016528313373187765,-0.010859510176805918,0.019550065802796866
0.31719317290380444,0.04796583987980836,0.019495855588422248,0.019162014850918584,-0.007605442395876889,0.019332613358117576
0.31727206617402015,0.04484603993568226,0.012652213540251256,0.01570193330841473,-0.008848381348805714,0.017591057164381252
0.31735095944423586,0.03402862720449004,0.0034910261356935384,0.007227480481279206,-0.007924713541726249,0.010673031015304086
0.31742985271445157,0.020069835854870502,-0.004890839743235334,-0.0008947316644537912,-0.012340900578223298,0.0075878467026611034
0.3175087459846673,0.008988759034852068,-0.008839673607292932,-0.009228004840814324,-0.014548189789260575,0.0028677307825276336
0.3175876392548829,0.003934225667979717,-0.004127943461949937,-0.010098635906621923,-0.010097055347690067,-0.0007566145700366684
0.3176665325250986,0.005119419341881173,0.0012905473606082286,-0.0047825831485383925,-0.01271310650809064,0.004946051560313365
0.3177454257953143,0.013106503395144114,0.001981014779919952,-0.00124424357874243,-0.012065326050156222,0.007143675617748709
0.31782431906553,0.028350284282665603,0.011015997762853892,0.010048066395672366,-0.005301922117721714,0.011016210332583381
0.3179032123357457,0.046384047126711306,0.019260757116273546,0.016481311709487013,0.0010600572440520493,0.01154595876626023
0.3179821056059614,0.05902999810530294,0.03741624849704671,0.028400995376536484,0.009988778277111459,0.014444244947143354
0.3180609988761771,0.0619736199779964,0.04897272585904252,0.03563414134719309,0.009230212169778524,0.020335168280280064
0.3181398921463928,0.055968916837547636,0.04652186676395124,0.03161962017675999,0.007898967277227102,0.0182363911210361
0.3182187854166085,0.04472254360477866,0.030956204850155905,0.01865029698057186,0.002643658666330279,0.012100277647543753
0.3182976786868241,0.03351209819754088,0.015608454774437555,0.008173070950746295,-0.00549997109879524,0.009754604663861058
0.31837657195703983,0.026771466799698367,0.004301625549561272,0.0020377708204150037,-0.011854043559975984,0.00944248978281706
0.31845546522725554,0.02607118283232371,-0.00671428416527738,-0.005431552524094966,-0.01441141309420255,0.005599382642863518
0.31853435849747125,0.030909369077970417,-0.004692329517300975,-0.0021613853390461814,-0.017018167427410906,0.009774495090007171
0.31861325176768696,0.03885993551476957,0.005941048916339601,0.0074939046955383335,-0.013361826314107848,0.01450713456789
0.31869214503790266,0.045103989137670726,0.009129872834614363,0.011015521124246367,-0.014942973316224909,0.018182432428475764
0.31877103830811837,0.04494272874100361,0.01652400778328101,0.016692186033886076,-0.01367443122940464,0.021553968990523007
0.318849931578334,0.03686161723555953,0.020440403172243087,0.015044553783940661,-0.00888737423588283,0.01712839113840566
0.3189288248485497,0.023497683729522992,0.01964858402053653,0.007091141428389184,-0.011413724132929511,0.01290489782385673
0.3190077181187654,0.01069410721450048,0.027465867046299008,0.00873389101397162,-0.01342306458502917,0.015469888553592336
0.3190866113889811,0.0032018793290683883,0.025044423071089138,0.006971106792572184,-0.021156538882460104,0.019331901887268056
0.3191655046591968,0.0011651926998404259,0.013326451112773028,0.0005933825225714508,-0.025066370700696953,0.017206667273917495
0.3192443979294125,0.0022183946879427885,0.004995339322497097,-0.002804706050664397,-0.024723565713503776,0.014450966007007916
0.3193232911996282,0.00499958569697507,-0.004876887807852537,-0.00732341716804449,-0.023067490844245066,0.009982924869536025
0.3194021844698439,0.009550307644323554,0.0015019717611184143,-0.0017608007608388382,-0.013935663315316064,0.008010544179560656
0.31948107774005957,0.014946806308247846,0.0049833982590786596,0.002502415127741353,-0.012195118963540844,0.010016045286852468
0.3195599710102752,0.018613209786360618,0.003867668365220176,0.001880686634196899,-0.007516843104003295,0.006425088151371453
0.31963886428049093,0.018099666135602877,-0.0009760997806030683,-0.003254957775221383,-0.0070144377810509185,0.0022707198254662097
0.31971775755070664,0.01299017379679725,-0.0028854384583518753,-0.007367250532534919,-0.00791570691716674,-0.00018427948377121338
0.31979665082092235,0.0062258292741468645,0.003521472386206973,-0.0021669769070748906,-0.006904162293095123,0.0030059123954547877
0.31987554409113805,0.0017397458523796825,-0.0009913109867103354,-0.006362146480471458,-0.011915523419117585,0.0032380884270936266
0.31995443736135376,0.00020072193731661723,-0.010327294971027618,-0.013963792185623209,-0.011435614870981945,-0.002736005617526155
0.32003333063156947,4.68830462668241e-06,-0.009807051000384174,-0.012448197877280427,-0.0125576747718082,-0.0008584014834734243
0.3201122239017851,1.6189591256338083e-05,-0.012380892578903225,-0.013580635372845295,-0.012968885233745333,-0.001425651762079504
0.32019111717200077,0.00020982353720712103,-0.012801001644603698,-0.013502497312755057,-0.011344218529122487,-0.002454034495344181
0.3202700104422165,0.0008075099776863275,-0.01214048606898888,-0.013131964634226643,-0.010049320112953867,-0.0030443940467862816
0.3203489037124322,0.001399459239076472,-0.011605083432707112,-0.01348819765932756,-0.013245310807184024,-0.0011720345026716926
0.3204277969826479,0.0015251991269983297,-0.00721673447788938,-0.012868316040500274,-0.009513445666659967,-0.0032066642297072494
0.3205066902528636,0.001136130717076767,-0.009791088635009203,-0.015320608403968655,-0.010906522121113503,-0.004098991623534134
0.3205855835230793,0.0005873634350851735,-0.014735819040056285,-0.01705833568475225,-0.016217756161004643,-0.0018397603490337125
0.320664476793295,0.0004888674287958475,-0.021202100881392932,-0.02034482330451437,-0.014418498262760463,-0.00548803442501991
0.32074337006351067,0.0015540164623578786,-0.02480189346918823,-0.02166489009803357,-0.014767899658553503,-0.00623657763249507
0.3208222633337263,0.004628945552255083,-0.014453561658160785,-0.012916199406488624,-0.010838828546926034,-0.00235595511083868
0.32090115660394203,0.009760950251867722,-0.00806188118053163,-0.010738846143034117,-0.008149179414333671,-0.0025353320625472356
0.32098004987415774,0.01640836014874657,-0.0007090116644767599,-0.006517073026904935,-0.009262427302287789,0.0013485322746379553
0.32105894314437344,0.02330685746563111,0.006787852927087704,9.094483613383557e-05,-0.010593773240243617,0.007152206289256605
0.32113783641458915,0.02717623058831946,0.008909605178169534,0.003979747821846565,-0.011153169766742618,0.010417526121473968
0.32121672968480486,0.025672984925582194,0.006162989693342773,0.0037035159787618625,-0.012040963373379026,0.010805905311804979
0.32129562295502057,0.02131203392899466,-0.0028617955152263376,-0.0032309965406251344,-0.015003297288141725,0.0076315090839038525
0.3213745162252362,0.017312855874169388,-0.01585996994615445,-0.013681531115940823,-0.015222551727306332,6.52348918706032e-06
0.32145340949545187,0.013632768647008249,-0.01712644591211509,-0.015229798224573552,-0.015088255845660703,-0.0012349312010308438
0.3215323027656676,0.009998617520231692,-0.01993896472763056,-0.016085174009684164,-0.013497489356545662,-0.00293504971159044
0.3216111960358833,0.007835771306458158,-0.026423436233779834,-0.02103224533654039,-0.010070788436299053,-0.008906517813329106
0.321690089306099,0.008534780866926668,-0.022122606758466896,-0.01729266594719318,-0.008006193819456522,-0.007505168571033058
0.3217689825763147,0.01246889506973446,-0.0040536564992888924,-0.004281059807907425,-0.010120193538144352,0.0035848121595612767
0.3218478758465304,0.018546703924511722,0.011578369152914304,0.0035221893565489646,-0.011277337002403957,0.010160394912291608
0.3219267691167461,0.022760316107901735,0.020709627589199295,0.007949684802400117,-0.012531169771918678,0.014290449707751292
0.32200566238696177,0.021228344678189216,0.021135708218416833,0.009192340526354254,-0.01464972645891128,0.01663103661393684
0.3220845556571774,0.015405924392914718,0.01499268289374166,0.0064501719963231015,-0.01414819030804834,0.01425713107316043
0.3221634489273931,0.00962978555728097,0.006420245664356724,-0.00021187099081595976,-0.01706323982648292,0.011254092254352371
0.32224234219760883,0.00603077794840533,-0.004241070385228165,-0.007520052393153688,-0.023192420849030088,0.009920279084386887
0.32232123546782454,0.005195122623399417,-0.011014536304828848,-0.013049202531303145,-0.015462596707746983,0.0006373899164659745
0.32240012873804025,0.007955288362387347,-0.017564479010074737,-0.01555752479908312,-0.014027926119961403,-0.0021878287007026363
0.32247902200825596,0.014744116189529033,-0.017547890496200876,-0.01233137249307459,-0.012788631875324617,-0.0006170562621021076
0.32255791527847166,0.02451384709019827,-0.00863238518769807,-0.003217804910657761,-0.010016129446456036,0.004305789795292204
0.3226368085486873,0.034053373074173235,0.0025810307230088154,0.004894230060164238,-0.004998434843758897,0.006981449927392163
0.32271570181890297,0.03772333221160136,0.013245144015115794,0.010883030961586406,0.0020259077720526835,0.006737151045602356
0.3227945950891187,0.03164084947762138,0.010160723292613109,0.00736746995339071,0.0010176215886891966,0.004797338069171161
0.3228734883593344,0.01946500971584722,0.0024484189169786965,0.0005348729999309339,-0.0005880827135395908,0.0007909493881265182
0.3229523816295501,0.008918462020575097,-0.006058675340757126,-0.0065386009862056765,0.0003765284328188343,-0.005113320170795984
0.3230312748997658,0.0035133995347554434,-0.013253648369580468,-0.01344025075015158,-0.0031241989817533,-0.007904352816083168
0.3231101681699815,0.0028287732167382312,-0.017711817499867343,-0.01822181521429263,-0.007879002118576041,-0.008281324054551046
0.3231890614401972,0.00660846815108743,-0.0200411954285441,-0.0181828650470717,-0.012357280671654567,-0.005257948219792967
0.32326795471041286,0.015371004746774419,-0.016302618244779497,-0.0144844368643511,-0.01466279062453263,-0.0009650520663773862
0.3233468479806285,0.027146899285566125,-0.0022093703268971595,-0.003497576462228018,-0.010968154274371023,0.004734477380520201
0.3234257412508442,0.03593976735556395,0.0031529875745767567,0.00133135940588041,-0.011492452224061735,0.008675463740211328
0.32350463452105993,0.03559359610838251,0.00782231806877194,0.005858806543860698,-0.011374369339383145,0.01196242624528414
0.32358352779127564,0.025589483498077572,0.0018728425112446972,0.0024900725960382525,-0.011336690930338504,0.009432756320275652
0.32366242106149135,0.013257601628732525,-0.01572845864028127,-0.011878041501901257,-0.011469763486137105,-0.001161919638396265
0.32374131433170705,0.0066735357969121036,-0.018455317202340924,-0.017133316347163124,-0.00560501042488075,-0.008992129525279523
0.32382020760192276,0.006468585924781722,-0.004899043104293595,-0.011337635593084943,-0.0034284313789181044,-0.006137365264524697
0.3238991008721384,0.007952516237318992,0.004829543767596035,-0.004494893053658481,-0.007518955740155179,0.0016861813107184442
0.32397799414235406,0.007453592330781654,0.009059911051252468,0.0006096703900061337,-0.007831001812109396,0.00569019864510699
0.32405688741256977,0.005751275689939405,-0.006062186023694139,-0.01015149752242083,-0.008887562241098167,-0.0016047703433852622
0.3241357806827855,0.0056342237515888145,-0.010953974905346884,-0.01288561490853603,-0.005092179134889345,-0.006175994745122325
0.3242146739530012,0.006429001663884195,-0.0011753259266318692,-0.00428942237945402,-0.0070464274917283465,0.0015229514906723095
0.3242935672232169,0.005245674162802006,0.0026671728072053622,-0.0008692517244583372,-0.008243956386684391,0.004866791655759802
0.3243724604934326,0.0020717274568293797,-0.008693981187754664,-0.009525091236470178,-0.007003507518007145,-0.0023988798559269314
0.3244513537636483,0.00108859468469239,-0.022057452368419127,-0.018852751255548143,-0.008933006899319074,-0.008045913827541742
0.32453024703386396,0.006579916085731194,-0.01836623903288136,-0.01610076330298505,-0.008055302768165327,-0.006585812389807617
0.3246091403040796,0.0164901149578921,-0.004674622511405477,-0.005465633456987675,-0.0005767333871854312,-0.0036780872958074523
0.3246880335742953,0.02330896464061851,0.01354857037448288,0.00620665663567332,0.005473998391241771,0.0009541624359153962
0.32476692684451103,0.02188491262227577,0.026550849416708787,0.011021401394440333,0.008092165407521269,0.002783582083136895
0.32484582011472674,0.014244070461359101,0.019631488882280324,0.005522477453754952,0.00391130081932624,0.0014904630734703386
0.32492471338494244,0.006542170000872747,0.01336912136334618,0.0019742989405584816,-0.005522804804667941,0.005161178433734799
0.32500360665515815,0.00225015199395338,0.008892371459470506,-0.0018792984120002533,-0.009524294844363783,0.004972070530217298
0.32508249992537386,0.0008023236446830231,-0.0010338776039079027,-0.00930978785551417,-0.015434815869761774,0.0033999235844674107
0.3251613931955895,0.001472343839732999,-0.004223790803918931,-0.009939618465146996,-0.01748100458620175,0.0043001547972527894
0.32524028646580516,0.006119718138348411,-0.008360583564456047,-0.010448605762303184,-0.017669572368064008,0.0040477431411295025
0.32531917973602087,0.016747314991951236,-0.009970244136346697,-0.006944090746952638,-0.0165586957019429,0.0059109018637958765
0.3253980730062366,0.029430242979137097,-0.0073454052327103884,-0.002033420313333042,-0.012554919842823581,0.0068843634436252564
0.3254769662764523,0.03567977754172601,-0.002569794336146114,0.0015944930386030305,-0.0024036278307507032,0.0027928904300475654
0.325555859546668,0.03125831772319814,0.005017646301708001,0.005674793129202785,0.007565629679658574,-0.0008400754417456638
0.3256347528168837,0.0197110929197083,0.007536157165203707,0.005673843084878935,0.011219742885908443,-0.0032845608227505805
0.3257136460870994,0.008156208322153718,-0.003369727682268197,-0.0054827444018384405,0.005558503655224008,-0.007793532610690435
0.32579253935731506,0.0023665273902823457,-0.01550976796462913,-0.014655919655785728,-0.0009905521904993702,-0.01023498740492588
0.3258714326275307,0.0038605099164267624,-0.01312372123221273,-0.010367488805626122,-0.005326106748474593,-0.004146999045205365
0.3259503258977464,0.010525257868040951,-0.006036218579436232,-0.0022062259584894753,-0.01296799220503115,0.007032152305436409
0.3260292191679621,0.020990241726188335,-0.007024735231279511,-0.002226163567140724,-0.017038483047718943,0.00973992071849562
0.32610811243817783,0.03509208795076622,-0.006859613895438637,-0.0006041948525453605,-0.01744850492601749,0.011220111431188137
0.32618700570839354,0.04808400217504143,-0.00028658320612095345,0.005509865243774633,-0.01375006198479641,0.013291834306038391
0.32626589897860925,0.051355750960704695,0.00955924227032481,0.011192921863700765,-0.007455259244903299,0.013307266472689382
0.32634479224882496,0.04148862680914641,0.011663269763571342,0.011472881374284094,-0.007559625969635994,0.013585194166908121
0.3264236855190406,0.02386216477440476,0.002800604220414923,0.00016953680479952536,-0.004862140576338185,0.003377529618146432
0.32650257878925626,0.007966498794757,-0.014584970410702516,-0.01469380631637057,-0.003175003367128027,-0.008802592683488169
0.32658147205947197,0.0005072229063729672,-0.020104545772532286,-0.019147991476276164,0.00048678542167972905,-0.014563236137898599
0.3266603653296877,0.001276630477467533,-0.017582394315745757,-0.017582227742560002,-0.003101937804147806,-0.010999537146777618
0.3267392585999034,0.005007370169395959,-0.008160275636769604,-0.011794598151457438,-0.007768292180646161,-0.0035751588423209514
0.3268181518701191,0.00782882129729593,-0.002409491570318515,-0.009758737945011897,-0.004917853158466107,-0.0039673253947607075
0.3268970451403348,0.009934012176981177,-0.007425116864173843,-0.01213744142587175,-0.005003522210665255,-0.005678897562892662
0.3269759384105505,0.011533219692599732,-0.013936135004943041,-0.013071010212733335,-0.010452762444333472,-0.0027292679015814654
0.32705483168076616,0.010544598254917473,-0.01898991325412423,-0.01619545487870854,-0.01115200644919882,-0.004585552308036162
0.3271337249509818,0.006099963465953695,-0.019223793669911587,-0.01752273890098934,-0.011316499145104108,-0.005462846841613167
0.3272126182211975,0.0011072993712531697,-0.023656514063428193,-0.021566063688112442,-0.012119389439893014,-0.00793395947042549
0.3272915114914132,0.0007560690493383422,-0.02180485529479511,-0.018553630608376996,-0.010421685881338733,-0.0068280265079180115
0.32737040476162893,0.007935298802576584,-0.014422082109697703,-0.011732022831192337,-0.011709599983054604,-0.0008929306767009221
0.32744929803184464,0.01876525519177974,-0.002011155608544539,-0.0039005734607917373,-0.008157126384258298,0.002554868008839545
0.32752819130206035,0.02540002588382064,0.007664188911310907,0.0009373888865389557,-0.0005337162110018308,0.001053865673602436
0.32760708457227605,0.023936038928934547,0.015826317303520885,0.006046293542582646,-0.0002094302240643854,0.00463553829626472
0.3276859778424917,0.017251750414372626,0.01251244561632828,0.0036971549786503975,-0.0016357104548506665,0.0038426993256379803
0.32776487111270736,0.01035696479240661,0.0064784759409603244,-0.0037178983132189754,-0.0014961464007953156,-0.0017637794735539396
0.32784376438292306,0.0055667376360425975,0.004542130837391773,-0.00808740877360618,0.0022075331883613775,-0.00748928208761275
0.32792265765313877,0.002731831577746437,0.006276718359593091,-0.0061090955950307314,-4.0278440746416634e-05,-0.004515250667806954
0.3280015509233545,0.001996308889905364,0.0004938958410058435,-0.008110533132206632,-0.012046339952742036,0.002025461196752916
0.3280804441935702,0.004739741039043006,-0.006036774382979193,-0.011411420388028117,-0.019441811967133443,0.0045171146357420346
0.3281593374637859,0.011098858619749906,-0.0027952041387129386,-0.007915204082124386,-0.021583930472878245,0.008550309226866094
0.3282382307340016,0.017373021967873617,0.015615664937602046,0.006622381542178372,-0.016839847506720965,0.016185365958192355
0.32831712400421725,0.018941262050410287,0.0337821758507974,0.021595403763861574,-0.009077545562324381,0.02212596824510829
0.3283960172744329,0.015227364770121543,0.017551366786397724,0.010586899154001067,-0.009889276107645015,0.014484301411855428
0.3284749105446486,0.00943859822011638,-0.00011804913199491597,-0.0039019703357224714,-0.009470528376098318,0.0034321972494215877
0.3285538038148643,0.005051366930517088,-0.011166432018385066,-0.012142739094945055,-0.011170205205390438,-0.001559109618922159
0.32863269708508,0.0035974378313512125,-0.011338925588692032,-0.011848923975010466,-0.01207812922825567,-0.0007334114874044765
0.32871159035529574,0.004494760032938087,-0.006677720993422265,-0.008490895049635204,-0.010167318580637045,0.00048595572804151894
0.32879048362551144,0.0069048630174957755,-0.0036575936486180085,-0.006435152043453874,-0.009172546059910278,0.0013493374898244028
0.32886937689572715,0.010769086189926471,-0.006143155556986914,-0.007525365866794425,-0.01065552439179381,0.001530439026863597
0.3289482701659428,0.015239606417495763,-0.002887392551941343,-0.005975173111531328,-0.011721183017988124,0.0033958613716343015
0.32902716343615845,0.01802593566879071,0.0039499871884362435,-0.0007549433787845791,-0.010403831361509757,0.00639626058530103
0.32910605670637416,0.017553620134895483,0.005717381052245037,-7.332437604305563e-05,-0.004728979101132598,0.0031079110089447955
0.32918494997658987,0.014226476291999147,0.003394403764147611,-0.003971093777023389,-0.006724425458825211,0.0015443014126169643
0.3292638432468056,0.009796130360978351,0.003263675206552153,-0.0047198429931762835,-0.008787096212987844,0.002367006996079849
0.3293427365170213,0.0066943986793845155,-0.0020857383713209234,-0.007532685550292462,-0.011337591028730698,0.001981152847601585
0.329421629787237,0.005852779775051744,-0.01581258334258615,-0.015189297691032288,-0.018350782656197172,0.000977243641999036
0.3295005230574527,0.005670878372555909,-0.017889578959949432,-0.015299133917491915,-0.014959894076007663,-0.0013723526679744963
0.32957941632766835,0.004983599593441281,-0.01244978694150698,-0.011180400785539949,-0.018023378860716345,0.0037401373528845746
0.329658309597884,0.004383872858139872,0.00950889401853936,0.0037900324901169943,-0.019254244624811023,0.015694790962196475
0.3297372028680997,0.004230165517695927,0.027832634816277,0.015870210310857176,-0.012608747242514817,0.020230387899664342
0.3298160961383154,0.003732878120305492,0.005239152311837533,-0.001040449521265638,-0.012680568491114125,0.007706681864511213
0.3298949894085311,0.002290645327863774,-0.015256018674222022,-0.016093636531583314,-0.01402594501134305,-0.0025879413219286854
0.32997388267874683,0.00061793854695938,-0.02100108583020562,-0.02046605823423175,-0.014092431553401143,-0.005796270451312026
0.33005277594896254,0.0001034993820295133,-0.014392116619761128,-0.015656439223022452,-0.01454998180906238,-0.0019122738101542813
0.33013166921917825,0.0013655776275680108,-0.0026335950957594254,-0.00579591117436826,-0.01734364865554779,0.007289748928465583
0.3302105624893939,0.003409063029469126,-0.0063190011527901714,-0.0069878628248216034,-0.01924994618777886,0.007678562918943775
0.33028945575960955,0.005376696817949589,-0.012219558015682069,-0.010792970671763016,-0.017850955126255976,0.003912953329305099
0.33036834902982526,0.008125272607424017,-0.009851228459428735,-0.01061665011498649,-0.011014556890750978,-0.0005282562471260637
0.33044724230004097,0.011815731946596268,6.567870707082178e-06,-0.005810346699613836,-0.003323379227542357,-0.002097663607421424
0.3305261355702567,0.01511506241519518,0.006275734260224051,-0.001679955644879665,-0.0028973781835310093,0.0006885069758501401
0.3306050288404724,0.017528739285471606,0.005594464735734945,-0.0020203669293449218,-0.005695081492986059,0.002306343535899384
0.3306839221106881,0.019786520454451575,0.005311798037681577,-0.0026085920425573408,-0.007789295602618393,0.0032695047182772956
0.3307628153809038,0.022832229173445573,0.006342521567835157,-0.0012289822481629706,-0.004873469244296849,0.002345298615748437
0.33084170865111945,0.026274574150563508,0.010025543499836738,0.002883888187014446,-0.004061067558720324,0.004859934997372419
0.3309206019213351,0.027202365824231068,0.016461286058547096,0.008286014072802092,-0.005915427327406073,0.010116390812204234
0.3309994951915508,0.022530753827307907,0.01341500534170821,0.005455626254514376,-0.011556713789074172,0.011784634885472848
0.3310783884617665,0.014237427890195123,0.0058034045740474015,0.0010891755721652342,-0.015502400712633852,0.011177368102693635
0.3311572817319822,0.009436983064319416,0.001461061443194813,-0.0037579865285658426,-0.017111586387578356,0.008649863331795378
0.33123617500219793,0.012321684136831485,-0.006233377894627334,-0.008367163566822175,-0.014988743948608337,0.0038025651292871074
0.33131506827241364,0.02066631195904427,-0.001968315472486153,-0.0032582846554283233,-0.00881798260805504,0.0034743941661801113
0.33139396154262935,0.029903014906433024,0.009134878245288863,0.006870789376725123,-0.006809810402709136,0.009662286409414137
0.331472854812845,0.036351757059367495,0.014682337539465842,0.010397346237876469,-0.011307413679147291,0.01529169583807628
0.33155174808306065,0.03904521137559415,0.022074689895551915,0.01610189990047349,-0.01278859488017489,0.020522873812306896
0.33163064135327636,0.038670719076953755,0.02424606492454221,0.017405961909808004,-0.009325335797449194,0.019176827594270196
0.33170953462349206,0.03427151597317719,0.023682383963601925,0.016200472238964946,-0.009115774568421822,0.01814048090260063
0.33178842789370777,0.024702249622796168,0.013182853226936554,0.0063508253438454955,-0.012192919848370839,0.01287562634393331
0.3318673211639235,0.013470747631214829,0.008498982499973589,0.0007345733471720677,-0.01720960673452129,0.012055642591601733
0.3319462144341392,0.007934923150135964,-0.00853218925889002,-0.01032542047521166,-0.017515670991389655,0.004036416097954023
0.3320251077043549,0.012122965907435121,-0.00958942003555182,-0.007589862371186672,-0.010234861063222812,0.0012011483292868835
0.33210400097457055,0.02350393590011332,-0.001350172197460419,0.00213686460344415,-0.009603535795223774,0.008011055741540046
0.3321828942447862,0.03533084676623139,0.008330706222036974,0.011372868972615573,-0.009609977297957532,0.014881855103482831
0.3322617875150019,0.04046665323717811,0.013569639473441992,0.014525758200751667,-0.007441051778151132,0.015775648446623432
0.3323406807852176,0.036933673546448664,0.0057229375749478905,0.007517308051989702,-0.010863200988788542,0.012853559971930245
0.3324195740554333,0.02877265412018899,0.002689213023441719,0.002890262518570167,-0.013404218119512437,0.011113045343517524
0.332498467325649,0.02017920129938181,-0.0038997544971473017,-0.00488947711650988,-0.010948676089723776,0.003686502325731918
0.33257736059586473,0.012556482273124359,-0.0050122699735279394,-0.009911389324127762,-0.009779775105859822,-0.0008295504902342433
0.33265625386608044,0.006895428512938312,-0.004751604727577627,-0.0114514921462257,-0.007138007745956164,-0.003741479837015083
0.3327351471362961,0.00547679808483157,-0.0136141900180359,-0.01501450078423303,-0.012226342507885873,-0.0029887180063831024
0.33281404040651175,0.009420577315593495,-0.016829684809828473,-0.014175139440481207,-0.011541274316010014,-0.0028225406565252106
0.33289293367672745,0.01600862524883316,-0.010829450041075765,-0.008101003454818938,-0.007774433994562247,-0.0008243701940264268
0.33297182694694316,0.01954780671033393,-0.0044190260348582,-0.005246961698178646,-0.004671742459913789,-0.0007770752877522683
0.33305072021715887,0.016121792015972004,0.0033885342076766358,-0.0007195825949182236,-0.0028018289427589184,0.0013386561456833332
0.3331296134873746,0.009110468494052148,-0.002836727204489301,-0.0056575083991813185,-0.007386848636200592,0.0007333672429672241
0.3332085067575903,0.006253679870990088,-0.005726869624926474,-0.009632260798464963,-0.011575845505025169,0.000579176443045961
0.333287400027806,0.010517735346944992,0.0009436527730969698,-0.006337739527067175,-0.01159159280666171,0.0030395915096198263
0.33336629329802164,0.017556837026464496,0.010569555154258567,0.000185235980481013,-0.005639356143849875,0.003908960744523161
0.3334451865682373,0.021477167152991153,0.01558600901251863,0.004766274547546388,0.0006591392620187172,0.003102992277263191
0.333524079838453,0.02169657458242247,0.010889950502103327,0.004325598838479386,-0.0014091842517456364,0.004158468834237716
0.3336029731086687,0.02186353220886468,0.006318832291382947,0.0006126737862599725,-0.0011492602722434748,0.0012240707966845509
0.3336818663788844,0.022624473587742673,0.00870864530774693,0.001064748559901137,0.008888610484378653,-0.005152565132259883
0.3337607596491001,0.019779010727809687,0.016939170262339837,0.006140362205142896,0.012376667556315401,-0.0037114225117619265
0.33383965291931583,0.010892304338865847,0.014110479266356817,0.0042988670809632834,0.012277811728807899,-0.005014589543507332
0.33391854618953154,0.0017406369875480937,-0.0029934310234195254,-0.007544793101851156,0.005467093058410915,-0.009265503993108692
0.3339974394597472,0.0017033816078637152,-0.01707188447439125,-0.018130899713973473,-0.0004888152305701816,-0.013154621340434047
0.33407633272996284,0.013863437969655949,-0.00892680465313237,-0.01015221614203483,-0.0019597139983393162,-0.006237991281397229
0.33415522600017855,0.03151686795024062,0.00461263637215127,0.0033904307288815366,-0.0043609764523976375,0.005437104440810936
0.33423411927039426,0.043360671639177915,0.015780352989160144,0.014379208320355047,-0.006910642998851051,0.015312050523861514
0.33431301254060997,0.04405084801408726,0.013973675984682299,0.01232874430233874,-0.004364920812404118,0.012085372493466076
0.3343919058108257,0.03720355567566644,0.007706761120589939,0.0054310537047366015,-0.0038569270445961107,0.006617224533589952
0.3344707990810414,0.027810155848000548,0.009944892407817147,0.00399183065507911,0.00149753110935293,0.001966527445720193
0.3345496923512571,0.017536781973079105,0.005947577596521558,-0.0015649133475617136,0.00837882371165552,-0.00676677353613845
0.33462858562147274,0.007323947240350448,0.002584721044395504,-0.005781727002262804,0.013794756188327628,-0.013523830763089146
0.3347074788916884,0.0010880046086422215,-0.00666642694660248,-0.012739157838074439,0.004342823947574364,-0.012375748797582044
0.3347863721619041,0.004321400595229437,-0.014216211344855869,-0.014363358950768975,-0.005129039656241939,-0.007250304932091633
0.3348652654321198,0.018518898072160023,-0.013081918790182083,-0.009492537469025005,-0.006705339352534854,-0.0025740639532962563
0.3349441587023355,0.036594569813836804,-0.004739641055024646,-0.000596835817752597,-0.0022769784161844656,0.0010789341572160118
0.3350230519725512,0.046255403376388685,0.009940059156925337,0.011621982673747035,0.000563946807339696,0.008264185005071216
0.33510194524276693,0.04184129899018074,0.010720013247493146,0.010135256450408046,-0.006784568248494857,0.012072447605177929
0.33518083851298264,0.029048091033326038,-0.00012045650863508109,0.001560469196430917,-0.011891011094859202,0.009112356295501512
0.3352597317831983,0.016751499896651995,-0.00780965561903045,-0.005960184307106658,-0.010322010404210753,0.002471248474746979
0.33533862505341394,0.009977529993798664,-0.017249030030987097,-0.015639599685524124,-0.011750071820237067,-0.0037721662805372366
0.33541751832362965,0.010293985859942421,-0.013793644203445891,-0.013837986276073817,-0.010298908604264604,-0.003402582326257708
0.33549641159384536,0.01872677979631181,-0.004683230365920975,-0.005189090188531544,-0.009319075470321394,0.0023738681040582905
0.33557530486406106,0.0358084105521338,0.004005430513216176,0.006605374889473496,-0.007306225833354681,0.009796921815020633
0.33565419813427677,0.057802511377906596,0.012649344162514444,0.017805943544864197,-0.0069298618421892895,0.017872697271721145
0.3357330914044925,0.07364854565720305,0.022269161631028784,0.026299505539953635,-0.0023282545544049253,0.021112920611228297
0.3358119846747082,0.0708813759201052,0.034371125338481544,0.033875016225444726,0.0034500365372825644,0.022887727942338416
0.33589087794492384,0.049605670472083654,0.018960132581928354,0.017702607650603212,0.0015584183062369698,0.012121016063408629
0.3359697712151395,0.02361175927063298,-0.0008864205917737328,-0.0019243014061105337,-0.00538301898538005,0.002169078831977004
0.3360486644853552,0.005850934070911575,-0.014197289892390965,-0.01451915549755219,-0.013636235011493478,-0.0016774121534312647
0.3361275577555709,0.00011517890470439782,-0.012625473367651243,-0.0145648668530866,-0.015137504391757099,-0.000707393572990883
0.3362064510257866,0.0033341842549893135,-0.0019371328759858976,-0.006791894630464765,-0.008304561220260067,0.0005035945411215554
0.3362853442960023,0.011798725708811611,0.002219111756811218,-0.001410120460066992,-0.01098214763701225,0.0062959086028774045
0.336364237566218,0.024633826585940176,-0.0020226966604898968,-0.0021508738437882057,-0.011016481108374585,0.005768110574914857
0.33644313083643373,0.0402540092647502,0.00914885767151714,0.010775709100315696,-0.007176707981708317,0.012810821903303918
0.3365220241066494,0.05201869754476845,0.026862159283705035,0.02420467131043623,0.004065510378424807,0.015281199419565017
0.33660091737686504,0.05136465667502364,0.025319258707973313,0.019934896690875958,0.010488822758643514,0.007810660051046942
0.33667981064708075,0.037307526644377864,0.02425201121894558,0.01528796030162596,0.011175926746142519,0.003894554518095253
0.33675870391729645,0.018373664447759046,0.008980490455347663,0.0006039275902339396,0.004603582899512964,-0.0026295472979601126
0.33683759718751216,0.0045324737895680945,-0.00953278792900057,-0.011771971481501308,-0.007871439309768129,-0.003489356572114737
0.33691649045772787,0.00039174629180602964,-0.021116483959810778,-0.019809478481677426,-0.013008909497464912,-0.0060323083014632815
0.3369953837279436,0.003122431676937421,-0.02452247801813121,-0.020508051367865848,-0.011754620831769388,-0.007390706045124681
0.3370742769981593,0.007001678513623453,-0.022818401032243956,-0.019591266064805657,-0.004608758122347781,-0.011486365082106395
0.33715317026837494,0.00987460753748513,-0.014413979624973284,-0.013872049054155271,0.00095812986453747,-0.010955017293082833
0.3372320635385906,0.012594316307059188,-0.009429908725645348,-0.009879675906006084,0.0054073822232316784,-0.010961532021455701
0.3373109568088063,0.01499009449475362,-0.004369585760532881,-0.008669328537993425,0.008019686834275171,-0.011808495754866673
0.337389850079022,0.015075792915819355,0.006186872853459308,-0.005648903892130368,0.014789699359001783,-0.014090511381819068
0.3374687433492377,0.011744587426613426,0.01876656365229256,0.0006777854306317017,0.017985403643885085,-0.011524533387399855
0.3375476366194534,0.0065089992988421,0.016973907273764313,-0.0011562772455419885,0.012782910640526066,-0.009408362463566789
0.3376265298896691,0.002177531758690042,0.011213266602213839,-0.0025095559830119163,0.00012667267021346698,-0.0019505810910397212
0.33770542315988483,0.00028496310627691143,-0.0055866591817005365,-0.010701959507544252,-0.014502572825611565,0.0017410569002374954
0.3377843164301005,3.5862981711811144e-05,-0.015189784578074938,-0.01648056563784748,-0.017404594752006522,-0.0006161840091852027
0.33786320970031614,0.00078186662803728,-0.018662436262574172,-0.017988628777750412,-0.01685187188871723,-0.0021077611613007363
0.33794210297053184,0.003403190593675271,-0.023185902376950042,-0.020587301483561127,-0.013847060485677952,-0.006050550523302296
0.33802099624074755,0.008411967781620266,-0.018782500036393375,-0.016931634890421182,-0.009909484051166245,-0.005963993040701896
0.33809988951096326,0.014976076377329565,-0.01884748818231798,-0.015956371220273047,-0.0049649850349000055,-0.00854472416748067
0.33817878278117897,0.021311454593829465,-0.008194859540571888,-0.006447600360067039,0.0031972866028280957,-0.006931916291404287
0.3382576760513947,0.026372686801954863,-0.006194010578365825,-0.004351988177998952,0.0024949405723018398,-0.004904155530657564
0.3383365693216104,0.030880688990770455,-0.004261926326882713,-0.001390363406834835,-0.001993457848654205,0.00029934077524688453
0.33841546259182603,0.03507989052561131,-0.0021651611024854985,0.00014305799543924325,-0.0031259307762872553,0.002196772340553899
0.3384943558620417,0.0367122219432409,0.001605895724686718,0.003527501619072143,-0.004398217343225901,0.0055639197005740515
0.3385732491322574,0.033053600872947876,0.002031966420238297,0.005220336132075624,-0.003199828527079933,0.006021144255157295
0.3386521424024731,0.025995537874512184,-0.005341965411672437,-0.00043888540148767917,-0.0053630483396324025,0.0032601449697901054
0.3387310356726888,0.02079299241519262,-0.01195038315560617,-0.006935011490627188,-0.004973708614418131,-0.001830297822424555
0.3388099289429045,0.020658669868126037,-0.011268810514828047,-0.008787276273345685,-0.0035527862530482773,-0.0041577790693317455
0.3388888222131202,0.02647490243491218,-0.0026967474732864463,-0.0002643644238669179,-0.007112656800208388,0.00455995569801724
0.33896771548333593,0.03619540830349896,0.00453738960567218,0.006685686952444741,-0.007779557777273035,0.010173159420560482
0.3390466087535516,0.04512644064818182,0.013665497555606651,0.014828582290279316,-0.008652403810279694,0.016810719742557403
0.33912550202376723,0.050622528980320436,0.012778554098607165,0.015615784005395471,-0.009194063661559997,0.017758132713059552
0.33920439529398294,0.053289800402213025,0.01835156741256122,0.019670786790304578,-0.013664734305513838,0.023761692894178326
0.33928328856419865,0.05502935665482307,0.01760530746964899,0.01999241628155008,-0.009340092224306077,0.021109658987585128
0.33936218183441436,0.058277394948507255,0.02022317174695281,0.022166249297622283,-0.007412870101011145,0.021437649860910943
0.33944107510463006,0.0646319327516302,0.031069068262084408,0.028820574319853305,-0.005451251924203751,0.02507506535034555
0.33951996837484577,0.07087048397200552,0.037892373234721305,0.031402811710492355,-0.000964925923034519,0.02399806225696808
0.3395988616450615,0.07095014303010874,0.047931366742338416,0.0364789185308357,-0.0006062402930603535,0.027535318783121158
0.33967775491527713,0.06467087347854975,0.046941897627545345,0.03458451199603736,0.0004820146794106196,0.02539864241483169
0.3397566481854928,0.05625285553522094,0.037644348210653135,0.028455869055667694,0.0014066458465040496,0.020220890520230142
0.3398355414557085,0.0471859282254667,0.02397661252829545,0.019562321676189605,-0.004708955062861108,0.017693924713686863
0.3399144347259242,0.03763362453199391,0.011101032619962837,0.009200048423764942,-0.010136133061270656,0.013618346816005374
0.3399933279961399,0.02977975015274384,0.006805813233885805,0.0038249941943037514,-0.011207483763959856,0.010338798771245307
0.3400722212663556,0.02708937891998311,0.006944360553782854,0.0030142373627708116,-0.01071230438305641,0.009404871646394398
0.3401511145365713,0.03286268029112938,0.013151217492074128,0.0054184177672455406,-0.008637552744035187,0.009804765317437245
0.340230007806787,0.048610100046238745,0.03892362189657965,0.021809609261978214,-0.005065300595702748,0.01960322675276404
0.3403089010770027,0.07070953102353,0.07176364365473546,0.04311852566446489,-0.0016474072759666307,0.03317216150017468
0.34038779434721833,0.09013926296784855,0.10754827381017615,0.06842233547863372,0.0005100792958389613,0.050585951622041735
0.34046668761743404,0.09837584980233958,0.12029114908907408,0.07804938085592249,0.004877381524796995,0.054863966973127586
0.34054558088764975,0.09225339966054479,0.11245542260384708,0.07567818676010656,0.0005013892495162878,0.05600565539725478
0.34062447415786545,0.07474981406287907,0.07895467126528755,0.05367780458672882,-0.0013937676331775574,0.04086530228176143
0.34070336742808116,0.05358685741806348,0.0452246180188934,0.029757759033863178,-0.001046031873521457,0.02282843999783236
0.34078226069829687,0.03656981123350643,0.023323464350618016,0.014724815531410498,-0.003186175497485144,0.013078808703987643
0.3408611539685126,0.02546250126564022,0.004761951209170335,-0.000787290341008311,-0.002725666898290793,0.0012373827882769348
0.3409400472387282,0.016190928558773087,-0.00398535310793666,-0.0070043424168023906,0.002846872036411258,-0.007111532788201491
0.3410189405089439,0.0071276029155672715,-0.016210898780856083,-0.017640139798133943,0.0034278297029399557,-0.015408137752165627
0.3410978337791596,0.001280790196209531,-0.01425525301795229,-0.018432209300150965,0.002505648110196711,-0.01538061085893601
0.3411767270493753,0.0004165253662413212,-0.003077349905004378,-0.014015207470679775,0.007584092398551076,-0.015491703496275265
0.341255620319591,0.00206753831198312,0.008578287493775144,-0.007052485060661193,0.006792575605631287,-0.009785846777032302
0.3413345135898067,0.002895218603480227,0.014205488192582263,-0.002018475694196454,0.005557880017434886,-0.005217479729372
0.3414134068600224,0.003903601886508095,0.013831711256551492,-0.00014876287344643325,-0.0019104042542232515,0.0011669391862889219
0.3414923001302381,0.009304260177095453,0.010323086549860047,-0.0015523328159477864,-0.0015754502665539397,-0.00010061954675503034
0.3415711934004538,0.020599888341111965,0.012483486215026643,0.0036291476518550926,0.00300433784737759,0.000689222952162964
0.34165008667066943,0.03298112140089077,0.01061177547948267,0.0048168426307471915,0.004565188910097439,0.0005285198636976414
0.34172897994088514,0.03787610104533656,0.011328975287919695,0.007514810863564827,0.003231058830229396,0.00342675543509628
0.34180787321110084,0.032437307146238006,0.012443321057915518,0.008597182577276274,0.0011526856490580882,0.005621370263211927
0.34188676648131655,0.022771984892273667,0.012795458695877542,0.004850219243582843,-0.0015777076144914332,0.004661222971750818
0.34196565975153226,0.016264036371545162,0.014108981650891259,0.004726880153537954,-0.0019975470323172345,0.004850273014157426
0.34204455302174797,0.016577979328895733,0.009793346548646225,0.00012948752367642608,1.2528250710578479e-05,8.789669848358265e-05
0.3421234462919637,0.025010630243093336,0.018087841070695502,0.006577902679310499,0.0015740222919071339,0.0038381950279387667
0.3422023395621793,0.0423859407880434,0.035209117097792675,0.02309209908155162,-0.0006275451196775513,0.017590625794662335
0.342281232832395,0.06794744909326283,0.06300649880881481,0.04705634686678059,0.004528916924268058,0.03198080163769827
0.3423601261026107,0.09636491074974536,0.09253424807545241,0.0722462695784545,0.01071078713936394,0.046645477638076034
0.3424390193728264,0.11477591658398413,0.10303225693922416,0.08237250776835775,0.015362016786777908,0.05111935129405261
0.3425179126430421,0.1087490502881072,0.0921806586536317,0.0711958955289961,0.017225604149044435,0.04152028293047871
0.3425968059132578,0.07905711205002558,0.06401516624559006,0.04740468271748555,0.00872174214101387,0.029441185325619613
0.3426756991834735,0.0433692773158769,0.032737336675753924,0.022913691709874482,0.00038671965671657055,0.01677996177258798
0.3427545924536892,0.020113249532940778,0.0166360258019684,0.01073201323610614,-0.008896352152781088,0.01392822658280998
0.3428334857239049,0.016433525623120858,0.012713412720059498,0.005206839426817019,-0.010594397031449964,0.010956111509055707
0.3429123789941205,0.03036054785986982,0.02077105643250768,0.00966450092866195,-0.015840666986534167,0.017778490794517876
0.34299127226433623,0.05925361863620388,0.05127853808635298,0.03501895141749709,-0.0128976173442413,0.034659835055893005
0.34307016553455194,0.1013580877325109,0.09768095634855443,0.07337871294935384,-0.0050678598554657825,0.05799695344724023
0.34314905880476765,0.15194841186970792,0.16305205233937295,0.12453348979502436,0.005712397594858823,0.08914289992608665
0.34322795207498336,0.19586943307924587,0.21926132158239833,0.16265366072377932,0.021415403598595395,0.10764075923788849
0.34330684534519906,0.2068310432178993,0.24635115655905504,0.17596149962057858,0.022211710281116286,0.11726291410582408
0.34338573861541477,0.173150863947522,0.21182885111080135,0.14663007493559882,0.018251481818034702,0.09755499439418394
0.3434646318856304,0.11537497684618957,0.14332867759174314,0.0971611625127074,0.00905679250618328,0.06638272783070567
0.3435435251558461,0.061772204307507086,0.07354719756705978,0.046661387997128066,-0.0007367472684096634,0.0352017011250207
0.3436224184260618,0.027095643627496984,0.028264980891059367,0.013988449222355693,-0.008587186201649128,0.016142506596748016
0.3437013116962775,0.011661474295714094,0.010057314312669322,-0.0005853208025341252,-0.011856979471812652,0.007494240230043085
0.3437802049664932,0.01023716454910941,0.003641136933628437,-0.005583282581274848,-0.009249263096757741,0.002034071863732911
0.3438590982367089,0.018934422375894055,0.0005277997392147282,-0.004475131738710374,-0.002511719047833948,-0.0016476612728963357
0.3439379915069246,0.0345830625089229,0.014249086761114589,0.006926556209778166,0.0057865736925527675,0.0012804246865586047
0.3440168847771403,0.05011560561421482,0.04343029082687931,0.0271639486806816,0.01842543791086399,0.00788346320218659
0.34409577804735597,0.05346376007091,0.06316264375761574,0.03621872912777788,0.026161514160105547,0.009454345371117334
0.3441746713175716,0.039646664995793564,0.06971118897808996,0.037237400695319944,0.022055772962566396,0.012958150247864416
0.34425356458778733,0.01953529705757679,0.04823198688887368,0.01980330846917095,0.0068830545962746395,0.010123579045506167
0.34433245785800304,0.005505770261882638,0.02257983465135801,0.003421621487057402,-0.0038367453387381763,0.005109726049353966
0.34441135112821875,0.0005466936611635796,-6.178046948037662e-05,-0.009496581947352324,-0.0126968648665933,0.001429802210460968
0.34449024439843445,0.0004577090391405582,-0.011826217445353521,-0.014386311744710011,-0.011723738235594193,-0.0028575854585272667
0.34456913766865016,0.0006214046537011225,-0.01273320874334499,-0.013266478656265962,-0.011853660378494538,-0.0019378092496580373
0.34464803093886587,0.0006875646920948273,-0.01038928644112193,-0.010652841961708117,-0.015604183766547495,0.0025143798983664205
0.3447269242090815,0.0024198884775202285,0.0012378490836578422,-0.0028875493780838673,-0.013867831082009993,0.007127415326972299
0.34480581747929717,0.00552809321931007,0.00907702244355872,1.2002770125778717e-06,-0.005393968907165461,0.0036080281489682033
0.3448847107495129,0.007883117000568481,0.012004030107094362,0.0007870293475498439,0.005737987835151178,-0.0032520377397667007
0.3449636040197286,0.010125272784991706,0.017884699038291554,0.004092311552579656,0.0058162413542851045,-0.0008468244519189373
0.3450424972899443,0.015916043633402432,0.018129075145112895,0.004710126737772269,0.00013332070739814983,0.0034128695121824174
0.34512139056016,0.02682911950863412,0.025593716873342345,0.013798962117435865,-0.005884995913364503,0.014194870276634639
0.3452002838303757,0.03886632785054043,0.03110017972783964,0.020540762010577328,-0.005360163420272062,0.018856813730272235
0.3452791771005914,0.04249057496209965,0.02535414816548119,0.01723837715086257,-0.0024502372292687863,0.014455815137590844
0.34535807037080707,0.032087330025491426,0.013447864227168215,0.008746676637116027,-0.004335405894102849,0.009402339633952045
0.3454369636410227,0.014515424335277407,-0.0072439561623317324,-0.009405106767755838,-0.0044849572827198435,-0.003993844237638217
0.34551585691123843,0.0018758549117556971,-0.016553141857514452,-0.019349892941599695,-0.007629538554563672,-0.00928722094911647
0.34559475018145414,0.0013853032510164457,-0.018119837518566093,-0.021079215247525502,-0.01034248817308202,-0.008759803813061651
0.34567364345166984,0.011459835689393974,-0.006594092056479046,-0.01190640891587299,-0.009139691860576437,-0.002741231890102078
0.34575253672188555,0.026924634738802883,0.013160792559128255,0.005074268704432521,-0.01034566471014976,0.010691209691708529
0.34583142999210126,0.045185110246507974,0.03044562040205942,0.019059754366627737,-0.012326988010985728,0.022413104034007827
0.34591032326231697,0.06440333974581086,0.054441218196135725,0.03821887322988151,-0.007503026381382397,0.03343645670244342
0.3459892165325326,0.08149189981771686,0.0794435983081081,0.0563336922295329,0.0033906094053573854,0.039652655723936774
0.34606810980274827,0.09032290540083014,0.10916981719288019,0.07485634572355637,0.01261100259509549,0.04733002607266499
0.346147003072964,0.08419584680811802,0.11779030768713898,0.07476778474390705,0.013229977823056597,0.04685162943638792
0.3462258963431797,0.06476321845691606,0.09902701287408991,0.05528195781293054,0.005747234272784524,0.03729670372080824
0.3463047896133954,0.0418632946224531,0.06458267697132143,0.031945581493148516,-0.009758791092898993,0.03027739783514248
0.3463836828836111,0.025450659522962965,0.030518625374326543,0.012232550911353456,-0.013145113841578671,0.017884863009047267
0.3464625761538268,0.01965107269803991,0.009260852051070871,0.0030196715717195313,-0.016870061269113903,0.013527350141959502
0.3465414694240425,0.021782147982498473,0.0015119034987873179,0.003294863617970735,-0.019581503824975515,0.015545596836223126
0.34662036269425817,0.026829032922843506,-0.00039869591855863564,0.0017978600162992175,-0.018364130322884545,0.013618392781012135
0.3466992559644738,0.03139236890869402,1.6027160677094945e-05,0.0009349260851847146,-0.01502174768605286,0.01074120301298764
0.3467781492346895,0.033684789333880714,0.0028835943476020432,0.0011639799124516846,-0.004169058001973877,0.0036534061776444266
0.34685704250490523,0.032605711484160194,0.013267886699614845,0.0059067629593171425,0.005026848721093591,0.0010301983432722817
0.34693593577512094,0.028827038994930103,0.020228474881806544,0.005790242100481259,0.010061984904525237,-0.0024237127344442964
0.34701482904533665,0.024970880120723318,0.022772510114061496,0.004566619819034053,0.0038289269955888603,0.0008348321749560693
0.34709372231555236,0.02339837634005567,0.02172919823309877,0.006380347768973094,-0.010044629490919828,0.011460888034315268
0.34717261558576806,0.025373032571788297,0.015209138927224055,0.00780886777695597,-0.022687731005006484,0.020978855259700877
0.3472515088559837,0.028819394896774316,0.012721975721476726,0.011912017669475796,-0.03133947242869818,0.02981630450607898
0.34733040212619937,0.02898363580407258,0.007131497535927318,0.010250752636861876,-0.02944378466164913,0.02731347654508639
0.3474092953964151,0.02401962492457413,-0.005824524764686441,-0.0007446127246867527,-0.02259574629827482,0.014558995003958825
0.3474881886666308,0.016218941333909706,-0.017454329401999334,-0.011743110626934223,-0.01914746375290843,0.004073517398148477
0.3475670819368465,0.00890149456092067,-0.02040283447833414,-0.01691932948681743,-0.019542840043530085,0.0004875502635041786
0.3476459752070622,0.0035570704235146915,-0.0170499662518755,-0.016956147507027435,-0.016185773160411115,-0.0017851300202355142
0.3477248684772779,0.0014395350013170305,-0.010836010286399037,-0.013651135104789634,-0.01067500157612717,-0.0030121107381769195
0.3478037617474936,0.004903830292548103,-0.014312800538783171,-0.014680091562978698,-0.010863098776846544,-0.003651623135775128
0.34788265501770926,0.015601879091590052,-0.011966736438331436,-0.008566353639169128,-0.01554972003287966,0.004029646375570814
0.3479615482879249,0.03193257625329219,-0.007218958651862502,-0.00010947256968022031,-0.020528555567571057,0.01364826457760017
0.3480404415581406,0.04569204693104826,-0.00036327083224803623,0.008712148376897046,-0.022592051777957062,0.02158623154208838
0.34811933482835633,0.04691836537639341,0.0022165550112953772,0.010953481461518226,-0.020073439433487564,0.021567496509927005
0.34819822809857204,0.03631881461651582,-0.009500778058608664,-0.0008027571328389938,-0.01348193144818668,0.00841937889751843
0.34827712136878775,0.022371716547677847,-0.01703966737628636,-0.009292292985175624,-0.015391814122095759,0.0033841724183073284
0.34835601463900345,0.011456506989616236,-0.024071134722432653,-0.017890552306819078,-0.01575181242451059,-0.002770486338813641
0.34843490790921916,0.005214358901878652,-0.02513384269008029,-0.02053061855434052,-0.01596564572558581,-0.004591686525231522
0.3485138011794348,0.0023256113320332472,-0.017896907229278565,-0.015368823562035696,-0.01712481615264378,2.3717663860055524e-05
0.34859269444965046,0.0012194103505209857,-0.017954972878987837,-0.015613584108216033,-0.015391805139384183,-0.0013174028995429435
0.34867158771986617,0.0014046644650366645,-0.015540390338302082,-0.014426376747774805,-0.016855125672850635,0.000544389412147468
0.3487504809900819,0.002660749815884034,-0.012794348482648167,-0.011723371132113544,-0.016249954438077033,0.0021501125024955413
0.3488293742602976,0.003900019836945426,-0.01535040625270864,-0.014642369780447377,-0.01576503130537906,-0.0003453520728853316
0.3489082675305133,0.0046293594191136956,-0.01195870785778074,-0.015405009500696966,-0.010712161501967056,-0.004291738600332966
0.348987160800729,0.00686103954168189,0.003612632093415092,-0.006778700724675739,-0.009971531574240454,0.001628218890127872
0.3490660540709447,0.010989944994702464,0.023464413065944698,0.0051640973671899,-0.013539092479508005,0.012893689014118387
0.34914494734116036,0.013709100553431263,0.027670448099876416,0.006779928917056617,-0.011112030884649526,0.01247177566621341
0.349223840611376,0.013089608050303316,0.01704762872216791,0.0022767552799442866,-0.01635606447260264,0.012631251568588853
0.3493027338815917,0.009965298860965414,0.001091395897648843,-0.005544807043134783,-0.01735840439242321,0.007486338273572238
0.34938162715180743,0.005972735114864921,-0.011661630207847901,-0.01368460784394451,-0.016273159339871845,0.0007069003754564871
0.34946052042202314,0.002709508648629762,-0.015389342709417974,-0.015827175958603213,-0.015810466436529565,-0.0011962910911886798
0.34953941369223884,0.0007077588578478147,-0.01930035977518036,-0.019802108952289708,-0.015198781642282461,-0.004562472258010645
0.34961830696245455,6.745037630774171e-05,-0.023589182395397937,-0.022596928249345154,-0.01512983012216457,-0.006688086307390557
0.34969720023267026,0.0029316950613922916,-0.020587407988730926,-0.019305266389993293,-0.012917629806345973,-0.005718232898190892
0.3497760935028859,0.01189747244350739,-0.013150584085632742,-0.014234290739126987,-0.012495365982745333,-0.002228495647324009
0.34985498677310156,0.025843137876106224,0.003715675163689972,-0.0013962625097888959,-0.012566654266626568,0.007365945519915734
0.34993388004331727,0.038182209872891316,0.02254004991102066,0.013722488737951871,-0.014503804403961769,0.019900984319128828
0.350012773313533,0.040901699170904325,0.02243120128007013,0.015072894565787157,-0.01330724934094377,0.020104723919471497
0.3500916665837487,0.032082812536392176,0.01156143901716225,0.008538883299807726,-0.013396340661688351,0.015307049603298952
0.3501705598539644,0.017421348035184307,-0.004411662457792297,-0.004430154010699595,-0.013033352683441813,0.0054222927052256275
0.3502494531241801,0.005292924119241327,-0.013875243644538692,-0.013373392746700265,-0.007598312550567804,-0.004862949119504832
0.3503283463943958,0.001210461312473637,-0.01911405799075673,-0.019233634040568104,-0.006591863025771072,-0.009894518704495089
0.3504072396646114,0.004934136810557242,-0.020405031775666438,-0.01983108255274644,-0.010531721354841782,-0.007704747502518016
0.3504861329348271,0.014178796110873198,-0.013646362261859874,-0.011216287923829263,-0.016036648420107432,0.0023845830622291125
0.3505650262050428,0.027432936973952337,-0.00740346242926886,-0.0013757063347660838,-0.01925471181196146,0.011854714306239208
0.3506439194752585,0.04262943079041458,0.002300352798588513,0.010995202131764442,-0.017351488210228742,0.019778052184745834
0.35072281274547423,0.055733631539987595,0.008651655258833666,0.016861055581610922,-0.012742213986615389,0.02105620940613351
0.35080170601568994,0.060605843087609905,0.011377902904441082,0.018098289668185656,-0.009175287425551642,0.019591236029594845
0.35088059928590565,0.05529145125240595,0.007216631520135063,0.014486841727474185,-0.012954078418003456,0.019432916001862862
0.35095949255612136,0.04553165474645639,-0.0023945713107633064,0.006224281817361136,-0.01823675774092427,0.01682375534931456
0.35103838582633695,0.03835491963720221,-0.005807413771845771,0.0031046380121733676,-0.01808459994360956,0.014402896204593113
0.35111727909655266,0.0368573635664619,-0.004595237904494379,0.0018752878648072794,-0.012159696300585558,0.009526110682029921
0.35119617236676837,0.04054055046010207,0.00024326839190985764,0.005530605245736178,-0.014180008749159267,0.013594801592369287
0.3512750656369841,0.04716969834593729,0.00539227353208199,0.0125742109473496,-0.021057682939022205,0.02343039538572181
0.3513539589071998,0.05403093015644449,0.008268805926144441,0.014637829833667055,-0.022847612425554182,0.026161225247690545
0.3514328521774155,0.05846796768350125,0.012509283893088282,0.017073426995769983,-0.016285183558344702,0.023582992739109913
0.3515117454476312,0.056296525014595526,0.005829822716794935,0.011541148737865705,-0.0066160831392774715,0.013005036708559552
0.3515906387178469,0.04251256871797099,-0.005907595036960832,0.0009018471802981817,8.788395906853455e-05,0.0006117580620541338
0.3516695319880625,0.021538277703338347,-0.018879815321574515,-0.01100397715529823,-0.004515110065167165,-0.0051626110027312355
0.3517484252582782,0.006986249814768151,-0.022362520158630293,-0.01622900528303403,-0.013992036437544255,-0.0027113134193815255
0.3518273185284939,0.006776014961351862,-0.011639572221312159,-0.011710214839737675,-0.021445168506685004,0.0056350173127591675
0.3519062117987096,0.017770505849548573,0.011334042120459829,0.004381427333901997,-0.018628812518630217,0.01571607228308723
0.35198510506892533,0.030409400104799412,0.030469379336443638,0.021101731895319525,-0.0171311017514782,0.027142807545037097
0.35206399833914104,0.03752352035210819,0.037537651799607386,0.027450466248337378,-0.019952647390122077,0.03374768580385318
0.35214289160935675,0.03808563503333501,0.03176465415620555,0.02297174802721117,-0.02274505677761362,0.03228594302844212
0.35222178487957245,0.0343252540352624,0.0210776838501412,0.01346672956215683,-0.01975900296934325,0.02322519737635533
0.35230067814978805,0.02880767671636971,0.009927637243972037,0.0037989765228626407,-0.009863009832340348,0.009420307979776657
0.35237957142000376,0.019800538182413438,-0.0031273044003806787,-0.006531927995800418,-0.004829740422364176,-0.0016268556039718246
0.35245846469021946,0.008206413142946888,-0.01755390266060347,-0.017648530310187732,-0.008602482430002481,-0.007371164414293274
0.35253735796043517,0.0021682167470174415,-0.024366801951850467,-0.02255135836862182,-0.013003721187420448,-0.008075774451511005
0.3526162512306509,0.006883797435989502,-0.01303359860280713,-0.013198183999919249,-0.016683978492035317,0.0013434766004484257
0.3526951445008666,0.02022410418554451,0.0031513883957119304,-0.0004520895368749275,-0.01125666380028955,0.007191802912797783
0.3527740377710823,0.03225726294833248,0.01494633698795625,0.006703905609981197,-0.003821656899225675,0.00753999981189561
0.352852931041298,0.03206961616109833,0.022300010178632063,0.010160777868089456,-0.0004794790753499382,0.00787538465992075
0.3529318243115136,0.020604772802208213,0.01131340761145814,-4.7016268872907064e-05,-0.00053526644522464,0.00032299168813772135
0.3530107175817293,0.00771272923828352,0.002430126802310787,-0.007292820881863937,0.0013568690281306752,-0.006329655521104459
0.353089610851945,0.0019471589523039408,-0.0035017807091547817,-0.014150137391526213,0.006395347366290063,-0.014797201601662844
0.3531685041221607,0.0037544868630116834,-0.0025579068510821167,-0.014489455099871753,0.0079464923724551,-0.016086604209537777
0.3532473973923764,0.008114268566292503,0.00409290039363918,-0.008669231944203897,0.003818381982084491,-0.00899903177935935
0.35332629066259214,0.01270093650437058,0.0030489903489241636,-0.004383502959419365,-0.0057135377563250775,0.0005616302714216012
0.35340518393280784,0.0174552758678519,-0.0038109003913908836,-0.0035420435053502004,-0.014934554786437933,0.007354254344439846
0.35348407720302355,0.02167513159896341,-0.005653955724165371,-0.0021422067706194205,-0.017579749062550453,0.010164397927986282
0.35356297047323915,0.022251867140996872,-0.0031962042004759017,-0.0006886258919898362,-0.012246286105362863,0.0076778062193436
0.35364186374345485,0.0165954472375054,-0.003702181685995487,-0.003626750587371931,-0.009569859300276276,0.003703265060077194
0.35372075701367056,0.011150082905243382,-0.012088008253630808,-0.011048570618124198,-0.014142118698249443,0.0012422002930119174
0.35379965028388627,0.015194571614915947,-0.011539328741564506,-0.009505794365397856,-0.014166539555172056,0.0024058874582404124
0.353878543554102,0.02823571875707342,-0.0007315024663355266,0.0013671213362060099,-0.014862265424859066,0.010955852986992387
0.3539574368243177,0.04285973238165959,0.011224214682544106,0.012646202754770191,-0.011335741845524888,0.016982463726595995
0.3540363300945334,0.05422164184939385,0.022546058017553907,0.022441046630384574,-0.013275527007575696,0.025560885643609022
0.3541152233647491,0.06040114422098767,0.023747859555051785,0.025409060788757896,-0.012408475254121167,0.02718783745515238
0.3541941166349647,0.060087510719384486,0.01727741660757727,0.021493502745029227,-0.012446350505005888,0.024302180621791607
0.3542730099051804,0.05375097696486404,0.010457744717675228,0.013711458183843474,-0.011161892931312204,0.01765814046949921
0.3543519031753961,0.0418946845589216,0.0008669430952476483,0.0033198921134812488,-0.0053884239370624466,0.006071747141283921
0.3544307964456118,0.02477839855191303,-0.008452624514626804,-0.007203027204460763,0.0017501728601487295,-0.00652589407373297
0.3545096897158275,0.010283342805385216,-0.0231910367966919,-0.02122690157196394,-0.0061743341341725716,-0.011656349022910305
0.35458858298604323,0.008811688337826017,-0.021613078367959997,-0.01689336440452172,-0.018669017218295676,-7.759404604883699e-05
0.35466747625625894,0.021444042560575406,-0.006903006201351764,-0.002854483087334672,-0.024097774279591762,0.013995255902932944
0.35474636952647465,0.03894592244476738,0.017966569885308172,0.017178717806584233,-0.01756625626614247,0.024517846903029137
0.35482526279669024,0.05019209092607291,0.0318298239668594,0.026968541904590915,-0.014788150484389594,0.029937684150402797
0.35490415606690595,0.05092720672753256,0.03645340123063341,0.030553378276311716,-0.013232981428671096,0.03156353816201466
0.35498304933712166,0.04258663112735771,0.02771308289957268,0.023558256741544412,-0.016733188602047692,0.02870272881279618
0.35506194260733737,0.029698179004388682,0.01194114554791093,0.009412040638070385,-0.01213352784701954,0.015111651882001184
0.3551408358775531,0.017185031546163448,0.0008972543197274797,-0.0030015401053633496,-0.009049156463360786,0.0038198952318168776
0.3552197291477688,0.006356924119043091,-0.0073466245065622795,-0.013202774716335172,-0.0025120426311483757,-0.008137072738355684
0.3552986224179845,0.000379159298088782,-0.012237812914737372,-0.015074891551388973,-0.006906026487496338,-0.006591290958026982
0.3553775156882002,0.003978523722446138,-0.013788715337171385,-0.010840055334111224,-0.021723764486473195,0.0064685994403415655
0.3554564089584158,0.01652136152860232,-0.008172210198900015,-0.003857891408111055,-0.02453971600992655,0.013544885877630128
0.3555353022286315,0.030267497374090253,0.004294654740275502,0.003957282235060729,-0.02097653808310852,0.016971207226110764
0.3556141954988472,0.03571815309980831,0.018288889576686406,0.012173107534196254,-0.011218066035290446,0.016552072102224178
0.3556930887690629,0.03059754210918891,0.02253256110813992,0.012031315968736064,-0.0055702422300610115,0.012670164735988127
0.3557719820392786,0.01962881034861233,0.013847205005966685,0.0019480111134652946,-0.007499296369131709,0.006463408382521106
0.35585087530949433,0.008978469398767251,0.004658558346934499,-0.006034017039332741,-0.008476448087276309,0.0011820858207424127
0.35592976857971004,0.00282899369841959,-0.0020482780414858483,-0.012705439651747528,-0.0073562576858920824,-0.0045280579531481084
0.35600866184992574,0.001533968751962297,-0.004156239302493076,-0.015514196519212478,-0.0015771326707810548,-0.010481043746014232
0.35608755512014134,0.0034190440727530935,-0.0021378158614138642,-0.012102102604507855,-0.0035418474509591345,-0.006629998703455655
0.35616644839035705,0.007438963082644329,-0.0011260458046869946,-0.008088334278538832,-0.009703877665170524,0.0004753734151349614
0.35624534166057276,0.012303680165996528,-0.007913488576045243,-0.008867696293482608,-0.019143547547246453,0.006209433462592668
0.35632423493078846,0.01491588913358524,-0.012970373885144784,-0.010059888425841351,-0.018535151645079368,0.004915827112011179
0.35640312820100417,0.012363913549068559,-0.019781387412917333,-0.014560593148405972,-0.013726497313109593,-0.0016478693919591437
0.3564820214712199,0.006798879791305104,-0.024054869366099966,-0.0186453325362238,-0.009507087079829602,-0.007507778170865922
0.3565609147414356,0.004069634045877431,-0.026506925981479596,-0.022160329243048043,-0.010540929021188656,-0.009431451041753802
0.3566398080116513,0.00815093910649231,-0.01789807509233594,-0.015186262865021026,-0.00973353082669961,-0.0047834466041832835
0.3567187012818669,0.017310464155078028,-0.013861943173335802,-0.010004245460683675,-0.00980729574112376,-0.0008801985659845304
0.3567975945520826,0.025428197177671932,-0.007362440326796277,-0.0030898654285240966,-0.009555056910306586,0.004092558567823263
0.3568764878222983,0.028697766599921744,-0.0075662583231187915,-0.00408330891893439,-0.00987542375246563,0.0035681508587457815
0.356955381092514,0.027070526678966967,-0.004840132853018931,-0.0025069179960646214,-0.011841540028286596,0.006055188368033502
0.3570342743627297,0.022691525717845246,-0.009585613495955643,-0.0062913259086195,-0.013607128728328817,0.0044221269152424515
0.3571131676329454,0.017792617125607996,-0.014022746485177269,-0.009527273157615075,-0.012934470271838687,0.0015658890743536489
0.35719206090316113,0.01325769641421341,-0.014473962467130083,-0.01047369637129674,-0.014430314600398127,0.0018624894006800989
0.35727095417337684,0.010877797380700932,-0.017835734375328604,-0.015366605212874591,-0.013429501106331166,-0.0024460157348700205
0.35734984744359244,0.012367526853379482,-0.011668675832749149,-0.0095992540657172,-0.013254810179357503,0.0017266043329709397
0.35742874071380815,0.017683001483551432,-0.008548937668025548,-0.004494310481994951,-0.015696956186545184,0.007156138716320857
0.35750763398402385,0.024636496251247208,-0.0030572783107746557,0.0035970926182223324,-0.013312791851186999,0.011577384321747056
0.35758652725423956,0.028333883640980047,0.0037550216887959104,0.008297390347733212,-0.013193254217164075,0.014991709012380304
0.35766542052445527,0.02559359045465303,-0.0028037228980032445,0.0003798823178546962,-0.01649691100378224,0.011315233046041736
0.357744313794671,0.018281818896101257,-0.0037471433793247995,-0.0015403624894106775,-0.013196662118857668,0.007680171393607053
0.3578232070648867,0.010500319993285363,-0.011540417984931006,-0.009851112317155141,-0.017367668870007444,0.004290168615413532
0.3579021003351024,0.005151582146823256,-0.019529346375965678,-0.01720348575137546,-0.01560120849812509,-0.002360073270569306
0.357980993605318,0.002371742542375326,-0.02114803113623436,-0.01878221594804809,-0.012546225204548973,-0.005577468124419083
0.3580598868755337,0.0016643909107197973,-0.02014944485700253,-0.018896600430342265,-0.014698561832796527,-0.0042232940399858365
0.3581387801457494,0.00328532033223886,-0.019865764458114343,-0.0186523853721803,-0.015466792502194529,-0.003527865575661612
0.3582176734159651,0.007163463417529094,-0.014755595147884642,-0.012859683285636189,-0.017849129765236935,0.0023745748802607683
0.3582965666861808,0.011240849487715154,-0.01284339673026332,-0.007583720423232359,-0.02085536800794,0.008309421186859667
0.3583754599563965,0.011763981980675792,-0.012190505225595382,-0.007673887115591261,-0.022418499275587027,0.009288101379338838
0.35845435322661223,0.008882442290152044,-0.012184365209534333,-0.010300699448243002,-0.01771689677904221,0.004189399338500799
0.35853324649682794,0.007612691702818741,-0.006976104165844764,-0.009928407168617773,-0.01849128307549899,0.0049842678050048975
0.35861213976704354,0.010053871996499411,0.0017259062526699673,-0.006009007497035448,-0.015521040223467024,0.005912176146614065
0.35869103303725924,0.013471817491746235,0.009300426417469625,0.0024632122802859175,-0.019701052261281892,0.015007317682476793
0.35876992630747495,0.015564696188498034,0.00947284236144658,0.0032759530534432505,-0.02647943248075082,0.020146259302279385
0.35884881957769066,0.016099587097408625,0.011991762540534303,0.0052906276309263485,-0.02226731384837921,0.018825810638797593
0.35892771284790637,0.015661661740184518,0.014039737634411848,0.006259840285752409,-0.0169024578743994,0.015957739891968855
0.3590066061181221,0.014552412012179786,0.016569119115127172,0.007796755511235763,-0.01752110215629745,0.01751399028944431
0.3590854993883378,0.011906072462833556,0.015911512471172565,0.00938705529225626,-0.013430231461342014,0.01596023645520761
0.3591643926585535,0.007764401976032103,0.0033404471445872895,0.004295770703217646,-0.01611033790810923,0.013967869581631298
0.3592432859287691,0.005658128888253475,-0.007943428535042516,-0.0026293860924208306,-0.022122556473148695,0.01284112239673751
0.3593221791989848,0.009615444939143004,-0.015669202375230906,-0.01065225872976582,-0.015699000040401662,0.002578231038189702
0.3594010724692005,0.018661358752411098,-0.010711471389045444,-0.006641808524158678,-0.014073030238852032,0.004473118937764578
0.3594799657394162,0.026695539281657923,0.0027077610188614757,0.0062675708428240025,-0.012379500942293495,0.01293851337774841
0.3595588590096319,0.02871941577142341,0.006615852050189176,0.010577289593135782,-0.011210369297334854,0.015360573713262642
0.3596377522798476,0.02448699768932561,0.00041955474584066504,0.004126162010732231,-0.011045808759805651,0.010454576893216053
0.35971664555006333,0.01668057590649373,-0.009191965442408048,-0.0057316859442547675,-0.01112171807688442,0.003175991525049801
0.35979553882027904,0.009017944082087882,-0.015673161755671367,-0.015857997647206575,-0.009027949414348695,-0.005754876355862747
0.35987443209049463,0.0044160668983739566,-0.017947162727588138,-0.016966817877474408,-0.004523132617189591,-0.009591645879364582
0.35995332536071034,0.004626225470013335,-0.020057025852430736,-0.017402467292557313,-0.009037163206825112,-0.006897492029746494
0.36003221863092605,0.012217275215865896,-0.011994430073751627,-0.009890496913732475,-0.006156011821287343,-0.0032373373859728967
0.36011111190114176,0.0285680224899521,-0.008212779688428984,-0.005171185800792407,-0.00538362949620227,-0.0002446685355987294
0.36019000517135746,0.04900366061970066,0.010714609901939651,0.011569316279162285,-0.003399920996828668,0.01087547567865596
0.36026889844157317,0.06121982429852963,0.022955471311810905,0.02282513256730885,0.002130265194699746,0.015548622341824712
0.3603477917117889,0.057276662477950935,0.019590514876146027,0.02194518688723663,0.0021100839395296134,0.014907602376314924
0.3604266849820046,0.04224361748744482,0.015824265060289895,0.019221426761271657,2.714850479042729e-05,0.014274271431979936
0.3605055782522202,0.025185772654028733,0.003745544495531469,0.00791571533607101,-0.013593534658647726,0.014975667183850523
0.3605844715224359,0.012649716212246835,-0.00404044704463317,0.0007377320139876057,-0.017000073024717684,0.011917836253656605
0.3606633647926516,0.007192895113970624,-0.010595158628497973,-0.006993445743374279,-0.01753260815354497,0.0065256445184810165
0.3607422580628673,0.008099355579938843,-0.009504623315551299,-0.007918367612067479,-0.013517634012848006,0.0031523785766550696
0.360821151333083,0.013995636405646548,-0.008396516376942829,-0.006067226044048552,-0.014173843687968432,0.004967806627279562
0.3609000446032987,0.023338753659791822,0.0074041468052917225,0.00935581503425701,-0.009574383937004126,0.013358500473118031
0.3609789378735144,0.03242169179118908,0.007598348117593761,0.009140355178884698,-0.005579853664563748,0.010527183856669646
0.36105783114373013,0.03435481912466764,0.00699207723553484,0.007664446584458281,0.00018826610076030692,0.0055727414558434316
0.36113672441394573,0.025793486534711394,0.0005376620248016712,0.0026625054756763853,-0.0009317425446761056,0.0026026711239445573
0.36121561768416144,0.012417439196091173,-0.00992911289122885,-0.0060159709078318,-0.010465386541138407,0.0025256546101440442
0.36129451095437715,0.002725961688599698,-0.019409520267858214,-0.015863453864335315,-0.01884444149564628,0.0008059264020138644
0.36137340422459285,0.0014143396793883712,-0.011854534413498421,-0.012619852107312753,-0.0236362933961082,0.006424272490889201
0.36145229749480856,0.006714825963409149,0.0013487186671085356,-0.004522210200993732,-0.02225506833678317,0.01152238885335462
0.36153119076502427,0.013006743618954446,0.008220531363046743,0.0007257145698684386,-0.02403503177204939,0.016615017139209636
0.36161008403524,0.017227987161818656,0.01354846294292181,0.005679637227892364,-0.022604782198718892,0.019340722447574146
0.3616889773054557,0.019162441380036192,0.01576172963418487,0.0063654356366235265,-0.021895743122124042,0.019376173119925413
0.3617678705756713,0.0196880381980827,0.019665377617777167,0.0081623125669418,-0.008143547439828017,0.011514377762521406
0.361846763845887,0.017225022161876352,0.015826819720652606,0.003327395020000276,0.0009525338740915616,0.001836960941662146
0.3619256571161027,0.009420289469134932,0.013696570613498984,0.0005298346698058853,0.009877895550445383,-0.0062118893245496415
0.3620045503863184,0.0014951514725918549,-0.006898561560809733,-0.013330735623115314,-0.005355165651051742,-0.0063311645876820526
0.3620834436565341,0.0009435260187441255,-0.016223540128394314,-0.015650235929372692,-0.010057693850694657,-0.004911776170741095
0.3621623369267498,0.009063630055724997,-0.016614273680356176,-0.013895574359497521,-0.015478115849620586,1.8240448898728713e-05
0.3622412301969655,0.01922788190554433,-4.822650074506155e-05,0.0014879589874910624,-0.006347024398366163,0.00535078153442922
0.36232012346718123,0.022697004887002572,0.0022257121899231227,0.0011936404977591997,-0.009328618948745804,0.007125932001891319
0.36239901673739683,0.017916593620861492,0.0065779913205429915,0.003836870993323235,-0.0039034020859574194,0.0054630370595495185
0.36247791000761254,0.009669390316203192,-0.010617598158699837,-0.010393643029248719,-0.013235585743265263,0.0011229756329320358
0.36255680327782824,0.004154091122199403,-0.012758011617951997,-0.01404257086159101,-0.004653524827180518,-0.007329693486658777
0.36263569654804395,0.0038333990705090573,-0.008815649071216156,-0.013182528321466661,0.011213288841189183,-0.017299293469728336
0.36271458981825966,0.00613823966721796,-0.010023670377880645,-0.01551288892953726,0.010022976525132439,-0.01823585368012373
0.36279348308847537,0.010992777130636818,-0.00034650747536329096,-0.0035216354881816994,0.006659052369206807,-0.0070714577318591884
0.3628723763586911,0.02010798770319507,0.0036091831835854834,0.0025036118802397,-0.0011687970623911058,0.002643057283760323
0.3629512696289068,0.03318048227332917,0.004244850450951123,0.007790002984721863,-0.010258017188224798,0.012651580188478768
0.3630301628991224,0.04596912721540237,0.010460512795302523,0.013142771263049934,-0.005623007666742155,0.013531815837155922
0.3631090561693381,0.04807141558521272,0.014299981780850238,0.012853670173234055,-0.004181474143062315,0.012353007400362652
0.3631879494395538,0.035870314106177206,0.007931384185943862,0.0046849682912621935,-0.0013367689366920283,0.0043772377435607746
0.3632668427097695,0.020202126068307825,-0.0021824239223901345,-0.0028689606220603705,-0.00872788611548665,0.003703614241490508
0.3633457359799852,0.012552062981326353,-0.0038740418103738504,-0.0040673280455222165,-0.007862288066256133,0.002233701765974617
0.3634246292502009,0.015597963511967563,-0.009457462991134286,-0.008278564014415155,-0.004286505986990189,-0.0032888692999779754
0.3635035225204166,0.0251042097935322,-0.005340831942385185,-0.002516400461396898,-0.002011244640155668,-0.000525986121353678
0.36358241579063233,0.03649603818580501,0.0009400151070762017,0.00437644479264263,-0.009102031698317924,0.009340720315600804
0.3636613090608479,0.04656222776434099,0.010394790486274093,0.013317874347398471,-0.009713297033089369,0.016396931868498745
0.36374020233106363,0.05391134030198598,0.019186604911024915,0.020623947367925527,-0.006471157781226402,0.019661349586670204
0.36381909560127934,0.056609393710549634,0.02025592920213712,0.018500980009241667,0.0028281311795579013,0.011865895576599722
0.36389798887149505,0.05008112446487878,0.012022676080873514,0.011574955819210118,0.0050685734348209395,0.005217112922705327
0.36397688214171076,0.03539241987325571,0.005460535082660278,0.0051128659312577075,0.0032886979106923273,0.0016022515163265332
0.36405577541192646,0.022733816450753168,-0.006051491442512205,-0.0049047316784639056,-0.00790991894090518,0.0016429064410062295
0.36413466868214217,0.020863269595866436,-0.008358647806693542,-0.005681129076202264,-0.014946691395246941,0.0057718238157988145
0.3642135619523579,0.029093230350465633,0.0036713586352472793,0.006305001990933814,-0.017189312223161578,0.016183171871758197
0.3642924552225735,0.040443395233616064,0.016858321118415835,0.01812058032143756,-0.016431473000501053,0.024459163025585613
0.3643713484927892,0.049182288969317346,0.02811981262020296,0.02655847970264831,-0.012107970809591721,0.0278415517802958
0.3644502417630049,0.0524553269600994,0.03162281824847499,0.02949303222529114,-0.012504873034121894,0.03028862566782962
0.3645291350332206,0.050424017844400884,0.03396833520466734,0.03033540095998285,-0.013218200848443648,0.03139159564325455
0.3646080283034363,0.044865354873668994,0.03310404514690604,0.026369006607807877,-0.00680162509009873,0.024154283766961163
0.364686921573652,0.03457139732232705,0.02142853955777567,0.012133900859639607,-0.00205356944144063,0.01039503144427702
0.3647658148438677,0.02024529026759002,0.008729859987090296,-0.0008076489199570446,-0.0026475450850449718,0.0011700033353978913
0.3648447081140834,0.010541322142277912,-0.002820850933964019,-0.0073939657060469845,-0.011122970811727539,0.0019407705240340643
0.364923601384299,0.013870833452178311,-0.012573779524614982,-0.009966294937904983,-0.02084863320397099,0.006533013990424363
0.36500249465451473,0.027990922802887792,-0.00963762223564236,-0.000899991043724984,-0.025396228095829903,0.01631715194446538
0.36508138792473044,0.041548578063668434,-0.004645459688054901,0.005345967949278697,-0.023311829352185186,0.019565696994972143
0.36516028119494615,0.047556075653732675,0.0015557943209307185,0.009361761129927353,-0.017305640611393853,0.01853321418584604
0.36523917446516185,0.04596889419506885,0.0032401307644512873,0.0072678242514536,-0.014968116609467626,0.015413329923372215
0.36531806773537756,0.03985794206507387,0.0038729416564267107,0.007277803056720306,-0.012179365671435932,0.01355569363274382
0.36539696100559327,0.0341793090641887,0.0017277325987055958,0.0022558072960241855,-0.004390159593636741,0.004613034912389533
0.365475854275809,0.028829127702803936,0.006837964227602241,0.0024909151091897937,0.005661043309794187,-0.0019337193693998813
0.36555474754602457,0.02025890332161227,0.0022890778123512206,-0.005482489920560812,0.0060696641085333965,-0.00813516846900832
0.3656336408162403,0.010306922107166792,0.0017634762467351143,-0.006719158118014598,0.007842761419125089,-0.010240309840014289
0.365712534086456,0.003274274214638119,-0.013578313814759962,-0.017995510395670718,-0.006046309918730332,-0.009338348305038732
0.3657914273566717,0.00042538185589567515,-0.018930453638247274,-0.018584834281983202,-0.01072556582510424,-0.006648048950816211
0.3658703206268874,3.2083786887576126e-05,-0.027273318471104507,-0.023041405563315683,-0.015676515144742102,-0.006653285925795729
0.3659492138971031,0.0002089064403738782,-0.02626062125579213,-0.022938775802295742,-0.013527622261081408,-0.008013753510091468
0.3660281071673188,0.0015153596553834025,-0.019894255258310064,-0.018651073294232164,-0.012517443701278858,-0.005499154055901483
0.3661070004375345,0.006021886236631124,-0.018468480585051933,-0.018138178789136022,-0.015276770585231449,-0.003272393502321506
0.3661858937077501,0.01348853263292475,-0.002645199474888367,-0.003308873809429963,-0.003046701343221785,-0.00042276248084623417
0.36626478697796583,0.019638474022911075,-0.004250147897541046,-0.0023660414701000055,-0.007547795897638358,0.0032883402968412576
0.36634368024818154,0.02142715311570505,-0.004490944543816309,-0.0016711927999468372,-0.002172313001956538,0.00021014743548221782
0.36642257351839724,0.019569641664373087,-0.009125068746594099,-0.00604217696777027,-0.007978937722574775,0.0008433035256982364
0.36650146678861295,0.016091894866485792,-0.0145208734688766,-0.010445226163297289,-0.010211165142643218,-0.0009380487316057764
0.36658036005882866,0.013276611003283093,-0.015520977342699561,-0.01137090677839631,-0.011669103209587351,-0.0006514498296632641
0.36665925332904437,0.012859175997334665,-0.018069611064669585,-0.014764106342331081,-0.01706967344508654,0.00043666605122958795
0.3667381465992601,0.016688354288832072,-0.0065860798112487235,-0.004498255537268069,-0.012834173679639982,0.005238439145111309
0.36681703986947567,0.027176731106754358,-0.0032858663969235233,-0.0009293779048601843,-0.015226818544942684,0.00949229925798921
0.3668959331396914,0.04458053593905239,0.004682871419708398,0.008549499599469266,-0.014607434819753396,0.016124882031406607
0.3669748264099071,0.06322936619840559,0.021480204009764362,0.025246115417662075,-0.01718841594130881,0.030261624692576043
0.3670537196801228,0.07408656314683809,0.03292936737450751,0.03838254520768383,-0.015124909640035643,0.03864868665055529
0.3671326129503385,0.07360709027785363,0.029544184052223147,0.03489736230610281,-0.012552796110096518,0.034339070736690014
0.3672115062205542,0.06403907530004486,0.02305167207944135,0.026221914693711906,-0.008767706891482933,0.025358891331790867
0.3672903994907699,0.04950382427757145,0.01473811522352995,0.016187510784239,-0.012361111285970445,0.020300691537860512
0.3673692927609856,0.03558941445975272,0.012986844874098076,0.012814476285086408,-0.010409679233773495,0.01648833084875076
0.3674481860312012,0.02639472313579926,0.0066604263828538846,0.004128698845909611,-0.015072270752653888,0.013149367860307222
0.3675270793014169,0.023675101702378572,0.012252144394657976,0.005183490668391251,-0.011016504326166337,0.011221043703633393
0.36760597257163263,0.029160433743389894,0.01633420083344799,0.008863631569744458,-0.01538206575020293,0.01687645533333414
0.36768486584184834,0.04416340114966755,0.028809985702456114,0.022591396227926108,-0.016192086081388318,0.027622325786861527
0.36776375911206405,0.06565824317196493,0.029510765270335217,0.028653368250372346,-0.01640364146141993,0.03226982289196263
0.36784265238227976,0.08374061994653624,0.03389666437937496,0.0387060671017459,-0.01644018499957565,0.0397676967137282
0.36792154565249546,0.08959541822725921,0.030731538453242852,0.03826679273345933,-0.013536501742086992,0.03750173171275006
0.36800043892271117,0.08430384675690852,0.02261267123476473,0.03198845141434548,-0.01707919893400519,0.03520044867477073
0.36807933219292677,0.07299453467732378,0.017378795133460426,0.024856114185985725,-0.021059943676186823,0.03255973426115906
0.3681582254631425,0.06070979912700565,0.017809459907324923,0.021582431663352525,-0.018293718517122103,0.028277372270836758
0.3682371187333582,0.05235048039621326,0.013659961978057035,0.014802270890663088,-0.016656090789357827,0.022142841694729642
0.3683160120035739,0.05014873581193788,0.021011085507050963,0.016715531425927164,-0.008073424373323802,0.01782651514346187
0.3683949052737896,0.052776090865551774,0.03625175162682664,0.02622076331395827,-0.00044612609656753167,0.019796451331127538
0.3684737985440053,0.05556455870337688,0.04016938495977703,0.024761594815677003,0.0058672993364322565,0.014491124097639042
0.368552691814221,0.05250038214985065,0.04119169234066159,0.024342713539010213,0.012370919019418551,0.009831788057199146
0.3686315850844367,0.041793611639540755,0.026172645276505774,0.013515715730479218,0.006825242378359392,0.005485733032104808
0.3687104783546523,0.027268475484655313,0.010967479630730127,0.0041143135149206865,0.00418228988091354,0.000262222583888654
0.368789371624868,0.013738453323628759,-0.006787413429733055,-0.009416120105694778,-0.008043849864536764,-0.0016221389811348242
0.36886826489508373,0.0046847979155731755,-0.015438598088413628,-0.01655672871162615,-0.010034312781855842,-0.005601661587257312
0.36894715816529944,0.0008988699292393203,-0.018151183141673778,-0.020403505439871534,-0.012777390801775769,-0.006629056919484515
0.36902605143551515,0.0001297841145095747,-0.01787466669608247,-0.018977329180221957,-0.015692214626268478,-0.0036188668967257085
0.36910494470573085,0.0006512131529307269,-0.02151450196976686,-0.01932130769017172,-0.0181699753145249,-0.00221774444519508
0.36918383797594656,0.002869713489749124,-0.02507857850880455,-0.021866565185964998,-0.013274091094200838,-0.0073854752986330895
0.36926273124616227,0.007110509021287938,-0.019002417166492144,-0.017142797768206812,-0.008114803771946765,-0.007321076154216011
0.36934162451637786,0.010932656576767329,-0.008935786732430888,-0.009376225433543791,-0.0027631101599082416,-0.005123762104426202
0.36942051778659357,0.011753157033374782,-0.013958318323498316,-0.012159499877099696,-0.008195592144395584,-0.003560787590921332
0.3694994110568093,0.011324266643931434,-0.013974475042203772,-0.01181952625691932,-0.013905879856629295,0.0005108240693837028
0.369578304327025,0.013060579355182633,-0.013357160420850122,-0.012226650764441262,-0.019489093355247008,0.0039423880464098315
0.3696571975972407,0.019397816420418556,-0.0073287840094715725,-0.00724308702255129,-0.01800353454152675,0.006655010271370684
0.3697360908674564,0.028564654598860477,-0.0024314756585480128,-0.003290296175779733,-0.011326335905389463,0.005128150568981902
0.3698149841376721,0.032906546074608065,-0.0019632805003172438,-0.0006897661028845802,-0.013162780977380694,0.008289929607578874
0.3698938774078878,0.028587830497559835,-0.003941762419254706,-0.0008432938164857631,-0.014064550739708599,0.00877891763254845
0.3699727706781034,0.019272183418882247,-0.013618230362950264,-0.009603299176098517,-0.01735986589016518,0.004469248418351254
0.3700516639483191,0.01013249451885104,-0.02207813327482427,-0.018774022530396953,-0.01234175612193239,-0.005708097095679723
0.37013055721853483,0.0046899029439837776,-0.01948983117845729,-0.019215730348945217,-0.008103204002379892,-0.008870732967526891
0.37020945048875054,0.003832259558916238,-0.012763998394491967,-0.014742772504125522,-0.010355296825761438,-0.004037816569966771
0.37028834375896624,0.006670679383315446,-0.005057479782677118,-0.009625661245719501,-0.014410530331756662,0.002479932788667555
0.37036723702918195,0.01239248380331701,0.00834471008373177,2.469273340508288e-05,-0.01778916387470213,0.011915539507563222
0.37044613029939766,0.02015312817558082,0.022173847853973593,0.01055354789656346,-0.01713595236265576,0.019305615174197273
0.37052502356961337,0.028248737160117537,0.02673733977759586,0.012250004590164591,-0.014019130380438062,0.018482298226531555
0.37060391683982896,0.03445843663449613,0.019820306055785136,0.009334607056330449,-0.010927323401524882,0.014247465021153132
0.37068281011004467,0.037985027283256353,0.011596374340554676,0.006432527585898868,-0.013819741612836521,0.014024350275401882
0.3707617033802604,0.03943415730349063,0.004051031280355339,0.0033755346458764807,-0.018719689065102543,0.01502909010389236
0.3708405966504761,0.04132933910078245,-5.126824971424212e-05,0.0025360905208019163,-0.02205302203816087,0.016634856702874876
0.3709194899206918,0.046971031700316856,0.006225598582199,0.009365164707179277,-0.019885310399877832,0.020261101593500367
0.3709983831909075,0.057175303294026175,0.019402123863503026,0.019555612292739877,-0.017937201563719883,0.026532553837890653
0.3710772764611232,0.0689920889535577,0.03288073802397205,0.02905056005038336,-0.013077626920047134,0.030342391708872683
0.3711561697313389,0.07779469378171776,0.050816145485567905,0.04150838710529329,-0.013524816970134903,0.03990463152814899
0.3712350630015545,0.08216657889759933,0.06733803589533674,0.048583585427476025,-0.0008138155205632759,0.03668440424062558
0.3713139562717702,0.07878027827066143,0.06772603887762882,0.0428592813598533,0.011842610574185739,0.02397071492678373
0.3713928495419859,0.06134213974785348,0.06205656527339305,0.034143620571001856,0.02198105501819948,0.010703377014555544
0.37147174281220163,0.035389249970751296,0.042317666029388405,0.019098587114382816,0.016854287212080456,0.00293194151330203
0.37155063608241734,0.014154538840865585,0.011378631503293496,-0.0029308828647849365,0.006650314459262955,-0.006626400694833721
0.37162952935263305,0.005923992436542121,-0.008467582403905074,-0.013237601496722816,-0.007771086083478881,-0.004646429220938852
0.37170842262284876,0.011028293359621539,-0.008643695925739313,-0.007004495323624501,-0.01891151968371795,0.007439807999642665
0.37178731589306446,0.02209230131847653,-0.007045986844046378,-0.0006815373529868551,-0.019039752309052135,0.012227021667816772
0.37186620916328006,0.03167219703583953,-0.0008360855100633816,0.006884937008520825,-0.022079710525408542,0.019885383352780492
0.37194510243349577,0.036503628962981226,0.001795586167113305,0.007325338058457572,-0.02153927232713602,0.019851219640016966
0.3720239957037115,0.037363253134096754,-0.0015752327483820098,0.002717263611665195,-0.011614076048386877,0.009787176321538379
0.3721028889739272,0.036438839458521055,-0.0004104920913500023,0.0008929473217547525,-0.002330385763277886,0.0022223101897319375
0.3721817822441429,0.030220640528741603,0.004415722639378637,0.0008246583046377251,0.007984281496975358,-0.0047262849801895076
0.3722606755143586,0.017424038621306103,-0.002919902228400321,-0.008680516458383263,0.008998355274276419,-0.012471258149580939
0.3723395687845743,0.004997087450221723,-0.008343483065484943,-0.013813661025015734,0.0036189700829486068,-0.012690689073143762
0.37241846205479,6.71582242841573e-05,-0.011115331844643781,-0.013355373918780607,-0.012291205642475756,-0.0017113157381425403
0.3724973553250056,0.005020472558357096,-0.016281312702721443,-0.014960926632176474,-0.012454739133562728,-0.0027961322120002197
0.3725762485952213,0.014529670663197075,-0.014043749152072628,-0.011633508585906274,-0.015156517180654796,0.001485615693662243
0.372655141865437,0.01970934550291287,-0.008965390859077077,-0.006310338755597358,-0.016417042342486286,0.006287419266329986
0.37273403513565273,0.01824134393706029,-0.01723999318574784,-0.01170867617780558,-0.020178174335131922,0.004788598637335389
0.37281292840586844,0.012985169431814863,-0.023305873686178532,-0.01667324768230013,-0.022104677647695758,0.002384250338678297
0.37289182167608415,0.007650191147787117,-0.025223453536356875,-0.019099625086778795,-0.02127562816359225,2.4377324442699683e-05
0.37297071494629985,0.004540981830875813,-0.021523963611553044,-0.018466246545121443,-0.01597861499691218,-0.00304710272752718
0.37304960821651556,0.003630719915600231,-0.011146594904597277,-0.012562475159207203,-0.016973700240525857,0.002010092659596328
0.37312850148673116,0.0048064223624499315,-0.001034001672878654,-0.0030293046623621365,-0.025775974460299386,0.014988138481342641
0.37320739475694686,0.008039027153414187,0.0017865430289794252,0.0012382669421169999,-0.03075428230952978,0.021492161684163544
0.37328628802716257,0.011021138297704281,0.00794626204917357,0.00536828531800909,-0.019855427916318204,0.017270149837264527
0.3733651812973783,0.010043693756627971,0.004996678320665048,0.0009898473997574722,-0.021799892640902256,0.015316034749972316
0.373444074567594,0.0053180710579986785,-0.0044725752825723565,-0.007350271634338392,-0.01753749247190825,0.0062635645815650445
0.3735229678378097,0.0012227543835998439,-0.0157665739575909,-0.01504943418889141,-0.01792151451925903,0.0007941675085462618
0.3736018611080254,0.002520203298914894,-0.022853893880438993,-0.020223070502330742,-0.01636880994765905,-0.004093249718049909
0.3736807543782411,0.009901000563084713,-0.020149133357066126,-0.0167882982394154,-0.015967596728953926,-0.0018061771860993147
0.3737596476484567,0.018025701776818184,-0.010645112435162363,-0.010201215583028904,-0.012410373408856373,0.0007141825296274196
0.3738385409186724,0.022656925895272736,0.0009637819323772715,-0.0012363575603235634,-0.01297537002947322,0.007758194222015847
0.3739174341888881,0.023521046320012277,0.004141077140495392,0.0003018116308449865,-0.012359946819538009,0.008490203657161547
0.37399632745910383,0.021615835943728,0.008645204504104335,0.003036563854670193,-0.01488891076310835,0.012214811142916957
0.37407522072931954,0.01933599070388899,0.01199803517459471,0.0025398462969710126,-0.013175573766341157,0.010699608874367092
0.37415411399953524,0.015621208233708175,0.011364523941132416,-0.0006783670866397883,-0.003039937855340903,0.0015285318357491369
0.37423300726975095,0.00813826431568599,0.012597060407654877,-0.0025909632679749343,0.006312800749976647,-0.006147965498485634
0.37431190053996666,0.0011407047279718132,0.0029225836799276392,-0.010401546679950004,0.007073132862576253,-0.012463384569833426
0.37439079381018225,0.001601500829586837,-0.008852471086741783,-0.0139969847472812,-0.007575692299830326,-0.005341844645088415
0.37446968708039796,0.01243069638215098,-0.009154939562353156,-0.00800351056783562,-0.014040863655313398,0.0034390137552449164
0.37454858035061367,0.02723434964030515,-0.006290360251831933,-0.0017064575520576704,-0.011638440208886948,0.006514509850889929
0.3746274736208294,0.035860582854205986,-0.008491405729865443,-0.0007342584954734954,-0.01919395244727378,0.01229097478479426
0.3747063668910451,0.03589130838054239,-0.006778558809762554,0.0007044947529456727,-0.019559528011521752,0.01360517520782341
0.3747852601612608,0.029469302742574807,-0.009893680613804213,-0.0033671656301733823,-0.018006225271094016,0.009538887606979117
0.3748641534314765,0.020119606872413903,-0.008630623342409684,-0.0058155902267932125,-0.011907018157149663,0.0036388119697394155
0.3749430467016922,0.012087597568882077,-0.011531732351047173,-0.01182891089073895,-0.0034354114098521637,-0.006498017701221278
0.3750219399719078,0.006215306149737401,-0.013607042123654508,-0.015523888390111708,0.000667184825215631,-0.011988797566728172
0.3751008332421235,0.0025458819129153694,-0.018490752322663707,-0.020934153306753328,-0.00018216677044908234,-0.015444411312012784
0.3751797265123392,0.003066241030445814,-0.015664790201057745,-0.01759011866150094,-0.0022935774940525022,-0.011545854566457134
0.3752586197825549,0.008462111090531148,-0.011764946332041061,-0.010989101228880256,-0.008920584809072695,-0.002205575815214335
0.37533751305277063,0.016854302000337284,-0.011399584810750171,-0.0070769650165768486,-0.013155594351495865,0.003535923888054716
0.37541640632298634,0.02539965297032442,-0.011654732722675953,-0.005144576122343831,-0.009675042906096776,0.002645030009224291
0.37549529959320205,0.030933242454874502,-0.007825022857265173,-0.0016204057882198398,-0.00465905937105922,0.0019108857144162043
0.37557419286341776,0.03225455545960931,-0.01219292693858034,-0.004762410634595061,-0.010533158753862678,0.003503088458640358
0.37565308613363335,0.03189174843273724,-0.009205972538502126,-0.0023538349083349376,-0.01448912892545879,0.007939798285013096
0.37573197940384906,0.03341619976816633,-0.005652068645757603,0.0010025116871687292,-0.021668194973882882,0.015237345822167086
0.37581087267406477,0.0389525242301642,0.0029307573098159008,0.008895544673290214,-0.025826784286638406,0.023886437914161503
0.3758897659442805,0.04858938273514228,0.009121044259864026,0.014613554120782097,-0.033732719804816874,0.033424835513240034
0.3759686592144962,0.061445270405461765,0.02099890137525274,0.02580025771108287,-0.035142735692574555,0.04267748092847789
0.3760475524847119,0.07259372871874714,0.02650122860444682,0.03147214972648751,-0.029911063844901078,0.043392258094128756
0.3761264457549276,0.07211282092659115,0.024668071740313265,0.030936836617859252,-0.024846051855494045,0.03960914948021147
0.3762053390251433,0.05790459677272214,0.0167856354454653,0.022135123697656897,-0.018551215141565044,0.028860312495890283
0.3762842322953589,0.03761026703670933,0.006354563090859311,0.009847322622749724,-0.013628501586768468,0.0164349844500114
0.3763631255655746,0.018432845094035952,-0.009923041353287632,-0.007739880020524052,-0.00875903660053398,0.00010261389268649851
0.3764420188357903,0.005526809254898212,-0.01920350633963993,-0.015886025006928563,-0.009981560265860799,-0.005138063831220504
0.376520912106006,0.0012958737643672961,-0.02880555794169399,-0.024421250105401124,-0.015585414530539224,-0.007741035355647612
0.37659980537622173,0.003166878646333734,-0.030043961171368497,-0.0243743860863573,-0.018018656428708216,-0.006079145967849764
0.37667869864643744,0.007963101242058434,-0.024516911488936928,-0.020346461356824407,-0.02230961001671588,-0.00021179784102080202
0.37675759191665315,0.014360270947159677,-0.01911670100809097,-0.014253363161302303,-0.018426489590029547,0.0017240961727612312
0.37683648518686885,0.022002000928519217,-0.018337375700953156,-0.011262989020826345,-0.016390270326252593,0.0025863702992590387
0.37691537845708445,0.027628245049510645,-0.013575732010371438,-0.005108358169139517,-0.0213411401328974,0.010475120510400197
0.37699427172730016,0.026628050970472758,-0.009336307984377656,-0.002450561194150887,-0.019407700612872884,0.01115789949135572
0.37707316499751586,0.01984760853707894,-0.007462298110185019,-0.004155007289703188,-0.011061062161161195,0.004307785149768308
0.37715205826773157,0.011383463162305579,-0.014167793292392797,-0.013495545227687368,-0.015180152081219351,0.00011650213288191668
0.3772309515379473,0.0048453861788821774,-0.015456841931009633,-0.01524775658747111,-0.015077160131224721,-0.0012557101379393387
0.377309844808163,0.0024723174083991443,-0.020376391840486258,-0.01807416415163154,-0.012788237215291638,-0.004888907794452096
0.3773887380783787,0.00327010608810587,-0.016893330238841948,-0.014190147634015857,-0.014411344046714191,-0.0009143199075628679
0.3774676313485944,0.00406441959921335,-0.01959203101247417,-0.01793135180642886,-0.012554552330481257,-0.004938934017358909
0.37754652461881,0.003478907571617851,-0.01730986958667627,-0.016353856180390133,-0.01257781718886162,-0.003749922844003405
0.3776254178890257,0.0021799565458407574,-0.01905147153222763,-0.018261461861038584,-0.016006017665944696,-0.0028764238382553518
0.3777043111592414,0.00106665024028428,-0.01822426408521903,-0.017180493646032854,-0.016808886517112313,-0.001535295307707645
0.3777832044294571,0.0005046930462151982,-0.016768218995383045,-0.01673362263045683,-0.01250814003783791,-0.004079007397360417
0.3778620976996728,0.0004630531480411563,-0.015217708937170785,-0.014712413133133349,-0.008327522189067292,-0.005371194986683529
0.37794099096988854,0.0006169150725907122,-0.016680916915318887,-0.014939333998886587,-0.009496723747686576,-0.0047581398228177295
0.37801988424010424,0.0004719686224004032,-0.014729643637255376,-0.013369932353241788,-0.007179988923667247,-0.005140102713131813
0.37809877751031995,0.00014028867684176828,-0.023201683964183806,-0.020490707377470253,-0.008583786236595404,-0.009497846284033504
0.37817767078053555,0.0016062865515283462,-0.027086755370671595,-0.022983623254698098,-0.005867117309415476,-0.013168539510230675
0.37825656405075125,0.008321699968643726,-0.02152195478336985,-0.017780779381822858,0.0019198339105711347,-0.014504551422989644
0.37833545732096696,0.021717281617230116,-0.003327500708547411,-0.0021523223567633852,0.0008340006255080867,-0.002157984259137096
0.37841435059118267,0.03810033791789336,0.0172130734974527,0.014796767048062235,0.005397665459987785,0.00739301192919018
0.3784932438613984,0.05270929434693533,0.029959778064208728,0.026746934335381663,0.0027904425962695916,0.018024704847302314
0.3785721371316141,0.0639865316481781,0.03195361848470644,0.03243257024120341,-0.00837002081152336,0.029711691544299385
0.3786510304018298,0.07043231905598842,0.035417415066363596,0.03752115260448906,-0.01913025021719694,0.04068355392814812
0.3787299236720455,0.07105050985627162,0.03606342297248119,0.037257964031161536,-0.02110047583390882,0.04180400781048484
0.3788088169422611,0.06921342279325894,0.029453162324355565,0.03322657244147218,-0.01794979403850155,0.036702524032728716
0.3788877102124768,0.06623347020893003,0.02282091040609171,0.02631229711775948,-0.021921145908342952,0.03421761550612434
0.3789666034826925,0.05784946624364843,0.019571884629644522,0.021345095798453905,-0.015648993717756982,0.0263328532295222
0.3790454967529082,0.04326941355083725,0.006443178782286403,0.0079825162728385,-0.008363904777814655,0.0115280633017318
0.3791243900231239,0.029269934626615944,0.004608652812192677,0.00372483425271355,-0.0019102586059239772,0.004046875402911385
0.37920328329333963,0.02236929732236049,0.0021663348985904254,-0.00012286955713986151,0.0025531109140961936,-0.0017986980378654539
0.37928217656355534,0.023098335057532147,0.006768742896092651,0.005630310793577358,0.0016455722284495575,0.003085781056641247
0.37936106983377105,0.027635415409630465,0.011305808053653258,0.012408697518423608,-0.00474934622747353,0.012401862028161686
0.37943996310398664,0.03215504034741618,0.010696813925184618,0.013152528417635428,-0.009944622612571745,0.016428684209386195
0.37951885637420235,0.03484703819935563,0.0006080563969213083,0.004813995915095721,-0.012890970512467924,0.01219995429760815
0.37959774964441806,0.036544117470322206,0.0013608258862771389,0.005815036518496804,-0.00988305743810014,0.01093255955441524
0.37967664291463377,0.03859552675497094,-0.00426999872699775,0.0021994315220195196,-0.008974239202889719,0.007636718136787983
0.3797555361848495,0.03892102840417638,-0.005098963127723053,0.002785797030059561,-0.012626345522840544,0.010515132008003789
0.3798344294550652,0.034783249720201734,-0.0022931395104205804,0.003252652720810221,-0.021119826379309068,0.016543258094368306
0.3799133227252809,0.028500297862856228,0.003801861845044389,0.004959957914753011,-0.0216951259088124,0.01819724547782775
0.3799922159954966,0.023190576433506395,0.0012977534384608518,0.001234210888510193,-0.02043799640075617,0.01458663200970262
0.3800711092657122,0.018242202311134506,0.004421011672230657,0.002680632477425448,-0.02034872603537433,0.015602199887838694
0.3801500025359279,0.012374917579628313,0.002231176722629258,-0.0016426692845033725,-0.018798638101536567,0.011351144984983434
0.3802288958061436,0.006514415683543374,-0.004712385297026462,-0.008780319145867917,-0.01837990090008247,0.005763593011340749
0.3803077890763593,0.002814072759311341,-0.011706588187780503,-0.014257789294727501,-0.02103722953151232,0.0034671397297391005
0.380386682346575,0.0013202437272744495,-0.013150697293350494,-0.015294306579905374,-0.01619357007376803,-0.0005436855125566866
0.38046557561679073,0.0005798448896977531,-0.015465767946508687,-0.018081428985529894,-0.012710668721830026,-0.00494618195121832
0.38054446888700644,0.0008048288343022339,-0.014654738405635267,-0.01542345215599123,-0.016550783690892894,-0.00040084430850626895
0.38062336215722214,0.0036400205397554603,-0.017237357642503226,-0.014589995392133591,-0.018633930644130516,0.001612439770398051
0.38070225542743774,0.010264730689815283,-0.01609281254880161,-0.012609915303899788,-0.020193295763650674,0.004128372225334012
0.38078114869765345,0.018397230584721477,-0.014889240890812627,-0.010145833758772621,-0.0201067934168292,0.005903225337163585
0.38086004196786916,0.022001304482349222,-0.0015662482232633415,0.0014750945759628433,-0.010345265366788887,0.008015099156913128
0.38093893523808486,0.019667656037075227,-0.007376545098135375,-0.004214289774905722,-0.00621778840309636,0.001024662254599589
0.38101782850830057,0.015429461926188843,-0.01712445889432732,-0.012898945767069767,-0.012007940896003702,-0.0015612824855017584
0.3810967217785163,0.013718531456762613,-0.014187432345906576,-0.013262824646311105,-0.010508492362612407,-0.002834658063007416
0.381175615048732,0.018273258295385817,0.003423135312805977,-0.0012546207607286456,0.01053668674346552,-0.007979201776915293
0.3812545083189477,0.025619101423412345,0.008959987909081946,0.0018021044156652849,0.008403061139597037,-0.004279610662853982
0.3813334015891633,0.02835554824653816,0.01735478350136345,0.009937870187859675,0.005438689505644947,0.003752244253988872
0.381412294859379,0.026131875716484974,0.015741216225591066,0.008902272258658443,0.002524300605186625,0.004931033538600852
0.3814911881295947,0.021558671006286594,0.0017680867111455568,-0.001507398616693579,-0.006988457536419135,0.0035526921121508907
0.3815700813998104,0.016588124615574483,-0.0039263725132719085,-0.005091603269510083,-0.013693670855950411,0.005372104326242079
0.3816489746700261,0.013076662638964254,-0.008274295722822095,-0.010133258587097179,-0.012210012843785464,0.0006307218087737392
0.3817278679402418,0.010903422397465747,-0.016501659870109125,-0.015782965720163585,-0.009382503530016982,-0.00546198761835595
0.38180676121045753,0.00918209529375922,-0.009241215921933273,-0.008754839105944443,-0.00932922523804312,-0.0002708047412984475
0.38188565448067324,0.00906074435509417,-0.006257364568451561,-0.006823824743816825,-0.00789109860882523,0.00020334700337547762
0.38196454775088884,0.012441640927095396,-0.003943872367496371,-0.007316299449431986,-0.0014456590629799428,-0.004473060743622465
0.38204344102110455,0.018065537315491317,0.01144479093580914,0.004146908963882853,0.015132712628842433,-0.007037047690631353
0.38212233429132025,0.021844389194978324,0.03090644184989106,0.019637307326511987,0.037142482230475414,-0.010241542173125964
0.38220122756153596,0.02199838616440676,0.013410784453970745,0.006016049679236415,0.019711887394305325,-0.00871023671855722
0.38228012083175167,0.019645948091110373,0.0024615476259930037,-7.551837082484321e-05,0.003386266592359239,-0.0023206521379864112
0.3823590141019674,0.01662900882118271,-0.0026819992209693756,-0.0027042021833032573,0.006294955129674292,-0.0062202228615235
0.3824379073721831,0.014719468993132125,-0.012985129286689587,-0.011688379005396538,0.001010008771886516,-0.009365986678263905
0.3825168006423988,0.015147970341672722,-0.014501463891394948,-0.01165060578234144,-0.005183835203051343,-0.005196295172218005
0.3825956939126144,0.018192489128728374,-0.011691196682029417,-0.008318217103763506,-0.002192796397558807,-0.004718426634493208
0.3826745871828301,0.02324871577441438,-0.004980285356760363,-0.0023400525251394987,-0.006415207228519466,0.0025502360997856567
0.3827534804530458,0.028463952269971865,-0.00030544418654880113,0.0016918723227244523,-0.014298094039163697,0.010819950071563722
0.3828323737232615,0.029922597011398544,0.010453399056470025,0.009593556397934085,-0.01388268241290239,0.01641632255048599
0.3829112669934772,0.024978877104408274,0.008054662748548075,0.003915875032287024,-0.010029767011608235,0.009618738721614322
0.3829901602636929,0.01575185488527565,0.0033234285191094263,-0.002436603753050699,-0.008493524544419054,0.0038683478362248895
0.38306905353390863,0.0068100235848765015,0.005271929173105336,-0.000824044276260047,-0.004505098733626805,0.002400028556137717
0.38314794680412434,0.0026331466296055073,-0.007433378905909043,-0.010383742534887476,-0.007923543206632345,-0.002422148832635416
0.38322684007433994,0.0029219699048723398,-0.019266859830086903,-0.017903405077885032,-0.007889171623341743,-0.008037685167150605
0.38330573334455564,0.004896336389062262,-0.016728031014429823,-0.013912781546182322,-0.010429643896274604,-0.0033707859658790073
0.38338462661477135,0.008854805507130657,-0.011863014341064262,-0.008550607069342521,-0.007353285243244275,-0.0014403352619982565
0.38346351988498706,0.016048858723888434,-0.013726116227264972,-0.008105499538125824,-0.01396550845639572,0.0033127709604832876
0.38354241315520277,0.027142524323695495,-0.0078736062314058,-0.0013606009060381217,-0.01764947765404283,0.010792165478939922
0.3836213064254185,0.03804072351955179,0.004531082561574262,0.00845435092195547,-0.01458239403101631,0.016037404005193098
0.3837001996956342,0.040168511484192114,0.003740173089370374,0.007431883177873383,-0.013319371261242373,0.014432634988287382
0.3837790929658499,0.03205236424797894,-0.0004499403397673894,0.0024610222198243313,-0.01797598369556278,0.013851771479589468
0.3838579862360655,0.019465611238586717,-0.005664477395725019,-0.003876001291397155,-0.01486709079355083,0.00706081757678595
0.3839368795062812,0.008239654356634585,-0.01348435702744046,-0.010869923475876172,-0.007636688414875961,-0.002975521335845399
0.3840157727764969,0.0027419105131392114,-0.015311719770075947,-0.014553591415410287,-0.002959061029712532,-0.00884270535352751
0.3840946660467126,0.0024184421713135044,-0.01842506480212365,-0.019215318411478367,0.0024267932331269227,-0.015910238019596765
0.3841735593169283,0.0030001896630567648,-0.01750377011433799,-0.019492429602781584,0.0022763594635485406,-0.016015742372910608
0.384252452587144,0.0026739067478606044,-0.018582013011904732,-0.019956417841776476,-0.005912706040854231,-0.010886209234795621
0.38433134585735973,0.0020149260676966835,-0.014359152867387323,-0.014429592835899788,0.0017038169640386659,-0.011868175572560846
0.38441023912757544,0.001894090806253638,-0.020725108541321417,-0.019263539451306086,-0.0013054838556127565,-0.013450988055792047
0.38448913239779103,0.0021683488248863785,-0.02325224055452146,-0.02104395666386637,-0.011889355013048575,-0.007699319308089675
0.38456802566800674,0.002007087858778547,-0.01568087403924162,-0.015124798629598028,-0.016136337371477637,-0.0004558729420721401
0.38464691893822245,0.0020048941731139565,-0.012340333244627895,-0.013414897856956464,-0.011587640364846503,-0.002226096131622369
0.38472581220843816,0.0035749174609196526,-0.009960801839963764,-0.010355012808644261,-0.015036281111259537,0.0023560425302803544
0.38480470547865386,0.006035734473482745,-0.0018812401212964461,-0.0048328141193494465,-0.006780856473708556,0.0009413139960510115
0.38488359874886957,0.007424527775850441,-0.0019624779996603157,-0.005159638756398468,0.010078618771639477,-0.010576088298639355
0.3849624920190853,0.00738204956251157,-0.010943702906697187,-0.013745212207793282,0.010308041949065474,-0.017112305114441066
0.385041385289301,0.0064597513966846674,-0.013745810295123747,-0.016377550721358547,0.01653032598959916,-0.023229658711298888
0.3851202785595166,0.005351707439991248,-0.014555109940616151,-0.01455443427691074,0.01147233136716925,-0.018492393144468433
0.3851991718297323,0.005040475277641982,-0.020468408594521023,-0.018317416457113184,-0.001022416733197283,-0.012936592451402114
0.385278065099948,0.006515613559990839,-0.016240223900779716,-0.014206717139705642,0.0049648134751281775,-0.013882791978000898
0.3853569583701637,0.010890013976709214,-0.015015755366672979,-0.012286454795948597,0.00474844180553223,-0.012310368137519893
0.3854358516403794,0.019490915267871816,-0.00811259815075512,-0.004765822090001632,0.00243505777118538,-0.005171797471754441
0.3855147449105951,0.031202251421371185,-0.007143201474301411,-0.0031763409407134895,0.00018430354884537475,-0.002484881077767938
0.3855936381808108,0.0392774490586247,0.00013657829346459469,0.004297476161959977,0.00243527251744011,0.0015666913493733359
0.38567253145102653,0.038506819706041744,0.0016600564268145666,0.006384231300227969,-0.003427108371644881,0.007038484850274463
0.38575142472124213,0.0311903667364405,0.0010145344064770912,0.004600325834717311,-0.002684193041012963,0.005215351841336947
0.38583031799145784,0.021150354744835276,-0.0010362963718012531,0.0009677087725833124,2.8866443006706336e-05,0.0007001932960372162
0.38590921126167355,0.011826570451909017,-0.0187981591573556,-0.0149690930235413,-0.008514947616222438,-0.005436772062716014
0.38598810453188925,0.006583499720510488,-0.02369491308915744,-0.02110703249079442,-0.01690031004022766,-0.0043955431196632914
0.38606699780210496,0.00478860425300463,-0.02417313221222062,-0.020683352247398774,-0.018712563443107982,-0.002868325628786605
0.38614589107232067,0.003634906972078721,-0.02484992861321262,-0.021153826316188055,-0.016331573072652424,-0.004810689781861987
0.3862247843425364,0.003145913069066634,-0.021211489117667036,-0.018690181423352985,-0.009071738829324705,-0.007832225628732118
0.3863036776127521,0.004406064098960315,-0.020484558516220424,-0.01827839807154952,-0.005236738140209213,-0.010090026538931528
0.3863825708829677,0.007916113858059971,-0.015667769376297293,-0.012972136591036302,-0.007104471603548181,-0.004894763287715294
0.3864614641531834,0.012097903787618446,-0.011868438888577998,-0.010217729471879716,-0.010919618942090533,-0.00029508161461446977
0.3865403574233991,0.013665011203928842,-0.005493693084206297,-0.00614019024609358,-0.016122676582294028,0.006217046767276335
0.3866192506936148,0.011208487261034537,-0.0037455867596781958,-0.007098218581654649,-0.014244940652783375,0.004248707536413573
0.3866981439638305,0.006558486058445418,-0.007117912911257559,-0.009975240955255605,-0.0137628865498284,0.0017867987537863994
0.3867770372340462,0.002482875104631433,-0.0070871581261916445,-0.008709728591788604,-0.01619453440047341,0.004354316075228196
0.3868559305042619,0.0004386554216313687,-0.013552417764067567,-0.011382583910376812,-0.015307445658441752,0.0017731829890225888
0.38693482377447763,2.5429387816789777e-05,-0.022704099413015207,-0.020188724962292282,-0.01451700347180615,-0.005306026121642269
0.38701371704469323,0.0001228041478638407,-0.02958258924809271,-0.02615546264037587,-0.012800786431025219,-0.01089337172232457
0.38709261031490894,0.00011696856088075022,-0.026786105689109347,-0.023487484956944273,-0.009468003745550641,-0.01113617161751749
0.38717150358512464,2.697428909889449e-05,-0.02236301629437842,-0.01973793580796533,-0.012200217630591039,-0.006519826873300889
0.38725039685534035,3.1605949079535387e-05,-0.013792568331185567,-0.011511860949170298,-0.007115136577395735,-0.0038016675195102654
0.38732929012555606,0.0003324606840778441,-0.016199367758875222,-0.014869273536471108,-0.009006108139396705,-0.005034100962494783
0.38740818339577177,0.0010299319818106423,-0.019702958442955644,-0.019170987675767703,-0.019671257667642512,-0.001101818428939834
0.3874870766659875,0.0019022964928465211,-0.003721627258830495,-0.004763409104183796,-0.020441223447760826,0.010129586369287734
0.3875659699362032,0.002440826759386721,-0.00365894090637151,-0.004872920155721605,-0.015316169320755092,0.006619920569345403
0.3876448632064188,0.002065962177131589,-0.011341030870061879,-0.010838239137780443,-0.012079944004707013,1.9451911714801895e-05
0.3877237564766345,0.0012481018345858698,-0.012476477579791695,-0.012087376147068979,-0.007478192571220919,-0.003986880483051885
0.3878026497468502,0.0016784746469791555,-0.01471271263327479,-0.013780845252869111,0.0054609106713012535,-0.013897847426994635
0.3878815430170659,0.00435233708063158,-0.02007384504116184,-0.018086412464485273,0.004963430016725568,-0.016766592488738016
0.3879604362872816,0.008569874681755853,-0.01853933909975114,-0.01599826632053422,0.005162843475293392,-0.015347267609010725
0.3880393295574973,0.01352994108035984,-0.009944806005409312,-0.006946954728835055,0.013715733896510481,-0.01433721738277853
0.388118222827713,0.01918542548669958,-0.011938740919459482,-0.00879017833892739,-0.00037344957787714493,-0.006285939545901358
0.38819711609792873,0.025984250105632874,-0.0006647893611225574,0.00032705398090627195,0.0022272001871693186,-0.0012462303316322933
0.3882760093681443,0.03522674584956353,0.012281338832639582,0.012129195322475987,0.00855115822014187,0.003300479115066054
0.38835490263836003,0.045786092719537375,0.014292534459188207,0.015023385272606025,0.005369114520500624,0.007580638720447473
0.38843379590857574,0.0514259114361611,0.010620943196166846,0.015066338114727209,-0.00011920209037342158,0.011282175611495025
0.38851268917879145,0.04780701073766702,0.0009713416870069093,0.008520088036756465,-0.003022937512595133,0.008356238097182405
0.38859158244900716,0.03769325232110832,-0.0020846755191626376,0.005091327128127311,-0.0062316232983272695,0.00795265369127773
0.38867047571922286,0.025905849557505092,-0.009919327145254469,-0.0030648018331977376,-0.015114342298767782,0.007829354345776826
0.38874936898943857,0.015669123203590332,-0.014890850613261014,-0.009354001571841752,-0.013504423538888472,0.0020759350925566725
0.3888282622596543,0.00873249315543593,-0.024576416549302555,-0.01774363907078503,-0.02108677884474182,0.0009069809347343984
0.3889071555298699,0.005170647969226725,-0.02252715106139948,-0.01753936054433903,-0.01674215611159712,-0.0018469007666517903
0.3889860488000856,0.003930464638731502,-0.01738705572363023,-0.014248587272940661,-0.007090878822931653,-0.005853147478951497
0.3890649420703013,0.00410519962379048,-0.022985329577078675,-0.020427857816898556,-0.01116446995291365,-0.0077256377466098985
0.389143835340517,0.005445059709235602,-0.018153322095165847,-0.018650264196376113,-0.0030516892460412713,-0.011827462505506028
0.3892227286107327,0.007804098960997943,-0.013566912359997551,-0.014097062686065566,0.000841497025596418,-0.011044352131415936
0.3893016218809484,0.01005286850395017,-0.006115547042339396,-0.006514597449643719,-0.004613829901359086,-0.0017583543563894116
0.3893805151511641,0.010919941539637606,-0.0082869990181375,-0.008950352272435184,-0.011763337472735282,0.0012116706681488472
0.3894594084213798,0.010829353334746506,-0.0036989229273280706,-0.006336637965410189,-0.014300914546019087,0.004852463182109694
0.3895383016915954,0.010468230939029727,0.009709026599124121,0.005041702845997021,-0.009490309084311772,0.01009497330777547
0.38961719496181113,0.009561499042253336,0.0009154529105619783,-0.0005544945208461892,-0.005713451529716293,0.003408520163150127
0.38969608823202684,0.008030161805081617,-0.010533856932482849,-0.009716100947029732,-0.008212978320004826,-0.0017321113327182023
0.38977498150224255,0.006864242318408682,-0.010199229864282561,-0.009367400179601602,-0.010567375978476458,0.00010170201622469416
0.38985387477245825,0.006702598631711963,-0.016565995422787364,-0.013551570719471754,-0.012751710551342436,-0.00154927285972014
0.38993276804267396,0.006329417994454251,-0.02115358217812195,-0.0170748623781699,-0.014948948686635837,-0.002700595616402401
0.39001166131288967,0.004660819528271047,-0.018729048538275072,-0.01536985931359234,-0.013343130225656924,-0.0025061967759147253
0.3900905545831054,0.0025078599956086895,-0.013303346395328857,-0.013393458250040449,-0.014675807522701485,-0.00014487419911085668
0.39016944785332097,0.0012976495942797024,-0.000544018150155725,-0.003968681156449938,-0.012118521796742776,0.0051535641301213965
0.3902483411235367,0.001851918722182926,0.01377476155218265,0.01090350060049036,-0.001453756389843573,0.009079101963290032
0.3903272343937524,0.0035523365621291467,-0.004223372556300823,-0.00733725857905084,-0.00927679980462449,0.0007482623893451753
0.3904061276639681,0.0049978309389977545,-0.001986897247826682,-0.005639894265112126,-0.012696919429773145,0.004297752596420824
0.3904850209341838,0.006215774119035078,0.02404228543834998,0.019788006692326703,0.008060677521746716,0.009324860575584428
0.3905639142043995,0.009003678369010962,0.022609708351460867,0.01966819562770024,0.026294409822604822,-0.0029586159211362293
0.3906428074746152,0.015683708832648028,-0.010460824862593275,-0.008558826041618098,0.00275047951246636,-0.00820285106350013
0.3907217007448309,0.0247309303769,-0.010711896423334212,-0.006627469415888601,-0.004454913273775816,-0.0019485526350060869
0.3908005940150465,0.030444777070997117,0.005059758533379014,0.008076070257435293,0.018328424568407026,-0.006252888386151057
0.39087948728526223,0.03115615292708253,-0.003882247732824459,0.0005599049215133783,0.004503663482038593,-0.002595458152734211
0.39095838055547794,0.029067853283931428,-0.003925341804511454,0.0003560396973623852,-0.01187854389221154,0.00820855419143563
0.39103727382569364,0.026041900777884992,0.001905255209786277,0.0033257916294238896,-0.00976137434427612,0.009000542985142945
0.39111616709590935,0.02416405863508159,0.007682244007829281,0.006886631264477739,0.0005104633090210083,0.0047789550484443125
0.39119506036612506,0.02495290727404677,0.019977992142734106,0.017892275464368616,0.008038543244621305,0.007929533440638603
0.39127395363634077,0.02704968252170172,0.013300436280523804,0.012502910211874226,-0.005002051327142165,0.01264087943807039
0.3913528469065565,0.027688357529257943,0.015408990477973067,0.01830025393328305,-0.0015220986096070974,0.014624946867837703
0.39143174017677207,0.026515845155646815,0.041383490247284264,0.04127220562158608,0.024093412290401534,0.01460299233254953
0.3915106334469878,0.02530355074818385,0.04507588491892857,0.04320587316933525,0.031121495530809635,0.011346738462022386
0.3915895267172035,0.024408528389416685,0.019096990030810227,0.022230548319800904,0.000526306361197837,0.01617855263806577
0.3916684199874192,0.022678984457377625,0.013281851105205543,0.017886086055263605,-0.007730396040423125,0.018467481060628337
0.3917473132576349,0.019569019664610405,0.01400551254424112,0.016040798218415284,0.005909158917930725,0.007976215351299911
0.3918262065278506,0.01629048389165243,-0.0062472327206457845,-0.004106062279731062,-0.009905557371039198,0.003571385583536533
0.3919050997980663,0.0144131959919545,-0.01057136010716435,-0.009468661301059353,-0.015275217751349521,0.003175025738603323
0.391983993068282,0.014359294937081473,0.002809973532872996,0.002365316554201535,-0.005785805962158947,0.005627776078642232
0.3920628863384976,0.015992043513501343,-0.002544777415796651,-0.003044775988666046,-0.0061262604152410305,0.0018330243102817002
0.3921417796087133,0.018800074103140565,-0.012616033688476424,-0.010259214674388653,-0.010856796791442242,-0.00036794606210239437
0.39222067287892903,0.021904110110411948,-0.012374613628100129,-0.007511486600082593,-0.010610645182893431,0.001510745388976704
0.39229956614914474,0.024722089473912995,-0.0027088036594232886,0.0022682008663078446,-0.009044725914381402,0.007734985631152104
0.39237845941936045,0.026308447135305467,0.011322895695880776,0.015145173184953417,-0.010763454628389372,0.018457579394994653
0.39245735268957616,0.0253201354045211,0.028987189231538844,0.029656252168021948,-0.006646066595338953,0.026494997222216723
0.39253624595979186,0.02126811733131163,-0.0014130945829136843,0.002125405584469983,-0.008171553357162254,0.007044874803442087
0.39261513923000757,0.01575932498370696,-0.013851280178516001,-0.009402560572699286,-0.009622821384040206,-0.0005561263583091498
0.39269403250022317,0.011179694325903896,-0.002315442453703343,0.0003682096948825774,-0.008521535023130673,0.00597247916201448
0.3927729257704389,0.007698670317979847,-0.0051434521096079796,-0.001733385607585217,-0.008628025660235529,0.004481154062482222
0.3928518190406546,0.0052509875917350415,-0.021273351278392333,-0.01871205240095587,-0.011775485463812635,-0.0060406464774356025
0.3929307123108703,0.005797781298563594,-0.014403258139856961,-0.012624876082165339,-0.00487356342014979,-0.006128276839585354
0.393009605581086,0.011093003163905248,-0.0022683125613045616,0.0013877844226588036,0.0016076196137246234,-4.323629166694909e-05
0.3930884988513017,0.01971344143725628,-0.0020599477948573574,0.0024605727933497573,-0.0050152300770270304,0.005183283822915155
0.3931673921215174,0.02765730570117397,-0.005679183057278271,0.0004191729213268675,-0.008468953818045761,0.0059752052945081366
0.3932462853917331,0.03232623653371196,-0.0070144267406403215,-0.0007078456390592111,-0.008463727497628835,0.005133774043141859
0.3933251786619487,0.03338238061619495,-0.011759925767228742,-0.0050719608725979986,-0.015346083893454382,0.006491928151327869
0.3934040719321644,0.031944070043884075,0.0034063309295916696,0.00992636396445784,-0.012701418933698406,0.015873766989796693
0.39348296520238013,0.03136828737795081,-0.003251376491610611,0.0031919170064545663,-0.00995098419891126,0.009027817428121103
0.39356185847259584,0.03284605451861014,-0.012584067264518814,-0.00627538699833055,-0.012285887620236174,0.0035503046460430114
0.39364075174281155,0.03231121102477711,-0.005025267949201908,0.0006515359714633357,-0.008325602000239535,0.006052096314373671
0.39371964501302725,0.027493046947388973,7.567840142864651e-05,0.005258213472665347,0.002559583877371132,0.002197898026576932
0.39379853828324296,0.020857100754161254,-0.012382769461862814,-0.0071223144493336756,-0.004540816135417738,-0.0022590549300480506
0.39387743155345867,0.014993813134594582,-0.009238190317522163,-0.005801288625987829,-0.008647384585248788,0.0014694518221578829
0.39395632482367426,0.010834146086679602,-0.0065403233023026,-0.0056560505180264795,-0.00568930392672239,-0.0004007734417598162
0.39403521809388997,0.008614149626921926,-0.016049539933239324,-0.014460465504132311,-0.018068827540520836,0.0013308135025607054
0.3941141113641057,0.008647273014410681,-0.007997811422689866,-0.006771760733988553,-0.017310178134190276,0.006541710843601844
0.3941930046343214,0.011037890281479782,-0.0033498940194560236,-0.002420689796239516,-0.01306174736802436,0.006935400201304262
0.3942718979045371,0.014696466922999947,-0.005502653292252572,-0.003373508552890695,-0.015771074623761257,0.008039087621050583
0.3943507911747528,0.017606621764715107,0.011736977335714523,0.013571914393439723,-0.003069176166761971,0.012143335762758651
0.3944296844449685,0.01857264284367588,0.009767397302412292,0.013132015082709655,0.001562245299671917,0.0087195293361666
0.3945085777151842,0.01738661328847061,0.0012635404009006454,0.004581866397464921,-0.005654071216340754,0.007187653551700652
0.3945874709853998,0.014537084975903124,-0.003046080401518096,0.00010706593708845816,-0.013497305321101164,0.009106103846122622
0.3946663642556155,0.011190713355993243,0.007153274382498108,0.007752216820219258,0.0009318175678980779,0.005140790794217657
0.39474525752583123,0.008916438230873333,-0.004156049241094317,-0.0039007194335412693,-0.005170545881155325,0.0005574753579645045
0.39482415079604694,0.0087331762858197,-0.015304767733288269,-0.014289673311879966,-0.01419501972129599,-0.0011330216711750943
0.39490304406626264,0.010917693568880076,-0.01616857864337317,-0.013600724563740218,-0.013629709265685474,-0.0009986535485943457
0.39498193733647835,0.01504947917264121,-0.014870079219466883,-0.010452181543868096,-0.010874809859729153,-0.0004994030455914328
0.39506083060669406,0.0190231377985067,-0.009429114896481688,-0.005344554899008988,-0.0040356406406414054,-0.0012750206638799748
0.39513972387690977,0.020045571951088487,-0.007213186477749297,-0.003944418937208594,-0.0019035807536696891,-0.0016597406287936149
0.39521861714712536,0.01761693445576719,-0.011578743668514923,-0.007317828800311131,-0.01211096754782443,0.0026581551695162966
0.39529751041734107,0.012985394915373668,-0.003392540296133199,-0.00043358076194914097,-0.007223655730563214,0.0045083745096546795
0.3953764036875568,0.007568817582502761,-0.0008506074269350759,0.0005279255629596285,-0.008157781170537564,0.005847960144034864
0.3954552969577725,0.0030697374243154065,-0.01675296459351684,-0.015351576531547666,-0.015708333123273056,-0.0009108141571049367
0.3955341902279882,0.0007208940161154432,-0.015661091135395818,-0.014749425776685372,-0.011270659150607053,-0.0034306491685868663
0.3956130834982039,0.00018441968994328145,-0.006799704101789539,-0.006595068728632463,-0.010683798210226608,0.002241116761258732
0.3956919767684196,0.001296987175642941,-0.0036283462415969353,-0.002344645263806029,-0.014736547081779208,0.008112117513891029
0.3957708700386353,0.005139118809851217,0.00038418845965162263,0.0027144243894966086,-0.007131456812225477,0.006787230010199355
0.3958497633088509,0.012654677872906656,-0.010183014994807586,-0.008067099454727554,-0.003326869240031016,-0.003773347542423231
0.3959286565790666,0.021653632363434663,-0.0008838742068638211,0.0025134496837143448,0.005945067054568618,-0.0021069049030870654
0.3960075498492823,0.027538010625242932,0.007663268634017418,0.01321819654982314,0.0010096296327940463,0.009153114966171003
0.39608644311949803,0.028539368007858352,0.014692076769193084,0.02227636927251485,-0.001459353496759313,0.017539951127651224
0.39616533638971374,0.025691857969750757,0.014883285877415693,0.02133587821870293,-0.003541734934406256,0.018232504859509852
0.39624422965992945,0.020519079053611278,-0.003333838909657939,0.00043603065718662067,-0.008263587745275552,0.0058503967635352835
0.39632312293014516,0.01516207894499042,-0.002227176355330908,0.0006593440706514081,-0.011485781906048856,0.008171374858248554
0.39640201620036086,0.011683624570247974,0.004048778898971972,0.008388106305915046,-0.01282567716728517,0.014813327287429985
0.39648090947057646,0.010055904959140115,0.001864051270932169,0.00582102935735086,-0.00293168086519851,0.006288446248432522
0.39655980274079217,0.009073137780426146,0.004236902165359256,0.003939171498802971,0.007922091297716892,-0.002368985594351776
0.3966386960110079,0.008199494809714441,-0.0067817366804303215,-0.005723157560851199,0.003146082783576887,-0.006359051497120179
0.3967175892812236,0.00724015646866058,-0.0117259514866902,-0.008365087044025278,0.004609240007337738,-0.009301739066571465
0.3967964825514393,0.005919034436579532,-0.011692740349608663,-0.007412685215534491,-0.0076016931224509,-0.000428060077956096
0.396875375821655,0.004290070506400646,-0.012386179530528937,-0.008843527176936036,-0.016161940366790375,0.004233013189333574
0.3969542690918707,0.0026975707509035874,-0.019680215503625413,-0.017153394192154305,-0.014175277462805646,-0.0032764066737921453
0.3970331623620864,0.001524195720922434,-0.017822501805157303,-0.015712236473815977,-0.01473651162323599,-0.0018290333078206315
0.397112055632302,0.0011708483397633856,-0.008576034201850501,-0.005599264591657898,-0.01641296952573445,0.006813448057973402
0.3971909489025177,0.001710592028539905,-0.012235817508638275,-0.0112235231594717,-0.015861348135860546,0.0022619530148049395
0.3972698421727334,0.00267375850296144,-0.015480084481402642,-0.013707342721226758,-0.006328969073175942,-0.005960089325832608
0.39734873544294913,0.003351753296049555,-0.007357155694579799,-0.0036805626135732144,0.0037319104648639015,-0.005232141623399222
0.39742762871316484,0.0032211087836688523,-0.009052753128256784,-0.0031562361751563506,-0.0035179571915902536,5.870948579605955e-06
0.39750652198338055,0.0024569016963084246,-0.009132719680341921,-0.003495161866010956,-0.01381277084189222,0.006638807342095597
0.39758541525359625,0.0018055014022833298,-0.0020463697525607617,0.0005268065537491274,-0.011623405934235212,0.008164878878031728
0.39766430852381196,0.002273149633733925,0.0032543646540381934,0.0024560299475026625,0.002406242684183216,0.00021695262806536967
0.39774320179402756,0.004586791647344539,0.00371087175503144,0.004037262838525546,-0.004869578804783234,0.006258135536337176
0.39782209506424326,0.008074420639076678,0.007435737778539564,0.011140285696560746,-0.0038270540524972365,0.010842086263253784
0.39790098833445897,0.010849653866790283,-0.0032589912976678363,0.0024658102126378654,-0.0007693880522407461,0.0023478562866787235
0.3979798816046747,0.011640945654397657,-0.007936364969525345,-0.0034377987043369006,0.0031505001808178877,-0.004662843204232202
0.3980587748748904,0.01052512862054596,-0.01826873068002605,-0.014803091025856295,-0.012472262281656958,-0.0026670153094406814
0.3981376681451061,0.008542042303546285,-0.017638279194372625,-0.01346947621553159,-0.0195549813446376,0.0030620254879540672
0.3982165614153218,0.007535467512748143,-0.0037571554470815084,-0.0008164833139438556,-0.01675211864573381,0.0105964696931689
0.3982954546855375,0.008563023229131494,-0.0001864284766202415,0.0027989080891607635,-0.017325623738347153,0.013667944763477588
0.3983743479557531,0.00993952961076336,-0.004951393831532702,-0.0011353443769493922,-0.018628854604853477,0.011614763320416032
0.3984532412259688,0.009389864280041241,-0.011169666562921876,-0.008002007929806446,-0.013939685958247187,0.0033724603833989305
0.3985321344961845,0.007007011549444705,-0.012700519925891534,-0.010476425020457729,-0.015594692386641767,0.0026392352608613063
0.3986110277664002,0.004139316472120541,-0.007846606787997704,-0.0077214524155125785,-0.015923481070239342,0.004907951540019585
0.39868992103661594,0.0020300843112004935,-0.010508327555201038,-0.009941274075426757,-0.012824470580233787,0.001184440725239585
0.39876881430683164,0.001420739169149349,-0.0243801931375035,-0.021513497726879,-0.009942745588028927,-0.00935015583153723
0.39884770757704735,0.0018499851317968113,-0.022274575437182042,-0.020823936683071448,-0.007032133727931539,-0.010783116992442806
0.39892660084726306,0.0021974645949664074,-0.014565382541184224,-0.014354501865607635,0.0006400839900441673,-0.011101114807138565
0.39900549411747865,0.002001759801510681,-0.01782322759560631,-0.017741952701872832,-0.0045178177293859695,-0.010171698446256983
0.39908438738769436,0.0014800109039080018,-0.009517782286500456,-0.010301326361126052,-0.002413923296529987,-0.006045146311222391
0.39916328065791007,0.0011507073424774944,-0.009581003585835305,-0.008674620138279689,-0.009514518163325965,-8.723599476107808e-05
0.3992421739281258,0.0012562355850888138,-0.013580534867449381,-0.01150071601914501,-0.015326786375709545,0.001698259617727248
0.3993210671983415,0.0014655948189874147,-0.012204463327594051,-0.009762053071233562,-0.015420615908297384,0.0030540835494926592
0.3993999604685572,0.0014714493173443384,-0.012606770986390327,-0.011733193624768226,-0.006838881352230084,-0.004150995574186435
0.3994788537387729,0.0014463419525818245,-0.014820517336621127,-0.014921749338546519,-0.007864700404294952,-0.00583636388467313
0.3995577470089886,0.00193471076749422,-0.011285853537762828,-0.010232868500016838,-0.010976252722469326,-0.0002684652304766547
0.3996366402792042,0.003372438028118138,0.007348855722530832,0.00696676460206002,0.0058564554789536614,0.0012635902721443363
0.3997155335494199,0.005372919276894889,0.007232639659731316,0.00876422545341363,0.006876849788181617,0.0019177904755499804
0.3997944268196356,0.006625012269366051,0.007856672811228144,0.014084216013384323,-0.005459421784934175,0.014122412444508263
0.3998733200898513,0.006096729260039406,0.011239527960178994,0.01588843462554975,0.0060277556767338045,0.007783599755337452
0.39995221336006703,0.004120219591642448,-0.015026841788476596,-0.012986252015098827,-0.0032523199271543494,-0.007481074052605248
0.40003110663028274,0.0018968618141562959,-0.0062625696496943295,-0.00564785159247373,-0.0015690680051264555,-0.003149982765386743
0.40010999990049845,0.0005109984516385311,0.02309789690265919,0.02384050185441293,0.008158932647210534,0.012273952252490812
0.40018889317071416,0.00035505444663527466,0.017386905988374994,0.021110503143626645,0.007543180114720094,0.010654628169781497
0.40026778644092975,0.0011562223960972192,-0.005474016968674866,-0.0002811872519966787,-0.0031514542470673676,0.0018984124518449136
0.40034667971114546,0.0027431468388311943,-0.016874167620677546,-0.013108326808095535,-0.008130964229162357,-0.00430963885604367
0.40042557298136117,0.005855628370272725,-0.008740577155023837,-0.008098881476767798,-0.003645211426244721,-0.003584101898703488
0.4005044662515769,0.01216668946777625,0.010345080943382455,0.009314174832457608,-0.007600977744086806,0.012007922364976534
0.4005833595217926,0.022877322549528605,0.007608320002750309,0.007538215669701841,-0.012556060615298955,0.014001206281393353
0.4006622527920083,0.03563770927094531,0.0011684522115138114,0.004781194314955271,-0.008810239171517745,0.0094464987453161
0.400741146062224,0.04503775116675422,0.012380025616085512,0.01963003353423305,0.0017453610668783297,0.013429489046694347
0.4008200393324397,0.04840424514782179,0.02562022749303898,0.0305687001464892,0.015562300919726893,0.012332213111868726
0.4008989326026553,0.04660852354913802,0.016636296739000907,0.021631284018349368,0.007242054018822511,0.011243354890781366
0.400977825872871,0.04142587417506606,0.004885642855322403,0.011774409176008794,-0.008072164295594238,0.014152086090585372
0.4010567191430867,0.03585070635334422,0.01606013965738713,0.0214830949950126,-0.0030244663964695815,0.017996208185124825
0.4011356124133024,0.03270730199433992,0.02163831456367928,0.02583788006080579,-0.0005347774526151028,0.019570901655074288
0.40121450568351813,0.03181013991417923,0.006940852398055514,0.013207953796721416,-0.01597371001461227,0.020501444786608015
0.40129339895373384,0.030865603775359983,-0.0016923216391604102,0.003503080817463542,-0.013532825787431679,0.011654653534722439
0.40137229222394954,0.028787273533704028,-0.0029091423392107367,0.000544032189702032,-0.00658805672732383,0.004810168443371917
0.40145118549416525,0.0261084284346421,0.019668908607004872,0.023180658537120157,0.007163085399066635,0.012448771222708382
0.40153007876438085,0.023268711670378247,0.04872952339783953,0.05210068906172361,0.01696964530438907,0.027435358154646202
0.40160897203459656,0.02018595193721798,0.0331231551354423,0.03919787601872065,0.001696674405664733,0.028020676057198154
0.40168786530481226,0.017088967144911243,0.004676737359154692,0.01082059349658469,-0.009612933258298735,0.014473249633408338
0.40176675857502797,0.015009603874886406,-0.002030662272548822,-0.0007718060438230964,-0.010779107062082524,0.006634705153407796
0.4018456518452437,0.015060440000027675,0.009079751627658015,0.007375079168928224,-0.012090631022262783,0.01356866808069353
0.4019245451154594,0.01772362547917342,0.019334243316339688,0.01823144621928794,-0.013579387028547803,0.02263466262513619
0.4020034383856751,0.022644954234377002,0.017340586291968194,0.01763526435905521,-0.016518814260745106,0.024156824551012587
0.4020823316558908,0.02804964366058001,0.0026554964762469696,0.005227297343132831,-0.011871500594185225,0.011825408842888234
0.4021612249261064,0.03107504146786301,-0.003315031958361795,0.00040322138033169024,-0.008946352509538768,0.006282615689556962
0.4022401181963221,0.0304999913542305,0.007754616360926657,0.012368660908637067,-0.004120576889349116,0.01195167279901971
0.4023190114665378,0.027167275487063696,0.01793663743033671,0.02344506172977122,-0.005847297334000547,0.02134209315914947
0.4023979047367535,0.02255631913947802,0.005964282578747696,0.01044969036025477,-0.011607815935506869,0.01553149156150374
0.4024767980069692,0.018536218449997907,-0.013530427859330956,-0.01003600076514564,-0.01571889904777526,0.0030498564275567444
0.40255569127718493,0.016385546641714127,-0.017761068517951294,-0.01254998110970788,-0.015334092983851926,0.0009227529078222874
0.40263458454740064,0.015052556160513944,-0.015493045135683474,-0.011733100250324986,-0.011397555836148562,-0.0011024151441389283
0.40271347781761635,0.012258543390461205,-0.008963991122387592,-0.008642002717398154,-0.01051324247921012,0.0006049317639523813
0.40279237108783195,0.007841679739294234,-0.010267894104530297,-0.009808692470438527,-0.01223687453239679,0.0008900571615726153
0.40287126435804765,0.003912472223578218,-0.01130359488710856,-0.010819666238971137,-0.0018886213085310508,-0.0067818334216799185
0.40295015762826336,0.0025463687111402416,0.007176027080839866,0.0065224463130062246,0.010710344670404338,-0.002312872022672942
0.40302905089847907,0.004365916257720771,0.01282090558532461,0.011389643964521641,0.00808115113877704,0.003064795000683303
0.4031079441686948,0.008673900677222903,-0.003924186051075616,-0.0016691843450417983,-0.0016133395315384158,-0.00016216207252430393
0.4031868374389105,0.014354989083359696,0.002090067049525659,0.004482940622569174,0.0031704632871579147,0.0012129478609540457
0.4032657307091262,0.020736719853354492,0.005958296689746141,0.009090345287440262,-0.00544518270382202,0.010399949320474756
0.4033446239793419,0.028466114385498,0.010588097451621608,0.012084377170163713,-0.012966211633297262,0.01765508112488954
0.4034235172495575,0.03949931576214919,0.030670453628647284,0.030326788150995876,-0.004176044052079326,0.02534323826257968
0.4035024105197732,0.05258605423871592,0.033449430350848304,0.03638574413448973,0.0010356141683346427,0.026369229290433588
0.4035813037899889,0.06156430633419984,0.027619412273351625,0.03197751614316559,0.005240077999792364,0.020279542163646917
0.4036601970602046,0.06295128549443704,0.02666573552060266,0.032541132001647155,0.00911134529250538,0.01811209097290604
0.4037390903304203,0.058408701042034286,0.03394902617471305,0.04147483147358464,0.010057370640928917,0.02413185912562601
0.40381798360063603,0.05025958410400897,0.031035043783109437,0.03637559802964316,0.009850815374758163,0.020472544819682643
0.40389687687085174,0.04091957238641813,0.016103201143850436,0.02081126932420601,-0.003341829420742616,0.017708750801932006
0.40397577014106745,0.03354124942327588,0.008634105930825711,0.011732687276055963,-0.010674821666248889,0.015861397774471847
0.40405466341128304,0.030058213250615265,0.008324140646265438,0.009968171337434736,-0.008030183934174807,0.012781150154367208
0.40413355668149875,0.030330402250344324,0.016308386231521727,0.016332587987512574,0.002463788606416003,0.010496837144075592
0.40421244995171446,0.033132352781656084,0.01948371885580155,0.020545449442677513,-0.0021512055176635364,0.016715161511315385
0.40429134322193017,0.03641581851387792,0.007049501333513522,0.010410492073621005,-0.00807715143477611,0.013141403710041246
0.4043702364921459,0.038284819705372806,0.009092837404479087,0.011073059770557524,0.0074128329517629205,0.0032762792181814174
0.4044491297623616,0.038658294653160806,0.018834094466958946,0.020197449681350083,0.01786863832237942,0.0030711709014761587
0.4045280230325773,0.03843871938985433,0.005851889168433984,0.011299754330089886,-0.001258016631800412,0.009242853475385325
0.404606916302793,0.038086771608343416,0.006127964270634562,0.011668018989631407,-0.012093300108615312,0.016761847667421496
0.4046858095730086,0.038032829064479384,0.010797397131559538,0.012776781751602052,-0.021254314984396176,0.02371246395053366
0.4047647028432243,0.03979915776602308,0.009583968828348692,0.008394363977269203,-0.020229351976751686,0.019769625793880575
0.40484359611344,0.044899981991358265,0.032995632562754874,0.031153533727895245,0.0014143361787979701,0.022222802257758172
0.4049224893836557,0.052178873241120895,0.03035801593599839,0.032703842048116896,-0.0008327787009488217,0.024877716611205365
0.4050013826538714,0.05766914110233646,0.015966745073685302,0.022709254556008956,-0.012612446949058677,0.025317029049743374
0.40508027592408713,0.0576952881978208,0.00479741999311643,0.013106047376766971,-0.019152949770546848,0.02255180332273798
0.40515916919430284,0.05148769362465552,0.0012461670401972865,0.012073073361493668,-0.015241708103985022,0.019168339109056014
0.40523806246451854,0.04042897115060804,0.0194516947461891,0.029864706803839944,-0.006169351796126912,0.02633148444712032
0.40531695573473414,0.02793708058507672,0.013786711970147197,0.022842396027004535,-0.015498175429644132,0.027345028797091383
0.40539584900494985,0.01808082994877949,-0.008615994518364261,-0.002349783847855245,-0.02294713933805749,0.013600672675519362
0.40547474227516556,0.011760393317448522,-0.013086038261594235,-0.00968207361327674,-0.01970793824335398,0.005981322377440999
0.40555363554538126,0.007105765202507421,0.002463519602636365,0.0036479501085300513,-0.00599817778253182,0.0067234177802879365
0.40563252881559697,0.003037392429950488,0.026850373942972447,0.027649978342646528,0.00621283802611318,0.016409177487106043
0.4057114220858127,0.0005733158620193012,0.02051894138621539,0.022003865929075297,-0.00807534641416981,0.021759741043714382
0.4057903153560284,0.0017519969047152975,-0.003199626351156499,-0.0034395785318063533,-0.008771481202138985,0.0033084970623871784
0.4058692086262441,0.007405127099103282,-0.008235710711513298,-0.008161526860452704,-0.0046990272457312675,-0.002925984859991689
0.4059481018964597,0.015084507623205042,-0.0037459823953657364,-0.0011895267975087732,-0.01378515722233101,0.008334624751630977
0.4060269951666754,0.021440433458224377,0.004626203118001972,0.01029246859121464,-0.015183080103076585,0.017805519146635355
0.4061058884368911,0.02513374645422902,-0.002722060472828759,0.002715835421594012,-0.012380908791893384,0.010298970033336172
0.4061847817071068,0.026627383879003156,-0.006432005579905983,-0.0034357433246753727,-0.014814520417852868,0.007353006871583003
0.4062636749773225,0.028029810282214934,0.013153125185618805,0.013244541193809805,-0.006514076278226535,0.01420327974197526
0.4063425682475382,0.03106556596600358,0.018673720135220697,0.017796850505222214,-0.00971511024292659,0.019728028494143044
0.40642146151775393,0.03360868994647464,0.018040356708923823,0.01731764819693035,-0.009617847093653313,0.019306734086483972
0.40650035478796964,0.0320094040082528,0.013115619017317993,0.010618354158063217,-0.0017315701574626323,0.00905284663743763
0.40657924805818524,0.026333322132464504,2.8185842452355945e-05,0.0001298185034321271,0.00474915140994541,-0.0030793975084277623
0.40665814132840095,0.019353712963638272,0.00941227105337622,0.012741114271147247,0.0017709500795047791,0.00828930136021985
0.40673703459861665,0.013382596100036294,0.002694289221474222,0.005455757401730234,-0.006023644463032033,0.00808451891215372
0.40681592786883236,0.009302996191562158,-0.014359592401863344,-0.01270985791673925,-0.012691975782881669,-0.0009631920992379161
0.40689482113904807,0.007190731747722467,-0.012062877187913853,-0.011472313945237159,-0.010737544715790932,-0.001349854512400957
0.4069737144092638,0.0069604125044049345,0.0015809265383232359,0.003203224485457358,-0.0003385046255396692,0.0026079871869503155
0.4070526076794795,0.008497043263116667,0.025509562082435232,0.027688727765269806,0.007629379054754489,0.015491222775786705
0.4071315009496952,0.01183507701356475,0.020776508682197985,0.020756357979490547,-0.006340055744898991,0.019672166489345628
0.4072103942199108,0.016894014227653378,-0.0010762908863113279,-0.0011809505618027856,-0.009286698937213856,0.005332400637803799
0.4072892874901265,0.022560586403699918,-0.0047729482861092075,-0.005516544473931338,0.00023955554305703754,-0.004261803903791472
0.4073681807603422,0.02723600433737963,-0.004349423290420074,-0.003069229009729523,-0.005449965387606663,0.0013625722363523845
0.4074470740305579,0.030479463181727805,-0.0014446063874386467,0.0019149899106602952,-0.009326442987467582,0.007660785484428769
0.4075259673007736,0.03277685716984632,0.00015587461581506294,0.002796625313735359,-0.014846637902774386,0.012008159101535184
0.4076048605709893,0.03496747269958685,0.0014649470749269259,0.002404835821222513,-0.020548420888232125,0.015530757993833163
0.40768375384120503,0.03869343655680686,0.014106281109163916,0.01287194951582174,-0.014108064645482211,0.019004100249464806
0.40776264711142074,0.044841020589739225,0.020421574898891594,0.02073566682914291,-0.012069949984992896,0.02348716506130145
0.40784154038163634,0.050158849995384044,0.019562610358900737,0.022351475931614257,-0.009056754299646088,0.022674221296349866
0.40792043365185204,0.049914958773847294,0.01728640082186737,0.024056025065038192,-0.0038051760057032204,0.020431484842870783
0.40799932692206775,0.04359764154206386,0.007395830898432678,0.015500565693583778,-0.0029091692526476702,0.01347042585122721
0.40807822019228346,0.033551283420060786,-0.00914227337135459,0.0006828245115368299,-0.018603935272637262,0.012949841858751681
0.40815711346249917,0.022689336588944422,-0.011542985452280838,-0.005314939377090602,-0.018040653764411635,0.008113629342641043
0.4082360067327149,0.014308917939722126,-0.009064585013242152,-0.006045957161789128,-0.013526441001332825,0.004550615150819235
0.4083149000029306,0.009617533650771892,-0.007435227480352443,-0.004738570577197278,-0.009861647458025782,0.0030717168255925617
0.4083937932731463,0.006663955571758621,-0.005567408809156508,-0.003109883381852499,-0.006994241393398489,0.0023650804047183065
0.4084726865433619,0.003763018577005558,-0.0016113231412840587,0.0007892590808788096,-0.010482501729606911,0.00759697628511454
0.4085515798135776,0.001347871109715802,0.002460852493072643,0.0028536649053486217,-0.015350826874325627,0.012387786387448958
0.4086304730837933,0.0008635335815587551,-0.003054640276353308,-0.001055557454401971,-0.017894333267236606,0.011182748493779168
0.408709366354009,0.0031650527087021384,-0.006612021521781403,-0.0028310571881057173,-0.016482005380315273,0.008917946299542592
0.4087882596242247,0.006980424582585079,-0.011198961222278522,-0.00788255155069067,-0.009900659278957374,0.0007599970737741353
0.4088671528944404,0.009633301021083016,-0.014485621410399906,-0.010168429403117308,-0.014305794233030784,0.002006233514650808
0.40894604616465613,0.009580834541247916,-0.01309875855472378,-0.009400803278261392,-0.0144234598943486,0.00265580206357727
0.40902493943487184,0.007424304849512128,-0.02055508785930483,-0.016715963179307795,-0.020007909740176286,0.0009499209898904531
0.40910383270508743,0.005110972652898046,-0.015413438659215779,-0.014281637734779825,-0.01565684486942724,-0.00014938446049201314
0.40918272597530314,0.004163913418950378,-0.001666931260850856,-0.003201410436699484,-0.0005883668315326728,-0.0019868171634306745
0.40926161924551885,0.004306137150793563,0.0015335913920518913,0.0015970089504963557,0.0007789231807957766,0.0006664978089304822
0.40934051251573456,0.004259139875880676,0.002849421883913759,0.005605394462359832,0.0029333695285914028,0.002206081193836373
0.40941940578595026,0.0033322715890341074,-0.0024587597080416137,0.0017478606780563987,0.0006021585840590243,0.0008968648650162422
0.40949829905616597,0.0017640443318870421,-0.02292022982534583,-0.02044346670121171,-0.0071117302284387195,-0.010446880512376858
0.4095771923263817,0.00043570247884846863,-0.017204440422385347,-0.01595340508695918,0.006898698208234321,-0.01647447687929366
0.4096560855965974,0.00019216022135482634,-0.006305080905668782,-0.0035088550049233126,0.00915981085257757,-0.008734339717105459
0.409734978866813,0.0008897868191071858,-0.005278857152497216,-0.0008669195859734915,-0.0011539074979654393,0.00012709231206858645
0.4098138721370287,0.0015939391624782248,-0.005205859535593944,-0.0020560701388062106,-0.008563352539137233,0.004197981279827307
0.4098927654072444,0.0015975103928016227,-0.014732531901728465,-0.012882629947000051,-0.01639834966974137,0.0013871436442437345
0.4099716586774601,0.001243229659248669,8.169771699167073e-05,0.0008225492625730299,-0.0012890836377179651,0.0014736182861906026
0.4100505519476758,0.0019704123148021934,0.0180934800214027,0.01837790113382886,0.0046313779312978365,0.010568765574534263
0.4101294452178915,0.005130866513850055,0.010525815965815779,0.013316767389035132,-0.005996473933213605,0.013910893962020016
0.4102083384881072,0.010376806589361676,0.003503907582644856,0.004017562686501784,-0.007217175121489405,0.007813408515530631
0.41028723175832293,0.015738400013060636,-0.005099428422897253,-0.005128542470856297,-0.006874266227135446,0.0007838930256368986
0.41036612502853853,0.019794045049525998,0.004508647063320361,0.004108951228692695,0.010013127461057692,-0.003641178847455732
0.41044501829875424,0.022720386547541837,0.007140858171150999,0.00801056802154991,-0.0003128756777610203,0.00616520634148172
0.41052391156896995,0.02644702795680025,0.0035517262394561323,0.0045906820992558574,-0.007676786497523627,0.008546868339340067
0.41060280483918565,0.0327652719637141,0.019380972609549053,0.0190756691491119,0.004012782541674153,0.011501314959754901
0.41068169810940136,0.039745774079230384,0.013046413229968693,0.01698515467844333,0.002007327468364296,0.011287325463518313
0.41076059137961707,0.04348910080960359,0.01721364520078103,0.026089469142189906,0.010559526075163365,0.012342553849409235
0.4108394846498328,0.042056947645045195,0.016223779758046942,0.02687836632422982,0.009313420877061383,0.013762573962300703
0.4109183779200485,0.035702477379294086,-0.008300233796350955,0.0016050237416744932,-0.013859363018154025,0.010461944555131861
0.4109972711902641,0.0265397238839946,-0.010554070447761063,-0.004210594036969392,-0.012041318008678744,0.004922054778340037
0.4110761644604798,0.01845881632401476,-0.00458130899478663,0.0006923952829226751,-0.013809092210230653,0.009749815078010935
0.4111550577306955,0.013523363342978809,-0.0026664983757016068,0.0029249395806993646,-0.015614340953582466,0.012617024588896941
0.4112339510009112,0.010213556502990441,-0.0020408319165381625,0.00137824048822072,-0.01597014643715919,0.01170513136443974
0.4113128442711269,0.0068904636622576804,-0.017059792938808323,-0.014577958566357848,-0.01791298358713174,0.0011391776048509678
0.4113917375413426,0.0036693990281235424,-0.020249391500217765,-0.016238307028707936,-0.012926744755433093,-0.00343063514938051
0.4114706308115583,0.0013025708639544866,-0.014160904205626004,-0.009848837297174713,-0.019225838425055628,0.005534804003817999
0.41154952408177403,0.0002302622704429053,-0.015634999894860505,-0.012324854370808968,-0.01781485135274269,0.002749449186049584
0.41162841735198963,0.0003069820106034633,-0.014531345010607368,-0.012279677501211152,-0.015260409202787947,0.0010745135300140266
0.41170731062220534,0.0007303497645676207,-0.013066844291149553,-0.01365275297625674,-0.01205886451955576,-0.0020878731378977684
0.41178620389242104,0.0008024211336859761,-0.00031730691320557984,-0.0022639618829427793,-0.004386006775789275,0.001249790804152689
0.41186509716263675,0.0005759522086822139,-0.006469151424039821,-0.006181268307014564,-0.013321465176659586,0.004312904888924981
0.41194399043285246,0.0005980185293654805,-0.01818229220805563,-0.016979269855528473,-0.017457558874720183,-0.0009517618856407377
0.41202288370306817,0.0014077864238414139,-0.01879260702644055,-0.016496519732565103,-0.010102589037754022,-0.00551122259238447
0.4121017769732839,0.002958312787564499,-0.02112431832070795,-0.016752880271203814,-0.01647258588626449,-0.0014420982524890812
0.4121806702434996,0.004523992937421938,-0.0139912349032478,-0.0067164929977174504,-0.014210056638425079,0.004509231724395565
0.4122595635137152,0.005302385228878469,-0.001503318286983844,0.0037609689804432075,-0.0013171652120407258,0.0036771273128144598
0.4123384567839309,0.005275353122498951,-0.011796831968275232,-0.0071026198220372335,-0.00019315562718511442,-0.0051517342794121165
0.4124173500541466,0.005693661093264594,-0.021497991305910527,-0.0159848371577117,-0.006351114265550047,-0.007639088992810129
0.4124962433243623,0.008326635881436536,-0.01614241893432398,-0.00906364562438294,-0.014053610313504881,0.002659169696225227
0.412575136594578,0.013143311715680913,0.0007999558591337262,0.008255692610520017,-0.013684465315720016,0.015289215250874752
0.4126540298647937,0.017283012169553774,0.02402948131334863,0.027679315769935372,-0.008555663284626605,0.02630090369960288
0.4127329231350094,0.01804618743776665,0.02446451930735341,0.026147176034292074,-0.004489885307935967,0.022444313281855584
0.41281181640522513,0.01530433031702631,0.0052770901109465,0.009363890250714862,-0.014063099877343376,0.01636624857595791
0.4128907096754407,0.011265559934581748,-0.012473932300793997,-0.007736549558261561,-0.019792123701997077,0.00748449493707822
0.41296960294565643,0.009293205178946039,-0.013916802734643692,-0.010998032386869338,-0.01969158070509132,0.004991654605331641
0.41304849621587214,0.010782692328613253,-0.01851811608307534,-0.014959616142975403,-0.014535759905010085,-0.0014034582619043062
0.41312738948608785,0.013838515292927319,-0.013434146116947255,-0.011092108599512585,-0.0002556170334318292,-0.008076351379417273
0.41320628275630356,0.016405678398896797,-0.01308971723315541,-0.010198227816501393,0.0044038708208441035,-0.01052735222842873
0.41328517602651926,0.018204814970165916,-0.01618534127930709,-0.013232239577849624,-0.004507951537228615,-0.006824416531690862
0.41336406929673497,0.020563853401864632,-0.008328263531254985,-0.0060477840834660375,-0.011008367334284534,0.0028651389687491917
0.4134429625669507,0.02522599560461303,-0.006463717169959084,-0.005301586572238739,-0.01642343895779036,0.007041799973932962
0.4135218558371663,0.03103761782152691,-0.0017621019296596753,0.0004094616561038324,-0.009428460726376531,0.006609677388829028
0.413600749107382,0.03385528144819467,0.002320393117011987,0.006986653972532347,0.004670288209693464,0.002071601875923286
0.4136796423775977,0.031440654914037525,0.024650866438874777,0.029787766999463547,0.02859745348820936,0.003034469654190416
0.4137585356478134,0.025202883972151115,0.029863895411566376,0.03696059872197745,0.028278206873068538,0.008591849536989148
0.4138374289180291,0.01804381754733695,0.0006502090886036698,0.01095641256534822,-0.007831508008000929,0.013383017153411442
0.4139163221882448,0.012248337984720066,-0.009988129864572573,-0.0037268619916226643,-0.021102574972382163,0.011342750711867734
0.4139952154584605,0.008651608755357006,0.005438719809585582,0.009580098094745531,-0.00531383231861143,0.01067624356039869
0.4140741087286762,0.006804223882243775,0.06818169783084665,0.06458052709532969,0.039721112784175144,0.021565754810002183
0.4141530019988918,0.005599172449376162,0.11411857269802106,0.10419930219678897,0.06364922109685499,0.03538231107720515
0.41423189526910753,0.0043237276715339616,0.06724562440213201,0.06292401370595721,0.020344047921401133,0.033261064421808505
0.41431078853932324,0.003294154551881759,0.013832957055739122,0.0120811558217231,-0.009573603231133716,0.015384099912528775
0.41438968180953895,0.002973303938153172,-0.009678856931312594,-0.011006443486134507,-0.011800408483724103,-0.00029258682000638843
0.41446857507975465,0.003091603150420048,-0.0017340031075166798,-0.0042627759298722746,-0.002079826462899658,-0.0017785864332054374
0.41454746834997036,0.0035258046509387053,0.025279461393022108,0.02049594867510759,0.01225451468019683,0.0070474535478839175
0.41462636162018607,0.004328069885442145,0.019011901030596037,0.013659258057892129,-0.008667093438068877,0.015951195110951243
0.4147052548904018,0.005053235833394804,-0.001386264548110834,-0.0038995239660031857,-0.019170238686801868,0.009921700960064271
0.41478414816061737,0.005711975631207568,-0.007749027003099763,-0.010752207842227014,-0.01573335223438752,0.002526873401797529
0.4148630414308331,0.007219348790317126,-0.0048840235739936585,-0.009630454376719057,-0.009264105393802104,-0.0009654890428519138
0.4149419347010488,0.009848112948685017,-0.005392182573695076,-0.005345652224973718,0.002995504166612815,-0.005977681974260334
0.4150208279712645,0.012077754981283155,-0.0075351366981516845,-0.004406884773238633,0.0035539295179992385,-0.005653138981523944
0.4150997212414802,0.012307818229794027,0.003951224663054536,0.007198318244256392,0.01763533755677097,-0.006442011393965818
0.4151786145116959,0.010780585222439864,0.00806470487366297,0.012677605863481448,0.012719648045392514,0.0009206984135068342
0.4152575077819116,0.009574457319949239,-0.006304748644666283,-0.0030305609936088747,-0.012943790278809413,0.006403051324601656
0.4153364010521273,0.01140284829803569,0.0010205349609723417,0.00016961577982533012,-0.00708029603574175,0.00486097833050982
0.4154152943223429,0.016770803665309166,0.031315815731694445,0.030124534986743893,0.013712910002087133,0.013237788636477479
0.41549418759255863,0.022878171647104338,0.09641917126370284,0.0942505249825685,0.05147918345124657,0.035987904705938975
0.41557308086277434,0.02655158181508249,0.1434012138389566,0.13761553910947938,0.05978396536674675,0.06330767706741625
0.41565197413299004,0.02647547739277905,0.08638637586429171,0.08527609306062355,0.014579039380148016,0.05381326433531842
0.41573086740320575,0.02376831598425091,0.020305965706680154,0.022316287469093195,-0.018208471254671326,0.028765825859333773
0.41580976067342146,0.021372547676757784,0.0001677228017646916,0.003369999057779594,-0.014587417482477535,0.01226104869310117
0.41588865394363717,0.020800161238762393,0.018569038049278844,0.0220050866980902,0.008187327680560325,0.01088948055364715
0.4159675472138529,0.020253470517508615,0.046065958055465484,0.048305384552464886,0.0226165584116909,0.02083374916698954
0.41604644048406847,0.01757417347901707,0.030404596362701073,0.03137707576181505,0.007417020864883619,0.018377946479123386
0.4161253337542842,0.012930822949936879,0.002833154389977788,0.0041538112325634705,-0.003874741088125122,0.005679514052969954
0.4162042270244999,0.00830475618167276,-0.008986404538353792,-0.009776575687523404,-0.008962079231191513,-0.001276129482057302
0.4162831202947156,0.005760456185741899,-0.0027583059947945436,-0.005891521697696944,-0.004641379231813463,-0.0012766408900340034
0.4163620135649313,0.005826319044690137,0.00017409960779104377,-0.0008648670928236737,-0.0028815190473097095,0.0012839275430678947
0.416440906835147,0.007168542910227674,-0.008667784772294004,-0.00814262451227128,-0.014734144519790753,0.003799255405930485
0.4165198001053627,0.00808700873956563,-0.018240889959905818,-0.015351443265286696,-0.015512820133299998,-0.0010414731188142451
0.4165986933755784,0.007672599247590082,-0.021139305404271502,-0.016339153495033207,-0.014323572282918714,-0.0025715338410133614
0.416677586645794,0.005827499177979532,-0.020668370868146657,-0.016585792937250307,-0.012519714291140833,-0.00396130357846398
0.4167564799160097,0.003386511414036579,-0.01231620665579947,-0.008135143703031995,-0.006867135717875046,-0.001456501560989655
0.41683537318622543,0.0015396122105793646,-0.00852616491440449,-0.006305567344911703,-0.006603481822183973,-0.0002723804796878572
0.41691426645644114,0.0006752369681969945,0.0069304862885587884,0.007302180015071462,0.003733648022661779,0.0029325639599513758
0.41699315972665685,0.00032076448104314945,0.033951470551833667,0.0276432893384813,0.016484918539015975,0.009537709193357322
0.41707205299687256,3.5924014244035906e-05,0.029245337237961945,0.019519389440318672,0.012280003483568286,0.006303890692863621
0.41715094626708826,0.0002573903344714405,0.002166344790516745,-0.0032326171937771915,-0.0016647304550610267,-0.0012902279884882259
0.41722983953730397,0.002264981963792045,-0.0070729327129118525,-0.01067665398336612,-0.010014239309096437,-0.0012418483809259378
0.41730873280751957,0.006823419048637552,-0.004575314133148868,-0.004127869887960521,-0.010691604586801707,0.004080870969330736
0.4173876260777353,0.012510671870671007,0.012065867829315737,0.01269478636871255,-0.006931378464052129,0.014073568697484619
0.417466519347951,0.016533839303796524,0.02146525328767191,0.021155389823985887,-0.0010659802479992767,0.01644331207870949
0.4175454126181667,0.017370479294351406,0.006479637899980047,0.008321838086913044,-0.006827699592359189,0.010753062021500356
0.4176243058883824,0.015855387782170573,-0.006784313501418106,-0.004113295641695344,-0.01493324943435013,0.006928627818031296
0.4177031991585981,0.014137020263897467,-0.015004039376974821,-0.011532778829133132,-0.013940303080163722,0.0007471089129742208
0.4177820924288138,0.013481558275598384,-0.019167360620310204,-0.013618671966372734,-0.011791493533761362,-0.00224132847200875
0.4178609856990295,0.01297708970718504,-0.010669657543580733,-0.004745339038272213,-0.0018151141286252184,-0.0023144033340933277
0.4179398789692451,0.011020929142316931,-0.007882613596502623,-0.0015516454177241835,-0.00713708403445165,0.003619189329228028
0.4180187722394608,0.007850971391063045,-0.019749103368727053,-0.013015228785974987,-0.016481756801943217,0.00134430387413129
0.41809766550967653,0.006222967685369011,-0.02124595676082334,-0.0167133036050163,-0.018856545628782456,0.0001817905467922052
0.41817655877989224,0.009177836142632534,-0.01582737833082853,-0.01150607933754882,-0.01818224203992947,0.003604174296005226
0.41825545205010795,0.017030210493269735,-0.007518852796149709,-0.00341717552769583,-0.015067072006818573,0.0075357344048889155
0.41833434532032365,0.026322319229540023,-0.012885452273685346,-0.005901647144281014,-0.015445976518504276,0.0059418012048177765
0.41841323859053936,0.032040144066609766,-0.00543884958759725,-6.728998572544053e-05,-0.0008513213704546802,0.0005192734404333779
0.41849213186075507,0.032043812513901156,0.007563575154341363,0.01232575945780353,0.014447769246597885,-0.0004967344323641564
0.41857102513097066,0.028639273129429498,-0.00042605150733024486,0.006120472734263141,-0.003817428694839882,0.007103391669583135
0.41864991840118637,0.025382180621801684,-0.00586684656472909,0.0012154961614871157,-0.014286440781400978,0.010457990395019745
0.4187288116714021,0.02413167205045226,-0.010188563171701302,-0.003128886844538433,-0.022031981931562954,0.012409138985476947
0.4188077049416178,0.024740355714922148,-0.00696099787645183,-0.0007986214974365677,-0.01203700909346046,0.007456057528938811
0.4188865982118335,0.025323859041028237,0.006999633021805509,0.011618805335007393,0.00847623562160373,0.0029710148583195735
0.4189654914820492,0.0231457955013198,-0.0009069856070066595,0.004648119000129288,0.0032742661829603965,0.001266347263030364
0.4190443847522649,0.01730624605698245,-0.010432232224821944,-0.005643524317348715,-0.006070880609383417,-0.0001362841237257995
0.4191232780224806,0.010140016187625077,-0.008573018163741857,-0.00473390921482821,-0.011492643324789501,0.004165982029114095
0.4192021712926962,0.0043656387175935625,-0.01923779740095935,-0.013318612583858382,-0.010144300780627214,-0.0031196936127279922
0.4192810645629119,0.0010299747296780445,-0.011268766808988844,-0.004633607031003884,-0.0014879435317157674,-0.0024501136210573916
0.41935995783312763,2.488122367796545e-05,-0.008843932613023102,-0.0033411927215075813,-0.011248159416459519,0.005038022406523421
0.41943885110334334,0.0002666681741614716,-0.014345300893329442,-0.011830747216033638,-0.010875310711655503,-0.0015242895534250255
0.41951774437355904,0.0008561934733094475,-0.014923505914462634,-0.011701197363998656,-0.0032508363489780626,-0.006526467388486783
0.41959663764377475,0.0023315644174987686,-0.007594786186585397,-0.003670863000879125,-0.005751264622981715,0.00111673282436175
0.41967553091399046,0.00559951967132116,-0.0021465724397673443,0.003996992068732952,-0.004013560854698437,0.005655752159544947
0.41975442418420617,0.009734967049276887,-0.012562646484018636,-0.006671658038663347,-0.018664518602609956,0.007522087732020536
0.41983331745442176,0.012263298984135048,-0.018711886728010812,-0.01473073497895221,-0.010265884717881715,-0.004088653906699577
0.41991221072463747,0.012059305530898064,-0.003046157489847201,-0.0013368709307118327,0.012668313256835958,-0.00946598374899737
0.4199911039948532,0.01078203086233246,-0.0007738725256052766,0.0016515536544013222,-0.0013518251588936672,0.0021319438254756434
0.4200699972650689,0.0113536333444569,0.0019360872695360076,0.006325698711681908,-0.010948043925387924,0.01202441954468008
0.4201488905352846,0.014960393745381306,-0.006547037008743979,-0.0018573639177864112,-0.014876817399239952,0.008568239016785266
0.4202277838055003,0.019711978216588977,-0.011727633619534442,-0.005871263672602326,-0.0014377680036983032,-0.003403898931755148
0.420306677075716,0.02241461593990183,0.0056495552356915545,0.010491758895736381,0.021522179837873502,-0.006592791018559763
0.4203855703459317,0.02098056580917332,0.007824443972259695,0.01161720228233054,0.011439674446270993,0.000988053996656097
0.4204644636161473,0.016342563105025687,0.003401694662072665,0.0073650969492683755,-0.0013495603718368095,0.006378507026560209
0.420543356886363,0.011812477681012484,0.004902297241856043,0.006910061602738741,-0.008638144261520736,0.010914132749817108
0.4206222501565787,0.009372713458355502,-0.01388710851886361,-0.012133031225379537,-0.006613145189894668,-0.004599287693642988
0.42070114342679443,0.00828124826398055,-0.02528982811110726,-0.02076518233379816,0.005217754668346247,-0.018928493760231008
0.42078003669701014,0.006837440680406709,-0.026902556914167392,-0.02150709882414659,-3.584929887933284e-05,-0.01596834011534377
0.42085892996722585,0.004578797275055472,-0.025255218450711596,-0.020337334863616597,-0.006050579203197626,-0.011077373757396279
0.42093782323744156,0.0028524528979228373,-0.019111982024758306,-0.01678161584448082,-0.006911123678970747,-0.007857256171184662
0.42101671650765726,0.0031424642929277595,-0.02068246390402852,-0.016653780497848696,-0.009023606743758539,-0.006349675437102152
0.42109560977787286,0.005727288258149563,-0.01582330030400077,-0.011766423020090878,-0.0060110651859611244,-0.00472926336310392
0.42117450304808857,0.009705651299141154,-0.010857643478278374,-0.0070904928485343455,-0.011343975509508159,0.0023142407680939764
0.4212533963183043,0.013990600922333408,-0.011106526147086451,-0.005346854096973715,-0.009700193624208741,0.0025114436977347445
0.42133228958852,0.017974354075155404,-0.006302027565545273,-4.5419720870633484e-05,-0.0027222726818081407,0.0017866983010757095
0.4214111828587357,0.020905874495232065,-0.009957011279786359,-0.0017540489848270988,-0.012236604824028517,0.006879184869029383
0.4214900761289514,0.022263731727600006,-0.012646609975875417,-0.003802389812662781,-0.018025490762261023,0.009228166979605719
0.4215689693991671,0.02286426247521995,-0.00993402230873558,-0.0026434315312930624,-0.023816886311851134,0.013964243692066353
0.4216478626693828,0.023713600283168376,-0.011409482098581013,-0.005739479844987927,-0.020264861883700733,0.009285813613260738
0.4217267559395984,0.02444351749100849,0.0007896897136383354,0.006765435454082523,-0.009565232154385704,0.011426585576560438
0.4218056492098141,0.023435994462162112,0.007320330105278789,0.0108434789036265,-0.0027739335245979997,0.009917224176637604
0.4218845424800298,0.01894319715280169,0.002611584617117125,0.005185228395917234,0.0002914813986580109,0.0036603520204271677
0.42196343575024553,0.011175074170585967,-0.0012054351239898272,0.0012587939884538206,0.004401290969112275,-0.0020073677683549833
0.42204232902046124,0.003915583717536325,-0.007792484705939686,-0.0046800173859140246,-0.005580110343448874,0.000251931288868946
0.42212122229067695,0.0014855115368721836,-0.025005119798852823,-0.0205333864715374,-0.01688867960905076,-0.003976484553225854
0.42220011556089265,0.004084879752007729,-0.02603870088833271,-0.021102184055376727,-0.014712244643005936,-0.005855108026589091
0.42227900883110836,0.008703263862291852,-0.020763276197389192,-0.0158576846495551,-0.015576917270808517,-0.0013751811364782478
0.42235790210132396,0.013331366932129347,-0.014392513919910399,-0.011964338255806747,-0.023619664267490643,0.006900739554875365
0.42243679537153966,0.018264078742555763,-0.01601979686919697,-0.011802505094087246,-0.025951333005870585,0.008581158147108709
0.42251568864175537,0.02384281211578449,-0.0138943649868029,-0.009412098273156845,-0.02516472712172468,0.009832778261740815
0.4225945819119711,0.02865401898529552,-0.006057554056779839,-0.002605349230704483,-0.011792148646827486,0.005948968808603175
0.4226734751821868,0.02971238246588314,-0.004911952020462105,0.0012707917611849075,-0.00788835613627572,0.006220092203000385
0.4227523684524025,0.024797090449932346,-0.013520087773373992,-0.007369203430496574,-0.009178296690597863,0.0006586329461021353
0.4228312617226182,0.016745745891373873,-0.021161305634227516,-0.014992468731134623,-0.008242813459170443,-0.005636127263875441
0.4229101549928339,0.011568808811456032,-0.019817239440119927,-0.01564211188688861,-0.007271786010314079,-0.00676858747057905
0.4229890482630495,0.011796412489236591,-0.012290862397558866,-0.009440544016610377,-0.0006047140255150239,-0.006614877276705516
0.4230679415332652,0.01547573134881081,-0.015902049615551705,-0.01136229404347481,0.0031284884256409682,-0.010540054534381399
0.4231468348034809,0.018266754564373718,-0.018183282705776786,-0.01152084307631812,0.004502121428328165,-0.01157642433907675
0.4232257280736966,0.01713326736107155,-0.006785560510521986,-0.002047489881863308,0.012677075654842133,-0.010000163006335707
0.42330462134391234,0.013516703248004145,-0.0018965120781868703,0.00012438631958078714,0.007369233403396859,-0.004835617422033812
0.42338351461412804,0.010276876046723627,0.001729789794967731,0.0017296385877968092,0.010405205307656373,-0.005672486678616953
0.42346240788434375,0.008533210484998367,0.0038469426080840544,0.0026951020992815895,0.006130175999429244,-0.0020956339749244723
0.42354130115455946,0.008107594208413239,-0.015160957871610481,-0.014911666678211925,-0.005047525393360882,-0.007712580971718918
0.42362019442477505,0.008466166480262263,-0.017034341846458995,-0.014873242005627785,-0.0001757957632123333,-0.010941348709859414
0.42369908769499076,0.008691747996870756,-0.0170202821101338,-0.014383552929970313,0.000894654463393047,-0.011292926110649278
0.42377798096520647,0.007638126268334518,-0.017567087348433097,-0.014273638903767896,-0.006425004401416164,-0.0063170265926513845
0.4238568742354222,0.005360101714476438,-0.017519710527595378,-0.015011141516524024,-0.009555560398339208,-0.004772204104628808
0.4239357675056379,0.002937516362294399,-0.023103024957204437,-0.020510585808020336,-0.011946787594469202,-0.007264101994627839
0.4240146607758536,0.0013459392382849224,-0.014378728014848435,-0.013580937163994205,0.0008338054962557038,-0.010655424525645735
0.4240935540460693,0.001440710490309561,-0.006171081899911688,-0.006105270874709813,-0.0017564368385966922,-0.0033647930352092496
0.424172447316285,0.0029726622375591074,-0.017440736603641163,-0.01632549553726189,-0.0152953776471811,-0.0019114647913314362
0.4242513405865006,0.004400026462050482,-0.020055019284015953,-0.018756768127769493,-0.013957675497465578,-0.004614707078759976
0.4243302338567163,0.004686860917528476,-0.016372378697041112,-0.014409600851184128,-0.011122740773093238,-0.003276811615697662
0.424409127126932,0.004376584406774894,-0.006205294225525869,-0.0054412336454502,-0.002959294056393956,-0.0020666851203863254
0.4244880203971477,0.004642622163603399,-0.005672918826217504,-0.006073992538135934,-0.01246673261093574,0.003821011003793217
0.42456691366736343,0.005546889313973379,-0.011024783940293142,-0.012210279558462597,-0.016690407813976113,0.002082566389231465
0.42464580693757914,0.005785841010090592,-0.00899189972360984,-0.00902132704264042,-0.00018228670616539153,-0.006585637690554174
0.42472470020779485,0.003933383091387007,-0.006897203122252203,-0.007746011032162502,0.008629870861240823,-0.01153008911677497
0.42480359347801055,0.0009427870338230954,-0.008251702879881908,-0.008195697283928672,0.009387739935999631,-0.01237121027407723
0.42488248674822615,0.0003346621551075728,-0.003001993526949192,-0.00329751495886251,-0.0024548142530577974,-0.00081012964734358
0.42496138001844186,0.003725857553081163,-0.020152541068424932,-0.017353518488757175,-0.020653464166464425,0.000907393375875555
0.42504027328865757,0.009152321161941174,-0.021675028116775772,-0.01698805174178685,-0.015794694216965402,-0.0020704101525315785
0.4251191665588733,0.013496016746993723,-0.017004849364805254,-0.01293925659679922,-0.010623877402579496,-0.002516848968872873
0.425198059829089,0.015237110651085907,-0.012247561876830123,-0.009322850259542948,-0.014629674301935505,0.002851696569550099
0.4252769530993047,0.015538797834763744,-0.0011290648394140777,-0.0015863110087441686,-0.011484588763651452,0.006500943213609693
0.4253558463695204,0.015876435577769552,-0.009502250871889528,-0.0092977787499286,-0.017907523488825877,0.005062787980385755
0.4254347396397361,0.016207785464955275,-0.012980739771996064,-0.011963475784616885,-0.0062167212897427495,-0.004738281649428674
0.4255136329099517,0.015206457520189546,-0.009509066124283334,-0.007577228299969738,-0.0024230028862115057,-0.004013519743939062
0.4255925261801674,0.011614642372656794,-0.016118301094458498,-0.012259935657281961,-0.008084991929983291,-0.003709439210488473
0.4256714194503831,0.007068348330644109,-0.02258039729672298,-0.017875171497610722,-0.00875300991206995,-0.007439097660188305
0.4257503127205988,0.0047733517688313375,-0.021179297813029633,-0.016975995066825355,-0.010994994551330385,-0.005271134923309877
0.42582920599081453,0.006121024310787769,-0.010004115408306289,-0.007382627276872691,-0.0034119101805989813,-0.003207531755405139
0.42590809926103024,0.010276081566597968,-0.00838802572293658,-0.007096107920308008,-0.006603227728678379,-0.0008603739591199488
0.42598699253124594,0.015158667366511424,-0.011143129928079268,-0.009725644676634768,-0.006060182746497815,-0.0031788327951921694
0.42606588580146165,0.01884567587911787,-0.0034757919523662434,-0.0033210141409655623,0.0018203517921511626,-0.0036865107211240776
0.42614477907167725,0.020657908273758126,0.000870994340320692,-0.0001651252493937472,-0.004259618235821481,0.002725775887727398
0.42622367234189296,0.021190194341033048,0.00609499660702059,0.00489318174731829,-0.006237578260846961,0.007809319086963132
0.42630256561210866,0.021724230504744948,0.011913147116685409,0.01012671148608116,-0.008121907052175534,0.012960352315792277
0.42638145888232437,0.022962605879588333,0.005135692402136841,0.0065182466042739,-0.009251148840015667,0.011032774172678445
0.4264603521525401,0.024785326359456596,-0.002840670202410225,0.0009886043337234392,-0.005822597412527706,0.004628805486920298
0.4265392454227558,0.026481091801196743,-0.009192843575222563,-0.003067468462423119,-0.008278980399711654,0.003255802696242178
0.4266181386929715,0.02641043457615577,-0.005515783855191627,0.0005982677876923283,-0.006253488285314472,0.004626749320695429
0.4266970319631872,0.02268180439481462,0.007270178100040143,0.012205028812287964,-0.0049576432068664765,0.012389708326239276
0.4267759252334028,0.015933512981155893,0.008951680655204214,0.011234435978013291,-0.010951408394235895,0.015675939048488515
0.4268548185036185,0.009856535162203943,-0.007013903289757792,-0.005346188960356423,-0.016407491703652636,0.0069979675293902486
0.4269337117738342,0.006982633975639314,-0.00863457055182317,-0.009785023461485555,-0.013002155688221098,0.0014194761799309536
0.4270126050440499,0.006940946071866822,0.00026122353920016937,-0.0032974100703666207,-0.009627561579400533,0.003986732135922619
0.4270914983142656,0.008614208224338957,-0.002763149664173264,-0.005646212032885002,-0.01301920490975901,0.004508606468763135
0.42717039158448133,0.011540877545754806,-0.004470356298538614,-0.005156372709624228,-0.014393952075124807,0.005792321492986377
0.42724928485469704,0.015558532924759486,-0.005805310883827319,-0.004700980757146759,-0.005975084635962547,0.0005004803510737612
0.42732817812491275,0.02017706690834423,-0.004492864356192143,-0.0022471502648730986,-0.001220628083528899,-0.0008545034001393919
0.42740707139512835,0.02363202665077087,0.0016160139949813555,0.002408833187722531,-0.002353017267612016,0.003364508964645414
0.42748596466534405,0.02259916933813117,-7.947411766640812e-05,0.0011078637952786359,-0.013581995606196225,0.009906813841929684
0.42756485793555976,0.01614201145482473,0.0015157771429339891,0.0012951491144401399,-0.020606478944156858,0.014744642323471028
0.42764375120577547,0.00849020950033726,0.002642831304022759,-0.0015666280899338369,-0.017597993847503685,0.010604547220074501
0.4277226444759912,0.0033516683146606846,0.01279129536684937,0.006452777348220593,0.0004693285356373266,0.004483878070959724
0.4278015377462069,0.0011631729168878984,0.014546835436956921,0.00980831308727089,0.013705517443762092,-0.0018725705889634254
0.4278804310164226,0.0007524971463816935,-0.00027677521165645304,-0.0006658778489234055,-0.004557049085317298,0.002552367776316858
0.4279593242866383,0.0006805494476266365,-0.009489534408373223,-0.009079763066856367,-0.009315348538830646,-0.0005217069254015721
0.4280382175568539,0.0004500569561291306,-0.004417390963312345,-0.0035479592138458645,0.00371573679586498,-0.005122735827087014
0.4281171108270696,0.0004996157859627389,0.020564684461640333,0.019530017199017934,0.028713778141236723,-0.004680183330844778
0.4281960040972853,0.001233294121692936,0.03481973593378135,0.03254281012093686,0.03927473952343342,-0.002057177521201029
0.428274897367501,0.002527660676149393,0.009551183266333224,0.010026026700243766,0.010195487174947705,0.0006367913496976961
0.4283537906377167,0.0039825985120158685,-0.008318388558148954,-0.006546466188414636,-0.011455558657594513,0.002793404547675065
0.42843268390793243,0.005343913440959386,-0.010948611386275951,-0.008871785928001788,-0.020484769638286392,0.0071036005352584355
0.42851157717814814,0.006082960850247796,-0.004816552368142466,-0.005055106258944826,-0.017772550711709464,0.008127497945017676
0.42859047044836385,0.006213558611032262,0.008531809162321987,0.005661766311859748,-0.007645296363575801,0.009322126365883521
0.42866936371857944,0.0074636390011855545,0.0064938566333477745,0.0022269409503564114,-0.01241347266332471,0.009957277711765347
0.42874825698879515,0.011718193325836977,-0.005529378871767538,-0.007820947338928337,-0.008806649655971156,7.417360737409657e-05
0.42882715025901086,0.019695291645659536,-0.0028209541489202608,-0.00410854042966551,2.6373802418766174e-05,-0.0030723713996759156
0.42890604352922657,0.029048245710774395,0.0012902736701890215,0.0021974126961103067,-0.0003440187379572505,0.0018638451704957781
0.4289849367994423,0.03446233674639587,0.008375491878315254,0.010231959723477749,0.008727874527806661,0.0017713950487715925
0.429063830069658,0.03471693150010649,0.011272443514164086,0.012000435002106884,-0.0011485965452553478,0.009690686056999376
0.4291427233398737,0.032737583259868724,0.0056203551261227985,0.006742525220503365,-0.002368197235261547,0.006596778375813073
0.4292216166100894,0.030201495648694787,0.0047237432760620455,0.0064417940023213886,-0.0009845264654492775,0.005447913645434242
0.429300509880305,0.02683873969322513,0.0046373253877344004,0.005983108237093581,-0.01001839015747393,0.011148015492714467
0.4293794031505207,0.022431595873144534,0.005776492831545852,0.008146838292457182,7.936703066488807e-05,0.006004238326214568
0.4294582964207364,0.01754340663782627,0.0020160342819080766,0.004816226052975145,0.012557284189313008,-0.0048168186973182245
0.4295371896909521,0.014769556217020615,0.010205203183178952,0.01090722145671776,0.02603369156492495,-0.009302187312130268
0.4296160829611678,0.018722199315557218,0.02346031819738466,0.023022970033552664,0.022535429199565544,0.0020526557788251723
0.42969497623138353,0.029482848516870414,0.011161944317638563,0.014226259554498976,-0.006561173419199251,0.014964672609416595
0.42977386950159924,0.040760205147556856,0.0033439745593022334,0.00837281279935474,-0.013373201985169088,0.015168119709621657
0.42985276277181494,0.04833029290507995,0.013743783250459246,0.01725902906360754,-0.011101510154837865,0.020255098600120022
0.42993165604203054,0.053291578279556294,0.02012536761406741,0.022000112741192297,-0.0060548788584551165,0.020406369655759836
0.43001054931224625,0.05656007198465974,0.037573997193416885,0.034123856575392464,0.005631508649842361,0.021615400814757397
0.43008944258246196,0.05743848013187646,0.03154713762612267,0.028011549771827446,0.0007617113861120361,0.020321351899543098
0.43016833585267766,0.05525020505681706,0.016664236297186368,0.016348043093630308,0.0065901747190837984,0.007749378190418568
0.43024722912289337,0.048590478431670324,0.012137689290111692,0.012956656777100454,0.0036708496789379596,0.00717921417043162
0.4303261223931091,0.03678314753397105,0.006671104777485617,0.00687441122819966,-0.007686098795541911,0.010250970653282813
0.4304050156633248,0.02442887698757678,0.008304092617929044,0.0070435819668137195,-0.01717915980672998,0.016725414715884585
0.4304839089335405,0.01618676190356562,0.008444139812428928,0.004886777455013252,-0.02655436321116013,0.021393727446235414
0.4305628022037561,0.011843051986223076,0.0033627615544783527,-0.0007232461230975338,-0.025138788178118515,0.016276302407397147
0.4306416954739718,0.009471089017312403,-0.006572063759658182,-0.007911021057048467,-0.017592474781876484,0.005883344312420654
0.4307205887441875,0.0078671345939765,-0.012595857982129019,-0.012069168732309031,-0.01639437749057825,0.001989519918725954
0.4307994820144032,0.0064718254743757215,-0.013186520617487481,-0.011595939240646218,-0.011345342100943935,-0.0010353263497882212
0.4308783752846189,0.005019228584417714,-0.015343546934947714,-0.012350742293366928,-0.00916747139812543,-0.003053102073750674
0.4309572685548346,0.0032738588124861428,-0.025261205810385972,-0.022458655225952678,-0.0022909761290734213,-0.015168601560235116
0.43103616182505033,0.001348673174862494,-0.02155346165694415,-0.020161179974568108,0.0025422146858057027,-0.016690782221133182
0.43111505509526604,0.0007303067633464372,-0.01701444020988151,-0.015579556858611383,-0.011046927117050081,-0.004197707045769883
0.43119394836548164,0.003156232959914585,-0.015313252600101438,-0.012724418008030742,-0.022545262372326385,0.005616580446848412
0.43127284163569735,0.00822575091032485,-0.009129616273239629,-0.007709873022003518,-0.026512679829624762,0.012000663844838139
0.43135173490591305,0.013136450443689796,-0.006443597923157885,-0.005707637080975016,-0.023384520298812016,0.011396567903195454
0.43143062817612876,0.015327370152511396,-0.0015593240361687734,-0.0019708785462204744,-0.019774164007492077,0.011759693060370441
0.43150952144634447,0.015488382763249297,9.108447314692382e-05,-0.0015289432127856238,-0.017576880810389318,0.010618443189216072
0.4315884147165602,0.015894057424798307,-0.010405413877227732,-0.009759039571575496,-0.01640064855289518,0.0037118260428173526
0.4316673079867759,0.017894138017609907,-0.006437781968872529,-0.005066309374745269,-0.003079369386371979,-0.0017076182881538607
0.4317462012569916,0.02143588991630226,-0.0011553849385643323,-0.001598836972140974,0.011634136905592545,-0.00896908401876675
0.4318250945272072,0.0227672696059267,-0.005807647789618047,-0.005286403105421973,0.013349044279040689,-0.01285750971608059
0.4319039877974229,0.01845862151997242,-0.002465310135245375,-0.0014400165171736272,0.009204797762098756,-0.007226299879171491
0.4319828810676386,0.011343291993590363,-0.0009812144608683797,0.000383284340411915,-0.005437353705797332,0.00392112135992157
0.4320617743378543,0.005290109614401401,-0.005204269191950445,-0.005842057544482728,-0.015615864631915997,0.0060997442653471035
0.43214066760807,0.0016944399531546447,-0.01822590616888815,-0.016526157985508515,-0.012664742223513608,-0.003819961052025724
0.4322195608782857,0.0003990821092249817,-0.019806018888155603,-0.01778802795707265,-0.01254442864336338,-0.004839086019945474
0.43229845414850143,0.00183687115310511,-0.0147828637477721,-0.013620944994488416,-0.015344352074837473,0.00013304861599842081
0.43237734741871714,0.00804266991709013,-0.011984454207482157,-0.00987474196849565,-0.01761218361497849,0.004436148345913037
0.43245624068893274,0.020408108879157037,-0.01068935899009769,-0.007767854473657653,-0.01681972744108905,0.005472923824803251
0.43253513395914844,0.038282366235545456,-0.0015496033452365634,0.0016280936618277262,-0.0023814863593687383,0.002803065885645966
0.43261402722936415,0.056454583812183434,0.008492482531997305,0.011661162312081337,-0.004438812646597707,0.011638421863108902
0.43269292049957986,0.06645622492496017,0.021024170988755603,0.02241260282819231,-0.010423014138710137,0.023632944451260445
0.43277181376979557,0.06691097729689062,0.027928983169714604,0.02734248630665629,-0.019466328495335562,0.03334238022184912
0.4328507070400113,0.060293697050037766,0.022708133144264588,0.02054774179149124,-0.016473952615340084,0.026291686284025912
0.432929600310227,0.04870399020915655,0.021095629164623708,0.016830493514755872,-0.001468611373765979,0.013496229494400285
0.4330084935804427,0.03769519059003719,0.01475648945942641,0.011920305881496833,0.006258957077957843,0.004677935464365086
0.4330873868506583,0.03048052778501769,0.01670447991658829,0.01714959811178538,0.0191561810799591,-5.761690376921445e-05
0.433166280120874,0.027286770340195353,0.021122096312699207,0.024486053793919934,0.015055680382349204,0.008143454122036584
0.4332451733910897,0.025809838360034764,0.006936217246881446,0.011510175307612976,-0.003564897812339042,0.010941814953937255
0.4333240666613054,0.023354466759713238,-0.0030687128698120613,0.0010385573874523108,-0.01533371915591652,0.011026911833789376
0.4334029599315211,0.02055902494081463,-0.002371866171081553,0.0030586631508540394,-0.019866848160096953,0.015560880983478286
0.4334818532017368,0.018171744214801926,-0.0028970003764208405,0.0011166299089319634,-0.01978911544152322,0.014065151801465219
0.43356074647195253,0.015321566132779199,-0.0038282305638253577,-0.001426857904165346,-0.010752444355770722,0.006129839092474589
0.43363963974216824,0.011321938713754276,-0.007190063662441625,-0.005522560442644323,-0.015686228029959483,0.006384382875934809
0.43371853301238383,0.006945373405554395,-0.009469556010402202,-0.00932948305291649,-0.013742100260610884,0.0022531308077654486
0.43379742628259954,0.003288584161204031,-0.012377269132294927,-0.010386451660464886,-0.019467718643667482,0.005296767000110543
0.43387631955281525,0.0007539676334166873,-0.015378440552015609,-0.01167742449753397,-0.015583411862738535,0.0017384738893554705
0.43395521282303096,0.00044088513030460084,-0.017586321227389234,-0.014594639583387962,-0.003734433498132754,-0.008354793774248649
0.43403410609324666,0.002809403587559107,-0.017644401443593527,-0.015372246289587261,-0.010753010267853195,-0.004240053836042099
0.43411299936346237,0.006791356543390986,-0.013730819016576893,-0.01113861654345744,-0.017483160307151503,0.003409869815379554
0.4341918926336781,0.010075211573177452,-0.01285753004459324,-0.009496301436852362,-0.024427352978917096,0.009276790808194444
0.4342707859038938,0.010182273721801494,-0.006937614919039734,-0.004504667099031091,-0.02001463470224207,0.010036604316918881
0.4343496791741094,0.007409408861245366,-0.009422426304360052,-0.0073915999769025575,-0.008232897424211492,9.735871805820619e-06
0.4344285724443251,0.004196794670292896,-0.01150524387703698,-0.011374683387335145,-0.010733274794249743,-0.0012801029502328442
0.4345074657145408,0.002389661734506237,-0.009559575354835098,-0.009208089370412174,-0.00380450568972689,-0.004302362780140599
0.4345863589847565,0.0021942593195111815,0.0008836178612319766,0.0006757884993855216,0.0028747571789828753,-0.001419986980629337
0.4346652522549722,0.002070782102850914,-0.008325370098167157,-0.007458239507466652,4.3163325858794876e-05,-0.005574175721317211
0.4347441455251879,0.0017054282329211402,-0.023867503641904996,-0.0207979919601195,-0.006226263073913801,-0.011302581383437375
0.4348230387954036,0.0020624624497853636,-0.020933486497348747,-0.017438007793236655,-0.008751027860213794,-0.007115250553767596
0.43490193206561933,0.0033930045060800835,-0.014996648265003179,-0.01020958722107128,-0.0008285224595802241,-0.00703705248012672
0.43498082533583493,0.004774423746541874,-0.015449471649998613,-0.010608976647075679,-0.005701470368296018,-0.004075568725744142
0.43505971860605064,0.004383955168821486,-0.011307387262917664,-0.009517466968111543,-0.008313484853342436,-0.0015171885176851014
0.43513861187626635,0.002792779328854832,-0.017829255763124333,-0.017082428761212628,-0.018825732285242546,-0.0001134319164110821
0.43521750514648205,0.0028713936642459775,-0.007329377245794813,-0.009912583133133741,-0.018497972931799604,0.005000511296337534
0.43529639841669776,0.006461798565029514,-0.005175285453952005,-0.007762519751604142,-0.015617936303756064,0.00467304394675578
0.43537529168691347,0.013538957361185978,0.00027159829213586125,-0.0040041937425048055,-0.001319301719027144,-0.002094905786602724
0.4354541849571292,0.0206271741018559,0.004899766670335837,0.0019213648822630402,0.000363815996738689,0.0011852530691953617
0.4355330782273449,0.023735632519153206,-0.0029646404581115883,-0.002926155355199796,-0.009274429756586964,0.004026603883818411
0.4356119714975605,0.023892389104698413,0.0012308132560772973,0.0006370228472867597,-0.013295270387859073,0.009364988283364238
0.4356908647677762,0.023649709348101084,-0.0014963244304207334,0.0004183697333490137,-0.01639728024567028,0.011277206248038301
0.4357697580379919,0.023684255365919612,0.0022135243062424547,0.003673115911940244,-0.003855746940043552,0.005309417776301883
0.4358486513082076,0.024155379781409414,-0.003149659577981772,-0.0007091538965155299,-0.0016355739800669267,0.0005664973317655986
0.4359275445784233,0.025349655611161318,-0.004109042031904896,3.2469627089789637e-06,0.00047371570813039426,-0.0003143736060258856
0.436006437848639,0.026357582288533975,0.0041307620507161176,0.008989808353402318,-0.0008617596285099858,0.0072603392544993975
0.4360853311188547,0.026019526842834623,-0.002031635804913739,0.005111780352785474,-0.0077879878950719164,0.009008653180526837
0.43616422438907043,0.024060597499501016,-0.011193487829886103,-0.003556902748832318,-0.013071730825557903,0.0060972669388365975
0.43624311765928603,0.020072373510940954,-0.01668315258568679,-0.010228460923733978,-0.016527856280604148,0.0034478006565653095
0.43632201092950174,0.014763305681661603,-0.0156524179669156,-0.011033668626102033,-0.021712392903524003,0.006316988463307359
0.43640090419971744,0.009521644848276466,-0.016025771424013308,-0.012623889902129665,-0.02075271045029116,0.004492192218498434
0.43647979746993315,0.005600076661098067,-0.013600761580824518,-0.010909018856175927,-0.020390431570870653,0.005525349585700352
0.43655869074014886,0.0035734133505308527,-0.019387286902049248,-0.01606762700815745,-0.020167512794197474,0.0015390097436735958
0.43663758401036457,0.0031184111766079294,-0.019286485024556037,-0.014951908983771743,-0.013467330967421256,-0.0021122560435632553
0.4367164772805803,0.003805529866149725,-0.019719872612201723,-0.014690228718606296,-0.016509228580971546,0.0001167786183042645
0.436795370550796,0.0050060991446083175,-0.020675819969158873,-0.014648794229525143,-0.015378289298488643,-0.0006087850360839842
0.4368742638210116,0.0058277902839909985,-0.022547461190324837,-0.016459876832475354,-0.016547839409085354,-0.0011737998678384124
0.4369531570912273,0.005496642215395281,-0.01998661089089225,-0.014287016601919136,-0.022017699061364835,0.004101284703655908
0.437032050361443,0.0037871965207879896,-0.017418101770219227,-0.013983073300582453,-0.02194230673853815,0.004276949816215744
0.4371109436316587,0.0018712587445948064,-0.02195721737787641,-0.019211844129966606,-0.019398964041899707,-0.0013143366983862444
0.4371898369018744,0.0012906976545322038,-0.018576935777801038,-0.01609461529659975,-0.012728086276885507,-0.0034565993381376245
0.4372687301720901,0.002658553813348595,-0.018836638029648963,-0.01698833688902538,-0.011511296844136732,-0.004935069970435125
0.4373476234423058,0.005089603059083854,-0.02012283770677786,-0.018597540473093685,-0.009358735678829791,-0.007571419837798343
0.43742651671252153,0.006569783617797232,-0.01917327340403391,-0.017741341214046927,-0.012637431189794393,-0.004742165429822501
0.4375054099827371,0.006452045819241803,-0.022268828901701024,-0.01919635491227472,-0.01328216577871789,-0.00539344926209864
0.43758430325295283,0.005813007699588783,-0.027454310584604406,-0.023659819894067582,-0.015065924758390806,-0.007521747301632634
0.43766319652316854,0.00531338913591609,-0.02363236538176283,-0.020452804412686456,-0.014029399664951096,-0.005828557663078849
0.43774208979338425,0.005261743571780905,-0.020200133922392543,-0.017461034338623498,-0.015099509295187885,-0.002887185998966359
0.43782098306359996,0.005556034542675387,-0.020349645097243598,-0.01528066029575265,-0.016887315522723857,-6.954644726073149e-05
0.43789987633381566,0.0058093846976943215,-0.018710091417172156,-0.013459166233720876,-0.016910146810404633,0.0013006276457143316
0.43797876960403137,0.005389639079010097,-0.015586901905403173,-0.012564167748333964,-0.018425089738645206,0.0029796281125992444
0.4380576628742471,0.003663338140402165,-0.016725251298658796,-0.014518832697682494,-0.00994796434615835,-0.00414364374652053
0.4381365561444627,0.0014361197839402877,-0.00672324526836596,-0.004937309560606016,-0.012193275900091668,0.004483330415748817
0.4382154494146784,8.46109278982771e-05,-0.014751089008995294,-0.011930261017504523,-0.020490512757447343,0.004832722622933828
0.4382943426848941,0.0005544080846431845,-0.0228253647575944,-0.02055510149732088,-0.01729864094581946,-0.0037184817348724208
0.4383732359551098,0.003226476264132546,-0.015701965215846374,-0.015042469998759633,-0.014056818645302978,-0.0017853902388442456
0.4384521292253255,0.00725719969870273,-0.015065606268839021,-0.011613413698702175,-0.010263741864700877,-0.00177164389898909
0.4385310224955412,0.012196008787316744,-0.016399949543713443,-0.010916098870640187,-0.012351718788337124,0.00014330583931647254
0.4386099157657569,0.018361403961493824,-0.018536321942725698,-0.012104852669828114,-0.0186995926734469,0.00350487641210258
0.4386888090359726,0.024705708954536623,-0.006665401504330133,-0.0019426351361914568,-0.011603542547277598,0.00631556874188231
0.4387677023061882,0.030891037066480147,-0.006328947660373439,0.0008815980390154752,-0.005249512378614796,0.0041659990354187765
0.43884659557640393,0.03527846415662072,-0.0029732852926273854,0.0061710633805920016,0.002908209772195879,0.0026435040356938663
0.43892548884661964,0.03392478906981179,-0.0015736815250721676,0.005534607147825115,0.004606840950860413,0.0010343543789307348
0.43900438211683535,0.025993536517769263,-0.005825479656848756,0.00023793264898180173,-0.0010023270521790871,0.0008471901845173645
0.43908327538705105,0.01530156599099958,-0.010736636533162213,-0.007045313850416628,-0.0021681861611726177,-0.00378841235169731
0.43916216865726676,0.006406361337157949,-0.015317710122457992,-0.014455308352621456,-0.007939860877709301,-0.00543919794103497
0.43924106192748247,0.0022156804952195605,-0.017690708971898714,-0.016122992285097667,-0.009667911277659622,-0.005524050176400558
0.4393199551976982,0.0029180330444994393,-0.009143180693055428,-0.00740413473525512,-0.004582767720800018,-0.00244055306620329
0.43939884846791377,0.006965451102585471,-0.013554414258088066,-0.008924005220551475,-0.014895988669354163,0.0033264265396586246
0.4394777417381295,0.013148057670146455,-0.017724156710546314,-0.009764895090201996,-0.01699392444939853,0.004104297421935722
0.4395566350083452,0.020729060701460543,-0.0031648350382249666,0.005631536029769129,-0.017249124886975224,0.015722541839607158
0.4396355282785609,0.02877695654725266,0.003179547886649678,0.011724872086246818,-0.01406142909509973,0.01812021859567115
0.4397144215487766,0.032964806402962586,-0.003964021394426241,0.005159907353458957,-0.010977046536785065,0.011177122827084399
0.4397933148189923,0.02944318232880333,-0.004891627162905548,0.0005691758171123035,-0.009980857104431305,0.007097854973651593
0.439872208089208,0.02162131098712135,0.002088406140008759,0.001207449870056354,-0.010211155813769931,0.007726420957225739
0.4399511013594237,0.014004250566446037,0.002280043644650737,-0.0024928014899539973,-0.006295122948405341,0.0023563574300553046
0.4400299946296393,0.008586652067876932,-0.0018399450444426394,-0.00628955044545617,-0.01085134985498404,0.002580353288425018
0.44010888789985503,0.0064402974826909066,-0.005142335838812867,-0.008977565803097255,-0.00753211717975953,-0.0016382347087216982
0.44018778117007074,0.005511841364012194,-0.00935876729233885,-0.01147569735402315,-0.013010138361939564,0.0001674708332642682
0.44026667444028644,0.003989525268683687,-0.009232515973501868,-0.010288283467447099,-0.01568244517231231,0.0028378508957976486
0.44034556771050215,0.002551801808269579,-0.011055717534901281,-0.012526125303257234,-0.017533240287047537,0.002411384507811501
0.44042446098071786,0.001909652837616904,-0.014912808281497703,-0.013149411893231027,-0.01740387580900714,0.0018612579324121493
0.44050335425093357,0.0021676201248306388,-0.018831370911893464,-0.017127562556740146,-0.012957030465009256,-0.00407186653290479
0.4405822475211493,0.0035000372097293594,-0.02044922808677106,-0.01821783026573616,-0.019121142946575916,-0.0007605730321330571
0.44066114079136487,0.0062207494433257834,-0.017294100740213036,-0.014255207854311207,-0.014772221208272254,-0.0007213619435431991
0.4407400340615806,0.010364550176136973,-0.013861929020136804,-0.008279946630586212,-0.014957240451064478,0.0038463529791800694
0.4408189273317963,0.014421172151412413,-0.0073123755540267935,-0.0015662017852039497,-0.011124976080329632,0.006275384360343069
0.440897820602012,0.015298810121721173,-0.015592507815730109,-0.009501539288779373,-0.016938889018297112,0.004263342206046626
0.4409767138722277,0.012023247858052552,-0.01806859485948547,-0.01233484748320884,-0.014395763169793987,0.00045519322583392616
0.4410556071424434,0.007100405787830714,-0.016555516076739954,-0.012228580298033172,-0.015262917659236102,0.0011141952213874647
0.4411345004126591,0.0030627721153970527,-0.021700210179850958,-0.017551530419871435,-0.014055263604522299,-0.0036528386489062432
0.4412133936828748,0.0023749704543847977,-0.025633599296395047,-0.02227083812599343,-0.007681187743538844,-0.011425556303387142
0.4412922869530904,0.004824428592569734,-0.021915199985971044,-0.01998327289849795,-0.0034868300314387997,-0.01252799091714269
0.4413711802233061,0.00901796422813538,-0.02124872370475699,-0.018455520680361475,-0.003935748398483618,-0.011091574131244012
0.44145007349352183,0.01564193172632264,-0.019394632567213778,-0.01456807244333641,-0.011146662724035021,-0.0033786814499949473
0.44152896676373754,0.023224147438345083,-0.01218741445689196,-0.007093188850350891,-0.017444232548230364,0.0063923580197963875
0.44160786003395325,0.03034760197318832,-0.004084840909698095,0.00039423982020966435,-0.014106980164879379,0.009727382695521756
0.44168675330416896,0.034553789287445624,-0.0033883771515206486,0.0024178128949257087,-0.00855523811408811,0.007518866584525055
0.44176564657438466,0.029198961622843213,-0.0059043240761451656,-0.0006700007440351275,-0.0003361981632877472,-0.00027332381332221157
0.44184453984460037,0.016651942082999357,-0.01141141997673344,-0.008818288058756838,-0.0004018092611823834,-0.00628787670714057
0.44192343311481597,0.005569820846529385,-0.01721901895290272,-0.014083619666840243,-0.0073207909905141895,-0.0055767229553041996
0.4420023263850317,0.0002593415620182416,-0.02076606538534514,-0.01773074215236965,-0.009767275657858376,-0.006653483980081513
0.4420812196552474,0.0017131696226317372,-0.020415080757599353,-0.016365713016660947,-0.008990507075731322,-0.006157544367109014
0.4421601129254631,0.0074094026064869065,-0.024440357835915753,-0.01912956426447493,-0.006997874627758026,-0.009545655737050027
0.4422390061956788,0.015924915342699384,-0.011977996871643054,-0.006695387504651385,-0.013406272749002772,0.003987327939799093
0.4423178994658945,0.026555854902992455,-0.012777852065678197,-0.004911842603397743,-0.020289402129362272,0.00991765091715605
0.4423967927361102,0.03700082873918079,-0.012065532022776335,-0.0022857030108602784,-0.022542500961190415,0.013377602842915276
0.4424756860063259,0.0469109246650536,-0.000768777422698259,0.007257372692688363,-0.012849520542942847,0.013988680978538254
0.4425545792765415,0.04994026840155052,0.0016655820647185448,0.007461616477382197,-0.013286593427292926,0.01443281786093274
0.4426334725467572,0.0402600599769023,0.007805483006848315,0.010452856311967539,-0.009902835085560597,0.014393716376584537
0.44271236581697293,0.026144405825178144,0.008560942246617569,0.007570955800064012,-0.015941710856420477,0.016289812727887806
0.44279125908718864,0.014739205669516729,0.005834895568831019,0.0011088700769991094,-0.014018894145144222,0.010199773121528508
0.44287015235740435,0.007171282818266719,-0.0072034697895838945,-0.011080758101416883,-0.010946987957118957,-0.000918592141209133
0.44294904562762005,0.003214701040399679,-0.011854273738035373,-0.01347896099105386,-0.00957741317666113,-0.0036180371223988226
0.44302793889783576,0.0018562352381771981,-0.012609719180407857,-0.013485371800740008,-0.00553043036920689,-0.0063289699076420096
0.44310683216805147,0.0017446085954015312,-0.014830683555517726,-0.013449004989564946,-0.014431567024202821,-0.00034953630966811446
0.44318572543826706,0.00209028242592487,-0.016432379633568316,-0.013821684476973493,-0.01933721949731724,0.00265437549607933
0.44326461870848277,0.0023247523224722974,-0.023328106942543676,-0.01894692283643274,-0.021116084078593573,3.1283577532772547e-05
0.4433435119786985,0.0024610732865653177,-0.01959621952281115,-0.015787649345357875,-0.02034542371350135,0.0018663001351426074
0.4434224052489142,0.003688196896064903,-0.009878198587831063,-0.006847935242920082,-0.0215949991404936,0.009351389129532395
0.4435012985191299,0.0070351439882524675,-0.011189200258289364,-0.010385499164038805,-0.023053244384205317,0.007696110474025605
0.4435801917893456,0.012937289262338982,-0.01207688769777514,-0.010035063044178259,-0.02245512571416464,0.007556595028248684
0.4436590850595613,0.01941352237289017,-0.010566715290084386,-0.008012147661174657,-0.014486883915389482,0.0037309052476208636
0.443737978329777,0.02080008834168886,-0.01354364237855829,-0.008967642938680635,-0.01772103871686594,0.005183566049193552
0.4438168715999926,0.016003513229092232,-0.020762715825733625,-0.014328548424669373,-0.017644538487508767,0.0011451518796115356
0.4438957648702083,0.00947442090594044,-0.02439807547313116,-0.01765304410192817,-0.019038982619147733,-0.00039532442479913365
0.44397465814042403,0.003987385263520017,-0.023238016087782882,-0.01904586254532442,-0.01641714180979002,-0.003185060407560797
0.44405355141063974,0.001618774550719804,-0.024234480550759045,-0.022225132865653502,-0.009908215849924771,-0.009902678592514409
0.44413244468085544,0.00173207848595517,-0.012676155972050258,-0.012438710886058395,-0.007907018856748273,-0.003961402922877526
0.44421133795107115,0.0028789326265934983,-0.018968548064977643,-0.018508599191779468,-0.009847992796072192,-0.007178125207623981
0.44429023122128686,0.00587220770105039,-0.019693191626332075,-0.017543308053372602,-0.014649978064373608,-0.003249014345347316
0.44436912449150257,0.01082357305700468,-0.016768106642778335,-0.014530386317153997,-0.0185295930511049,0.0015869925179203906
0.44444801776171816,0.01769204111453682,-0.008727997821903026,-0.007908587915409365,-0.017373799415336174,0.00573888185984225
0.44452691103193387,0.02271998397279074,0.0030256461302426334,0.0061752756886671424,-0.016751251527881077,0.01579374421380361
0.4446058043021496,0.02070821590152743,0.001346364917904504,0.006488375147814766,-0.015629108684583733,0.015275976528877497
0.4446846975723653,0.01431090195013021,-0.009479147231963097,-0.004337957882605859,-0.019931361317707192,0.010104856302794587
0.444763590842581,0.007615259034723716,-0.013741099935991057,-0.009159200153625398,-0.018473620870620617,0.005544515216020188
0.4448424841127967,0.003042144388643839,-0.013770206286439738,-0.009248465056062399,-0.011574122775490992,0.0008634356798777748
0.4449213773830124,0.0029310315394908857,-0.015126947592328717,-0.01152038549792723,-0.008833792086493195,-0.0026587165834379596
0.4450002706532281,0.00558523127413022,-0.015180469248421898,-0.012149259276323624,-0.008597055396750432,-0.0032847082483147133
0.4450791639234437,0.00885244112568169,-0.018389717115631553,-0.015366331098908798,-0.01221767977814097,-0.003256205176217848
0.4451580571936594,0.01288213064440495,-0.01836875721617214,-0.016058643791606764,-0.018377985790740882,0.0003487293904078442
0.4452369504638751,0.01693025554170627,-0.010990590713195834,-0.007175115134155611,-0.018933060583865447,0.0073273387419977324
0.44531584373409083,0.021406672888713785,-0.007146674675736591,-0.0024522318866748377,-0.01834353708195436,0.010444800319978747
0.44539473700430654,0.026985181164388205,-0.002925624575190981,0.001756361103346677,-0.01720443364611894,0.012811825497472257
0.44547363027452225,0.03018767342469647,-0.006315402065027424,-0.0006854967485142179,-0.015026904909474049,0.009539908494206871
0.44555252354473796,0.02691486208110535,-0.0029085457657566714,0.0006514611094526642,-0.01449042082839346,0.010175080224022004
0.44563141681495366,0.020217181557853077,-0.009237567566551948,-0.005137405049938345,-0.019530991678724793,0.009242580480906076
0.44571031008516926,0.01410781814606446,-0.012621910532397357,-0.009236259586837884,-0.011084916573908456,0.0005453409166265536
0.44578920335538497,0.009254919934961766,-0.01217826449195267,-0.010264199946467052,-0.0041594870553252235,-0.004850305809216004
0.4458680966256007,0.0058751605992744,-0.018682593525091412,-0.016020289427432537,-0.005882498111365158,-0.0079787884847879
0.4459469898958164,0.00433851207028758,-0.016204873496262488,-0.014322803948346763,-0.007134376468917814,-0.0058792578592170896
0.4460258831660321,0.0035884112503328704,-0.010325348378538988,-0.00830421827801903,-0.009166956160175906,-4.4233239613463905e-05
0.4461047764362478,0.0024718489618208474,-0.012253807652080664,-0.011153413250650916,-0.013359130944415347,0.0006405614543638369
0.4461836697064635,0.0017436927200399452,-0.0139741684799802,-0.013597776218644213,-0.017527699846929062,0.0016105784959801084
0.4462625629766792,0.0022522635029174833,-0.013024128876953934,-0.013607804737001593,-0.016262487211582615,0.0007568895562352688
0.4463414562468948,0.004162523253245613,-0.00483900851778017,-0.0047874275892252,-0.014239811068538888,0.005963561512551927
0.4464203495171105,0.007010877107715892,-0.007683723969164764,-0.006418066514807536,-0.010440689888719571,0.0022101463255597806
0.4464992427873262,0.00859634247881291,-0.01058608063088436,-0.008390293639428248,-0.008539442593839904,-0.0005278916689421562
0.44657813605754193,0.0073414345711935785,-0.0233538885824065,-0.018765784462945353,-0.012395024295906994,-0.005666349381458829
0.44665702932775764,0.004645328782241463,-0.026984424743669726,-0.02161254705941194,-0.01605318176636875,-0.005338179730136234
0.44673592259797335,0.0022000616541146033,-0.02311988472287815,-0.01953214693821184,-0.015420045021264461,-0.00421365614130599
0.44681481586818905,0.0007331116642241006,-0.02382336865714731,-0.020254546146777748,-0.01956224205774331,-0.001980984884185301
0.44689370913840476,0.00031014155834711425,-0.023386265248754756,-0.020663780253809518,-0.01753802197906907,-0.0036392602628516585
0.44697260240862036,0.0007232935000559003,-0.021985860131859738,-0.021543227464470585,-0.01336342991708522,-0.007085163919706563
0.44705149567883606,0.0020365976839916778,-0.02028080670599978,-0.020567048613464516,-0.007595854442788911,-0.01021514176639257
0.44713038894905177,0.004496851010212232,-0.018475867706107364,-0.018090811620414735,-0.007097471811474155,-0.008706422636282324
0.4472092822192675,0.008269376109332387,-0.008884840984066016,-0.006398585936870449,-0.00955304187747152,0.0016309918162015
0.4472881754894832,0.012885836791005445,-0.009316500960576702,-0.005281479109806881,-0.02105317356782259,0.010153743221776949
0.4473670687596989,0.01657082580211391,-0.009174469768659514,-0.005482947802140595,-0.020200868919289922,0.009433760389606423
0.4474459620299146,0.01808191344825919,0.0020516830801981583,0.004323613701512122,-0.01777620240716424,0.015102798279782429
0.4475248553001303,0.017374575031383066,-0.002102661151781735,3.353697635740848e-05,-0.01781927864461384,0.011942258820203066
0.4476037485703459,0.0153522000691974,-0.013303385716444327,-0.010713561666314582,-0.020882417308886417,0.005999839967488209
0.4476826418405616,0.012346624992999006,-0.004000938967911902,-0.002702781092023047,-0.014085648573802312,0.007410481562346824
0.4477615351107773,0.009413804605459472,0.0003755096092288089,-0.0007118867076241667,-0.003337687477486498,0.0017027255169216801
0.447840428380993,0.00883130484589275,-0.014904699661593173,-0.012243354443549065,-0.0027768598879949185,-0.0072465552317498415
0.44791932165120873,0.009301219724414184,-0.020599503686372915,-0.016483724061660526,-0.00036390372736753155,-0.012013188595966557
0.44799821492142444,0.009307118150600273,-0.013606676912126737,-0.010988257445883371,-0.00480470289310944,-0.004957274373837282
0.44807710819164015,0.011214405826364127,-0.008458110688380784,-0.007169737895769345,-0.014418383547682406,0.004311530226225015
0.44815600146185586,0.015295892738910424,-0.008872533487272453,-0.006078428933470026,-0.0174384189113723,0.007143061104291357
0.44823489473207145,0.02124441939574152,-0.0037336561530310866,-0.00113392933566831,-0.012800365621444865,0.007717302542464011
0.44831378800228716,0.029435899610597074,0.0035378691984636174,0.00672467631413335,-0.005728848759922202,0.00883079951467951
0.44839268127250287,0.03397116591942192,0.009921555179835223,0.014657549890849655,-0.004322136354992565,0.013788301053626249
0.4484715745427186,0.03066312893874631,-0.001771278160921004,0.003793441680182627,-0.007913880063345403,0.008112698771313206
0.4485504678129343,0.024165090456462215,-0.007433756392412457,-0.0028474280828598942,-0.012605535543215531,0.00631298312618717
0.44862936108315,0.016856142648264773,0.0064168608039948775,0.007178659233678726,-0.006218553898588992,0.009495798094980705
0.4487082543533657,0.009917568731984992,0.01802841082752925,0.015357204186828831,-0.004654888701904361,0.014531000345294705
0.4487871476235814,0.006048176673323417,-0.0018896956020873223,-0.0032208672427438373,-0.008921174309143309,0.003571227240373876
0.448866040893797,0.0033626115118459477,0.0010639733755744571,-0.002987074263105924,-0.010222064239430239,0.004615072414811986
0.4489449341640127,0.0018022744114844947,0.007497369172159263,0.0004667761465381906,-0.012456749927571797,0.00867759487128793
0.4490238274342284,0.0029686838687404417,-0.0015558682158090108,-0.007744636851726203,-0.01744877689437813,0.005910956202927849
0.4491027207044441,0.006547170710652968,-0.0020349994902283904,-0.004272758319379205,-0.015281314011238173,0.007042865787447834
0.44918161397465983,0.01142299389498668,-0.0039691098174949755,-0.004227231486833672,-0.005009212558025551,0.00020681262635498528
0.44926050724487554,0.013071482660924023,-0.008243257335226432,-0.00936474298886851,-0.0024912094814194723,-0.00529704157245209
0.44933940051509125,0.009444076111746766,-0.013661659895740584,-0.013075332513228328,-0.007591653522391952,-0.004645735441812065
0.44941829378530695,0.004513305422081609,-0.021360738212488413,-0.01851464840150824,-0.012259698704730761,-0.005570015029010823
0.44949718705552255,0.0010974988262397226,-0.014557177719065182,-0.012570649284170208,-0.011814541700229445,-0.0014464533376149908
0.44957608032573826,1.9080981850784958e-05,-0.006561071490931659,-0.005028452100947436,-0.014108082983471722,0.005696237358937148
0.44965497359595397,0.00043815920391560486,-0.006442101734328684,-0.008890593811668695,-0.017187547074027254,0.004884016569081772
0.4497338668661697,0.0010782302971976852,-0.010209277164831592,-0.013930341500779202,-0.020124105419319603,0.003099904861295406
0.4498127601363854,0.001528839265630799,-0.004462035572985123,-0.009457667998172868,-0.016144006688513433,0.0037642947778468603
0.4498916534066011,0.0017666312655074709,0.001226842325728409,-0.004887713078476223,-0.011214497719975226,0.003865595031988852
0.4499705466768168,0.0018917862006820043,-0.004453015353768795,-0.009395362525086362,-0.0058491509074405645,-0.003074351451612421
0.4500494399470325,0.002074297317954403,-0.012773869111237365,-0.014325815081869003,-0.00356682836826258,-0.008266944465788484
0.4501283332172481,0.0037257037592991218,-0.017859922100399463,-0.01634826798190334,-0.01012532687131337,-0.0053857469263892755
0.4502072264874638,0.008823169116757092,-0.01450136168530297,-0.010878418288132153,-0.011968104130636368,-8.522495750786879e-05
0.4502861197576795,0.01616002775132892,-0.012143730166196992,-0.006656257914394977,-0.018699641047190633,0.007557034061185401
0.4503650130278952,0.021901773063997525,-0.016027906515512395,-0.007373247287985325,-0.023903872074688574,0.010505448991553493
0.45044390629811093,0.025642950610824323,-0.016229102019834726,-0.006873744821369413,-0.025012311712151084,0.011618535301289737
0.45052279956832664,0.028292794454911608,-0.012381631476433659,-0.003258618427369789,-0.02211046222754053,0.012365184309937556
0.45060169283854234,0.028521807384896822,-0.0070339249282583595,1.8319118163728523e-06,-0.01931830754098817,0.012921419045091911
0.45068058610875805,0.02893985938427871,-0.003304820461389765,0.00047475560835772335,-0.007781963817786358,0.005557095640102178
0.45075947937897365,0.03091634594125424,0.0022133044104452712,0.006977535667909023,0.0011330717380062516,0.004430204486833688
0.45083837264918936,0.027415784008300425,-0.011874536550070765,-0.005858716844322067,-0.002085982261318548,-0.0029610994057446397
0.45091726591940506,0.021040345333165643,-0.004858625914091411,-0.001582497689864999,-0.0012548178201433795,-0.00033746391818211365
0.45099615918962077,0.018812814546013214,-0.003930726529063385,-0.0008859469997065982,-0.007255926252882581,0.004193619374393823
0.4510750524598365,0.020108962236127265,0.00019405826262603937,0.0030852361698972763,-0.0038007374583313523,0.004835545631980261
0.4511539457300522,0.02706224791223183,0.0015919719063417035,0.006765402799935432,0.0013748691660734405,0.004110784004251724
0.4512328390002679,0.03313229171603867,-0.0064440700672818,-6.8152646840233e-05,0.0023513674016615543,-0.001623103238978174
0.4513117322704836,0.02955540717847104,-0.0029587538975233115,0.0022538740743191826,-0.0037560830106577107,0.0041875692046137785
0.4513906255406992,0.02168174409778669,-0.005869033642827749,-0.0020809744725474966,-0.011653461960784471,0.0062460976837641685
0.4514695188109149,0.013039147782515347,-0.003087216574410186,-0.002203802672525781,-0.010426702490594315,0.005334314987986929
0.4515484120811306,0.006093347563394371,-0.008100104996900856,-0.009050454327743766,-0.013382306687431018,0.0022199982079861113
0.4516273053513463,0.0034124010677474,0.002347162848329734,-0.0019168193255731508,-0.010475696309630819,0.00558045895675742
0.451706198621562,0.0024968117612361013,-0.003776372639841439,-0.007902617727199999,-0.012123973526288107,0.0022319938943399426
0.45178509189177773,0.003478252627121418,-0.006195290796244125,-0.00891253384975508,-0.019061021799577797,0.006120884290589148
0.45186398516199344,0.006847531435774257,0.0006301809793358436,-0.0010148463618101235,-0.01532119525777894,0.009491879079510991
0.45194287843220915,0.01217477590503028,-0.010758368800062184,-0.010157593938057215,-0.008679865463040623,-0.0017481986202306711
0.45202177170242475,0.018203443902722164,-0.008625798159775471,-0.00811116600379841,-0.003781134219206411,-0.003502343582147828
0.45210066497264045,0.019383072834555953,-0.005665423540767926,-0.004679821086103895,-0.0020815913987815475,-0.002087489860138955
0.45217955824285616,0.015114924672357857,-8.998945953744928e-05,-0.0008885982017379799,-0.007690836303506317,0.00448249943443092
0.45225845151307187,0.009532000122463176,0.0016705232008057335,-0.0003844662354856428,-0.01766192352974501,0.011526230706331549
0.4523373447832876,0.004793031098564889,-0.00532825065899302,-0.008820801446564108,-0.020363858931131778,0.007060632442698992
0.4524162380535033,0.001914481046641613,0.0011509246232756722,-0.004239244288033227,-0.0153180160579879,0.0070923341359027375
0.452495131323719,0.0009273624624394148,0.003397288819371861,-0.0014813951065233975,-0.022128688521404843,0.013698751600176815
0.4525740245939347,0.000978235842118596,0.005327095696044645,0.0005046628775793093,-0.02140895260829455,0.014693801972443623
0.4526529178641503,0.0015064680064438762,-0.0026258025575543096,-0.006385290595860737,-0.02103932136796388,0.009323679162296717
0.452731811134366,0.0020162838159752685,-0.010042409805242474,-0.013310303933723202,-0.0164118102586382,0.0010780446483888526
0.4528107044045817,0.0014907401310120503,-0.0028928604374955096,-0.005742341227816554,-0.002244953520153011,-0.0027682632257212325
0.4528895976747974,0.00025497080497893906,-0.01770336976626012,-0.018458931887910913,-0.0065638293376927325,-0.009337026666685904
0.4529684909450131,0.0006364199788081872,-0.022365040634393592,-0.020869549828852092,-0.0116306597768468,-0.007742534159517878
0.45304738421522883,0.005095691797340446,-0.019543506444277402,-0.015666983585304273,-0.01939051784935166,0.0013173387632143686
0.45312627748544454,0.014233678978654985,-0.014140794316764179,-0.008266908472824956,-0.019704778056796653,0.007031656514823448
0.45320517075566025,0.023700324299534153,-0.013951410490943068,-0.006649283356196488,-0.024585149047878115,0.011499643567458601
0.45328406402587584,0.03056400086732233,-0.008640883611046502,0.0005464693071561989,-0.021665721637838184,0.014896656648341042
0.45336295729609155,0.036099639071552406,-0.004655486372076912,0.005191431453610745,-0.02137988625679,0.01815843070346191
0.45344185056630726,0.03642492189391797,-0.0024335861991419076,0.005689947056121868,-0.018431547087553752,0.016556840968279755
0.45352074383652297,0.03401658077563046,0.0018405244413549225,0.010154420956486995,-0.009774752640461714,0.014086200852098078
0.4535996371067387,0.03278891120309001,-0.00872559883389279,-0.0023104176090121783,-0.0023350038937191217,-0.00015632739361450874
0.4536785303769544,0.026324985387593744,-0.011276288066487117,-0.00449511133761777,0.001098640639728379,-0.00407683671775716
0.4537574236471701,0.01605038303906004,-0.0175843150384275,-0.011664648187660527,-0.002554808689005951,-0.006964699930290486
0.4538363169173858,0.00903498296501096,-0.014263790220795597,-0.01259719803802222,-0.004446675323803756,-0.006393140708452667
0.4539152101876014,0.006391941386652616,-0.015098609665373533,-0.014962500660057703,-0.0018260450607760043,-0.009904350104437578
0.4539941034578171,0.008776204908060322,-0.012451283876836227,-0.012653381043434579,0.004134723693000997,-0.012172828251620702
0.4540729967280328,0.012407725872001937,-0.010501909582983722,-0.008569673830007637,0.002313574553686604,-0.007918763918368493
0.4541518899982485,0.012011312156480592,-0.015713129646883046,-0.012741796165869974,-0.0026858483504801547,-0.007678062079536418
0.4542307832684642,0.00899582886242082,-0.010005308232954232,-0.006933840669667722,-0.006769682137226132,-0.0006284012734511804
0.45430967653867993,0.00543486401825498,-0.015895120482004255,-0.012138683604800587,-0.0169234020979463,0.00229165700131127
0.45438856980889564,0.0025963052720057982,-0.024597683166528245,-0.02093854288601331,-0.01829222351294099,-0.0033393280835260536
0.45446746307911134,0.0017611856463037856,-0.026926072398958258,-0.021891301600609172,-0.015942853990416422,-0.005619375602598017
0.45454635634932694,0.0015138505841492587,-0.022276669731957906,-0.017513767111726152,-0.015132217545758074,-0.0029045413281921545
0.45462524961954265,0.0015104628924160431,-0.023516025117857966,-0.019237777162174667,-0.01495785532801892,-0.00430372508757603
0.45470414288975836,0.002818124428346187,-0.02275595160988857,-0.017964265785817043,-0.01490588070813596,-0.0033910428997292416
0.45478303615997406,0.005943577478129992,-0.010360405915173626,-0.006877070846289497,-0.0028155947178330385,-0.003230386585862963
0.45486192943018977,0.011390187944468253,-0.0025306057576573097,0.00042957405253884367,0.004914175346932445,-0.0029668865570496405
0.4549408227004055,0.0174152254997235,-0.0023596746497044955,8.671157332135287e-05,-0.0008516279578485688,0.0006339794841410445
0.4550197159706212,0.02025823933199156,0.0014677156978790552,0.004234428430120953,-0.008794823822398493,0.009029690061272569
0.4550986092408369,0.019384196760396828,0.0003720293922966427,0.0008170317290907012,-0.012852564927995141,0.00920272913304044
0.4551775025110525,0.01716230087732894,0.0012511903012894262,0.00035971665960383693,-0.010633083266127769,0.007378325326412519
0.4552563957812682,0.014195124636625565,-3.115951045021755e-05,-0.0006254632327451103,-0.01011662618176272,0.006300449310133074
0.4553352890514839,0.011372813446600103,-0.008336213563574163,-0.006522283657155169,-0.01331900428986268,0.004057680947797548
0.4554141823216996,0.009911563016835339,-0.012420311356305178,-0.00856962076860636,-0.01726121946284424,0.0051719942291026085
0.4554930755919153,0.009593364546352408,-0.009511200429728518,-0.0067402755848131385,-0.017131893034752446,0.006445869216497663
0.455571968862131,0.008158148320661456,-0.011603451839267327,-0.010341359623904244,-0.020941337359312782,0.006316080656059911
0.45565086213234673,0.004670951589814369,-0.00813476273979941,-0.008384473213640138,-0.015432248486826304,0.004086331393936183
0.45572975540256244,0.0014315901710596597,-0.001908386249571519,-0.001981296133180633,-0.01404241466416106,0.007918003186733713
0.45580864867277804,0.00027125017198391307,-0.013052714630489301,-0.01494346760006958,-0.017872037388704513,0.0008399005884421367
0.45588754194299375,0.002192835140979206,-0.00754394977724579,-0.0102755232388197,-0.014910058339083107,0.002330736948419261
0.45596643521320945,0.006820593406966456,-0.004731170504211663,-0.006401659322856809,-0.01156452476952195,0.002973958235863964
0.45604532848342516,0.010924118605803446,-0.0052647292077939575,-0.006985314378855751,-0.0089948399015219,0.0008214010655510917
0.45612422175364087,0.012949997188438374,-0.007861885336746836,-0.008498620087505973,-0.00756750978931608,-0.0012584177247676482
0.4562031150238566,0.0137905412980855,-0.009310397227088865,-0.008899215880970526,-0.007668169110280829,-0.001488990013222168
0.4562820082940723,0.013154753205862953,-0.0021261991742148206,-0.0021913268186578086,-0.01115221813585658,0.005828814107762187
0.456360901564288,0.01198812002232003,-0.00018339465101377628,-0.0017360958674703492,-0.0073397117808711235,0.0036175572851067242
0.4564397948345036,0.011993123192809412,-0.0009384141159493591,-0.002970377276379503,-0.004323582051358773,0.0006828114286490032
0.4565186881047193,0.011750914649846027,0.00011721787138169598,-0.0034891119057266014,-0.0010151355287808992,-0.0019153366207640876
0.456597581374935,0.008870955409489411,0.005351706350149429,0.0016156566615375327,-0.0017336431371456505,0.0023605869560141906
0.4566764746451507,0.00458988195456146,-0.0023458706080684366,-0.007562825597891217,-0.004499337924543177,-0.002614341681317828
0.4567553679153664,0.0013611793957462898,-0.0013346598366900466,-0.008346648624625584,-0.005466635883124151,-0.0025503254207495463
0.4568342611855821,0.0002478789287924071,0.00702638828634923,-0.0005624640208667885,0.005865136890958705,-0.00434041975018765
0.45691315445579783,0.0016534806966554995,-0.003261178579613964,-0.00832056878289534,0.005638654500264991,-0.00995700428427606
0.45699204772601354,0.003932273916837132,-0.0007100803126374076,-0.005737241239108984,0.005889736455298512,-0.008204249044955696
0.45707094099622914,0.005140425605760145,0.01060370108022982,0.006293752911272994,0.0069763849559552156,1.4218907682645556e-05
0.45714983426644484,0.005497679665369323,-0.0030481799084474495,-0.0033713699361071813,-0.00861139455483373,0.0032521509585967346
0.45722872753666055,0.005225426234796677,-0.009067284050381227,-0.006235559246951322,-0.0145716372411426,0.005108697157611661
0.45730762080687626,0.005276268702856054,-0.01667827942078657,-0.013102833081118025,-0.01729632226469289,0.0018239653938717916
0.45738651407709197,0.006219776803217688,-0.014686230663103384,-0.013316127545981424,-0.011007403290272747,-0.0025406636549919685
0.4574654073473077,0.005636826829254037,-0.010707381439049174,-0.010779750169963142,-0.011221066674074251,-0.0005114438415573207
0.4575443006175234,0.00353780443947238,-0.012312358108029935,-0.01141702417044953,-0.006756126371026532,-0.003971213248614733
0.4576231938877391,0.0029472335762013623,-0.019240938552599594,-0.018784586249567768,-0.004718367960285763,-0.010813087256584123
0.4577020871579547,0.00618661700767589,-0.002318916354464943,-0.004635129603809449,0.010273271319504921,-0.010316318408543782
0.4577809804281704,0.015621569957886819,0.021372209140528547,0.017634118711914826,0.020716386693615096,-0.0007407134427564602
0.4578598736983861,0.027055286530614685,-0.0015612190194649433,0.00138589051576963,0.008582587812195463,-0.004709133373839882
0.4579387669686018,0.03372151538607176,0.007449598191126528,0.012645429710147801,0.0036454866186577503,0.0069647332143194605
0.4580176602388175,0.03682201340832457,0.007574497201383448,0.01143807166097473,-0.007994911961228026,0.013850376085607512
0.4580965535090332,0.03631504994606359,-0.0019262202164519288,0.0004372265967952239,-0.00992111063010777,0.006959794920594185
0.45817544677924893,0.02917506830358659,0.004532488991147133,0.006450972044296945,-0.005554862069953752,0.00851095800550754
0.45825434004946464,0.022124949568344425,-0.0003516612027722548,0.0014814092221230354,-0.0022250819974580743,0.0025894133389369593
0.45833323331968023,0.01725570944121549,-0.0016619285813939642,-0.0020575806157268053,-0.004583313305905849,0.0015351855152676203
0.45841212658989594,0.010725418405777077,0.00321731288008721,0.001614525919283687,-0.005164425323071316,0.00465402656959121
0.45849101986011165,0.004624186901167178,0.007012584865709679,0.003979835444050102,-0.0027438382593670723,0.004793902573341812
0.45856991313032736,0.0012619441629244344,-0.008483614957222187,-0.009837324658285166,-0.007076784385127126,-0.002582061533324162
0.45864880640054306,0.0004978946317540627,-0.004921673297417261,-0.004102444886804942,-0.008014009083589312,0.002309056405223976
0.45872769967075877,0.0011530474155398516,-0.008510865052254296,-0.008421843913876332,-0.014099927969879194,0.003167427419586582
0.4588065929409745,0.001547703238166684,-0.01590933691174577,-0.016917671588155058,-0.013239555562704765,-0.0037268033504135167
0.4588854862111902,0.0010640181682716225,-0.005657272015442749,-0.009308570990170824,-0.01067821867532442,0.00021957820398056888
0.4589643794814058,0.00030647503751041736,-0.0059080539637504145,-0.009969674877381695,-0.011631211564056965,0.0003652819004087493
0.4590432727516215,5.469385657818119e-05,-0.004648011998496096,-0.00929876218246318,-0.00600686713499529,-0.002897051669447698
0.4591221660218372,0.00027726068641205316,-0.0031699091051133276,-0.007159984313530782,-0.009145209468406653,0.0007920797350566032
0.4592010592920529,0.000861529340796288,0.0024428139775786437,-0.003265615166988498,-0.00851612953659921,0.0032670726411718307
0.4592799525622686,0.0019951248040731406,-0.00537350657985733,-0.00884433504623469,-0.011091704771107228,0.0008413322740267544
0.4593588458324843,0.004011000853239472,-0.009479973220637128,-0.010477527380838755,-0.013140405785830452,0.0009969352157758948
0.4594377391027,0.006009728526734295,-0.005871138240205092,-0.007083236875427747,-0.009145599938730353,0.0008494096947162676
0.45951663237291573,0.005854843490301885,-0.008812178809573298,-0.010502965319606778,-0.01644320072220183,0.003187024735218638
0.45959552564313133,0.0035982319546641055,-0.0022404735308107814,-0.0069759967004499384,-0.014715592761571973,0.004654386772883921
0.45967441891334704,0.001268333929658778,8.781902553749431e-05,-0.00759230300251712,-0.009313853733989812,0.0005833918340469816
0.45975331218356275,0.0011188790171816887,-0.00026922078126063466,-0.010382753227857536,-0.005284411599977093,-0.004186231451911189
0.45983220545377845,0.004447041424540765,0.005575973379832072,-0.00285855349662742,-0.002808655921029262,-0.00024712904858658827
0.45991109872399416,0.00857532320338403,0.0009032894223220758,-0.00501578947165316,-0.0011636471069023768,-0.0029511387773011964
0.45998999199420987,0.012701098020713753,0.0008784757869375306,-0.0018934559448442845,-0.006803938429003855,0.003142254537942022
0.4600688852644256,0.016224198676268776,-0.00213644193544652,-0.0010568194216944615,-0.01513346996377533,0.009335110105641038
0.4601477785346413,0.017147976263411788,-0.0012566732825974858,0.0002852195570215787,-0.007879248245119808,0.005481236799190625
0.4602266718048569,0.018378184837905553,-0.004785371552294064,-0.0027837573322506675,-0.011578233762717395,0.005673249323350909
0.4603055650750726,0.01766866947433873,-0.008128906971534651,-0.00699682583209508,-0.009564041006871605,0.0011935040257031234
0.4603844583452883,0.011556494911889932,-0.00358145287948232,-0.005352446625809275,-0.00711738158742757,0.0007799918325706652
0.460463351615504,0.0068928612871990225,-0.0038776497713828204,-0.006413210715050307,-0.007406644442096442,0.0001846908254492389
0.4605422448857197,0.0069202515697552305,-0.006933992649459518,-0.00918075942241397,-0.006324889672642236,-0.00259663669671445
0.4606211381559354,0.014277082477126508,-0.007129510153515038,-0.009362005781475613,-0.00011165227983808525,-0.006886181184499543
0.4607000314261511,0.027518675024524087,0.00014279673991495948,0.00025807320206158485,0.0025222697712259687,-0.0014948406696323635
0.46077892469636683,0.03484503514557036,-0.0009414464420767044,0.0028350409480187183,-0.0022604812983745767,0.003619513857234598
0.46085781796658243,0.03620425713376564,0.0008045987923585511,0.005457976229489063,-0.002180305338051168,0.005516060743435561
0.46093671123679814,0.03481629286750863,0.004617925901381086,0.007425013578673492,-0.004837209584272288,0.008755244142221948
0.46101560450701384,0.027957035811444243,0.003855107896571342,0.004761263683400252,-0.0023500044788307725,0.005111531671091
0.46109449777722955,0.02146869614187184,-0.0011500584379778669,-0.0007454249527097244,0.00175916300282983,-0.0017306323233611098
0.46117339104744526,0.016963625915826553,-0.0031680012814207046,-0.004311679304576266,0.0028946291249046367,-0.005141465674992949
0.46125228431766097,0.01090423645558386,-0.004346035269780897,-0.00617980531495711,-0.0029485479887031677,-0.0026230291618032794
0.4613311775878767,0.005547606616600673,-0.007563515602678975,-0.009552375042461382,-0.007871899917659294,-0.0018384505031303123
0.4614100708580924,0.004005381294058986,-0.014615068918454396,-0.01448075641650698,-0.014738549612937402,-0.000911647837192479
0.461488964128308,0.00613676246917785,-0.01952375580466077,-0.01637452101800311,-0.018386382189374998,0.00011935642032564564
0.4615678573985237,0.008780508649503783,-0.017779204446210995,-0.014094222437670743,-0.014811301664968761,-0.0005754825363929139
0.4616467506687394,0.009715761696083692,-0.014969813099249335,-0.012646314654764314,-0.014146705324162,5.696762716122497e-05
0.4617256439389551,0.008440152101802673,-0.014608324434243723,-0.012443609810018566,-0.017598379517795762,0.0025163281818391847
0.4618045372091708,0.005806988377677723,-0.018511423901507253,-0.01530836656562339,-0.014066876680357453,-0.0019764461975520626
0.4618834304793865,0.004103489880290047,-0.01680096800298326,-0.014033435913442041,-0.009302734530638943,-0.004214097859549759
0.4619623237496022,0.0026946999747349057,-0.02098404832297069,-0.018362596927726706,-0.00674679180291941,-0.009143044026204286
0.46204121701981793,0.0008752209229196366,-0.02369951504096521,-0.0205744546475118,-0.009299984475909599,-0.009081306030730677
0.4621201102900335,0.00012886658029383362,-0.02006310843046108,-0.01710274611839277,-0.011523013220733966,-0.005012338810676076
0.46219900356024923,0.0015385530684599213,-0.01714543494407019,-0.013229470230666588,-0.015090938865084278,0.0002547394627727631
0.46227789683046494,0.004239532268194998,-0.024376943149878854,-0.018845532447134893,-0.015420299342513199,-0.00370265345397782
0.46235679010068065,0.005397532310839075,-0.023346299768224294,-0.018230032373618272,-0.01501608247904887,-0.0035150611519130094
0.46243568337089636,0.0046735327920311934,-0.01495885183285934,-0.012505509999631953,-0.021875828324591357,0.005331569360157458
0.46251457664111206,0.003278830071593118,-0.007228289346122801,-0.007800396741559242,-0.021931744358506932,0.008868375528755867
0.46259346991132777,0.003358673644094142,-0.009639438406289794,-0.013525620663521375,-0.015580395650456621,0.000361819949389751
0.4626723631815435,0.006838660765025041,-0.006766745797711542,-0.010770074599725012,-0.010480404107369135,-0.0009995740032159204
0.4627512564517591,0.010072141108374772,-0.0024632634122083055,-0.006142708612275357,-0.004325059827878578,-0.001674942691968699
0.4628301497219748,0.011621025484108097,-0.009243488938800653,-0.008776952527054804,-0.007985793129021358,-0.0011856661223353963
0.4629090429921905,0.012373008302242132,-0.01121528911632479,-0.008460724305182315,-0.012450750968232813,0.0020355176221238543
0.4629879362624062,0.011324608924856556,-0.01644915235392196,-0.012883825696215613,-0.01705537947640314,0.0018257069935477537
0.4630668295326219,0.011717887227574357,-0.015529784416644996,-0.012221643452906153,-0.01662209206705208,0.0020284211070822856
0.4631457228028376,0.012435594300505526,-0.01036521152378809,-0.008747399707369444,-0.021381126523624235,0.007795747452475081
0.4632246160730533,0.009452926919684764,-0.01123831509280144,-0.010033236070824998,-0.022785645125932678,0.0077790763720625355
0.463303509343269,0.005652878408583297,-0.010295993518021932,-0.010544773867531117,-0.02247338798856795,0.007189714806107795
0.4633824026134846,0.0033923533613666526,-0.008945509937366512,-0.011286889721862666,-0.021378558224682685,0.005905320355105997
0.46346129588370033,0.00490069520708025,-0.009550543941470212,-0.011796542893116083,-0.013472017419792474,0.0002377514907042842
0.46354018915391604,0.011075874596215299,-0.008561230143239718,-0.009577783054577117,-0.002564696340117067,-0.005406313199792971
0.46361908242413175,0.01649464936758273,-0.00021083904933806176,0.0013251968136060814,0.001374940040587255,6.582917510065343e-05
0.46369797569434745,0.01945714317194271,0.0009591166296446877,0.0041448621383008335,-0.0031808224639304503,0.00520882090169489
0.46377686896456316,0.021212425862992785,-0.003780100757966956,-0.001556428398907594,-0.002769303823740432,0.000694703199226949
0.46385576223477887,0.01967347602079098,0.0020740262630905685,0.0013983782471273802,0.0025860397441925774,-0.0006896603001176768
0.4639346555049946,0.01573967316358541,0.006645632702469872,0.003262427217901167,0.004016264103069504,-0.0002601507248904175
0.46401354877521017,0.013126856506926281,0.004879910787810976,0.0003824183792374216,0.0043360348108837585,-0.0026153202560673977
0.4640924420454259,0.010898068344378913,0.009273185328557516,0.004727192384498428,-0.001652143067026466,0.004619527697194916
0.4641713353156416,0.009018818108840847,0.0030819213422478486,-0.0002775173227661638,-0.012578864523424481,0.008205896427043283
0.4642502285858573,0.009675219592151391,-0.003062089591240233,-0.005164737071367248,-0.012896170355683327,0.004784331501140455
0.464329121856073,0.012052218574717749,-0.004564668218285912,-0.0051934642709467104,-0.010839188064818215,0.0033872432844974064
0.4644080151262887,0.013763381960138819,-0.012111397564999408,-0.009614236719217161,-0.014265554297607836,0.002391465030787385
0.4644869083965044,0.014520698860787128,-0.011208924632834757,-0.007047349758296451,-0.013069509148668683,0.0035003705558689113
0.4645658016667201,0.014220884047094868,-0.013147288521903444,-0.008794531530717471,-0.012401383585034146,0.001754267543971815
0.4646446949369357,0.01249709592356649,-0.016183214841425028,-0.01308720367456894,-0.010757467474702612,-0.002537545367380818
0.46472358820715143,0.010413234767016076,-0.014115353326514092,-0.011433795596246757,0.0032820530891069575,-0.01069589961311178
0.46480248147736714,0.009512620744994479,-0.005952520868642442,-0.0026418468341686103,0.007542864992421506,-0.007008399430913529
0.46488137474758284,0.009315792792565936,-0.018192765678149682,-0.014242776788982395,-0.004032316081335688,-0.007893948834365857
0.46496026801779855,0.00914320909785677,-0.013208901618549075,-0.010019921867422068,-0.005152025635136672,-0.0040049518300787935
0.46503916128801426,0.009326149657374922,-0.00908502208103262,-0.006020095437033034,-0.013179270041475706,0.004337647755217384
0.46511805455822997,0.009158178869974493,-0.008680291669861522,-0.00657157053340116,-0.01696995960638418,0.006463004635233221
0.4651969478284457,0.008079923269603462,-0.010549088078106408,-0.008633860317203639,-0.0153899854697178,0.0038726050951328394
0.46527584109866127,0.006345966773431449,-0.013476325442127846,-0.012763103981374048,-0.01589672808417371,0.0011405427889883656
0.465354734368877,0.004124487368411191,-0.006838790392575956,-0.007922522517220842,-0.01797941108923053,0.006133615271586039
0.4654336276390927,0.002339020091964295,-0.004008260769254202,-0.007627497913338928,-0.01419423413902307,0.0038212086975120034
0.4655125209093084,0.0017600618794202081,-0.0021051109024948045,-0.0088203862187345,-0.007078212271076643,-0.0018248949668676685
0.4655914141795241,0.0016456654973091439,-0.0067031631559707205,-0.012236372805579663,-0.004702677118128178,-0.005953634820454866
0.4656703074497398,0.0011349435026538942,-0.009700281966924082,-0.014197621136601366,-0.0006693208349845692,-0.010108967156565033
0.4657492007199555,0.0006476914325908602,-0.013058078010862048,-0.015247798205468588,-0.0031435117777832023,-0.009235635100919503
0.4658280939901712,0.0007353740391259011,-0.018191980473225643,-0.01736636505929617,-0.01147600190958721,-0.005239869514096082
0.4659069872603868,0.0019169695233612512,-0.02008280206462496,-0.017958276745768498,-0.015196550268713912,-0.003192203625116248
0.4659858805306025,0.003961631670888989,-0.020108712096146758,-0.015899104718579436,-0.016129553649032426,-0.0010363932534464826
0.46606477380081823,0.004861432630658605,-0.020430633085220886,-0.016576875380193968,-0.016675618034813683,-0.0011753779263481002
0.46614366707103394,0.0038959007370059115,-0.021019628763492955,-0.018058359394170786,-0.017972003067410838,-0.0014104984351273981
0.46622256034124965,0.0023058022121858913,-0.015454796001824575,-0.015682565861135714,-0.016641304348559205,-0.0005330517695108757
0.46630145361146536,0.0010747860876806376,-0.009529300548500113,-0.01169065352926291,-0.014789128746007615,0.0011973969956517983
0.46638034688168106,0.0015844431776590253,-0.004743130052075192,-0.009521307130907737,-0.011526364391818804,0.0006285959155144702
0.46645924015189677,0.003973145884661888,-0.005867550275449283,-0.011578001852642131,-0.005380656147274588,-0.005010692787515714
0.46653813342211237,0.006058428822542612,-0.004422753741859773,-0.008012848354141325,-0.008052319826385379,-0.0005729833571261617
0.4666170266923281,0.007303169537195593,-0.007714457597378483,-0.009636419889713987,-0.012675918833833467,0.0013118008703695064
0.4666959199625438,0.008108048718203384,-0.00975830552636096,-0.010550255325797958,-0.007992690810965602,-0.002499734444016215
0.4667748132327595,0.0077282235008245175,-0.0071596402019319305,-0.0070922460200320515,-0.004942212861339789,-0.001968274011189371
0.4668537065029752,0.007392843828681151,-0.003856653231646455,-0.004755716106504075,-0.00770075381932009,0.0016138259045940409
0.4669325997731909,0.007682638268195141,-0.0068247474046195565,-0.00754762684671305,-0.010324631117552462,0.0012925910431600509
0.4670114930434066,0.006647838920324608,0.00038281811269727154,-0.002881216994340652,-0.018201953429644775,0.010031132347384758
0.4670903863136223,0.004518365896794652,0.004728417775550631,-0.0004035448279471578,-0.019706681806214883,0.012879836733771069
0.4671692795838379,0.0036344283122620447,0.004832536952289983,-0.0010701763463081466,-0.016687484231360104,0.010364618744788357
0.4672481728540536,0.005282692920699385,0.007042850023370444,0.0024595085239352706,-0.01906867185149252,0.01458155075635637
0.46732706612426933,0.008805277078511996,-0.001185183897281971,-0.0022896286650828605,-0.024661078931797527,0.014792117996525437
0.46740595939448504,0.013346359475918853,-0.0008499977144470957,0.0017708173121934998,-0.02477593565660154,0.017887646073408505
0.46748485266470075,0.018049890751192486,-0.0031688748483670896,0.002779994843056111,-0.01627580557029151,0.012951692385738798
0.46756374593491645,0.020720061334030166,-0.012088087629521068,-0.005312980518812417,-0.006186896731482404,0.00018707764110180596
0.46764263920513216,0.021435092965133563,-0.014719018367942939,-0.008281833628744288,-0.00026979612212274653,-0.005977274364164362
0.46772153247534787,0.023162543822040048,-0.006658136217931423,-0.003434447418715215,0.0003603349315094318,-0.0027945021561410965
0.46780042574556346,0.02366683048792888,0.008247387004675344,0.007115135781884473,-0.010678745634835868,0.012431219484534229
0.46787931901577917,0.01901640159478125,0.019686637916025655,0.01329248801867381,-0.0123450444196415,0.018137808586837
0.4679582122859949,0.012095265258570534,0.023994991700399277,0.012342335257266348,-0.019926845947131927,0.022501737700226097
0.4680371055562106,0.006681993377247009,0.024206319484772896,0.010876041968681735,-0.02076687249248379,0.021973732947203593
0.4681159988264263,0.0037558906988724985,0.01337982202798392,0.00280386670319941,-0.015987039308581863,0.012776295688219922
0.468194892096642,0.0031079422601209593,0.008147930549952899,-0.00020285691562857568,-0.014336821653150856,0.009437181608347606
0.4682737853668577,0.003719269145746289,0.004517359218585864,-0.0019338206949811893,-0.009730754326582788,0.005069609064254873
0.4683526786370734,0.0043262044099319705,-0.003785471533943208,-0.008115695554735623,-0.004126772804048297,-0.0032745796762081955
0.468431571907289,0.004480526547286794,-0.010276772819744408,-0.012734541179915872,0.001594250017407099,-0.010534522597704236
0.4685104651775047,0.005012248605561804,-0.016631838342322965,-0.017332988569653943,0.003928158750374716,-0.01551424024769841
0.4685893584477204,0.005011409927547044,-0.015277949475051499,-0.014763804677960233,0.001767068272569176,-0.01215898022765699
0.46866825171793614,0.0029465982789136733,-0.011697651396222879,-0.010891709742378396,-0.006468318959208905,-0.003773024159525846
0.46874714498815184,0.000662010647054253,-0.01149794997944179,-0.010778390722511048,-0.011031406621821003,-0.0006372707160154212
0.46882603825836755,0.0003212278028373029,-0.013776341213769142,-0.013122014766399723,-0.011514356768086702,-0.0020572733646061665
0.46890493152858326,0.0024387644163977843,-0.013639023139256194,-0.010867133112316858,-0.015412084292812232,0.002226523675999202
0.46898382479879897,0.004995752366920898,-0.011007105792417234,-0.008115277706876258,-0.009457689690469695,0.00029069632212979296
0.46906271806901456,0.0062047762743621835,-0.012068740866960602,-0.011748037441325767,-0.0058136420793404794,-0.00484760583235728
0.46914161133923027,0.006079823080045679,-0.006796812944404922,-0.009789492328753776,-0.005647455437254678,-0.003502305700517316
0.469220504609446,0.004680355692992238,0.0031724372216700813,-0.0038311018881530684,-0.00309965179933363,-0.000775641493948533
0.4692993978796617,0.004090867429669881,-0.005615592226049553,-0.0101676640364661,-0.006867275427531028,-0.0029678133127930286
0.4693782911498774,0.004713736879921702,-0.01058339512846988,-0.013558214906840477,-0.01382085264256818,-0.0008392029895025705
0.4694571844200931,0.0040168034144539184,-0.014869081975921553,-0.015140139398936363,-0.016827936558224656,-4.731317713911282e-06
0.4695360776903088,0.003015108776230748,-0.017146900338910625,-0.018357140926008302,-0.012188322510258354,-0.0055005721430023595
0.4696149709605245,0.0026914686535411047,-0.015807133556622402,-0.015215742253231015,-0.009536730277720009,-0.004936971121408951
0.4696938642307401,0.0033934725375080943,-0.012514048195337616,-0.013239033076857924,-0.00489383359274143,-0.006571444483941544
0.4697727575009558,0.005072674040795162,-0.006146327071262808,-0.008020927339274633,-0.0036060984162796165,-0.0035522928262900736
0.4698516507711715,0.004503902259197107,-0.010743044554719701,-0.01210408477800728,-0.011642087378998025,-0.0012147880501136466
0.46993054404138723,0.002007874625988446,-0.00645759417514024,-0.009644969413582593,-0.014542839535655354,0.002554066025095873
0.47000943731160294,0.00030092150200955226,-0.003143498185248004,-0.007432395164100905,-0.013084341314918403,0.0032239650070458436
0.47008833058181865,0.0016435054029957932,-0.0016364314057981102,-0.004883014076435865,-0.011517324436688433,0.004071620187208727
0.47016722385203435,0.006624505436653268,-0.00411590162034532,-0.004054097734038921,-0.016558092591226387,0.008059460517461217
0.47024611712225006,0.01245193979837948,-0.01172825842213994,-0.007978412522001987,-0.018479668679652075,0.006426682510895419
0.47032501039246566,0.019009431512590155,-0.009957315887795776,-0.004368993567016115,-0.016812307044898507,0.007995359502374393
0.47040390366268137,0.024397848565583156,-0.009071704111694303,-0.00401454590821369,-0.009017740979551972,0.0030456783705703904
0.4704827969328971,0.025258193584198726,-0.0031087479096909894,-0.000289292321201185,0.005675349059278918,-0.004010396804433361
0.4705616902031128,0.02611266738874723,0.0019028862885250544,0.0014652582443422152,0.010074122607826082,-0.005647631617412693
0.4706405834733285,0.026149386193458725,0.013176231653193236,0.007926057981197245,0.004148009510356843,0.0031193691717693903
0.4707194767435442,0.01963978086554456,0.016409773298042662,0.008804556079745694,-0.0070983122309206175,0.011292907209803572
0.4707983700137599,0.010689446544964017,0.017490805233830405,0.006893627806629248,-0.011975548311908375,0.013133786026422475
0.4708772632839756,0.004498728778098772,0.010767547064412354,0.0005681567860034602,-0.013842106629796333,0.009679528380934558
0.4709561565541912,0.002740452656773712,0.0099615477312079,0.0013416216518464714,-0.008181065061583774,0.006468505832721292
0.4710350498244069,0.005032018687842461,-0.0015486231620648876,-0.00610626891620018,-0.0008535214778465251,-0.003969325398424253
0.4711139430946226,0.009056049332553417,-0.007911774301238754,-0.008844128086300035,-0.001641497451873427,-0.005478123939122325
0.47119283636483833,0.012385131853816424,-0.01604382658065978,-0.013378949695420646,-0.004609136385846612,-0.006865860682793784
0.47127172963505404,0.01287677799027217,-0.019018380169388546,-0.014795880763650461,-0.008665024114686505,-0.005207592509530469
0.47135062290526974,0.01304957112560853,-0.018623930996652355,-0.014140619209728304,-0.009740407990560827,-0.004001140625291731
0.47142951617548545,0.013830863284956337,-0.024153751365639867,-0.01983418869883166,-0.007288540841278519,-0.009875451266235435
0.47150840944570116,0.010823095063091925,-0.015319709524082712,-0.012773866525353686,-0.007353044337782452,-0.004581094648460052
0.47158730271591676,0.005256146908144149,-0.014657240005351022,-0.012952087543480269,-0.016924158375821747,0.0016871665077727756
0.47166619598613246,0.0014192950761102502,-0.017904226145208802,-0.016795553728103024,-0.01833336825178355,-0.0002293237062755623
0.47174508925634817,0.0011694097359730715,-0.020550400953672967,-0.02030729371007944,-0.012002175281432206,-0.007075825067673881
0.4718239825265639,0.0034051555186208416,-0.01518755963961092,-0.013665414165381121,-0.0050198624227481715,-0.0068042595330062685
0.4719028757967796,0.005446516293409597,-0.01997643973327466,-0.01725574549712744,-0.005190316276818512,-0.009360453234700548
0.4719817690669953,0.006217707264635454,-0.015972995214439827,-0.01389874455529873,-0.005017499989829415,-0.006979360921992192
0.472060662337211,0.005307417479447363,-0.016264112609351657,-0.016196322299654585,-0.012415279076272346,-0.0037414349112184983
0.4721395556074267,0.00406560385668295,-0.014398736991087843,-0.01598145332871949,-0.014011798792423518,-0.002513953223622899
0.4722184488776423,0.0037423050394940842,-0.01599504959013362,-0.018282903428102994,-0.014767255969215614,-0.003720793765006415
0.472297342147858,0.0025830527075010688,-0.008889181559973444,-0.011743108355377731,-0.011979194653920867,-0.0007208792659333244
0.4723762354180737,0.0007662990153862563,-0.009749777868539814,-0.013145536164692457,-0.014508698788124594,-7.223658269085366e-05
0.4724551286882894,8.08760380968989e-06,-0.004794057167420037,-0.00867341969277151,-0.013386606607927048,0.0025032572551989167
0.47253402195850513,0.0011680087870746213,-0.009619185302954204,-0.013827631386891864,-0.011264153409819561,-0.002749396690302849
0.47261291522872084,0.0033903355936705467,-0.008756821076786178,-0.012480683071705993,-0.010444809170118856,-0.002295547634748718
0.47269180849893655,0.004357295242899163,-0.004557777211995463,-0.007790479140027224,-0.012331238801522303,0.0024540024069524672
0.47277070176915226,0.003966260011865962,-0.0005278695594072787,-0.001194039734440841,-0.01828410128009719,0.011340510570624036
0.47284959503936785,0.002955171351602193,-0.010862729091660157,-0.00934466059074196,-0.022227382340546657,0.007917705105699589
0.47292848830958356,0.00313726286383306,-0.013149262312296716,-0.012402148637940787,-0.014366983756392946,0.0003858899811875801
0.47300738157979927,0.006311567627743177,-0.010043005869161795,-0.008480312049760741,-0.015547554310468161,0.004092183352060786
0.473086274850015,0.009589283227232733,-0.014202688030037132,-0.012681928353814096,-0.013706962432653378,-0.0002636172819637385
0.4731651681202307,0.012373844920666677,-0.010822010587959159,-0.009919560019637967,-0.014570841924701119,0.0023685861010730442
0.4732440613904464,0.015326430212514664,-0.010717580589500088,-0.009834636959859403,-0.01519084211633594,0.0028464207123976796
0.4733229546606621,0.015820532485929243,-0.007455333671162694,-0.007937376869110137,-0.013278024230887033,0.002977986560387405
0.4734018479308778,0.01546432516605119,-0.004311838015606142,-0.003473827840309547,-0.005686379728479956,0.0012198429829566272
0.4734807412010934,0.016322608001268713,-0.01034549760100031,-0.008934621836533135,-0.004619560574800755,-0.00355398583448274
0.4735596344713091,0.01427946824444292,-0.010407726098948628,-0.008736927012089881,-0.005850533539366876,-0.0025838134391016473
0.4736385277415248,0.009007167372288403,-0.0136433402177503,-0.012153293197765338,-0.011525074782153373,-0.0013296383553485951
0.4737174210117405,0.004776234212589465,-0.014089128960357633,-0.012115611356604297,-0.01220576398108294,-0.0008463940929531499
0.47379631428195623,0.0037474195834131985,-0.01302425599702247,-0.010511437664304655,-0.00870438372475204,-0.001994937933945678
0.47387520755217194,0.005878717380806753,-0.012496233707467877,-0.010576187815959695,-0.0020112967544483823,-0.006518756589549204
0.47395410082238765,0.009811789224260535,-0.010797660682973307,-0.009217335818010767,-0.0023034677805870564,-0.005312974729661469
0.47403299409260335,0.01415441442404085,-0.011500247430261337,-0.010448468132522527,-0.01170575136980563,5.906705806509081e-05
0.47411188736281895,0.016503814723163666,-0.0053222955577486054,-0.005253406461808784,-0.016196062152842552,0.006925537191358517
0.47419078063303466,0.016728043077965094,-0.0013988001678421184,-0.0002349534723763246,-0.016894422622049408,0.011124010832247502
0.47426967390325037,0.018184794876040872,-0.006944486472268943,-0.004487845910038351,-0.012886532612183418,0.005281198268949373
0.4743485671734661,0.019081350030279293,-0.012995873041173174,-0.00979164463448426,-0.012847200346461689,0.0013109178684064218
0.4744274604436818,0.016017630689937893,-0.016469542138040902,-0.01306595183266651,-0.012238141321042053,-0.0015315442404360711
0.4745063537138975,0.011379040654901786,-0.017271710453431195,-0.014865441298185879,-0.011232844146361977,-0.003542227304342422
0.4745852469841132,0.0079267328314643,-0.015083597684704977,-0.013435260143305611,-0.008973855461879433,-0.00398914000880477
0.4746641402543289,0.005931893600089026,-0.019862877658673325,-0.017324125200269783,-0.009060259744437379,-0.006823776169453647
0.4747430335245445,0.0046567278113225745,-0.022847988934932912,-0.017563900181034157,-0.013750425578236988,-0.0038658942484041106
0.4748219267947602,0.003564672558188088,-0.024153071776746807,-0.019768609409003195,-0.016304583500039774,-0.003798066037520113
0.4749008200649759,0.0027542809498268535,-0.020171132383264775,-0.018698116001140023,-0.01547770032949337,-0.003554593260923484
0.4749797133351916,0.002375904658057613,-0.014127564868075877,-0.016953713843971516,-0.016298481862174516,-0.0017079415196985294
0.47505860660540733,0.002500544603073094,-0.0030873417749945585,-0.009209835089642161,-0.01918693220257723,0.0059840089792467435
0.47513749987562304,0.0029808492883291893,-0.0028790967489593085,-0.010067712505390018,-0.013494543046997405,0.0015385579175248533
0.47521639314583874,0.003425060996464574,-0.004249463218954929,-0.012084630272354197,-0.016162342240062313,0.001822824436977207
0.47529528641605445,0.0037097321831717654,0.004967407632042909,-0.004647127933123314,-0.013781579345785964,0.005761398396695321
0.47537417968627005,0.004228161026308333,0.009977166674776612,-0.0018540367155252425,-0.01132982878756594,0.006198381567996309
0.47545307295648576,0.004940920992848139,0.010379258503905728,0.000140884726621758,-0.007927403729452252,0.005406129087494347
0.47553196622670146,0.005430320267981675,0.002852236523749963,-0.0034089048554320537,-0.012936693696916624,0.006116992729158079
0.47561085949691717,0.0054301494240534005,-0.007590056688417058,-0.009871942682933758,-0.014768838641028254,0.0025364250011790886
0.4756897527671329,0.004649088547852004,-0.012182168484320636,-0.01171929208024208,-0.020198640435206278,0.004794393277429754
0.4757686460373486,0.003969457601001213,-0.013600204176076778,-0.012951248303356136,-0.018984399531660447,0.003065833789666302
0.4758475393075643,0.004756822449559028,-0.012550343367118185,-0.014136432571493296,-0.009949365347127153,-0.003858295400757171
0.47592643257778,0.005950675445792156,-0.00790656713398736,-0.011474688906276351,-0.010360433353679423,-0.0016038136200099144
0.4760053258479956,0.005625728672948251,-0.0005976462284971297,-0.007511692523755165,-0.01242157520088365,0.002721731378806972
0.4760842191182113,0.004768312638336108,0.005107238192854237,-0.0032985827240957282,-0.01814853185151583,0.009685073223745306
0.476163112388427,0.004384597380322014,0.004261064470912795,-0.004231911936918754,-0.020704922033002324,0.01070119706898028
0.4762420056586427,0.004463293938620157,0.0053729503082274085,-0.002778699509547317,-0.015848661088219803,0.008533243211260486
0.4763208989288584,0.006309171906481335,0.00045922083490961414,-0.0031659446547614256,-0.01468333293670403,0.007465866688069273
0.47639979219907413,0.008740976509102412,-0.00562008959294165,-0.006586134595190729,-0.014517442450761853,0.0048117602990975705
0.47647868546928984,0.008008422973610627,-0.012731922570203903,-0.01050589150203721,-0.017033282248082142,0.003579535412199092
0.47655757873950555,0.004807527548292918,-0.014730277869096167,-0.012755452929510417,-0.020045332878435896,0.003921142001512135
0.47663647200972115,0.0020237061243396767,-0.012580646939814246,-0.012734141180803462,-0.013982145706769339,-0.00011841083567614355
0.47671536527993685,0.0013351089647752185,-0.003781945729530424,-0.00749508792466859,-0.009836012046368796,0.0010048835915179787
0.47679425855015256,0.00301223917414192,0.008270475454913101,0.00040519151012770587,-0.010778819145561244,0.0075096022691060116
0.47687315182036827,0.006501343880493166,0.008912055597825153,-0.0014542272729087399,-0.016251202037073392,0.009787256402076196
0.476952045090584,0.01140256796620009,0.015608602589310938,0.004626207091892838,-0.018549756982611822,0.015845157068321087
0.4770309383607997,0.016008425720705464,0.009262180053277731,0.002343314076502045,-0.023224773388308403,0.01727544781184036
0.4771098316310154,0.020070349201811173,0.014614187259759248,0.012345091318305475,-0.02298215894645893,0.0245472817641124
0.4771887249012311,0.02598848668068922,0.0008723072023988339,0.004785491933026955,-0.018885453291883146,0.016188109015184686
0.4772676181714467,0.02884675836684255,-0.0071584403246053654,-0.0005396957375899624,-0.01134540052884997,0.007186015347162904
0.4773465114416624,0.024586433183400817,-0.010366908799074913,-0.00439249536614009,-0.012687833111300928,0.005219201950339148
0.4774254047118781,0.01801686458660643,-0.00813075658514715,-0.004576557652270448,-0.013091936003691846,0.00535261506614264
0.4775042979820938,0.011846249520499964,-0.009827042601383373,-0.006935176776847588,-0.015420403258237602,0.005156157443616827
0.4775831912523095,0.006224415694205341,-0.014416676505706393,-0.01203188679575413,-0.016098187197809415,0.0018191433444776424
0.47766208452252523,0.0021408541946910495,-0.015729643138385915,-0.01652497751832617,-0.012263815000804418,-0.004087189652234404
0.47774097779274094,0.0006298724492244334,-0.010098466792158759,-0.013048658487012416,-0.018994363342431198,0.003000043114489087
0.47781987106295665,0.001173590459999894,-0.0037007338460876933,-0.010027221349964312,-0.01710265537012926,0.003981931998220453
0.47789876433317224,0.002831032429962113,-0.0009387657092854504,-0.009445808288223535,-0.012548906014733595,0.0013686060198298369
0.47797765760338795,0.005216959878792638,-0.0004256375132150493,-0.00823663374103133,-0.009011683069019722,-9.781642284430398e-05
0.47805655087360366,0.008400226774251089,-0.004109912937494864,-0.009785079265374516,-0.013228693381179627,0.001570944110284729
0.47813544414381937,0.009941321903081685,0.0015851125951942397,-0.0034848918094151347,-0.010669369710711314,0.004544082584377749
0.4782143374140351,0.00898085871188853,0.002909369411019361,-0.003041183687256282,-0.004648463569692942,0.0008474262661628345
0.4782932306842508,0.007495335234168426,0.002263273980279233,-0.0035050090390987172,-0.004923236460020838,0.0006863120009176349
0.4783721239544665,0.006467816074595864,-0.003803292239136366,-0.008090531237546354,-0.010657580465335648,0.0011115492200647508
0.4784510172246822,0.005912424236436305,-0.011850627449618165,-0.012256699967124583,-0.011973138970518585,-0.0011068967992965396
0.4785299104948978,0.0055342096031857115,-0.011944640343460135,-0.0097530386280793,-0.016625717330457663,0.003866830454665504
0.4786088037651135,0.005037797103374914,-0.01397258859298768,-0.011869506358409382,-0.015060484969195926,0.0012458653948545957
0.4786876970353292,0.004830389342227878,-0.012217678793503528,-0.01180551187025402,-0.013154061304209628,1.8434967555679884e-05
0.4787665903055449,0.005853249393865656,-0.009237752306923823,-0.010957627013279413,-0.016217651796813913,0.0026980218481167727
0.4788454835757606,0.006522139256771758,-0.007019533455154376,-0.009953242617706802,-0.018247943379772962,0.00480302535784947
0.47892437684597633,0.004407698465509961,-0.0019194603317743033,-0.005878423003462239,-0.021322490304272693,0.009890029098394022
0.47900327011619204,0.0016727602728314047,-0.0019652719311988075,-0.005802478407758311,-0.02359116007855842,0.011464296383337354
0.47908216338640774,0.0003657365151150921,-0.006287363740807636,-0.011236607496405633,-0.018355972507335134,0.003920803781527861
0.47916105665662334,0.001707672916559812,-0.010366560261710513,-0.01358552280192424,-0.010285026402459235,-0.0032240977989931975
0.47923994992683905,0.005152944284683169,-0.013698161620194573,-0.01419501024207112,-0.011077740377451923,-0.0031472988266399043
0.47931884319705476,0.007322829453058393,-0.011791640677632515,-0.010304150913583793,-0.011194296818269483,-0.0001756547910407244
0.47939773646727046,0.007127808812604738,-0.012935485584295288,-0.01215045138191472,-0.012366797313193694,-0.0007646113135757354
0.47947662973748617,0.005333971589340881,-0.011473749866955707,-0.011763613358509326,-0.01605482617153471,0.0019896715130172334
0.4795555230077019,0.002535953395554368,-0.007589237742680059,-0.009751316334406233,-0.015658931777925753,0.003221465755367905
0.4796344162779176,0.0016911086981029684,-0.008569596281575964,-0.01129711685789088,-0.01589444249342302,0.002229353767110631
0.4797133095481333,0.0023690702330725626,-0.007780062351886752,-0.010778978110948412,-0.017945657520544427,0.003986705773640618
0.4797922028183489,0.004567335504034356,-0.004190829050540302,-0.00751905271869501,-0.02066639465381673,0.008231092726402378
0.4798710960885646,0.008827454086098788,-0.0102264004130305,-0.01049805695356069,-0.018239809586631635,0.004392393937323813
0.4799499893587803,0.013365661422360306,-0.014606302224560443,-0.012272209185161087,-0.01804101914902296,0.0029398849977210063
0.480028882628996,0.020115093487381386,-0.013069437282436239,-0.006656150846553574,-0.016942307062442163,0.006381612812005884
0.4801077758992117,0.026877439421451394,-0.013109971026813905,-0.0053122002659347495,-0.016116968487936582,0.006828915010922863
0.4801866691694274,0.026266080906864657,-0.009898302347900442,-0.0033420948296184957,-0.013321775874184635,0.006424223136564761
0.48026556243964313,0.021050747102748967,-0.007215287194069038,-0.003535238496697467,-0.01831682775909981,0.009621687635666062
0.48034445570985884,0.015545299469901144,-0.008853705571227583,-0.00644971545984115,-0.01972460826495587,0.008396267326951612
0.48042334898007444,0.00845299294545953,-0.01260706448955194,-0.010459369795227763,-0.020312449418216035,0.005807610375600378
0.48050224225029015,0.003295044872956125,-0.017347406048901802,-0.01492847935739841,-0.01951552153564123,0.0019503285502639382
0.48058113552050585,0.0010871774277592108,-0.022183484890143504,-0.020286392365909248,-0.010488296618023214,-0.008072499142986944
0.48066002879072156,0.00018429504882046726,-0.02487591471163316,-0.02310957767651061,-0.00815298226167475,-0.011734133779895808
0.48073892206093727,0.00042040016401952753,-0.02626898689884128,-0.023247424495024163,-0.008204615525483183,-0.011802170739848888
0.480817815331153,0.0016186675773416143,-0.02295172115192034,-0.019926099853144124,-0.008439778378708978,-0.009174121558460207
0.4808967086013687,0.004075732155524532,-0.02070081390193713,-0.01778571191570356,-0.011886304830703876,-0.005277445322322268
0.4809756018715844,0.006408497182789652,-0.021435276086256373,-0.019326339393374036,-0.012286173289415659,-0.006156147620727237
0.4810544951418,0.005593994941768686,-0.016936764588968433,-0.016828605107871777,-0.015317359549640763,-0.0022710243843674675
0.4811333884120157,0.0035163513682893045,-0.012111369013523056,-0.013743593274837212,-0.018315318299237646,0.002028926891634858
0.4812122816822314,0.0027250457800557766,-0.0023037869248985956,-0.004760295135526422,-0.021111569193718937,0.010580350826585413
0.4812911749524471,0.0031981007980670995,-0.0065637592357815095,-0.006914198354271862,-0.01813063427268647,0.006984601069077534
0.4813700682226628,0.0036292491744201994,-0.018066004602357837,-0.01747808176859525,-0.009737588225430294,-0.006485396035529621
0.4814489614928785,0.0034430964404909975,-0.023535446630932825,-0.021217215768481092,-0.011292210142475756,-0.008227483340767998
0.48152785476309423,0.002727770163037369,-0.027250468762135556,-0.02286798621100393,-0.010903932672022294,-0.009715261628436587
0.48160674803330994,0.0020917207951044996,-0.028621719192843773,-0.023140660404729035,-0.009345211976534732,-0.010960221364762024
0.48168564130352554,0.001805911386509167,-0.027093264315701894,-0.0223262647092956,-0.008004288500998085,-0.011250787056671345
0.48176453457374124,0.00090331387061792,-0.024020537662112682,-0.021055243253392513,-0.006791059272165752,-0.011116351316020706
0.48184342784395695,0.00011469045027110057,-0.016340839362901073,-0.01573644227113604,-0.010415631699451049,-0.004736545733597913
0.48192232111417266,0.002367878400497122,-0.010210099851386264,-0.012569948094366424,-0.011801666275795599,-0.0014545423708825643
0.48200121438438837,0.009339743387908562,-0.004535124248734645,-0.009699084399641613,-0.004947307011629589,-0.0039032709634030304
0.4820801076546041,0.016974750516046102,0.0006743997981495115,-0.0048359568601861885,-0.0019928938312869125,-0.002262895053892933
0.4821590009248198,0.021716617578791543,-0.000883986041920122,-0.0036532794609318267,-0.0026027198227548125,-0.0009757392055540044
0.4822378941950355,0.023689509667875263,-0.0033490338949369648,-0.0029176926089744238,-0.004902702850267554,0.0011092649408861498
0.4823167874652511,0.023241983957529768,-0.010811017717708439,-0.008508160626899288,-0.009947440136356978,0.00032606910995350047
0.4823956807354668,0.01680646441441589,-0.016072693706010232,-0.012796913479020695,-0.011299261851691802,-0.001959327431346824
0.4824745740056825,0.008969689186049776,-0.020364632493840962,-0.01577411792258678,-0.013044872853037182,-0.003006355232203991
0.4825534672758982,0.004945692195947905,-0.01950854240681852,-0.015159317180016223,-0.01442724292312254,-0.001624576208801404
0.4826323605461139,0.0014132103600412605,-0.015886537961059807,-0.012291690162508551,-0.012686386440265589,-0.0006559223648515317
0.4827112538163296,0.00023012339978793555,-0.017629684696160955,-0.013121810220689445,-0.012958103842376082,-0.0010916037962878811
0.48279014708654533,0.0031370909707837172,-0.02634210837956407,-0.021338552639818834,-0.010209688112814913,-0.009041529392027074
0.48286904035676104,0.010990393774192291,-0.025377446373604024,-0.019417677671240408,-0.00511267090740637,-0.011020356632267787
0.48294793362697663,0.021071154501758605,-0.016409366685352558,-0.009596256760807241,-0.006383964922157169,-0.002866100266005945
0.48302682689719234,0.028049030249199126,-0.008421868123359488,-0.0018576382541999048,-0.0038415629544802797,0.001187807839993232
0.48310572016740805,0.03284981874408747,-0.0007702766491527288,0.005065050512931436,-0.008893451776607178,0.009713182639630395
0.48318461343762376,0.036176548648213,-0.0013553423750908465,0.002326686294287351,-0.012154801805305652,0.009858434266447254
0.48326350670783946,0.03124732354119246,-0.00206794524556826,-0.001063954291159381,-0.014255658538738284,0.008742678783739978
0.48334239997805517,0.02292335375167004,-0.009329748908388545,-0.006788028395100321,-0.018817102198794917,0.007537619944129764
0.4834212932482709,0.01808048430046822,-0.013406722392990926,-0.010223373902879607,-0.018716713918178373,0.004915688650707871
0.4835001865184866,0.014549973542040484,-0.01772226999766449,-0.01334096841440232,-0.015998444054557952,0.0007787640022920778
0.4835790797887022,0.010263617660364224,-0.023205838413612637,-0.018459755590270688,-0.01286213799143366,-0.005126336486795638
0.4836579730589179,0.0057940912038822335,-0.024471240464978925,-0.020054979667073623,-0.013489178524480299,-0.005893811716847771
0.4837368663291336,0.0028215994891510163,-0.0233840151513476,-0.019284409475170475,-0.011959400267572631,-0.0063434558789986165
0.4838157595993493,0.001697994524142859,-0.019429322266240143,-0.01853300400081021,-0.016489404361510994,-0.002755172061108248
0.483894652869565,0.0016714996709191318,-0.006085897531772498,-0.009504210141947885,-0.02246686439924504,0.007959260991463926
0.4839735461397807,0.001570879068389023,0.01045512399202644,-0.00036025113698826954,-0.024322978170492848,0.01600033270117771
0.4840524394099964,0.0009485776878059466,0.02239235643421088,0.006699076609635898,-0.021843798459518723,0.019589423441808165
0.48413133268021213,0.0002988512487676787,0.029068729304824167,0.011543743474648408,-0.021595782303408098,0.023024415724379188
0.48421022595042773,0.0001872913122942111,0.01814770333925364,0.0031133671480545245,-0.020320861535332743,0.015905251719570874
0.48428911922064344,0.00047431051543061163,0.005027361230328825,-0.0038538561606660795,-0.018627894740886018,0.009592862727699452
0.48436801249085915,0.0008328309856158643,-0.004800468616643873,-0.008661040882031653,-0.01816623156060882,0.005709371403229484
0.48444690576107485,0.0011295172696365486,-0.008997568665925442,-0.009701521353961524,-0.012086948865658474,0.0008694880371059102
0.48452579903129056,0.0015076172606178842,-0.01046654892361589,-0.010440356402635626,-0.003560094628563805,-0.005382102907884578
0.48460469230150627,0.0021970117486559064,-0.009438371667849556,-0.010276819113155703,-0.004941519480650686,-0.004336748738355411
0.484683585571722,0.0035201473229519655,-0.006585873435201091,-0.010156223497160615,-0.007634077622432172,-0.0024465296140148986
0.4847624788419377,0.00659790427248064,0.009078762690135187,-0.0022432217556149956,-0.013239469471679392,0.007186217244622735
0.4848413721121533,0.013694420840331697,0.035375516490544344,0.01476600736357944,-0.01657049142127211,0.02205864653676957
0.484920265382369,0.023276209178737937,0.051006383301392434,0.024830629372753855,-0.01119723255358033,0.025948216394948206
0.4849991586525847,0.027788778271678447,0.05772730375836781,0.031004068769429773,-0.011819680190642513,0.030954281819944876
0.4850780519228004,0.02693967030787447,0.04589441116893435,0.02461285619916348,-0.0145291614978128,0.028013384403619213
0.4851569451930161,0.025006730171981652,0.0260853551673824,0.012542467968839701,-0.01876441511190128,0.021873067679434838
0.4852358384632318,0.021102766404106243,0.006332639808457098,-0.0013106966975522142,-0.016828031527619216,0.010279804214658367
0.4853147317334475,0.013668555657136544,-0.004574235272915551,-0.008281128254249644,-0.011149733495160043,0.001298959518921923
0.48539362500366323,0.007263734668515302,-0.014076168051887985,-0.014613089149849285,-0.005189987689837185,-0.007395274050618633
0.48547251827387883,0.0034663544893479697,-0.01834373069168282,-0.01804341269179453,0.0022560152652721472,-0.01492460400627493
0.48555141154409454,0.0018870678488194408,-0.014069515543508831,-0.01541972673359966,0.003136765418849879,-0.013562484853173254
0.48563030481431024,0.006090459118133709,-0.005873059641397643,-0.00908299356653703,0.00252872126751428,-0.008444292672486206
0.48570919808452595,0.016543837383952723,0.0007715558129601507,-0.004777225773538789,0.0023862890364936815,-0.005147663654919792
0.48578809135474166,0.02701253720893138,0.01225118946084351,0.0062268905857595334,-0.001160671214840717,0.005405918181249836
0.48586698462495737,0.034541019017904157,0.01746480632042033,0.01416337975074705,-0.007888291774541015,0.015805261380982247
0.4859458778951731,0.0421919954888386,0.026371523299943554,0.024356605648104216,-0.012510358317188804,0.026473486562365388
0.4860247711653888,0.049821693540334916,0.03321774528063993,0.031989051800647386,-0.017846416934113166,0.035713541858777904
0.4861036644356044,0.054161475650677283,0.027560790497911672,0.026056291077339887,-0.015950018736968025,0.030036094885881034
0.4861825577058201,0.04721832558496099,0.017901552699062365,0.0170538348880875,-0.014023559880322431,0.02205623974081348
0.4862614509760358,0.039169132583706016,0.006680282103547248,0.008709349913821681,-0.015602325699074106,0.016909074716870365
0.4863403442462515,0.03531035569309703,0.0008625535923249181,0.004342716106608076,-0.016127653264223243,0.014014350319262531
0.4864192375164672,0.028396124371843114,-0.004003919614093024,-0.0008910716349506887,-0.012078283565803462,0.007414925835865938
0.4864981307866829,0.021830709989191777,-0.008953300842229018,-0.006538353346553287,-0.008967319809109349,0.001135350400746539
0.4865770240568986,0.016546013062939152,-0.011796582767356102,-0.012366321857133643,-0.006636736439269701,-0.004757002501990569
0.48665591732711433,0.012017378470523952,-0.004989834021335356,-0.008525438355541344,-0.01331955180194038,0.002568455805838854
0.4867348105973299,0.010526207722479383,0.006560731862354096,-0.0026710514253116204,-0.021203048575921694,0.012194992281890315
0.48681370386754563,0.014056162012444008,0.0304685519930683,0.012121040807027042,-0.025267033158789785,0.025909112182827206
0.48689259713776134,0.0205068477014917,0.04603842495271175,0.022807514409876262,-0.021360730320069597,0.031238359901635048
0.48697149040797705,0.022155039816406073,0.050312537752258836,0.025437505006586023,-0.018007909448346987,0.03095165866356372
0.48705038367819276,0.01803077348697101,0.04323251988315901,0.023110310976324138,-0.017486448635895175,0.02887331763514234
0.48712927694840846,0.015928319903026504,0.022017437869674465,0.009684546007427321,-0.01779731245579405,0.019101982611773614
0.48720817021862417,0.01479037698534507,0.005819391012249635,0.0009261671269927747,-0.01833946314685585,0.012953844698877743
0.4872870634888399,0.01416211359777684,-0.005169227376981059,-0.005048631986263892,-0.014547613390111224,0.005975211071491131
0.4873659567590555,0.01348009053448473,-0.005055839831113172,-0.004560450411858754,-0.012457227954107353,0.004940084181336854
0.4874448500292712,0.01053432404643682,0.0014247759004850208,0.00012442310756379733,-0.013601457503496563,0.009188668776558235
0.4875237432994869,0.007752792807485685,0.011399305689979737,0.0023821876720902147,-0.01882848321363339,0.014363403993328727
0.4876026365697026,0.005474195897393598,0.030424762971010464,0.010461816549107755,-0.025742733178925576,0.02499424865882112
0.4876815298399183,0.005718249927272086,0.05757469611802884,0.028067738984713396,-0.03280236246394514,0.04279646574066818
0.487760423110134,0.010075931201962264,0.07231802782280418,0.03702546849973545,-0.03312875332760083,0.049667634637036794
0.4878393163803497,0.014414867224788047,0.0752618946169615,0.039218701355660066,-0.02824451989500234,0.04803340306182426
0.4879182096505654,0.016207254765648858,0.054828970492544434,0.025828422794926816,-0.022022799768260153,0.03392597825514792
0.487997102920781,0.017067224242804428,0.032055310973706355,0.013217516094922289,-0.01999932460194826,0.023200692371969155
0.48807599619099673,0.016977023528288303,0.007975088281486555,2.3832944678144722e-06,-0.01868318597817264,0.012496977195016062
0.48815488946121244,0.012447243967537342,-0.007946279162246942,-0.01082610927937767,-0.014391364940702882,0.0015743474137371127
0.48823378273142815,0.005739821762589454,-0.013389879517304581,-0.015255464738821157,-0.011142934124214654,-0.0038924470539126485
0.48831267600164385,0.0022285325052428646,-0.01283762272274967,-0.01684771787970804,-0.009724689672909164,-0.006025139807044698
0.48839156927185956,0.0012401246385479508,0.0017305722794627647,-0.007221846960053115,-0.00414785636830692,-0.002595843519674617
0.48847046254207527,0.002778233634392401,0.016475194345700488,0.0018746299195663487,-0.001401460548391084,0.0023309945797929115
0.488549355812291,0.008330313605085524,0.027014233155852392,0.009598187827098105,-0.005511586495115214,0.010821927696758691
0.48862824908250657,0.017921087609943636,0.025920743362138905,0.011003932860861904,-0.008685614253579608,0.013989468123053857
0.4887071423527223,0.0283086298127227,0.02349665053206343,0.014362793026148585,-0.012067326847799896,0.01874776845565291
0.488786035622938,0.03735835460213203,0.019464054314440055,0.01649437936693928,-0.009003167561262973,0.018283702523146123
0.4888649288931537,0.04409116373784372,0.017367165590111314,0.018667320146335813,-0.00785103617805722,0.019128986818074505
0.4889438221633694,0.049165528539674375,0.014901558135963763,0.017999345524060895,-0.006308729117447356,0.017601241308551833
0.4890227154335851,0.04742610782104197,0.008241804981721725,0.011847859464313897,-0.007352928380794659,0.013725768117556705
0.4891016087038008,0.03917678321767099,0.00382639808688041,0.00684472580595833,-0.008858789321854845,0.011013110757730427
0.4891805019740165,0.035365693879627305,-5.459253589410074e-05,0.0018233382552227738,-0.010129318562321394,0.008129588312386657
0.4892593952442321,0.03155496483825683,0.002142857293154928,0.0017097054171419741,-0.01417313508459203,0.0107496313385575
0.48933828851444783,0.02124004673386233,0.00045060878178247705,-0.0024402436236528077,-0.013949629888623354,0.007514709182245077
0.48941718178466354,0.014573070999358709,0.00028780723869439536,-0.003322762559420152,-0.01220691681646768,0.005692952161591659
0.48949607505487924,0.015052017130182116,-0.006351308464565064,-0.007481964282693937,-0.010304061030649908,0.0013276613397832963
0.48957496832509495,0.018834155015175852,-0.004252728222029385,-0.005631237273440746,-0.011522408555829531,0.003518664281477294
0.48965386159531066,0.02378334272290371,0.0042452944376747,0.001997911770875915,-0.013595964594919316,0.010577871776899665
0.48973275486552637,0.029833499437018025,0.01761341028369549,0.01260995812093683,-0.011456522397103916,0.017036282268310648
0.4898116481357421,0.03460449182331938,0.020700569491845677,0.015057266876356641,-0.006529964087199589,0.015561660439686568
0.48989054140595767,0.03385927497572825,0.016641255091470027,0.012329250519286303,-0.0010639775376084873,0.00987860151760831
0.4899694346761734,0.03172520112034995,0.00827539908646251,0.0065195565651349485,-0.005599236431569741,0.008591623175874422
0.4900483279463891,0.030556739479058556,-0.0013707960957046585,0.0003514453665712791,-0.009821427564378564,0.006829351216286553
0.4901272212166048,0.024982781663686646,-0.005782567225392656,-0.0027999047063061505,-0.008113532637897679,0.0033440976717735234
0.4902061144868205,0.021056841727252803,-0.004667631068710827,-0.004239146663186917,-0.0033366675040842854,-0.0009205343421288534
0.4902850077570362,0.0202758959548332,-0.0039782880577740095,-0.006791168699254326,0.0035683567833975968,-0.007435496624971615
0.4903639010272519,0.017596760678211185,-0.005583835207366873,-0.008316079306788847,-0.00021108329756642914,-0.006041998266118531
0.4904427942974676,0.012682317528043217,0.0007966505469765321,-0.004049256789574408,-0.009694817122853245,0.0034726834192852266
0.4905216875676832,0.00650800041843523,0.011169159154331141,0.0001543611005066111,-0.016505053498158197,0.011153011980724006
0.4906005808378989,0.0026119540206047086,0.022011685404034625,0.007393635520541925,-0.02385885384301854,0.02145365202340533
0.49067947410811463,0.0012224244417577417,0.02420846446916326,0.007483410850115826,-0.025753439090638236,0.022787842757763247
0.49075836737833034,0.0013379226779521689,0.02149843313312627,0.00563509196489717,-0.02743377204386509,0.0225383235799933
0.49083726064854605,0.0013990269340069326,0.013195169988045692,-0.00041371814919840215,-0.017485059228824398,0.011386177670613899
0.49091615391876176,0.001085904417737597,0.0020414478773368157,-0.007869147374523816,-0.010034033499417144,0.0008591612779001881
0.49099504718897746,0.0004888812437123453,-0.008507756754683979,-0.013615833260148279,-0.0092935908032905,-0.003909627584791356
0.49107394045919317,0.00044488598920744383,-0.012906771859381709,-0.015396294678144178,-0.007094394244464184,-0.006704376185613805
0.49115283372940877,0.0015531616069564466,-0.0103175810162804,-0.012026576374477342,-0.00855031826643937,-0.0032247247641719974
0.4912317269996245,0.0019946739051072927,-0.00953803860314237,-0.012284663151435409,-0.006439678158298596,-0.004828046555933845
0.4913106202698402,0.0015857059450700654,-0.00848819079265714,-0.011820207110121326,-0.005624167334647354,-0.005027973945260003
0.4913895135400559,0.0011661013784616623,-0.003902705172907995,-0.008474617154327466,-0.009523348917739876,6.739615480911896e-05
0.4914684068102716,0.0038711423505663938,0.0038919785765584385,-0.0014953884141297089,-0.012184321450673764,0.007036533658950519
0.4915473000804873,0.01045383770813995,0.00931071812037061,0.003739796924799995,-0.009288721248848785,0.008992247050010022
0.491626193350703,0.015846198472859077,0.010871238904584113,0.004936425239528419,-0.0024347172915751432,0.005298413838496441
0.4917050866209187,0.020935390762546222,0.0071330257292007895,0.0014620708517336144,0.008462124168215669,-0.004571929767570179
0.4917839798911343,0.026239736023748822,0.0028313964270367986,-0.0008102428191238994,0.010850818030634023,-0.007858903648250808
0.49186287316135,0.027922601970528,-0.0004689552283128151,-0.002002746263862182,0.006374298468338595,-0.005751760072796592
0.49194176643156573,0.020368947646846138,-0.0025411233098120763,-0.0038982475719559623,0.003783935100542214,-0.005428779578145056
0.49202065970178144,0.013813049835657247,-0.005580172906890359,-0.0067068598803742925,0.000691225828764195,-0.005448864210884695
0.49209955297199715,0.010021456732076947,-0.011325232521545096,-0.012004006528009176,-0.004020716699330214,-0.006236847014195685
0.49217844624221285,0.0053213213983138675,-0.01382907800786119,-0.014045111383623665,-0.011999399597235146,-0.0024194635989699415
0.49225733951242856,0.004776602733162065,-0.014796967829510689,-0.01482052203095294,-0.011683749735693801,-0.0032072857807865385
0.49233623278264427,0.009208984535812802,-0.015521144155801843,-0.013858757751675317,-0.011161377980787656,-0.002841276423888352
0.49241512605285986,0.01487954186249616,-0.015049717643002605,-0.010829807401579294,-0.00959926890134516,-0.0016332533306570019
0.49249401932307557,0.020627735303793936,-0.010835453322983319,-0.006538981970136861,-0.008584157336762452,0.0008786380105502559
0.4925729125932913,0.026297179234771033,-0.005582740222168748,-0.002969995831467797,-0.008526226456972473,0.0034936272467948246
0.492651805863507,0.030635066487802492,0.0007769483673516897,0.0016428001914265303,-0.007333070367297902,0.00612532401547322
0.4927306991337227,0.029185261881313467,0.002075576866907542,0.0020714981514648387,-0.0008490431298106185,0.002107950319573752
0.4928095924039384,0.02381957387158808,0.00038962053303473877,0.002200494819003285,-0.0001165906497655513,0.0017140494867976311
0.4928884856741541,0.020909907883256664,-0.001883942935563054,3.98399546693845e-05,0.002331768929951446,-0.0015297040669465076
0.4929673789443698,0.019525551841138813,-0.0025850039923346465,-0.0002907758671311444,-0.00014075051148594925,-0.00012206948539224587
0.4930462722145854,0.019085470157746323,-0.009778239918724129,-0.00723470113862049,0.0011462274270321875,-0.006145586419451526
0.4931251654848011,0.018726986250580734,-0.011910435463820953,-0.010752771014662807,0.004381932657612483,-0.010924989606187537
0.4932040587550168,0.016133473971827374,-0.011198131453714386,-0.01015421535204819,0.007594734789401696,-0.012628287329601582
0.49328295202523254,0.012576947961976599,-0.017522556095494815,-0.014909891710031379,0.004542831343440491,-0.014123484428210462
0.49336184529544824,0.009369135829374192,-0.017024526136113122,-0.015238070495032542,-0.0002903223233450033,-0.01113607042600844
0.49344073856566395,0.006976188762534888,-0.010374889501585449,-0.012488597384710226,-0.0029370615809871923,-0.007321802622982112
0.49351963183587966,0.00482665264876722,-0.0018679112281265867,-0.009246707199556323,-0.004920233603150172,-0.0035849877683140105
0.49359852510609536,0.0025951919107298402,0.004543444835644242,-0.00588170405787669,-0.0030756068234039638,-0.002316411444718133
0.49367741837631096,0.001397923239822215,0.0031812476792039183,-0.0065368314519549,0.003131582561910174,-0.006954323120904938
0.49375631164652667,0.001517151233528513,-0.007142349083165879,-0.013273981961979877,0.006655821998111551,-0.014319944695651907
0.4938352049167424,0.0028446148295735623,-0.012156929165216629,-0.014763001887525948,0.0037615154768715266,-0.013491876290732745
0.4939140981869581,0.006143144593498449,-0.016501152337203586,-0.016753034060802537,0.00048636789144613097,-0.0127819302924085
0.4939929914571738,0.011449276393892026,-0.018299292590893048,-0.017310142916929956,-0.0031076100568685227,-0.010793390851080414
0.4940718847273895,0.01434632524358115,-0.019800059756354325,-0.016908772583105417,-0.008854978290759074,-0.006652093567192171
0.4941507779976052,0.012918042548412362,-0.018888691166360102,-0.016145460172853187,-0.011536459146140566,-0.004291280588828043
0.4942296712678209,0.009292588123453287,-0.013683745066861045,-0.013127685084040726,-0.010948696550393518,-0.002439771052959673
0.4943085645380365,0.0044551909190039,-0.004815851670960434,-0.00892183840635613,-0.010034602544330362,7.673810879900921e-05
0.4943874578082522,0.0006637098638073859,0.006513182492481938,-0.002434756773406661,-0.008579867202216995,0.003927464660394631
0.4944663510784679,0.0002956518717641982,0.005052351436827024,-0.005738200579972667,-0.007531562128799842,0.0007701452271260162
0.49454524434868363,0.001904982851133687,0.0002799684281600188,-0.008599790001235882,-0.001309059763211303,-0.005518742882628858
0.49462413761889934,0.0034181769607924766,-0.009736524520259054,-0.014787380960811199,0.007692412798541254,-0.01613822392133747
0.49470303088911505,0.0037310701450592692,-0.014153593529284962,-0.017160241076015912,0.010423953229565982,-0.019728653568136637
0.49478192415933075,0.003427097201855109,-0.0212743737011387,-0.021181715853260438,0.00589516407356344,-0.01969105475714839
0.49486081742954646,0.003950052600950693,-0.020549741746581952,-0.020158685716963855,-8.369395086312718e-05,-0.01493350976806639
0.49493971069976206,0.0049164856885789785,-0.016064907560943593,-0.01689016034497712,-0.004380691487791108,-0.009629869647844225
0.49501860396997777,0.0045079937205996,-0.01381844124003572,-0.01517850705205888,-0.011116264252633925,-0.0038530409254728527
0.4950974972401935,0.001892216598646613,-0.011285030334036108,-0.013065129929679,-0.012845087055744065,-0.001125029614171676
0.4951763905104092,7.98438231982176e-05,-0.00500414642140311,-0.007964684435305432,-0.012714579458968167,0.002580839798542883
0.4952552837806249,0.0023395059587439757,-0.004347148352993131,-0.00673353613576123,-0.011078716407940848,0.002402270308236077
0.4953341770508406,0.0057700363810322605,-0.0067685782702577545,-0.007408349950549663,-0.009559568291880857,0.000884504982628383
0.4954130703210563,0.008463479615882053,-0.01100922977145822,-0.010220541767721926,-0.0019597029427248984,-0.006288804180879349
0.495491963591272,0.011543529707010485,-0.010667524559228028,-0.011231534800604305,0.005952023817532779,-0.012330812220734769
0.4955708568614876,0.014381790824840035,-0.0032242670786180073,-0.006178532147713837,0.012246010910016121,-0.01278304566801697
0.4956497501317033,0.013373432393135145,0.0016623404012554817,-0.0036364770220567344,0.01638888576400805,-0.013664052021280338
0.495728643401919,0.011028274504269209,-0.0023953224893238875,-0.006330864174040662,0.009659225205730562,-0.011166362508750543
0.49580753667213473,0.01135278725042163,-0.001332267420666339,-0.005869311206522205,-0.0008887299726215595,-0.003769596083692368
0.49588642994235044,0.010072598813228712,0.01069494544827611,0.002657165676582968,-0.01357478973248924,0.011053831832955933
0.49596532321256614,0.008055577614818508,0.009898116213248214,0.0020793355205425677,-0.019801964603314626,0.014789443733766368
0.49604421648278185,0.008036623446870412,0.0005898806391138485,-0.004238916112236896,-0.016130784566786047,0.007636217670728156
0.49612310975299756,0.007548137173515478,-0.006089920808762892,-0.008445341304539581,-0.013065138705994662,0.0024578642676461337
0.49620200302321316,0.00621566988415347,-0.011551656703888703,-0.01057654841913399,-0.009066280198451357,-0.0018013448420079018
0.49628089629342886,0.006249806334786322,-0.013529682020626951,-0.01238696214017948,-0.004274067034089112,-0.006352218107574364
0.49635978956364457,0.007994794141175307,-0.008007881781638873,-0.010641719284700054,0.0028266912073537207,-0.009802487145897097
0.4964386828338603,0.007984892026772683,0.0012264959302651591,-0.005985220977917234,0.005827027687116067,-0.008346682454769928
0.496517576104076,0.00511251934021854,0.005540249074262955,-0.0037266943583605843,0.005335856727498559,-0.006339045963928884
0.4965964693742917,0.003346721464331655,0.006858213747652886,-0.00036338497027543683,0.00337700458255876,-0.002528488107851839
0.4966753626445074,0.003682649771839929,0.0018737911291917843,-0.0038181642932362822,-0.0030814739195333843,-0.0007781781601575852
0.4967542559147231,0.0062817499555513495,0.0014394326838081243,-0.005238903734101158,-0.011012168520700555,0.003469144483806321
0.4968331491849387,0.011105939516189737,0.004649570302468041,-0.002464475548158197,-0.017825215221332364,0.010088981633742809
0.4969120424551544,0.013699675939212124,0.0015050405780257326,-0.0015648050991022371,-0.012929218896228578,0.007483124591911112
0.4969909357253701,0.012512549515661203,-0.007144533162345485,-0.00619677620397828,-0.0011850686767076047,-0.0038149112142209533
0.4970698289955858,0.01130427402209883,-0.007441753060897398,-0.007125084404917372,0.007375434611541403,-0.010229589744072108
0.49714872226580153,0.01057176301730935,-0.005311339082056684,-0.007717306528979972,0.009266467983943134,-0.011934456127887202
0.49722761553601724,0.00848630495417993,-0.004446329635424569,-0.009331816866344425,0.010538069250762167,-0.01398508879285963
0.49730650880623295,0.0046864005416842654,-0.0048830018674344625,-0.010920860446179296,0.008473504537224313,-0.013785874268861052
0.49738540207644866,0.002511516823075181,-0.007554548417026683,-0.012340227872643,0.0018883150551565033,-0.010437950419585803
0.49746429534666425,0.002403507132502281,-0.014236919702045896,-0.015743624375042176,-0.0005461891182508286,-0.011340944660225998
0.49754318861687996,0.003244900202933111,-0.014951139776336496,-0.01535493460549282,-0.005453189934019482,-0.0077709986066019565
0.49762208188709567,0.005160746979998646,-0.01680090639423018,-0.015562825623596354,-0.0067775741617279815,-0.007040073568329863
0.4977009751573114,0.007963003160818858,-0.016398763773631562,-0.015644088817722997,-0.007284198986491189,-0.006761757844051823
0.4977798684275271,0.010450784274957351,-0.013216477742703176,-0.012765323293705338,-0.008230758056803853,-0.0039878155958559805
0.4978587616977428,0.011797690476804928,-0.008871475575615516,-0.010475677135971261,-0.005225984321724691,-0.004294401505033067
0.4979376549679585,0.010775508139746313,-0.0070433970432307235,-0.007909590123506713,0.0019054978326122189,-0.007155101858057887
0.4980165482381742,0.007357348249345678,-0.009209601423392893,-0.009206288255585558,0.004671047600435352,-0.009968499042481918
0.4980954415083898,0.002159486188003655,-0.009004892119162814,-0.010668596584239238,0.00035739222110848037,-0.008171340151783306
0.4981743347786055,5.760512921100511e-06,-0.017640480096714692,-0.016906803638244775,-0.0008118561044574328,-0.01202832310643752
0.4982532280488212,0.0013916134495996857,-0.018788346203944113,-0.016151902837563275,-0.004825491772195174,-0.008783412598921342
0.4983321213190369,0.00353890113269024,-0.014243074401378003,-0.012203759750206272,-0.003968314698641748,-0.006420429194372295
0.49841101458925263,0.005432569592210977,-0.008407649023663635,-0.00879770859075554,0.002164329991651901,-0.007988514879866406
0.49848990785946834,0.006081227763090886,-0.006673252585458013,-0.008383198234483427,0.001906935615630367,-0.007508200919832782
0.49856880112968405,0.005254197183006364,-0.009215600620796521,-0.009970619803954943,-0.004098305419929781,-0.004672911072041426
0.49864769439989975,0.00537142220370883,-0.009908260434110262,-0.010196174877379956,-0.0107779097244932,-0.00037382240290564933
0.49872658767011535,0.006168474893330954,-0.009497013327697847,-0.0094222920568188,-0.012843944413512947,0.0015834158628695739
0.49880548094033106,0.005794216450919393,-0.007432257142089646,-0.007966793658109046,-0.011048471421598352,0.001464983470525401
0.49888437421054677,0.004772169421705396,-0.01230986544244,-0.011864655319927817,-0.01148665459260936,-0.0011406681140899528
0.4989632674807625,0.005255757403975591,-0.013922529909507937,-0.011073133808314489,-0.012161095652532188,-0.00010096543600652169
0.4990421607509782,0.007245546419166772,-0.015401857502728664,-0.013387320538043968,-0.010880382339704434,-0.002678556099296883
0.4991210540211939,0.009168789926821823,-0.016037273548463103,-0.014453898328113212,-0.008392662048362302,-0.00513536985701797
0.4991999472914096,0.00999597028816996,-0.009276880615291604,-0.010688331371568697,-0.007606188205567658,-0.0028608768883127056
0.4992788405616253,0.009593643427543576,-0.0005729615483056577,-0.00599609616273296,-0.007445089658366218,0.0005205545319705923
0.4993577338318409,0.008377189944526613,-0.000440226594925703,-0.005806120981960854,-0.004714144657640433,-0.0011644807579708075
0.4994366271020566,0.007394757117643939,-0.004951884984685447,-0.00985216662318931,-0.005341317441137229,-0.003753627410568353
0.4995155203722723,0.007416154078707361,-0.006020604342474423,-0.008705062892051012,-0.00880687792072208,-0.000583111470341973
0.499594413642488,0.005659925699974184,-0.005299161208476117,-0.008183262311711032,-0.007203525734591957,-0.0012673266938030582
0.49967330691270373,0.004526831087410998,-0.00685640641742914,-0.008628378491632083,-0.0036346837176844385,-0.003984861347850664
0.49975220018291944,0.006817422166351177,-0.007462402749002008,-0.008781907704619316,-0.004264025702682343,-0.0036781784200277433
0.49983109345313514,0.00992243015462378,-0.011355502249599463,-0.01001962704987435,-0.0036230724885745243,-0.005027137279489332
0.49990998672335085,0.012215687980031227,-0.010548939862421832,-0.00791805087113615,-0.0025952201968763816,-0.00415177801290207
0.49998887999356645,0.009067037075361344,-0.0095084189794252,-0.007320734808295018,-0.0008759762835661497,-0.00485730710482036
