freq,gls,usurper,pdc_unbiased,shape_periodogram,shift_periodogram
0.1,0.010086514728932742,-0.012409822821888166,-0.01230821376225876,-0.0003559717001458396,-0.010201852458887384
0.1000788932702157,0.013883001242665997,-0.010753777691097432,-0.007290482571044106,-0.006489113941685548,-0.0026789533115201777
0.10015778654043139,0.01525477315264182,0.0033084166225972713,0.0050482431420303805,0.0022940933617831526,0.0030332960979700977
0.10023667981064709,0.012589110087693969,0.014443584004935093,0.01346333998526647,0.023745140618580633,-0.001354502382536553
0.10031557308086278,0.007491034036994551,0.0024459260119339666,-0.000432471667735934,0.025072959002585656,-0.013802431602569849
0.10039446635107847,0.0026733962431386674,-0.019491482093911962,-0.019003897623822933,0.0044850865625982025,-0.018448848439352173
0.10047335962129417,0.0006028157896227368,-0.02324604716256863,-0.020112034463882458,-0.004006168021846593,-0.014836802418087445
0.10055225289150986,0.0039275793108720855,-0.025453824046443283,-0.01998249838948047,-0.007397024353303959,-0.01291131229269087
0.10063114616172555,0.013030140711379184,-0.02378266573831461,-0.01655395769628915,-0.010006252915548162,-0.008617794341077869
0.10071003943194125,0.02526748773226478,-0.014071660727980979,-0.006776564469386147,-0.00791836653261944,-0.001479194251282232
0.10078893270215694,0.035091532978739376,-0.003890781366849547,0.0033351513735690786,-0.012251028397630145,0.009380491576131092
0.10086782597237264,0.036772919505311065,0.001926693641594292,0.008436292242707102,-0.010081001637416714,0.012524479343746637
0.10094671924258833,0.02849178746323216,-0.006580274297927743,-0.0004917416515006326,-0.011745141770723526,0.005878229150926509
0.10102561251280402,0.015008374275784168,-0.012925094433097367,-0.006492257755867209,-0.008252050963012646,-0.0010603271100560689
0.10110450578301972,0.005813118252610366,-0.00464540982178542,-0.000268646333420541,-0.003675303619556511,0.0017424314730209848
0.10118339905323541,0.0057368022574920095,0.005341242286413922,0.006675171415165864,-0.009908146588475095,0.010944975965187712
0.1012622923234511,0.011016285050147416,0.02142530435061288,0.018327624722912824,-7.89379728372465e-05,0.015517788346504796
0.1013411855936668,0.014543182655562504,0.010743178438646844,0.00865661990255747,-0.005404864492671108,0.010204990464295568
0.10142007886388249,0.014684390072087963,-0.004442982770039188,-0.0012730403277085133,-0.016489760324050102,0.007761260852331327
0.10149897213409818,0.015896582883582734,-0.007302771773321069,-0.001402736271429955,-0.019426309394606364,0.009225701818940104
0.10157786540431388,0.018334830884500906,-0.009399996353002468,-0.000559277239718269,-0.022372797879783322,0.011517388027721722
0.10165675867452957,0.018945527501296616,-0.003893554783962265,0.003568342480254574,-0.015799809732242962,0.011479233157516974
0.10173565194474526,0.016706759624807655,-0.00090050686596605,0.003783130993681475,-0.01026844848148243,0.008696305513791532
0.10181454521496096,0.010763355688216382,-0.013400224532160592,-0.008095933231165489,-0.012160113509930681,-0.0003205073054685288
0.10189343848517665,0.003986766555735584,-0.019897340958389385,-0.015988430767228275,-0.006192809365584601,-0.010182930705564103
0.10197233175539235,0.0017816564536232173,-0.017547049175847096,-0.013897758887795129,-0.0056576270836994885,-0.008703995109372625
0.10205122502560804,0.004786046482743206,-0.011212615331810926,-0.007889679768858486,-0.014297445262236854,0.000998979058631459
0.10213011829582373,0.009657421411626644,0.0019592849231396636,0.0037944968762959022,-0.01232329945814269,0.009807048262187944
0.10220901156603943,0.01494645420754852,0.010383579514151278,0.010592227649412818,0.0009632394504731794,0.008427546723147205
0.10228790483625512,0.021443065755181484,0.008096333675343532,0.007420097581292822,0.005502665063344449,0.003316932301374264
0.10236679810647081,0.026613581961757258,0.00045665433437025406,0.0031011602220839766,-0.005703025502064382,0.005674167628623461
0.1024456913766865,0.027791042732219568,-0.004429531462868658,-0.0003300417791548622,-0.013555717943060146,0.006985044907237152
0.1025245846469022,0.024331298571105695,-0.011258410437676876,-0.004570653504686043,-0.018032202104539572,0.005803386591861974
0.1026034779171179,0.01543723576405022,-0.01362830490576234,-0.008172588230360921,-0.01759675888721979,0.002528160094756862
0.10268237118733359,0.006509887512458991,-0.014294462474109633,-0.011524020412399099,-0.016799219083177677,-0.0007298197866739877
0.10276126445754928,0.0053709931519900144,-0.009522068854878007,-0.007980380062454365,-0.020111117240987783,0.0040380750423135185
0.10284015772776497,0.011657583254808545,-0.012077249261529786,-0.009937225595133393,-0.017311256922632048,0.000884795949066558
0.10291905099798067,0.019244475658226005,-0.009316102292844306,-0.007627072492683948,-0.012387885898264051,0.00019748842107556542
0.10299794426819636,0.022516713229052295,0.0004678709790792157,0.0015921737132668606,-0.011927471846855553,0.007735474289707185
0.10307683753841206,0.023150351640244086,0.0005361652493484704,0.003440837368229937,-0.007289914500926322,0.006811262953836904
0.10315573080862775,0.02431167887456348,0.009098746297045943,0.010724932638165005,-0.005862755471289813,0.012196623982490306
0.10323462407884344,0.022534201623761643,-0.009713355674049596,-0.0038271550148596834,-0.009836549937429521,0.0020391345204529383
0.10331351734905914,0.015585016829555928,-0.020991486446868005,-0.015153386395786693,-0.01222273168524903,-0.006247418235707809
0.10339241061927483,0.007755968993507378,-0.012132185957721744,-0.0053027946689848,-0.0027512576023872534,-0.0030032852238728674
0.10347130388949052,0.006940411453747503,-0.0021851952195539423,0.007263046208362377,-0.005627053752632953,0.009147422070948465
0.10355019715970622,0.01678694550006035,0.013888586791025321,0.022218136323967175,-3.209483076138761e-05,0.0187781966447333
0.10362909042992191,0.031111649535042363,0.010182741974869573,0.016440689973367312,0.004429769004901433,0.011509273975709569
0.1037079837001376,0.03900957911829852,0.012007067403835473,0.014749670202341747,-0.004644757724167247,0.014942287689385799
0.1037868769703533,0.033113420246238146,0.012468444546248228,0.01884146972396772,-0.009921593487827124,0.021223763765500833
0.10386577024056899,0.017563855683009253,0.005096682363701507,0.014125550082773296,-0.007128750031202641,0.015746046829220435
0.10394466351078469,0.00500308672522417,-0.011903969030582596,-0.002661892860638647,-0.00786117035778517,0.0019645699943224826
0.10402355678100038,0.0004788917822149246,-0.01740970887081897,-0.012571197561756942,5.2460657396986134e-05,-0.010642720182429365
0.10410245005121607,0.000344816964151366,-0.013724326158665423,-0.015631097325169752,-0.002519422582496965,-0.011848869171384
0.10418134332143177,0.0006619208739050482,-0.003198961308795602,-0.004038140921214463,-0.0058849437423162156,-0.0002564086054264491
0.10426023659164746,0.001779101771302819,-0.00522204669834461,-0.0017562768701116505,-0.0015980696822237843,-0.0006266431722763888
0.10433912986186315,0.007862996934886238,-0.013477644215299268,-0.008002084440257696,-0.003772421938645348,-0.004735395496702631
0.10441802313207885,0.017377425915436066,-0.0054190982937049005,-0.0013563990431653677,-0.010744027068956363,0.0046116721178288776
0.10449691640229454,0.022971384837477456,-0.0038771460175899895,0.00227453114534073,-0.02373937455729147,0.014642751765612829
0.10457580967251023,0.020811297719551633,0.0021370032631979003,0.007939801347759437,-0.02040348713969892,0.017637358279076833
0.10465470294272593,0.012705881266196645,-0.003754865546430163,0.00028773149784805277,-0.010368559973193244,0.005798699109041309
0.10473359621294162,0.004289432550227128,-0.010256312721933562,-0.00846959986189165,-0.0009227829010724143,-0.006656907769895074
0.10481248948315731,0.0005845091112215838,-0.0009120235634390945,-4.9993664575136086e-05,0.011796064833815897,-0.006362933350718169
0.10489138275337301,0.0005498853691654247,-0.003055345971524411,-0.0015907271032553516,0.003447259603039763,-0.0031901842313076163
0.1049702760235887,0.0004696112923208529,-0.013798864275600661,-0.011770578058760512,-0.013609098348415371,-0.0026474612501280574
0.1050491692938044,0.001004709496158549,-0.010272585469705825,-0.011186905325045265,-0.016547007959556298,-0.000580237583654767
0.10512806256402009,0.006288392974462548,-0.004656602245546593,-0.002406714279847528,-0.018539801380179945,0.007902763905989062
0.10520695583423578,0.016735913083524307,0.002694866007874403,0.01058743580366961,-0.014830393017106556,0.016885575328843033
0.10528584910445148,0.02666138224224358,0.011043337721680408,0.01979196143976844,-0.015910678230989593,0.025234636267301668
0.10536474237466717,0.029775257221109443,0.010228082877934506,0.015982748479141686,-0.018031786225198052,0.02315571403189123
0.10544363564488286,0.023781012953723677,-0.002104912444552815,0.003995809740943314,-0.014678650105101972,0.011239268829825472
0.10552252891509856,0.01247263475530073,-0.012479980660162036,-0.0060259821577224775,-0.014599706127820414,0.002734822974624331
0.10560142218531425,0.0036579383043731733,-0.00510170623380348,-0.0004613346306959186,-0.011928784612710876,0.0060023151099859945
0.10568031545552994,0.0004973261891769725,-0.00639651536356269,-0.0019626114067200417,-0.014589431991127253,0.006160534571230447
0.10575920872574564,0.0013459297670438508,-0.015297667991775727,-0.011391977028796968,-0.015478111153670034,-0.0013262212822762625
0.10583810199596133,0.005538009047265209,-0.018357650079710772,-0.0158228669104793,-0.01676803974492845,-0.004377714796770276
0.10591699526617702,0.013466560539636503,-0.013267753827122792,-0.010265983555471975,-0.021168403932126812,0.002674311418107009
0.10599588853639272,0.024322109750327208,0.007026184797280123,0.007925743914600606,-0.010532738641798633,0.012335494499439093
0.10607478180660841,0.030999537696606953,0.013523536228861039,0.013753131079919335,-0.005962789832300403,0.01480696961256105
0.1061536750768241,0.0263441673061266,-0.004420973784412469,-0.00036623778998168385,-0.01218007040348327,0.006217271917820313
0.1062325683470398,0.01388545086468125,-0.011832114939106223,-0.007983097672013353,-0.01006908885529863,-0.001345654236835392
0.10631146161725549,0.0031840137170059545,-0.020035339209948686,-0.017610948482179475,-0.01120056480000871,-0.008870821696904676
0.10639035488747119,0.00022046080478529126,-0.02572903777129008,-0.022694470660497262,-0.014933873449055701,-0.011165687902124534
0.10646924815768688,0.0035420578144303187,-0.021501320375727773,-0.01818088615021359,-0.011296399120272747,-0.009300909717658177
0.10654814142790257,0.006332177362863877,-0.01782284316249999,-0.015116579708655722,-0.007266025451890634,-0.008871705670182856
0.10662703469811827,0.0051410648468493275,-0.0164520515263472,-0.014427959737937084,-0.0022755990772274745,-0.010963472389125503
0.10670592796833396,0.0028803838540474615,-0.019355347315650896,-0.01638678291122995,-0.003512073690361769,-0.011955315407366
0.10678482123854965,0.004145036853093264,-0.021598715623326877,-0.01645806574089912,-0.011003985725008152,-0.008002320917173178
0.10686371450876535,0.00804804166664544,-0.016385276512186294,-0.01112582517033311,-0.012533749885531948,-0.0026791065792851395
0.10694260777898104,0.009524246960872064,-0.007491639880177249,-0.0036415678545048034,-0.0011808724425518059,-0.0024420201465291105
0.10702150104919674,0.007778360261129467,-0.0014806693253043306,-0.0008955486474003829,0.00970264885067434,-0.005955065261328473
0.10710039431941243,0.004706290293129008,-0.006830808748844167,-0.0071140428829206456,0.006360731024779023,-0.009414722843218532
0.10717928758962812,0.002607580664171059,-0.0119291604338284,-0.012338918286414676,0.006929926408964357,-0.014131073263066358
0.10725818085984382,0.0033268807380326198,-0.0089074986354802,-0.01034316505827116,0.0035644025949836513,-0.010642918474178595
0.10733707413005951,0.003711622035256384,-0.009437895955984332,-0.011523112662787952,-0.0071545026512321985,-0.005896700169843298
0.1074159674002752,0.0018346080625706316,-0.009607726306596625,-0.012414209090038332,-0.00851233319738046,-0.005921778976619255
0.1074948606704909,0.0006692269474444642,-0.006392357489360689,-0.007440607909239263,-0.011479995845666521,-0.0001315356850012238
0.10757375394070659,0.003142946137261292,-0.00862524347655425,-0.006622168121831329,-0.011278655486848574,0.00045171564043361813
0.10765264721092228,0.01012032478569995,-0.014280154539443169,-0.01095926549037287,-0.007716669704575929,-0.0051193549079009614
0.10773154048113798,0.01693945381577657,-0.014610004178302183,-0.0107266485341304,-0.005945748473564765,-0.005871700536567141
0.10781043375135367,0.01789190870913709,-0.011153739284476766,-0.00824811861867013,-0.007363013344571342,-0.0030193781818059853
0.10788932702156936,0.012996769984131233,-0.012191961680069316,-0.010061926437198821,-0.008722545995248515,-0.003822646399516037
0.10796822029178506,0.0057266985516025845,-0.013916550981449963,-0.011941188276749403,-0.008379744707415008,-0.005593339262806426
0.10804711356200075,0.000720029577284795,-0.026044505255397123,-0.023373604403201933,-0.010624079666759281,-0.014047637781912594
0.10812600683221645,0.0013514142615494028,-0.02595264853418521,-0.021298567727908318,-0.010575368337330856,-0.012320733691035321
0.10820490010243214,0.007101886532831216,-0.017364117582837464,-0.011418761765473242,-0.013009154955732093,-0.002671782677538671
0.10828379337264783,0.013986366425165467,-0.005392552290436762,-0.0005176179345386311,-0.010457107442646005,0.005166153249988929
0.10836268664286353,0.017519279077686113,-0.001814539015580848,0.0031842564786496545,0.0006312223916842718,0.002350392327027869
0.10844157991307922,0.017074745315008633,-0.009800374439373084,-0.005521503052331832,0.005449379865452261,-0.007581809127812131
0.10852047318329491,0.013325511880957324,-0.01449338257195094,-0.010395278532547625,-0.0026900438252771834,-0.007336118638304485
0.1085993664535106,0.0068040307843992955,-0.015638544523777498,-0.013055686651080872,-0.008830053362452328,-0.0062933099752497616
0.1086782597237263,0.0015134052203072954,-0.012840242931863609,-0.011303429593936497,-0.015667549180185862,-0.0011499231850441158
0.108757152993942,0.00011305216122691688,-0.01021549529140228,-0.01083851941725306,-0.014803138794238557,-0.001220457454367866
0.10883604626415769,0.0013531106547743999,-0.013555368865479554,-0.01709794696059096,-0.015843463340356953,-0.0059502168585545984
0.10891493953437338,0.0036690259270316505,-0.007846170518220827,-0.011121279900309552,-0.018559022399960684,0.0005534078952221748
0.10899383280458907,0.005691303200890437,-0.008374988813460582,-0.007823514987932531,-0.016012015265532236,0.0019736751150767015
0.10907272607480477,0.008492740078854923,-0.018306281019745994,-0.0145528357507795,-0.014737772923700846,-0.004392695520406
0.10915161934502046,0.012548485129077112,-0.01738343304001655,-0.012818866533010835,-0.007684666875301497,-0.0067069348124755585
0.10923051261523616,0.014966245384993757,-0.015065109101710751,-0.011811749594527098,-0.005241639852528878,-0.0071652482292687315
0.10930940588545185,0.014659989990738266,-0.009633983278367439,-0.007831746541242338,0.001907327402524821,-0.007634615900351362
0.10938829915566754,0.011724819433201424,-0.012907092204549157,-0.010809191568412809,0.005889264130537069,-0.012281967321679473
0.10946719242588324,0.006297849173183158,-0.019882063966259706,-0.018222800073534596,0.004239580641530661,-0.01765780936088501
0.10954608569609893,0.001502158341634289,-0.022616341385214685,-0.020726300707624302,0.004773135295594543,-0.020057491425678656
0.10962497896631462,0.00037326355641576127,-0.01939566386966666,-0.01812071569268,-0.0014726975263366882,-0.014511979256669834
0.10970387223653032,0.0033508048371495795,-0.010316147050455598,-0.010264325334965883,-0.00862367701623454,-0.004046541018838123
0.10978276550674601,0.009275286906273276,-0.0031007517102735723,-0.0058115839329092355,-0.0026085176696952783,-0.003509370173167976
0.1098616587769617,0.017090581319083836,-0.0034099308644270397,-0.003611852229858195,-0.0044249250480276215,-0.0006787572576285644
0.1099405520471774,0.025155470886038485,0.0018896375923872603,0.0036536293533386884,-0.004594896379114274,0.005546877419445738
0.11001944531739309,0.02912397672512003,0.007372011887512627,0.007881039495125877,0.0012650794053406802,0.0059765504068417545
0.11009833858760878,0.02729294741232754,0.009905988266154648,0.009473848921796446,0.00973616866941898,0.002782935506750987
0.11017723185782448,0.021761186302708253,0.006216555901184925,0.003510132507631386,0.014837352161730369,-0.004986669637640748
0.11025612512804017,0.013909209112649585,-0.010158998330202937,-0.010507572591521894,0.0025397147799965576,-0.01023275518824471
0.11033501839825587,0.0072431400793084135,-0.017329271313945724,-0.015461742205785821,-0.009628559724812169,-0.007897616306404792
0.11041391166847156,0.007071064759041439,-0.01856841141535977,-0.01515725611478932,-0.01648491872219585,-0.003967142462790634
0.11049280493868725,0.016644185960948122,-0.014187960394902563,-0.010115754396487002,-0.015023022944259461,-0.000492204219506069
0.11057169820890295,0.03391837561982427,-0.002441743066843648,0.0017822901925588501,-0.009558382508884435,0.006626463106163239
0.11065059147911864,0.05054745296484099,0.005500215749470135,0.012098691694692135,-0.01504280555385411,0.018275215130015166
0.11072948474933433,0.05989803447653102,0.016736067878327734,0.022679874933340623,-0.012817306452156639,0.026015396631148605
0.11080837801955003,0.05741570314816923,0.01818315721397391,0.020582882831344552,-0.00573740449377501,0.020452846729027026
0.11088727128976572,0.040926828803012065,0.00804981343183809,0.007487107681358416,-0.001269171292546998,0.007001712089254598
0.11096616455998141,0.019563392369114585,-0.006370914309729787,-0.00672088433202553,0.00505719196126619,-0.008384333855333933
0.11104505783019711,0.00786528436882673,-0.015077119839863151,-0.014972479876216938,0.0019009835875446555,-0.013660602491574978
0.1111239511004128,0.008225321488786321,-0.017259649740956326,-0.014995449163210111,-0.008565591972483647,-0.008073227302207095
0.1112028443706285,0.012446188025514808,-0.013103883911594795,-0.010687107504955029,-0.007978272660560325,-0.004749364122551945
0.11128173764084419,0.014767586745308106,-0.00723983935911043,-0.005831847070944193,-0.0013075961217523082,-0.0042234978202832455
0.11136063091105988,0.01656892582073568,-0.009195268445396969,-0.0051446639318659506,-0.0037248972940007543,-0.002348093077514426
0.11143952418127558,0.01980433724759883,-0.005278154133335344,-0.0017766484562315983,-0.012270868695038257,0.005075028278019117
0.11151841745149127,0.02375968376016088,0.001446528495709823,0.0016342584044744316,-0.015999104012300907,0.00995307720601351
0.11159731072170696,0.025368871314935256,0.011360543975181122,0.006987055697063322,-0.017844602631607528,0.015461467565904262
0.11167620399192266,0.02005813688003409,0.014156950219962997,0.007990952083945992,-0.014060241989357103,0.014280826394209797
0.11175509726213835,0.009975552948378697,0.0014537921854604627,-0.005924364965089931,-0.0056229565162031515,-0.001989482096706872
0.11183399053235404,0.00436538100051571,-0.007614158873545213,-0.013168134526960019,-0.0045010672477730366,-0.008707414899212474
0.11191288380256974,0.0076222051032761445,-0.010895781342896286,-0.010835730144179679,-0.005483188226193973,-0.006211632394817867
0.11199177707278543,0.015601963749060963,-0.011037001179047176,-0.007895804487094187,-0.006833927318689549,-0.00300535212957286
0.11207067034300112,0.02124483644049674,-0.009490918797426397,-0.002748733761905887,-0.011086780731121607,0.0036196905920664164
0.11214956361321682,0.023392496632763937,-0.010373156814208166,-0.0029983113998689414,-0.005951674142512191,0.0006573488469304835
0.11222845688343251,0.02473993016863051,-0.006090578441738828,-0.0022701691865129985,-0.00014786567047502994,-0.0018375710091698147
0.1123073501536482,0.023883286330760017,-0.01078862734261555,-0.007095872625690271,-0.002813982669782752,-0.004483708406242264
0.1123862434238639,0.01883871715347977,-0.007434376242783254,-0.007715668823028471,-0.0013724300475666416,-0.005779400169375666
0.11246513669407959,0.011084652844997711,-0.0021532791661840775,-0.008487822293839471,0.004615978637514042,-0.009639799040813805
0.11254402996429529,0.004310489551216537,-0.00916895870222494,-0.015097519851344868,0.00207614631520165,-0.013860016514771133
0.11262292323451098,0.0032413472813707807,-0.01842623035981062,-0.020691923895760182,-0.008151861632437297,-0.013106267129432692
0.11270181650472667,0.008576419583707272,-0.015404867044341337,-0.015499106105361727,-0.00781259497707906,-0.00890198030606532
0.11278070977494237,0.016961857356122077,-0.00915912877854466,-0.007178973385935177,-0.009233376003459876,-0.0011144008395224528
0.11285960304515806,0.025141003893370564,-0.00700332802166467,-0.002555969831217432,-0.007558441471496343,0.0018917956944883424
0.11293849631537375,0.03188611582637182,-0.0037162429065588846,0.0019330908388860877,-0.00120847462516922,0.002279694824961618
0.11301738958558945,0.03773132856219664,0.00331654784235214,0.010165534833333536,-0.0008480680337917448,0.00903765409694441
0.11309628285580514,0.04005502123654495,0.004532398410503838,0.011721360704329425,-0.003371241351852423,0.011703101234511595
0.11317517612602083,0.034599857143484965,0.001469599744245131,0.005984106896360545,-0.008911945822259893,0.009827710066477351
0.11325406939623653,0.02435954429343333,-0.005031078959619529,-0.002631006897896946,-0.012532508568777675,0.004493832380554901
0.11333296266645222,0.02058926725128577,-0.006734934840720944,-0.004354677969829053,-0.012729140517195875,0.003143727629371952
0.11341185593666792,0.03218859150557215,0.007696407639768373,0.007459516969327278,-0.013530515995640209,0.013548284619653359
0.11349074920688361,0.05256526804537813,0.030889474827780674,0.028232068592904152,-0.017026408513491412,0.03295672092410486
0.1135696424770993,0.06708807748942591,0.03151025185260665,0.03418628629336246,-0.02299514468739396,0.041178646892686965
0.113648535747315,0.0677690892504901,0.031454620153414194,0.03420906689857713,-0.015527882392170721,0.03719969000065661
0.11372742901753069,0.05271662082385179,0.02275869478169748,0.02414344333221949,-0.008940419207390268,0.025174598627023568
0.11380632228774638,0.028411035321906485,0.007013865854506209,0.007447425426672336,-0.007188395168106334,0.010139669035073616
0.11388521555796208,0.009486323710226358,-0.010135150889567452,-0.00876530090672249,-0.007995138452191724,-0.003117423411504033
0.11396410882817777,0.0018329318508706874,-0.019904422455561465,-0.01862783582913718,-0.011041089402091189,-0.009815210332904223
0.11404300209839346,0.0003936007452482435,-0.023171313547781673,-0.020432686207721335,-0.01083087011759431,-0.011452424180110343
0.11412189536860916,0.0016889010970577982,-0.010129558124138812,-0.009884876666973269,-0.00538640198651427,-0.0054605415683824194
0.11420078863882485,0.007381742292271511,-0.008051783954215885,-0.008694796971581212,0.002574428030681519,-0.008720742046174196
0.11427968190904055,0.01912042431680698,-0.00743537617100631,-0.007110195012547476,-0.0019339998021267472,-0.004967278129176123
0.11435857517925624,0.031595182893425396,0.01606456932130058,0.013215974326103927,-0.010946071699669312,0.017023290167592776
0.11443746844947193,0.037961183333976356,0.047672278431502194,0.03608568173959926,-0.014830149696655035,0.038410422842634455
0.11451636171968763,0.03502579583842644,0.028813910835100272,0.023389525494669522,-0.014828059146321963,0.027691527731499625
0.11459525498990332,0.023430658438624092,0.014953030839667977,0.00952243827396172,-0.005334117358084286,0.010898110344901244
0.11467414826011901,0.010241669146121022,0.003937292008771949,-0.002602570098043327,0.001722569642118019,-0.003120417018991041
0.1147530415303347,0.002758217370144352,-0.0012168174789855114,-0.008690415104097394,0.0019298103756999118,-0.008371676472937947
0.1148319348005504,0.0022731461455040834,-0.018060781700029567,-0.01814883838876704,-0.007334298005431435,-0.011396131746365822
0.1149108280707661,0.006405933556895303,-0.020552814592678572,-0.017879235183309954,-0.012794327090878105,-0.008243693242144771
0.11498972134098179,0.011576385272800976,-0.01798112284718455,-0.015089517016598192,-0.015587790184534179,-0.004390598481864533
0.11506861461119748,0.01633616671881597,-0.00841044495065686,-0.006986210863928415,-0.016295271101016418,0.0028325892503776795
0.11514750788141317,0.018283952609539113,-0.0007508957868959379,-0.0024073296767084065,-0.012978600458640997,0.004921760286799418
0.11522640115162887,0.016095974856513522,0.0007796673606288539,-0.0022743527892181772,-0.014179318672619063,0.005677515943683169
0.11530529442184456,0.013516042887840841,0.009077153665497082,0.0006892455254683563,-0.006683257054257023,0.004162947488004413
0.11538418769206026,0.011295245416894386,0.015480479326704953,0.002487861909356732,0.007604668841604521,-0.0019740740469856933
0.11546308096227595,0.007641954089095503,-0.0022978411370779546,-0.009346086545421321,0.013637348002690602,-0.015198264197778841
0.11554197423249164,0.00365831739943328,-0.01333282378964443,-0.015378354467912858,0.013393647595887646,-0.020160221707376243
0.11562086750270734,0.001223015235661896,-0.018764844485655005,-0.019962102673104103,0.002333418996097222,-0.01810551949273347
0.11569976077292303,0.00441407910282093,-0.019340443458569407,-0.0190068364721096,-0.0026841413130117937,-0.01461146004849283
0.11577865404313872,0.015992441581908146,-0.015444064784713364,-0.009666958612994679,-0.007344334298597392,-0.004227523729358307
0.11585754731335442,0.03237810064670238,-0.008938431521025253,-0.0014250235040450207,-0.009771449421906527,0.004032558720574108
0.11593644058357011,0.04472368641589085,0.0071067900140649315,0.014120875368933743,-0.0057078140361803914,0.014980866866887647
0.1160153338537858,0.04401104314013894,0.011247700089616564,0.017803949738786195,-0.007605523954098153,0.019107137579890764
0.1160942271240015,0.03013676027956967,-0.0006166376022751844,0.004348401683943322,-0.005692647243397552,0.006721682034826761
0.11617312039421719,0.013420621297946364,-0.009095412309433889,-0.007888660168188243,0.0011628370109501931,-0.007283792415352021
0.11625201366443288,0.005864594443273224,-0.013339539230959542,-0.013499667449081567,0.007014798533920875,-0.01515656531226213
0.11633090693464858,0.010663112144047549,-0.00648313477964467,-0.009185366482239842,0.0032795122265671167,-0.009512711706136538
0.11640980020486427,0.019434738632131906,-0.003005223720339293,-0.0049982191097719154,-0.007947513651265264,3.807718206663335e-05
0.11648869347507997,0.023306104345140327,-0.00374257504975823,-0.002878501985364815,-0.014567723314519122,0.005375526216571038
0.11656758674529566,0.019090484421163414,-0.003814219365947957,-0.004122844086086428,-0.013647840148352375,0.0038318145025202917
0.11664648001551135,0.010067444790590581,-0.006349089261205947,-0.005310405818142377,-0.013203490775272251,0.002590877141366885
0.11672537328572705,0.00443883602570734,-0.01629482174544635,-0.012826863454106923,-0.01442603431112863,-0.0031018810494228576
0.11680426655594274,0.004320894700296811,-0.020627950293706846,-0.018341532935735712,-0.013801703852189349,-0.008094574430173172
0.11688315982615843,0.004747117972471847,-0.01788201161559633,-0.014551677732732112,-0.004465901041151533,-0.009894632349200627
0.11696205309637413,0.003259853159681977,-0.011133049888700789,-0.010597967300325466,0.012530098832452211,-0.0156618154402113
0.11704094636658982,0.0007955858686878272,-0.011765677428052594,-0.013900495632581599,0.02301833979013426,-0.024070668543427088
0.11711983963680551,0.0006261665042641058,-0.01143109977069109,-0.014735196901170465,0.024974071541360433,-0.02582359061933155
0.11719873290702121,0.0053772522367017675,-0.011144981331412297,-0.013738205973314446,0.01939720837231626,-0.02199279071599231
0.1172776261772369,0.012370672411612877,-0.009912446240497719,-0.010980973942476156,0.0023699977805776502,-0.010541547666337107
0.1173565194474526,0.016719114903721553,0.004188633152380383,0.0027671344872713948,-0.006429410491252487,0.005781356130969139
0.11743541271766829,0.015422070940414779,0.00909819699252704,0.008624423811614133,-0.004323055724253888,0.009598192721823311
0.11751430598788398,0.009228107618171404,-0.0021191183858221396,-0.0021647263331554417,-0.006738629989199518,0.0017828680234605481
0.11759319925809968,0.002815080399905399,-0.007016023716074863,-0.00919456616391985,-0.004309394881595892,-0.005454643679143544
0.11767209252831537,0.0006158242842280512,-0.014217436045937653,-0.016863910954147666,-0.0026703937207369823,-0.01280909422701606
0.11775098579853106,0.003071029994359475,-0.014592235904776193,-0.016968344588564825,-0.0022545674837083987,-0.013120021317624665
0.11782987906874676,0.006178473989129672,-0.018035529700662294,-0.013874387061915494,-0.00794137399088106,-0.007460827292835371
0.11790877233896245,0.005466383516917464,-0.019182634175832474,-0.015606584931797427,-0.008273117788759719,-0.008746056757732601
0.11798766560917814,0.0015613286025481163,-0.02115944422894821,-0.018553965900133283,-0.01125520992633621,-0.009638116774352331
0.11806655887939384,0.0004487307766418136,-0.021331746124071363,-0.018322874045683526,-0.011651712918900117,-0.009230518607953191
0.11814545214960953,0.008543939514684844,-0.020024382965571418,-0.01698805951901564,-0.007172080977881777,-0.01050262598526646
0.11822434541982522,0.02299629528618559,-0.0069877488386275955,-0.003864226559592284,-0.0027468539716557386,-0.0017909703970797961
0.11830323869004092,0.03256643660054464,0.01391387541914622,0.012637326185077527,0.010934129130069036,0.0048127175341129555
0.11838213196025661,0.03134741369723791,0.0055378783051300675,0.004491739708078452,0.01264202852992976,-0.0029813080769112267
0.1184610252304723,0.021111969512391863,-0.007532604711882042,-0.00649368440847304,0.008835561431839771,-0.010217014916495593
0.118539918500688,0.00823011406713355,-0.015021040916668352,-0.015193132361774886,0.0008351551919584992,-0.013275978876070658
0.11861881177090369,0.0027455145905403407,-0.02013649531265429,-0.019352158041759836,-0.0038444888569675296,-0.014281624598151483
0.11869770504111939,0.0072151307087359095,-0.01515216082297555,-0.014414984320166737,-0.0066342766769824065,-0.008617605891199047
0.11877659831133508,0.014639356771374873,-0.01202825990144172,-0.009662470861403632,-0.014526591705323662,-0.0003753974269832137
0.11885549158155077,0.017651418001424113,-0.007954233309648898,-0.004968056383788001,-0.009650815327708269,0.0009762295907789391
0.11893438485176647,0.013208052190279361,-0.015231540164479647,-0.011765131995875982,-0.006924886609530988,-0.006224098577377899
0.11901327812198216,0.005983095507247985,-0.02017865442723792,-0.018209366064023732,-0.0036951343681066048,-0.01339647322707428
0.11909217139219785,0.0025047614622707146,-0.021609534379455873,-0.02114094288773038,-0.0041479679656249374,-0.01562986852032205
0.11917106466241355,0.004223585543868267,-0.014882797981741797,-0.01593347278584767,-0.004289295650045314,-0.011156165678983474
0.11924995793262924,0.008753593739039027,-0.010414231698376438,-0.010983005721833682,-0.007710390236382626,-0.005142767477238847
0.11932885120284493,0.01114240343680844,-0.016570859340494775,-0.014263392707857935,-0.012147244659743709,-0.005536141525079776
0.11940774447306063,0.00874196476848139,-0.018302752238765155,-0.01564140564415,-0.016769673486927022,-0.004223550089892789
0.11948663774327632,0.0034261604526677975,-0.018858648206773878,-0.017229066710180155,-0.02025388316387371,-0.0036979358781938677
0.11956553101349202,0.00047309433113903207,-0.017630706330081142,-0.015896240194824232,-0.016699888979900625,-0.004476211705075409
0.11964442428370771,0.004546263335665685,-0.022413773875964937,-0.018191331195546112,-0.01578967153816455,-0.00690271381020506
0.1197233175539234,0.012801769300413629,-0.01621647508810603,-0.01205078939112316,-0.008047604119441156,-0.005863843192317464
0.1198022108241391,0.01982445902090338,-0.009763344802254973,-0.004872964786522794,0.003588116664191382,-0.006036956924197755
0.11988110409435479,0.020671897255009584,-0.003916673893314801,-0.002790688836541327,0.016055019176999356,-0.010959439134494679
0.11995999736457048,0.013416256617881806,-0.004537638057448407,-0.00916245294164258,0.030954067625484232,-0.024326406703752263
0.12003889063478618,0.005493358886249169,-0.005074967164091918,-0.011728680759224031,0.03337012935504509,-0.02778836332670017
0.12011778390500187,0.003642724171263962,-0.0032318958722252953,-0.010597748794371569,0.029743198350935553,-0.024888515118270907
0.12019667717521756,0.004813771560943376,-0.012925536186293149,-0.015265833938165614,0.01088228724680367,-0.018719696752359835
0.12027557044543326,0.004340900733536445,-0.014793416126324998,-0.014916318246213811,-0.003142885208319722,-0.010911283971195602
0.12035446371564895,0.0013544459728940103,-0.015320930378536267,-0.01551116719507408,-0.0037959095471222976,-0.011063817209835904
0.12043335698586465,0.0017348204904295737,-0.018719637053960972,-0.018654090342692088,-0.0013479403442898294,-0.01502923203934697
0.12051225025608034,0.0123893196958205,-0.008784228726250443,-0.010019331008022724,0.0014019672956209943,-0.009210956335175456
0.12059114352629603,0.030609552453901855,-0.001975793585752944,-0.00013325905816897573,-0.001636368881809457,0.0007642617549861642
0.12067003679651173,0.0453362295715749,0.0036789978868977903,0.0061479625352020085,1.0652261753357598e-06,0.00519043321861677
0.12074893006672742,0.04630117558620202,0.006836325672155745,0.009685671006169305,0.007950546175595869,0.003918530871738073
0.12082782333694311,0.0329623680154826,-0.005637608113943711,-0.0037333188860723667,0.0122584934934658,-0.009720666684921542
0.1209067166071588,0.015660213125617467,-0.016381684114983863,-0.0157899252881466,0.01346581008958376,-0.020546334044899334
0.1209856098773745,0.007614335372435619,-0.018375850643114384,-0.014488452349326865,0.0028943651497304337,-0.013784043663283622
0.1210645031475902,0.013313492468562834,-0.016959933097228864,-0.01166659863913869,-0.0027799831856316704,-0.008361463070360993
0.12114339641780589,0.02397774825900589,-0.008981431041751312,-0.0032245840067806567,0.0018896317232509905,-0.003735119590088544
0.12122228968802158,0.02997695620617391,0.003328084331574106,0.006128674702094759,0.011835032796552977,-0.001166580483103574
0.12130118295823727,0.02722054754346413,-0.0016746177395437973,0.0007130967442804479,0.016935977893674257,-0.008473220651936939
0.12138007622845297,0.0165468914836171,-0.014590593195845155,-0.010989114238502129,0.00789632974615344,-0.013509210953136735
0.12145896949866866,0.005495720213519276,-0.012544564148494381,-0.012628482807849152,-0.006901086679113444,-0.0069659440254514265
0.12153786276888436,0.0009036143422756424,-0.008336346925803133,-0.011578318974913428,-0.012860610561481703,-0.0028861312223632317
0.12161675603910005,0.0013402462413561822,-0.014790889145120842,-0.017211050240035927,-0.011173340753699851,-0.008547618404554314
0.12169564930931574,0.0026513357966045483,-0.015573517821857202,-0.016369759093691105,-0.009439517509930986,-0.008765807519915243
0.12177454257953144,0.0020804507450454383,-0.018617597962270874,-0.01867184029548628,-0.008993902111844797,-0.010948941715725757
0.12185343584974713,0.000571255382510288,-0.021505337407773707,-0.021748840569843615,-0.010005345530745037,-0.013006400732603337
0.12193232911996282,0.003289465384175086,-0.01312305246482502,-0.014332691744292171,-0.013004562451962612,-0.005135357991255249
0.12201122239017852,0.01269106861618477,-0.01663360406981005,-0.013051130117585163,-0.01188518428326135,-0.004652660380539565
0.12209011566039421,0.024472454077755,-0.009145563355958258,-0.005060725513518705,-0.007474013187139916,-0.0002684148272605578
0.1221690089306099,0.03217588161515122,-0.004804426697495408,-7.811064053079942e-05,-0.008860278646159342,0.004681575006588487
0.1222479022008256,0.031208723765840805,-0.005094504035177441,0.0012002908996001133,-0.015443051508675726,0.009288649116698137
0.12232679547104129,0.021374626082794324,-0.002336697831209029,0.0009760843625819289,-0.016554992483867662,0.00969529324214238
0.12240568874125698,0.009556185926034879,-0.012599842235607658,-0.009242439532286045,-0.0212018649490792,0.003556770851434206
0.12248458201147268,0.005416176412889465,-0.01830847755368352,-0.015394103182624541,-0.018280502867087104,-0.0032051178042569414
0.12256347528168837,0.01009843129346155,-0.018463530373271267,-0.013617812861976712,-0.01901459646205845,-0.0013112339802328556
0.12264236855190407,0.016393061359289345,-0.011256959450945674,-0.005982859262325022,-0.018539407296444068,0.004882652437502668
0.12272126182211976,0.018356299383602653,-0.004411300168397863,-0.0023685201389014544,-0.006165757968410791,0.0013038327648046957
0.12280015509233545,0.015896907333380627,-0.0009362128143290525,-0.0029855193812629538,0.0041561238172993726,-0.0047476726362289095
0.12287904836255115,0.015484459458130654,0.003939916465627976,-0.0019047655515623937,0.018110465625917112,-0.011313110266053847
0.12295794163276684,0.022250773948630422,-0.0009562949001584592,-0.004894391534398394,0.018849845197153717,-0.014233540110140205
0.12303683490298253,0.02960416414287273,-0.00045740127490785686,-0.001800286733746975,0.007427673647275316,-0.0054999221233708075
0.12311572817319823,0.028668844333503796,-0.0010174970711091843,0.00017656142162777433,-0.0020040646278857363,0.0012228703369805136
0.12319462144341392,0.020890084690268054,-0.006209667448150956,-0.0038469871385750434,-0.015277819591709346,0.004938278253989236
0.12327351471362961,0.015778633750594826,-0.0075916060932100715,-0.005900647832598749,-0.01608379930342629,0.0036360052602243172
0.12335240798384531,0.02311477354922587,-0.007393461376134215,-0.003923054067173737,-0.017610206441213163,0.006124077024231588
0.123431301254061,0.04248122377078692,0.00696237493388397,0.010734502117359254,-0.017545616762463932,0.018464849774433724
0.1235101945242767,0.06287119938741897,0.02505168258943409,0.027063595713572555,-0.009096580998007465,0.02772376577661978
0.12358908779449239,0.07351093608530394,0.03478623991267096,0.03584893100723329,0.010293185543463155,0.024766742545239744
0.12366798106470808,0.06768604840675793,0.02816351287853232,0.02947042500833988,0.028505532814632684,0.009623912323408474
0.12374687433492378,0.04690179779777558,0.014746641087658142,0.0138552266627491,0.037357455948533104,-0.008322230850769462
0.12382576760513947,0.022858966024315728,-0.007646399995819469,-0.008067268538663951,0.028441305462351154,-0.022054339533141603
0.12390466087535516,0.008657338440337548,-0.022728637258592276,-0.01928360226351725,0.012491497540656584,-0.022973713800181074
0.12398355414557086,0.00807049975184057,-0.019868704001364458,-0.014723276399880525,0.0024671669448609167,-0.013753475917316162
0.12406244741578655,0.013787910314056682,-0.01739696243486549,-0.011824527261689975,0.005686323978624476,-0.013030502624514944
0.12414134068600224,0.016555218587293762,-0.01506990453992379,-0.010870650295875422,0.007581561589680312,-0.013240545745144366
0.12422023395621794,0.0122451901469147,-0.01652684093897023,-0.01328366327050176,-0.002448385227681978,-0.009904612153356454
0.12429912722643363,0.005294695725967524,-0.018831237234601683,-0.01755852153244993,-0.0071898872750271745,-0.010974897127753546
0.12437802049664932,0.00502116018453758,-0.016282458734381017,-0.016749123517997302,-0.009686526146860785,-0.008953910754388651
0.12445691376686502,0.010675280042342914,-0.010099652993709206,-0.012450722018362158,-0.0006004412627457499,-0.01019122014169628
0.12453580703708071,0.01457407707914272,-0.009499912341059248,-0.010744787976161359,0.011905562901730676,-0.01545111496407099
0.1246147003072964,0.01306201074805128,-0.009987558083216464,-0.010908794271591355,0.008900482492601816,-0.013979412149502839
0.1246935935775121,0.0062765155841809275,-0.015547647080093957,-0.017120973758859716,-0.00021636549175453184,-0.014340651839439693
0.12477248684772779,0.0014425694686800296,-0.020676391131406284,-0.020279361238778538,-0.006393256540167295,-0.01369966073318426
0.12485138011794349,0.0068949989206867875,-0.021077369508301518,-0.016730298705037578,-0.01008120601695265,-0.008726587519341198
0.12493027338815918,0.019043927445894563,-0.013330943149684103,-0.00867027209409813,-0.005026507135447144,-0.004627713815720712
0.12500916665837486,0.028011954269153715,-0.0020247382721267477,-0.000540353682445868,-0.001765997097815664,0.0004899906175699319
0.12508805992859057,0.026692198981223863,0.001819286195062704,0.002127237839366571,-0.005880542437559407,0.004946975461671771
0.12516695319880627,0.016008286911216536,-0.005417998611644014,-0.004487897592933437,-0.005262857971092294,-0.0009694930031970298
0.12524584646902195,0.004634866601211063,-0.014287947871202135,-0.014904381005538656,-0.0014476113327072172,-0.01180932472152395
0.12532473973923763,4.3764776160168495e-05,-0.011988931169788858,-0.01429845689309663,0.006532222096128823,-0.015572455827524615
0.12540363300945334,0.0015995907107764407,-0.015581827760730377,-0.016600141393182218,0.006019167581560437,-0.017240966968518304
0.12548252627966905,0.0036748291453628486,-0.02268408062947476,-0.02092110898127177,-0.00318851882258831,-0.01595803343009828
0.12556141954988473,0.0035935196382338233,-0.02913620346733117,-0.023591843022113312,-0.012242050704729335,-0.013365539823645405
0.1256403128201004,0.003008010227318505,-0.026075758757057522,-0.02095554976269082,-0.01046092554909855,-0.01209225851663684
0.12571920609031612,0.006635839359056964,-0.018095658347275213,-0.017444117750934587,-0.005818507728670978,-0.011612841759844986
0.12579809936053182,0.017752566159041878,-0.010576426414155151,-0.01036454422567786,-0.008847558953126252,-0.004011223429259062
0.1258769926307475,0.029541355877720187,-0.0006587575518626661,-0.0021348741041928338,-0.014910228747556832,0.006187000783411575
0.12595588590096318,0.03289944578532707,0.0011187239409993898,0.0019921441785883645,-0.019582131340012892,0.012175716732946778
0.1260347791711789,0.02723279218341409,-0.002588807940575526,-0.0012408113256752742,-0.01967963238227675,0.009498216770899506
0.1261136724413946,0.0178555500712413,-0.009035292256335243,-0.0073990975199515864,-0.01715042629627406,0.0029421980694453714
0.12619256571161028,0.013291836471029772,-0.010531331893138395,-0.008033353354814247,-0.019876049407656755,0.0038673436544114865
0.12627145898182596,0.0217820987930045,-0.002797797688675584,-0.0004657662054707827,-0.017512038821425817,0.008990813448631499
0.12635035225204166,0.04145195116762368,0.006165513833410123,0.011246565174766883,-0.012442543767132462,0.016162470001424484
0.12642924552225737,0.06072404637249959,0.024059910480994724,0.028729779496940694,0.0006663557601744467,0.023903878592806203
0.12650813879247305,0.06749081361678068,0.031077571547055125,0.03449108621884032,0.018160288922868875,0.019408714768379208
0.12658703206268873,0.05616210779433711,0.01867112149761246,0.022774237048213092,0.02354723582560702,0.00661913616374767
0.12666592533290444,0.03173030657397539,-0.0023941456836092893,0.0011145836867737366,0.01194068757327562,-0.005457116251846588
0.12674481860312015,0.009747226589728354,-0.01727873561059794,-0.014652588972599658,-0.0018213623501191747,-0.011396488469839974
0.12682371187333583,0.002468926692196179,-0.017567999363133337,-0.015694852427151705,-0.007904759154415077,-0.009017931191023912
0.1269026051435515,0.006147376389283484,-0.011765799016118633,-0.008965017685519373,-0.006887477665912703,-0.003879542463693307
0.1269814984137672,0.009788399666751515,-0.016325992430822164,-0.010002623550776428,-0.002850410273630956,-0.006918640270129195
0.12706039168398292,0.007130488645204678,-0.01719666330349302,-0.013191360641039132,-0.0014392298211858717,-0.010367278500242017
0.1271392849541986,0.0014509207075162247,-0.021897851428449067,-0.017974230260193996,-0.010631301114731337,-0.00948261834727824
0.12721817822441428,0.0018955839422239555,-0.0236026960888021,-0.01999618258854112,-0.014587119533635968,-0.009071688882657178
0.12729707149463,0.009705373527663888,-0.013732029073935939,-0.012028303184033017,-0.014114696531923841,-0.0025942263535796285
0.1273759647648457,0.016507311400308703,-0.004155021364682653,-0.004143307958784311,-0.005266456083830977,-0.0006766021382708631
0.12745485803506137,0.01617552175991556,-0.005841641913780502,-0.006062542272990099,-0.00236029831737956,-0.0038542650629250774
0.12753375130527705,0.0090004239653128,-0.01384881126365257,-0.013191699121969798,-0.006771691927888943,-0.00751090351297851
0.12761264457549276,0.0013363432729167402,-0.01579293941224282,-0.01748654908210738,-0.012243966162522813,-0.00820680786936395
0.12769153784570847,0.0012420315447510795,-0.012029947845549083,-0.014502335363033832,-0.008532562597034669,-0.0076744529330249915
0.12777043111592415,0.007851484745446015,-0.008303532318199783,-0.00754881372665355,-0.006328678927089301,-0.0029830526618531334
0.12784932438613983,0.01307801124123319,-0.004661601716651198,-0.004363448901881033,-0.002997650370945329,-0.0020781175515201165
0.12792821765635554,0.011859665416254593,-0.005037468041562841,-0.005203840242860177,-0.0006095446939753933,-0.004067243408834106
0.12800711092657124,0.0054080927422980795,-0.007738395362307155,-0.009838334269764654,0.004170356087585556,-0.01054131905873984
0.12808600419678692,0.0010510602961773152,-0.010064298651560328,-0.011642699301956686,0.009520822970464077,-0.014931403278219752
0.1281648974670026,0.005726441457493954,-0.009095494584915036,-0.009337238715128173,0.01521616702262411,-0.016036870458897026
0.1282437907372183,0.016739427372027056,0.003497678026246888,0.0004287038786053323,0.023539895622686536,-0.012253331634944043
0.12832268400743402,0.025592660433605488,7.926605703066926e-05,0.0004967127192259074,0.02801313704011432,-0.01459439852311039
0.1284015772776497,0.026185823715565926,-0.010357843700840336,-0.003921260316992365,0.021690328316813525,-0.014934571848170647
0.12848047054786538,0.0180226828870549,-0.014464575971898708,-0.006212704379890238,0.012387921217945118,-0.011883342212007498
0.12855936381808108,0.0064973873070530725,-0.02003906850616459,-0.013961653797961639,-0.001052427576916088,-0.01122494494481617
0.1286382570882968,0.0003548301458242107,-0.020753155925555947,-0.01820086128819759,-0.009049958673639369,-0.010521098586758657
0.12871715035851247,0.003268801108321783,-0.011620054553386296,-0.013855296915166506,-0.014786347203683206,-0.0037774815887267575
0.12879604362872815,0.008836883365664716,-0.01064703027196376,-0.0130752849476786,-0.013916634221273018,-0.003584642353467875
0.12887493689894386,0.009841983676109268,-0.01287606535697595,-0.013280180269901428,-0.012706010781858703,-0.004406337589166172
0.12895383016915957,0.005598428272054113,-0.015901057775139706,-0.016436609560541063,-0.011965236679460076,-0.007469250822353527
0.12903272343937525,0.0017081302890629725,-0.022078192947197404,-0.02171697530779486,-0.007643287201550516,-0.014244502570926501
0.12911161670959093,0.006578278627459059,-0.014832876003160578,-0.015955791151697433,0.00019506546771194422,-0.01357710721434723
0.12919050997980663,0.021512132573837876,-0.0012114609553936144,-0.0011948049316086009,0.004538148888779274,-0.003440407869594708
0.12926940325002234,0.0392189004371507,0.006940491061684508,0.010452768761236787,0.010381366065758589,0.003263937122836931
0.12934829652023802,0.050424428021560296,0.016842453493403613,0.01997630498932178,0.011123943781979838,0.010909921080196948
0.1294271897904537,0.04715565110652786,0.02413729237363409,0.023390435702537724,0.014930771617093433,0.011755398943373603
0.1295060830606694,0.0301964002868328,0.005772053137777185,0.00565243864101659,0.012305428738821289,-0.0018208020941034258
0.12958497633088512,0.012780610696391905,-0.013459058652321549,-0.011630148484616465,0.00236894084484127,-0.011089116459669117
0.1296638696011008,0.007778517857292509,-0.02123519268655546,-0.0179944807663459,-5.929122280507849e-05,-0.015162423438613995
0.12974276287131647,0.014436480471319733,-0.01577569805173216,-0.01187261330638138,0.0008019406166640809,-0.010454355746887769
0.12982165614153218,0.022824715239332778,-0.00694669465945601,-0.004005116197675231,0.009017048217719861,-0.008213159835551464
0.1299005494117479,0.02454668795784599,-0.005754656244593696,-0.0018311294746829916,0.018306412356111818,-0.011355964814653046
0.12997944268196357,0.017777449077453465,-0.014188002857471193,-0.009629600824991645,0.016007334267989094,-0.016707683819826454
0.13005833595217925,0.008394139937007867,-0.021056043090843236,-0.017246176346272332,0.005612960491825995,-0.01756884209815638
0.13013722922239496,0.003963658774530265,-0.02352232031423773,-0.01977889630188426,-0.009608786398296763,-0.01155470946095875
0.13021612249261066,0.0036721609760544355,-0.02320811624091771,-0.019775616420512974,-0.016638749880753333,-0.0077863184779593106
0.13029501576282634,0.002803667442003966,-0.02340974669217424,-0.02012301955163066,-0.01780505129152091,-0.007455041259881918
0.13037390903304202,0.0005435948409637252,-0.022277379098597786,-0.019230498440844988,-0.0177709667415757,-0.006719208784346818
0.13045280230325773,0.0011167747489293995,-0.021615738315023694,-0.017545754585118967,-0.020775640895306646,-0.0036859257683281464
0.13053169557347344,0.010692638678884715,-0.008807381036719849,-0.005800670354551009,-0.022617639019120568,0.007222511164716428
0.13061058884368912,0.027211841423397033,0.009018511036299684,0.008582636866510241,-0.014917067885927983,0.01523952488720313
0.1306894821139048,0.041333859415547944,0.02164107823100153,0.02119130311897338,-0.002639082671774927,0.0193072065825182
0.1307683753841205,0.04604773247253542,0.020622973439618237,0.020899031880060176,0.009177070118760502,0.012732131393262507
0.1308472686543362,0.03936041121270443,0.008089077867632688,0.01042115315222198,0.014537166554324256,0.0010104814185213913
0.1309261619245519,0.027667849600503655,0.0026273927757794985,0.0018918059202091527,0.013500623168189962,-0.005636813464939398
0.13100505519476757,0.02508698232776967,0.0027438732450123064,0.00021533270430872686,0.022813497934135195,-0.012044066583891675
0.13108394846498328,0.03784829424580212,0.007828636601656128,0.0075790853796484205,0.03505497831956249,-0.012389833316419598
0.131162841735199,0.05530041128917645,0.019405338653247277,0.019435465545510806,0.051753061649390336,-0.011330825307802104
0.13124173500541467,0.06289947116165738,0.015161118261744974,0.02052559023468876,0.04921540806907081,-0.009046280574074878
0.13132062827563035,0.05498050912200333,0.009291127661803901,0.015219074967588779,0.026666829936397192,-0.0014371945837759147
0.13139952154584605,0.035584655797032794,-0.009164039519135138,-0.0005672277891677796,-0.003137527448720911,0.0012021788684282034
0.13147841481606176,0.016076279758237534,-0.015352527270114047,-0.009495178308660205,-0.013844326838497087,-0.000599705756910188
0.13155730808627744,0.006817151806789782,-0.01856267641345868,-0.016127463154499075,-0.010739546207711902,-0.007864738914875196
0.13163620135649312,0.0059433770200757055,-0.015671262557826755,-0.016627012547742764,-0.006062858387103546,-0.010791857717097
0.13171509462670883,0.005821155674504715,-0.013162668680819467,-0.015721294743992843,0.0006606713823478426,-0.013628500900717518
0.13179398789692454,0.005415290588722678,-0.01071110546359553,-0.013776171541612613,0.0075189595753256165,-0.015660117280836595
0.13187288116714022,0.011225695262430871,0.0023272095201665953,-0.002432968540886172,0.019561043734426846,-0.012536607978053201
0.1319517744373559,0.028357096768753358,0.004655006772184821,0.003982428580053805,0.03495031029869951,-0.015371624367079756
0.1320306677075716,0.0510052729502034,0.022656530451832576,0.02406056315738252,0.041635929780061975,-0.0019893225179833307
0.1321095609777873,0.06998913986110172,0.03392351537848852,0.03870032705452929,0.026367618962081157,0.018576076932273665
0.132188454248003,0.08138478178452842,0.04255252104712995,0.04948119641202672,0.011988028417108642,0.03538733758033023
0.13226734751821867,0.08209022588595831,0.04197357423347686,0.04768159770959356,0.002997794261179652,0.038670353789527774
0.13234624078843438,0.06972424295854794,0.03422382104825311,0.03591621405698926,0.013459442761685923,0.023129354560541972
0.13242513405865008,0.04953139561680614,0.022750428992964332,0.019503605886408756,0.03270677628028801,-0.0010542417552160972
0.13250402732886576,0.03375044256105863,0.010751414671344404,0.008506713837063922,0.03785248007999791,-0.013107045807655256
0.13258292059908144,0.03142551525466796,0.008114240733696161,0.007156796329480966,0.043476580588493206,-0.0172658567676623
0.13266181386929715,0.04093396130145224,0.015249003778889247,0.013693212969112313,0.056530607943509524,-0.018753337937940966
0.13274070713951286,0.052105926386554924,0.018833082890185694,0.018223010093786938,0.06980263286692318,-0.02206016687502583
0.13281960040972854,0.055793931431428266,0.017309723603175713,0.018712902522407645,0.07030133484441316,-0.021914043703716482
0.13289849367994422,0.05080625282057647,0.008276109880924358,0.012583767078903484,0.05178555104113155,-0.017141687791815123
0.13297738695015993,0.042328269930813914,0.0006829689834617348,0.006049365514787064,0.023344748667218872,-0.007402261968555392
0.13305628022037563,0.034793772848178174,-0.0018655844467072968,0.0033032529870217556,0.0026157035923283257,0.0013875791093016295
0.1331351734905913,0.028230095766292606,-0.007665847857302797,-0.0024971435571003093,-0.002875200376017781,-0.0005678981533111429
0.133214066760807,0.02173694803715566,-0.008097651420615838,-0.005440202699997122,0.008460281010973502,-0.009126472994598194
0.1332929600310227,0.01866992782659822,-0.010562829845608768,-0.006610205719646319,0.011394896126547795,-0.011686808111427936
0.1333718533012384,0.028148560539747926,-0.0006735989928195377,0.003263200799624262,0.016534814867909954,-0.006104913146658177
0.1334507465714541,0.05390507539582083,0.016883213522584734,0.020159646384134616,0.024278073960492582,0.004017875470567209
0.13352963984166977,0.08431099722185566,0.048872229939948206,0.050904545299844534,0.04175235357873626,0.020679014457321596
0.13360853311188547,0.10259881449349326,0.06339516981100529,0.06642729307285891,0.06002932770343722,0.024083787355760274
0.13368742638210118,0.09769787397066841,0.05005322298257731,0.055744539755587685,0.05114382973934428,0.01975950305050482
0.13376631965231686,0.07022191670288723,0.020070510941187603,0.02726946425230655,0.02729136266025296,0.008413235350360412
0.13384521292253254,0.038676301811864516,0.00692092373725881,0.012358240758522461,0.01286199187005186,0.003544096719196203
0.13392410619274825,0.025168620166551886,-0.003699435289702814,-0.0007503142395119953,0.008670676861201616,-0.0052794506953642364
0.13400299946296396,0.029157260226058995,0.002797314051692216,0.004758578071712862,0.016907739698662255,-0.00504202558280861
0.13408189273317964,0.034023418048532456,0.003211987840285672,0.0053724810263020275,0.02018503251155226,-0.006280155970453602
0.13416078600339532,0.02965448994179223,-0.0075499323117233594,-0.0037459345984600205,0.0056412904464205995,-0.0061854876809259085
0.13423967927361102,0.020441614841834835,-0.015143940690571685,-0.008381255167568194,-0.012479858027233276,-0.00039012629060346677
0.13431857254382673,0.017493121209763412,-0.014563309813346687,-0.007094020711337634,-0.01716379964914851,0.0032070086256249714
0.1343974658140424,0.023569868186424942,-0.010061949727228386,-0.004256523938311931,-0.006835476429347314,6.85045253548337e-05
0.1344763590842581,0.03014874425597386,0.0016710425910527727,0.003583869012012116,0.0038406387746834306,0.0009681939840995835
0.1345552523544738,0.029044767412597462,-0.002600817731045842,0.0006783922600864151,0.004150945304706671,-0.0016513208737052748
0.1346341456246895,0.02181210768695992,-0.010094026549340801,-0.006697540958045441,0.00282505553528137,-0.007168661536456467
0.13471303889490518,0.017970390821914036,-0.010655865723056816,-0.008182582664713113,0.007697456504784962,-0.011033122160612622
0.13479193216512086,0.024657000969890118,-0.008499150694796929,-0.004675899531023155,0.014548586241334703,-0.011743755650157364
0.13487082543533657,0.03989440750963694,0.001244188904847935,0.006986660793763139,0.010600996434446003,0.0002191968808949751
0.13494971870555228,0.05783764055903951,0.020789583501421464,0.027875252522378834,-0.0010896969694267687,0.024122223135101813
0.13502861197576796,0.07600895264789057,0.03114878924397271,0.04074674595507221,-0.015593316029025769,0.042753811571681094
0.13510750524598364,0.09024350731631318,0.03811625615122921,0.04865317002524401,-0.014234259811122063,0.04870245118842932
0.13518639851619935,0.09207253819285882,0.040786095621372545,0.04740748951519179,0.003522251595682842,0.03815831692691591
0.13526529178641505,0.0784622077593792,0.034019998467569486,0.03771110241743227,0.02262692842590849,0.019741241520381567
0.13534418505663073,0.05687000894405943,0.023754822890219327,0.02588810120804526,0.03301836449179682,0.004176497023899646
0.1354230783268464,0.03884523727162981,0.014317671765801288,0.015432862782048107,0.03532979268127877,-0.005901364455416938
0.13550197159706212,0.03242146474932973,0.0056889623367690784,0.007573494256699424,0.031835997850320166,-0.010667940260909317
0.13558086486727783,0.03671760715142945,0.0038937175456669054,0.0057870053193159205,0.03617876431419079,-0.014506500288130634
0.1356597581374935,0.04570473962383858,0.006592823397396088,0.010800529367388331,0.03044883811882363,-0.007197975457801547
0.1357386514077092,0.05602330176616287,0.011669206676537503,0.016243425441980482,0.018396721670286338,0.00386033921729467
0.1358175446779249,0.06837168375742025,0.020343197515010455,0.026178501133435214,0.009740277539642057,0.016890643013424404
0.1358964379481406,0.08269713401402427,0.0399803061615023,0.04319910262306859,0.016482775244820985,0.02767043170823006
0.13597533121835628,0.09239202783596744,0.0494238360148138,0.05297366539063144,0.034544622718173844,0.026288093957369255
0.13605422448857196,0.08887714745263264,0.04198399829762826,0.04589107242092949,0.050819811860874455,0.01157316859357796
0.13613311775878767,0.07280085472533644,0.03072591530304097,0.03321364903103654,0.05641090928423488,-0.002169658556358059
0.13621201102900338,0.057524590559629746,0.019330820657134488,0.0223431940136749,0.05079234095249734,-0.008355376310301286
0.13629090429921906,0.058316261929545705,0.015111229722858185,0.021129460347322503,0.042117169635763604,-0.004726342774727038
0.13636979756943474,0.07347440242869618,0.02773050711203119,0.03366362000980934,0.0387532079547286,0.007681012143092053
0.13644869083965044,0.0859006728576092,0.03583226155733226,0.042917752989394674,0.038860359108254604,0.015458829841660039
0.13652758410986615,0.08075923200953465,0.02430863890711034,0.03112183113289503,0.027878680491315026,0.011356272530761932
0.13660647738008183,0.05519302099430693,0.00676169454212121,0.014745719555928804,0.0016301383064983306,0.011577567626216078
0.1366853706502975,0.022858324263933666,-0.010942870768800468,-0.0032189140990293813,-0.01769106704977795,0.006762017021469877
0.13676426392051322,0.003420678830957479,-0.015525459814161839,-0.014271897441306544,-0.01699328727681666,-0.002946872765507018
0.13684315719072893,0.0003029599358649232,-0.008121289050142828,-0.011684895416164643,-0.0020900292808283356,-0.008746541223077909
0.1369220504609446,0.00405702029028285,0.0020550073716108096,-0.004147359893098941,0.012902552981150702,-0.010415388721341843
0.13700094373116029,0.005313516047123878,-0.0066413014404168745,-0.010931868869351262,0.012941363419302495,-0.01616408268070207
0.137079837001376,0.002117932588772266,-0.015774721960625723,-0.016200322886400446,0.00020835204101902357,-0.01379071448952797
0.1371587302715917,0.0008618810580062901,-0.025641587652240096,-0.021754584987955513,-0.010369409294451069,-0.012816272280778558
0.13723762354180738,0.005572631574224306,-0.026744511557217975,-0.020777025347740837,-0.013311406669669,-0.010414698774121978
0.13731651681202306,0.012795524205021393,-0.01653290665842863,-0.011474288908356696,-0.01645449109722934,-0.0008725436005857173
0.13739541008223877,0.016425429610682926,-0.013755264242496044,-0.006875261227559006,-0.016980273071476978,0.0032933960184454857
0.13747430335245447,0.013335164426332636,-0.019834789376449738,-0.012785288843587858,-0.01857464612322561,-0.0008437536623469705
0.13755319662267015,0.006338281692342885,-0.02276647812448409,-0.016972733956396837,-0.016835340839958014,-0.00531303048047784
0.13763208989288583,0.0010937999402987999,-0.02513423358598143,-0.022152536116474414,-0.010509573344650103,-0.013077388439536972
0.13771098316310154,0.001988230700799019,-0.019130645505853833,-0.02037668340406941,0.0016122198507279892,-0.018069349431955813
0.13778987643331725,0.00866999816820073,-0.013285396169413792,-0.014972914899903345,0.0039014430670780077,-0.014732592174862759
0.13786876970353293,0.017265215809085622,-0.007322056159530067,-0.005267493794918556,0.00048538784831325037,-0.004707644116901469
0.1379476629737486,0.023538330611973794,-0.009598596229424062,-0.003877508049400166,-0.006912902308969633,0.0004300249829654132
0.13802655624396432,0.02337632588175451,-0.002291692097394786,0.002718700349108111,-0.009362447611853375,0.007312103116477915
0.13810544951418002,0.018513879627621747,-0.010402056387672436,-0.005102577745691104,-0.02422319869711571,0.008672794274893893
0.1381843427843957,0.014581662717130536,-0.011582289594074223,-0.00753468125926715,-0.020179483995325726,0.0044511405741092915
0.13826323605461138,0.011329398673802761,-0.01689222555596529,-0.012821702080137928,-0.02027415490302622,3.6254097492264264e-05
0.1383421293248271,0.007135790515124929,-0.023449836617353496,-0.01581054161332265,-0.015793690933219008,-0.00488934439558733
0.1384210225950428,0.004303756801127017,-0.024706829452781087,-0.017049105284943137,-0.015540434983056786,-0.006071304113370564
0.13849991586525848,0.006632979702349986,-0.013196487474500238,-0.008026079789952997,-0.003926511973554863,-0.004673099662535805
0.13857880913547416,0.017449851482912553,-0.012792674403476378,-0.008083145508131809,-0.008030451677339744,-0.002522458171065578
0.13865770240568986,0.03582930118383636,0.006257251663873823,0.010723034212611308,0.00497733355196204,0.006387477508850704
0.13873659567590557,0.05613737484718207,0.01821964482786824,0.023046948425388285,0.0077345919165032135,0.015319065828009544
0.13881548894612125,0.07002930293456279,0.036324208548083076,0.039938247751464526,0.006988339447490446,0.029991257354627574
0.13889438221633693,0.07091311764190732,0.03635127306065831,0.04071887652696959,0.0032710739744278993,0.03263926004902209
0.13897327548655264,0.058716834265971914,0.02833222748643876,0.03194877014227026,0.003836282116340324,0.02492636043329866
0.13905216875676835,0.03914090534306411,0.010814828714360316,0.013464348839086232,-0.0011729193809967438,0.011997132658423835
0.13913106202698403,0.021928876541885703,-0.0016443571134303523,0.0022592564602358076,0.0006222997372472255,0.0015741534763782754
0.1392099552971997,0.015638546900929334,-0.008128353278925703,-0.0036104523928568335,-0.005047065885788035,-0.00034422608952267475
0.1392888485674154,0.019170147711908867,-0.00611616229584145,-0.0009332354284089566,-0.008179245518604265,0.003594620496326095
0.13936774183763112,0.022939092042491872,-0.007285908095801516,-0.001407201207504968,-0.008288540523718286,0.0032529894857179125
0.1394466351078468,0.018830584151166285,-0.011665406356450839,-0.0054639682869409645,-0.008263762670444375,-0.0001857492913032935
0.13952552837806248,0.00935360048596047,-0.017006890452512014,-0.010272784046856767,-0.013712305262436275,-0.0013271705613795938
0.1396044216482782,0.004738914613464626,-0.015278975886414872,-0.011371334317694382,-0.020275147948223146,0.0012619109999894753
0.1396833149184939,0.011424169424187563,0.004725357648736453,-0.0008830741663072511,-0.01207708029686479,0.00572568551807018
0.13976220818870957,0.028074173628523443,0.029968090813657384,0.017889417494622542,0.012741151231125094,0.008280780294203139
0.13984110145892525,0.044811293860890625,0.04153087392722004,0.026925262832328958,0.03998218427477462,0.001320686217939339
0.13991999472914096,0.048076329617466336,0.03435968370510725,0.024073606699127247,0.051962811208010835,-0.007519735107903701
0.13999888799935667,0.03537026852579512,0.01909688531513753,0.014887785459028439,0.04624589563814211,-0.012219253434901267
0.14007778126957235,0.020124004295971124,-0.000691329461979363,0.0021762977314083764,0.02698502119066723,-0.012624798937167597
0.14015667453978803,0.014949703634310491,-0.008967698435026946,-0.0038264723149458077,0.013189132029765509,-0.0102980422991267
0.14023556781000374,0.017638992926350933,-0.012298962080149944,-0.004620085115401881,0.0008637239517841615,-0.004363717086093475
0.14031446108021944,0.018635812091877195,-0.012426274366366888,-0.003816813600587787,-0.003554616417345876,-0.0013181357748998453
0.14039335435043512,0.016026039207260912,-0.009446010671589199,-0.0024731125329627095,-0.010417963569040194,0.0034940242071997978
0.1404722476206508,0.017735801068825954,0.0017227969392517792,0.00284669514086448,-0.003950492449414199,0.004520279145474075
0.1405511408908665,0.02944983216774576,0.023520323565275447,0.01434676151312991,0.026250910751685345,-0.0019512729427509038
0.14063003416108222,0.04530012358581841,0.04923994481355066,0.03278755177367632,0.07557379864724253,-0.0128298060399922
0.1407089274312979,0.052591845905405325,0.05581353157256768,0.039012162056548706,0.10425680017267307,-0.02301617423317838
0.14078782070151358,0.04425237472827968,0.04975394024945632,0.03830154275556932,0.10781694067721773,-0.025546333916361956
0.14086671397172928,0.02802752756604973,0.031120188468608964,0.02349251054546616,0.09057346178926418,-0.028795142520315193
0.140945607241945,0.020091994941821352,0.00985286257972397,0.0072854771582442,0.06526962040585245,-0.02886984252308234
0.14102450051216067,0.025916300758332653,0.0018960819395208409,0.0035123873814325857,0.04833122635802373,-0.02295129445429495
0.14110339378237635,0.03400755429232063,0.004578985091782408,0.007707876522878205,0.03648420993194801,-0.01304778398714437
0.14118228705259206,0.03311649659881965,0.002487208897988045,0.006587934642564096,0.016733896157623416,-0.0034040036835526815
0.14126118032280777,0.023731746610962563,-0.010496474325444347,-0.003198786516565772,-0.0013005528555339822,-0.002004032926143386
0.14134007359302345,0.012118352582080855,-0.02100579710591059,-0.014385908723492966,-0.004851142494447939,-0.009548270776404267
0.14141896686323913,0.004359464122776043,-0.024997271083496933,-0.02094965092237871,0.00033848799805925704,-0.01787103920354658
0.14149786013345483,0.0020359047363786523,-0.018034420552515792,-0.01895072877373654,0.01541445061642284,-0.02425865222494675
0.14157675340367054,0.0008357771983738121,-0.010327651741744815,-0.0145555707541511,0.020245438066872005,-0.02313734918016657
0.14165564667388622,0.001149965975363923,-0.009506898113396592,-0.012497681579647158,0.003046127983584135,-0.01218441405901366
0.1417345399441019,0.006652461679049646,-0.002206500695670806,-0.0044454238078166786,-0.006734656825989841,-0.00014502055947460569
0.1418134332143176,0.01447320516145727,-0.0006544253568304085,-0.00032102810181948834,-0.010265985135113582,0.00522972809204811
0.14189232648453332,0.018247289683959493,-0.006897829020240539,-0.0031344872303715196,-0.00939869344479166,0.0023893908403407617
0.141971219754749,0.013587971910442255,-0.014810125643500361,-0.009044293094446737,-0.011057670760324016,-0.0017121090077502653
0.14205011302496467,0.0041937740455445785,-0.0174082410168538,-0.012104962799370013,-0.010414774247483053,-0.004641361635277378
0.14212900629518038,2.8273588719173893e-05,-0.010642744596633781,-0.008225129674016382,-0.011842565165761734,-0.0005997667598772808
0.1422078995653961,0.0034006264333827437,-0.005466683998698993,-0.004646807220911688,-0.0009101785109107334,-0.003435833039474651
0.14228679283561177,0.006555629379415515,-0.006119287155500276,-0.007978158461887775,0.013475706260674736,-0.01395677770017159
0.14236568610582745,0.004024424846307096,-0.009615976233265404,-0.012829923541664633,0.012483987613400284,-0.017521396666954916
0.14244457937604316,0.0035993035233190724,-0.007903719274105998,-0.009486082048654296,0.002348796720006672,-0.00926797473995648
0.14252347264625886,0.01970550709006834,0.01867005813102941,0.013400491984869553,0.003819074330867089,0.009268983254882054
0.14260236591647454,0.05461859372326105,0.05901901280577258,0.047205721515652756,0.03285419911347555,0.022305202939941718
0.14268125918669022,0.09208173888651675,0.08545656239499738,0.07142365201383957,0.07386148417087825,0.020937468827818887
0.14276015245690593,0.1066993955481651,0.08610355781849667,0.0744795068100711,0.09325023433939825,0.013153340260860354
0.14283904572712164,0.0869596489837548,0.058081167431679216,0.051805845437628305,0.06928938625311815,0.00669083752051187
0.14291793899733732,0.05028264827817963,0.028529841699113673,0.02560427137136898,0.036276797284898944,0.0021899154261765387
0.142996832267553,0.022640652191516515,0.00480602440577483,0.006108543568599886,0.005922844518726748,0.001984321511210495
0.1430757255377687,0.010837908652209223,-0.010171951938652793,-0.007687058896764192,-0.013266789725168334,0.0006177964483238258
0.1431546188079844,0.010381388443343121,-0.013603840473879232,-0.010358147502487324,-0.01617593353832662,-7.911671213385298e-05
0.1432335120782001,0.0234799427009018,6.877603043247398e-06,0.0010490773781264909,-0.013348212026040989,0.008038294058161564
0.14331240534841577,0.05996267428101642,0.04022283536498729,0.03505541746087763,0.020423345206058954,0.018674602032136858
0.14339129861863148,0.11997565692999734,0.09708964663367288,0.0828035677559859,0.09219003734773643,0.0208435906401838
0.1434701918888472,0.18419393835273815,0.15724845809470447,0.1318150931481918,0.18979972189167207,0.0107758978608152
0.14354908515906287,0.22223076298739763,0.19184139427951608,0.15832412298673948,0.26088701156782784,-0.004555528869429089
0.14362797842927855,0.2120491366078765,0.17945113314396874,0.14749065477030884,0.2720875252372343,-0.020651757626772172
0.14370687169949425,0.16155857308564064,0.13187981891328415,0.10956055478439618,0.2246044171042365,-0.027982057611790984
0.14378576496970996,0.1059555610882391,0.08310984399252033,0.07027783830857925,0.15430861724125522,-0.02346872902088745
0.14386465823992564,0.07194146688222727,0.04891987445112176,0.04371296985712526,0.09865011482676583,-0.015989369024680296
0.14394355151014132,0.0595211416412456,0.034148682137630934,0.03204055835418288,0.05645673031045002,-0.0031879005891924527
0.14402244478035703,0.05816703353233241,0.028469252630084443,0.02857296501891635,0.02225116952418639,0.012214967879796434
0.14410133805057274,0.06180644266417267,0.02350071624287663,0.02663890162659622,0.008192580338015494,0.018108297816867486
0.14418023132078842,0.06780083040923494,0.028034475378723545,0.03339826249488181,0.02765046544797999,0.013403880412496587
0.1442591245910041,0.07513365752200328,0.03808823313798693,0.04014498500064588,0.06336037054802199,-2.5550492774560124e-05
0.1443380178612198,0.07888996602440158,0.04332470148361881,0.03914953815045788,0.1004365655596513,-0.020834496094734055
0.1444169111314355,0.06816508052006102,0.03451758554006914,0.028105002240420424,0.1028647448399536,-0.031527661788974454
0.1444958044016512,0.042388877811282,0.01692249677856446,0.012175325941324887,0.07498696191563627,-0.029968559144732315
0.14457469767186687,0.018568777725709845,-5.77849128210236e-05,-0.0020939613343268003,0.03928712619288918,-0.022829995256236565
0.14465359094208258,0.008532566113671708,-0.01036454160793888,-0.009991530237073625,0.015919165520594965,-0.01696597769448025
0.14473248421229828,0.007469617625310529,-0.01432086177360405,-0.012806477901930654,-0.0005445469794731192,-0.010521566318473601
0.14481137748251396,0.00819133729595991,-0.017856619637412835,-0.015352552534685133,-0.007152664330647304,-0.009131723959707586
0.14489027075272964,0.011523470198117444,-0.01766877464161659,-0.012446520657850912,-0.0031750166223675487,-0.008808427927113208
0.14496916402294535,0.02269784693815624,-0.00861536865165473,-0.005173892806369834,0.01237952891183852,-0.011001796216672851
0.14504805729316106,0.03934151943072983,0.008086803243569054,0.005835236847052015,0.04641518368496579,-0.019960081997706228
0.14512695056337674,0.04890587442441918,0.016726779010784877,0.01111069804221553,0.07550976737610053,-0.031150677800327375
0.14520584383359242,0.04234106470158304,0.013054837990249655,0.007026746673115395,0.07543530463626937,-0.034563484828123894
0.14528473710380813,0.025716067436544022,-0.002301158325995945,-0.006188747087837066,0.05062534390311802,-0.03237545376818601
0.14536363037402383,0.015791593874298904,-0.00754912972384008,-0.008218651612978441,0.02385763719627823,-0.019724430940231404
0.1454425236442395,0.021773394335041288,0.000687378502381946,-0.0010763786869363722,0.009721326334163153,-0.006117755061675116
0.1455214169144552,0.03550457641583292,0.016314979939609016,0.01314729560949231,0.014450189271031921,0.0033595850368937762
0.1456003101846709,0.04254528031524405,0.01958759298583741,0.01736670373562881,0.013542723527829759,0.007409826152306102
0.1456792034548866,0.036892780041857906,0.010391408237124634,0.009284168808240881,-0.00047075788726455467,0.008091311793198667
0.1457580967251023,0.026148084199551638,-0.00296216842123439,-0.0013033528887885224,-0.013468748000335795,0.006116607618569264
0.14583698999531797,0.021673331970992044,-0.008778924331448326,-0.006937784047046258,-0.015123317559219418,0.0022454270783384685
0.14591588326553367,0.023026390185954808,-0.008266079089579353,-0.007866746311624514,-0.00831893425805652,-0.0021851523149439256
0.14599477653574938,0.024548480938018914,-0.007450815777033123,-0.007045283499070733,0.0011181625585036528,-0.006547750602807525
0.14607366980596506,0.03045040649588609,0.0006000942024260831,-0.0009432217400015763,0.00974301407670313,-0.006016947548240579
0.14615256307618074,0.05354452523708326,0.024464880366282755,0.02076355244589888,0.027476784765560012,0.0028141079968441005
0.14623145634639645,0.09786574886288682,0.07215356804078886,0.06328699021206878,0.06720393174282982,0.017571841203429008
0.14631034961661216,0.14811323265275037,0.13214832508564886,0.1149427002807578,0.12358447905388861,0.031708228990510866
0.14638924288682784,0.18738379568182828,0.17371569144532775,0.14837389684717617,0.1689891431416828,0.036637510018524
0.14646813615704352,0.20358523559234015,0.1817669907461641,0.15367221766104128,0.18710899076339188,0.031599824308257585
0.14654702942725922,0.18514658194162442,0.1510020942531363,0.1296654062000657,0.15547658496380476,0.027431956172102565
0.14662592269747493,0.1383945845640032,0.10270652794097969,0.0879059675994667,0.10769478053636723,0.016903395961425288
0.1467048159676906,0.092818726301751,0.06291559177840152,0.05376462270335981,0.06841673717436943,0.008823622576166625
0.1467837092379063,0.06848780980397286,0.04163385640662032,0.03823606895361523,0.0471784983509033,0.007037017445028113
0.146862602508122,0.06484596123874366,0.02555576002634389,0.0263965305755122,0.03141065650768669,0.005468021054771799
0.1469414957783377,0.07407768847733476,0.02715122115823517,0.03129077075661651,0.03533941750326507,0.00750240594714722
0.14702038904855338,0.08595185955247879,0.030865140710890266,0.036022808280042104,0.048485791003229695,0.0044614841233618285
0.14709928231876906,0.09149183596682171,0.03951617669607618,0.044469952745712686,0.06451802583439051,0.003022086284007699
0.14717817558898477,0.09381258134923932,0.0519159584167578,0.05443582289607791,0.07864882732488672,0.003902146698201856
0.14725706885920048,0.09731266601236195,0.05204193564558204,0.05117869731677802,0.07966259266094153,0.0005871011289046205
0.14733596212941616,0.09050383194651623,0.04313561732587493,0.03957669474261066,0.06916621768341907,-0.003625945938857526
0.14741485539963184,0.06706282288617164,0.024432176251360134,0.023979226785331105,0.0542544214831849,-0.008830067550675941
0.14749374866984755,0.041861831850021354,0.007515547927331325,0.01125964763692235,0.03639138720902631,-0.009997280226841354
0.14757264194006325,0.0273407714628991,-0.0007402573593873923,0.0020677311928402418,0.026840050063743532,-0.012638742659827229
0.14765153521027893,0.024245280233135047,-0.003986132016723645,-0.00243604019198537,0.024300386228817746,-0.01507989691638504
0.1477304284804946,0.029151915170566034,0.0011388358016902324,0.0012313456015977224,0.026528192004803403,-0.013177794306283538
0.14780932175071032,0.03731612489582797,0.005782050888376762,0.00841122158047518,0.0341635542587937,-0.011208703323379652
0.14788821502092603,0.04269523948061969,0.01518015010033184,0.01618871271847704,0.042556568657063,-0.00913940023308269
0.1479671082911417,0.043611577159420434,0.018684706318501,0.017763375510025464,0.0411310029333395,-0.00704333285356687
0.1480460015613574,0.044767043953538595,0.02408585124350458,0.018787739344390972,0.039202229774312716,-0.005142637350039987
0.1481248948315731,0.04414223605307121,0.020892691319735316,0.01497745554829843,0.025794822395028224,-0.0011739264192307463
0.1482037881017888,0.0357269204316348,0.006423750602645901,0.006028577762947154,0.014136858795742802,-0.0024845940518474752
0.14828268137200448,0.022286444011642686,-0.01040458412627856,-0.0061065240984856,0.001537992362008702,-0.0059800501456705865
0.14836157464222016,0.010864772541317496,-0.019934921085322275,-0.014612036420238794,-0.006201647254903552,-0.009015780537648371
0.14844046791243587,0.007020837732691165,-0.02393468205977569,-0.01819282534114971,-0.008857182310027092,-0.01061757041375052
0.14851936118265158,0.010844643051594393,-0.01918129395842094,-0.015473193469169555,-0.007814897469850734,-0.008878861841173659
0.14859825445286726,0.017726529412924574,-0.018602611460190287,-0.014407683863913385,-0.004173260499241315,-0.009929795508451831
0.14867714772308294,0.023034627552426315,-0.013118286069663115,-0.009972607174566281,0.0013389890583356974,-0.009137763815991943
0.14875604099329864,0.02387099946047219,-0.0024397419117089063,-0.004169379609863507,0.007889703466350005,-0.00774777072908602
0.14883493426351435,0.02194236391546229,-0.001187962189271804,-0.00450344334136206,0.011419150234754562,-0.009921092721777469
0.14891382753373003,0.017975836053945416,-0.006982638374989698,-0.009820134850486951,0.00764580057230562,-0.012388021441078952
0.1489927208039457,0.010980426185522361,-0.01647555873777048,-0.017081925209470848,-0.0013079577594835735,-0.013722978796193991
0.14907161407416142,0.008859220608178254,-0.010258666185757308,-0.012023843086812544,-0.005150239575107003,-0.007393319936201745
0.14915050734437713,0.02377750546970092,0.012295928155808012,0.006395827589589001,0.0029381440795569857,0.0038260807565200514
0.1492294006145928,0.056690835883917025,0.048681448189745825,0.03753197316625795,0.031127682010338758,0.015039295243252407
0.14930829388480849,0.09116184418045209,0.07853218826648532,0.06473080772306126,0.06483193258836124,0.02007054995112911
0.1493871871550242,0.10512639674237845,0.08430649994538257,0.07122892119902657,0.08757127975093704,0.01342374321470386
0.1494660804252399,0.08995929947835934,0.06481471269093081,0.05555264948831443,0.0875668762711944,5.924485157454481e-05
0.14954497369545558,0.05821874588445308,0.03272351582154817,0.026391257237897238,0.07128461766891767,-0.01594231436867161
0.14962386696567126,0.03230671156586695,0.007179681977023399,0.003992978775444881,0.057196009763963815,-0.027309063132256946
0.14970276023588697,0.021421194513501454,-0.001601152152516033,-0.002467328929165133,0.048061329324920035,-0.02785623312085268
0.14978165350610267,0.017347985755007195,-0.007877028397292691,-0.006816709837696727,0.04129557097741123,-0.027895138970462887
0.14986054677631835,0.012923374519759315,-0.013517616013810895,-0.010494661391237793,0.022576188123587856,-0.02095876481513968
0.14993944004653403,0.014354670836897196,-0.01142880661380473,-0.009046990323615143,0.0029537590209272302,-0.009221347251785765
0.15001833331674974,0.03346459814627032,0.0013470695979962792,0.003927544877674904,5.710334580497999e-05,0.00328559800628885
0.15009722658696545,0.0678405611890353,0.029691647610640658,0.03200223390910329,0.027080076306460164,0.012528571688992846
0.15017611985718113,0.09635907051615125,0.05057995394482405,0.05165048814708125,0.06832964260978554,0.007073796578506486
0.1502550131273968,0.09791582628742729,0.05135336557806128,0.05078027338388503,0.09960301758056811,-0.010488275922651967
0.15033390639761252,0.07177381477032499,0.029220795414171115,0.029062390113015025,0.09853149588260321,-0.028371567931014446
0.15041279966782822,0.03963402867940812,0.008586001974222336,0.009060889213377698,0.08393160795173596,-0.03742621595821951
0.1504916929380439,0.02060533267543609,-0.006264535863677177,-0.005430750205189662,0.06776671543230166,-0.040955151933368364
0.15057058620825958,0.012634051325936905,-0.013602603185084973,-0.01313854078505332,0.05899817084227772,-0.04274139075466403
0.1506494794784753,0.00589031925008738,-0.019288983562414017,-0.017213337457006032,0.037757265156841566,-0.034770434809783195
0.150728372748691,0.002115150710817112,-0.01702157315023788,-0.015353337949334928,0.007184403753328629,-0.01681248557453873
0.15080726601890668,0.013673200837011542,-0.0026035765864923866,-0.004315623684149056,-0.010499563088811484,0.0019819478841881623
0.15088615928912236,0.046254873583582844,0.02331551063520847,0.020788064414513825,0.0008604257857665043,0.017092492588829666
0.15096505255933806,0.08701614349159577,0.04579480435258468,0.04443224661196887,0.035361763639050456,0.018614404052321554
0.15104394582955377,0.10829101733629104,0.05504146765301512,0.05514316606842032,0.05862191446516823,0.015245025131120282
0.15112283909976945,0.09266496002025924,0.04373189031436925,0.044805294503194974,0.0557087030956809,0.008032101443305985
0.15120173236998513,0.05527453305622127,0.01763776014050202,0.019161027298343472,0.03610731898339041,-0.003167175772647508
0.15128062564020084,0.02435489923019452,-0.00703330236186684,-0.00500356814905501,0.012505900770896741,-0.01092571449707846
0.15135951891041655,0.009975660434176015,-0.01821635505127366,-0.015621807858804876,0.0007638475246806867,-0.013599760535453979
0.15143841218063223,0.007338128511996842,-0.016341889159620926,-0.015213583948800648,-0.01024559140288151,-0.007357469874567275
0.1515173054508479,0.013783001264692034,-0.01060476387727512,-0.01013693765433534,-0.01732973140468783,0.0007260207591598544
0.1515961987210636,0.03227759961155189,0.008408029474132734,0.005868953978290888,-0.012026702537858728,0.011399551492375674
0.15167509199127932,0.059980750550837514,0.04106436037303729,0.03360935770660097,0.012413368345631271,0.021739167866945876
0.151753985261495,0.0826600717931349,0.0591334905657837,0.05050094990054845,0.0436574394846455,0.019317369540650057
0.15183287853171068,0.0805149023894691,0.05017579020072776,0.04287513229660419,0.05753497035412297,0.005415827860601034
0.1519117718019264,0.04920057295286281,0.01882222798483717,0.01677982404835483,0.04159297086892583,-0.008122658281924131
0.1519906650721421,0.015620794654809114,-0.013368739170249942,-0.01204935400201448,0.016892881877675757,-0.019225005481423085
0.15206955834235777,0.007944407491785549,-0.011695470883319225,-0.0127821435933682,0.014816445466446573,-0.018730884447063112
0.15214845161257345,0.02240968259299306,0.011078606052521561,0.004534388480301215,0.04021619257578172,-0.01773104588646803
0.15222734488278916,0.03581946286330915,0.027531073330190357,0.01608774722718393,0.06889332299777506,-0.023377356128526792
0.15230623815300487,0.032242495894277315,0.017804349003318985,0.008904464711619275,0.07549525170144751,-0.03300839751707321
0.15238513142322055,0.01931079907383683,-0.005227940923150959,-0.007444473455761755,0.061555571084496476,-0.03931191420249388
0.15246402469343623,0.01645570203825728,-0.013791118936036854,-0.013257884358163103,0.05009918332490433,-0.03805885663129191
0.15254291796365194,0.02531538688729245,-0.003872298314791795,-0.003949619210531077,0.05551486880729466,-0.03311300038721444
0.15262181123386764,0.02826268249158943,0.005642058502450735,0.00434310442149752,0.05306223741783016,-0.02479130923788874
0.15270070450408332,0.015204702878489332,-0.007192953076628899,-0.006025716954595188,0.027107073582017614,-0.01961543098768218
0.152779597774299,0.0008338899146671806,-0.026160483559800496,-0.020915514388479068,-0.00304087715256283,-0.01603237840942002
0.1528584910445147,0.008232490662531702,-0.018372430592143656,-0.01411492367523618,-0.007250161141435244,-0.008034262408996115
0.15293738431473042,0.040167826476219526,0.007274255303705476,0.009058046902463583,0.029530821642311807,-0.008177705634110945
0.1530162775849461,0.07497397263554137,0.038272755651002556,0.03602134290449243,0.08506626464647582,-0.015198352873445287
0.15309517085516178,0.08478757002846464,0.0485280156203618,0.04252100187840015,0.1199752336287488,-0.02854340875969428
0.15317406412537748,0.06407171846798825,0.02907409090461141,0.02460998424152712,0.12346074791720414,-0.04566760829465809
0.1532529573955932,0.03796474155454122,0.010107773114388882,0.004858263290453323,0.11041427073567132,-0.05531251145239151
0.15333185066580887,0.028137907588717818,0.00030151606051077065,-0.0015230345984792643,0.0966111254648967,-0.053224604816502014
0.15341074393602455,0.028171222375908446,-0.00416228303180686,-0.002802617041264643,0.08377611526542156,-0.04736763153486984
0.15348963720624026,0.021581487476759427,-0.008342297830707824,-0.006429188376926079,0.058080252920245684,-0.03658560447796499
0.15356853047645597,0.007062386592707776,-0.016982634471094424,-0.013438538220150849,0.022775512684530617,-0.023550575043137078
0.15364742374667165,0.00040026737066660347,-0.021315239800307684,-0.018654694868749412,-0.006862865916642586,-0.012075897805992762
0.15372631701688733,0.014791363653690843,-0.007225363696145172,-0.006754608529264737,-0.003705292769248104,-0.003718001894240034
0.15380521028710303,0.042492716691588855,0.017484542064942783,0.015995222520500566,0.021709645636540088,0.0018754177470987905
0.15388410355731874,0.05953442421231141,0.03483539002335137,0.03179432788991205,0.0426948956047699,0.003986230381571078
0.15396299682753442,0.053353031599028024,0.03013147921226405,0.02660763797595059,0.03810014239420944,0.0020610615432325686
0.1540418900977501,0.034672409033766095,0.016160312019599957,0.012411091350517704,0.016567659974707966,0.0016031570584661829
0.1541207833679658,0.0189895627574227,-0.004128818357958571,-0.005126052907647636,-0.001383037658488985,-0.0035871324671266206
0.15419967663818152,0.011724717668116407,-0.014522900836899551,-0.014090078179753667,-0.007489844044602924,-0.007884878635216544
0.1542785699083972,0.011148335195891765,-0.013989319352170659,-0.012755735613127131,-0.007294447850426918,-0.006862673383615718
0.15435746317861287,0.01814630613300187,-0.008774664413892765,-0.007248456035643539,-0.009837538795510529,-0.0008493521100178089
0.15443635644882858,0.03802420851357053,0.012550515825085502,0.011555930100676588,-0.0036844757356740633,0.011731233371645998
0.1545152497190443,0.06792125886195366,0.04193595091012143,0.03763061932059731,0.02577274576975218,0.017989449869238523
0.15459414298925997,0.08960079542795027,0.06391630154872918,0.055950583982290886,0.06299356265871674,0.01358885850879986
0.15467303625947565,0.08452630857244627,0.06282850215012285,0.05139625035763358,0.07823895019586954,0.0015371583979422352
0.15475192952969136,0.054144761827639616,0.03585530844324788,0.027317347217922016,0.05793072435042603,-0.007979040315880315
0.15483082279990706,0.019429701325108694,-0.0034506735395180973,-0.00384390164585508,0.02247037277076711,-0.015287431689432715
0.15490971607012274,0.0014566561206465337,-0.025190405739050254,-0.021253202650311075,0.002508243919126204,-0.019289405353920864
0.15498860934033842,0.002778385104713767,-0.02461574510278831,-0.020849219492079837,0.006519411798490942,-0.021096569791265462
0.15506750261055413,0.0090733346428204,-0.01499068895522572,-0.014045724188990454,0.017411886483838058,-0.02118840468209237
0.15514639588076984,0.009155313238969339,-0.007393041243028185,-0.009496580209001631,0.014895167131904034,-0.015999365824778906
0.15522528915098552,0.006322859577185404,-0.010292660005021196,-0.009924406603407198,0.005373911445856156,-0.011258819801450074
0.1553041824212012,0.0094659009334778,-0.013528644599357735,-0.007995309955399337,-0.0006465255347794249,-0.006404439851551112
0.1553830756914169,0.0174660906566385,-0.017835980563325107,-0.010634048078639659,0.0032225726093327244,-0.010705386007108849
0.1554619689616326,0.01988236875268016,-0.014371594260020786,-0.009969462079112968,0.00800186655985121,-0.012704875319736771
0.1555408622318483,0.011977440666800725,-0.019597961286091776,-0.016572542129741578,0.0010475902869609263,-0.014554567728780495
0.15561975550206397,0.002583621036761443,-0.025921018303420078,-0.02169303007396343,-0.01195106559510358,-0.01191716889920549
0.15569864877227968,0.008590281321551471,-0.01698882414726799,-0.013560499197279266,-0.006852126322350116,-0.007779269686050265
0.1557775420424954,0.034229959081174814,0.009714962492985237,0.009825789210121958,0.02289620782664219,-0.003972230559796529
0.15585643531271107,0.062350161455918464,0.03759410831240776,0.03540941075357829,0.06041519954437578,-0.0024589664616031957
0.15593532858292675,0.07590635122109639,0.05950381996249776,0.0535183388885776,0.0827802392011002,0.0009014782583182691
0.15601422185314245,0.07158343184089352,0.05442108948926458,0.046472793363300534,0.0830215967046168,-0.005220140129326157
0.15609311512335816,0.05776091429353937,0.03415140035274552,0.026733093134671423,0.07377923155596074,-0.016995347851965225
0.15617200839357384,0.049063721538530274,0.024607619287764084,0.015192065141749025,0.06701183657556727,-0.02312241889551774
0.15625090166378952,0.05124564368793504,0.026223782981245145,0.018316049408868485,0.06127738749888383,-0.017395299211551644
0.15632979493400523,0.05471982644322429,0.020944815429426316,0.018803262915346,0.058482111054281,-0.015480566527702817
0.15640868820422094,0.04769764239560538,0.015894366252995222,0.0158539829553307,0.04855454510146515,-0.012641892823550428
0.15648758147443662,0.03153618575752114,-0.0001855159796126363,0.003644248763656266,0.03341908750338859,-0.014835809398783904
0.1565664747446523,0.016884255295723138,-0.00444419540759112,-0.004788948834570125,0.02052531190396211,-0.015042613253541049
0.156645368014868,0.010389602691140722,0.008349447543868628,0.002856853200346131,0.014497053045950798,-0.005355933074375418
0.1567242612850837,0.01542568871247871,0.007386736792928682,0.004409338460396469,0.007215974439619063,-0.00014334877374598483
0.1568031545552994,0.027434598932751852,0.009466735910363929,0.010183159530611413,0.002168061414668143,0.007436653712246186
0.15688204782551507,0.03328572590138197,0.005856167166374692,0.0075536922588564535,-0.0030973214047483153,0.008037416504342233
0.15696094109573078,0.029140562448822478,0.0022795874173015675,0.003106980062101252,-0.006589815484382201,0.0061542455804332085
0.15703983436594648,0.02236375078781083,-0.00542823695024291,-0.002206250325685809,-0.006449312414541863,0.0015927826026911267
0.15711872763616216,0.020573172224134274,-0.00565998822393747,-0.0016558839003159556,-0.0018413338762728406,-0.0004115343774322859
0.15719762090637784,0.026472521579057363,0.007111436144410651,0.011232134882407731,0.009358141939649896,0.004470346545743061
0.15727651417659355,0.037045344558233786,0.012979716536191632,0.01789493685030893,0.02435050217160503,0.0020652972382010156
0.15735540744680926,0.04514385149939478,0.022758657760409428,0.02301991124656162,0.03489243795972715,0.0007466636540149724
0.15743430071702494,0.04536555625376272,0.0318405099491453,0.025459782829942712,0.039439819544002185,0.0003718838198258017
0.15751319398724062,0.04387880035942893,0.04334229176951481,0.030220960210677376,0.03347982903488317,0.007593780495365613
0.15759208725745633,0.04555680781730019,0.053552027386043796,0.036062008708023834,0.023588279067118873,0.01783181873432188
0.15767098052767203,0.041471986164736976,0.036430297657751874,0.026783738803109625,0.009637565631632863,0.017457000449596315
0.1577498737978877,0.028266928710809398,0.004932330416554868,0.006854556212183782,-0.003430848857714851,0.007625811772449096
0.1578287670681034,0.014489018519919662,-0.0116067739670527,-0.007199268861280571,-0.013022876205872003,0.0008990229145816012
0.1579076603383191,0.0073239430939488655,-0.016033855192106296,-0.012833121337704095,-0.015209522587654544,-0.002687361345802393
0.1579865536085348,0.007688968557614204,-0.00450683782979852,-0.007150487840839255,-0.010192712914922462,-0.0005763115917783132
0.1580654468787505,0.01045989800768654,0.0037376110320775785,-0.0026925235297836784,-0.0049389230830096855,0.0003728956298359468
0.15814434014896617,0.010745723227414183,-0.009959831605034426,-0.009108880932943474,-0.004703062476003856,-0.005171375950456282
0.15822323341918187,0.008349331330581897,-0.02108311692362299,-0.016421064291416747,-0.007835617909177077,-0.00966831498370022
0.15830212668939758,0.0071865375870375425,-0.0228819296527987,-0.018591870502971227,-0.009942479273174138,-0.010373299074988953
0.15838101995961326,0.007819090432744648,-0.015129096322087521,-0.015421357679630593,-0.005000140265013097,-0.010342899089573959
0.15845991322982894,0.004834832222167942,-0.012984744184908158,-0.013467374031366334,-0.00795692058508457,-0.007108761045474395
0.15853880650004465,0.0001971008668878135,-0.017956114300107167,-0.015519363689827871,-0.012378815591444785,-0.006472921690125187
0.15861769977026036,0.005083094587868097,-0.004118756270200976,-0.004543472654428229,-0.014333436423557899,0.003844035275246315
0.15869659304047604,0.028930743343669428,0.021748084964975347,0.015289762623459366,-0.009050737001157601,0.017758650040403775
0.15877548631069172,0.06699722009639082,0.056257968428058525,0.0428971232743522,0.006549344862826141,0.03272714430386985
0.15885437958090742,0.09732470513673373,0.08038793976360636,0.06547866514010375,0.02568499118145138,0.04162067437807043
0.15893327285112313,0.10407061916024217,0.08593289489052894,0.0722657721934295,0.04102311645421263,0.03919931575203733
0.1590121661213388,0.09653828343920116,0.08360428848765844,0.06933013057327275,0.048480459921317984,0.032724276598598646
0.1590910593915545,0.09645478198550872,0.07944651208555159,0.06647881236930553,0.07057000502263151,0.01848629442003824
0.1591699526617702,0.10815164636867268,0.07502671952284867,0.06529949213349313,0.0944207070309967,0.004682597183182058
0.1592488459319859,0.11100650809717559,0.06916533978115671,0.061052258053517106,0.11386673842224891,-0.009426170831776721
0.15932773920220158,0.08564035469618483,0.05278235863560536,0.046686304294890596,0.10779904530052295,-0.018401374691423396
0.15940663247241726,0.03970077320215866,0.017458374063593865,0.014276753158550596,0.06450524371346393,-0.02254788901683431
0.15948552574263297,0.007950784283308334,-0.005537656661711633,-0.009085594343398335,0.013111515325311492,-0.01469656557839693
0.15956441901284868,0.017542306675176166,-0.0021450415313542435,-0.003059734470425842,-0.01882712035993739,0.007505340830683098
0.15964331228306436,0.056389966030490915,0.02196723055004361,0.025603061242907732,-0.014272344600088272,0.029262458447097243
0.15972220555328004,0.09170305820590915,0.04535372803346184,0.05173661234913736,0.00981822871059099,0.03845463526196818
0.15980109882349575,0.10334250376988058,0.04848127602729484,0.05672106325054622,0.03083026076460171,0.03144947687555516
0.15987999209371145,0.09611221177868079,0.046276520534474036,0.05217454200852137,0.04823963857177458,0.0182843022094459
0.15995888536392713,0.08786649888012484,0.03591610494660465,0.04068011676739128,0.06131667963694403,0.001525334761377977
0.1600377786341428,0.08308200666795139,0.039880383006317716,0.04262963257802452,0.08200556914115117,-0.007938914123680554
0.16011667190435852,0.07016993279245669,0.030504679162223894,0.03208870703536,0.07863857633608358,-0.015072260857988129
0.16019556517457423,0.04697865039762803,0.0169789519142338,0.01585675102705482,0.051864539867184,-0.014417076750972315
0.1602744584447899,0.03273554378911682,0.007310141592220532,0.006395244016644388,0.009747463640133493,0.00017713047795027542
0.1603533517150056,0.046813559008904916,0.01809034137319597,0.019450540041772747,-0.012566572602827054,0.023154862515924395
0.1604322449852213,0.08457992894703391,0.047129316677068885,0.049350595580274256,-2.952849652935978e-05,0.04169907815379643
0.160511138255437,0.12162462966915998,0.06471581225597636,0.06864196095545638,0.026073473123302524,0.04409597033321054
0.16059003152565268,0.13208645561694501,0.06769631426728977,0.07482314935244569,0.049677750621042856,0.036756731343799524
0.16066892479586836,0.11085150080099465,0.04386501754120304,0.05279622512365067,0.047526721349666075,0.019193300460778336
0.16074781806608407,0.08051168401470479,0.025393055168194626,0.033244798483487395,0.04530872835157446,0.0038126436610694714
0.16082671133629978,0.06060277532331891,0.01252938252461346,0.018618458456209123,0.043283259238052124,-0.007475196678780231
0.16090560460651546,0.04737346297344224,0.01782229704518888,0.018678426843185974,0.04324342841393254,-0.007403120545541086
0.16098449787673114,0.03401554656884026,0.009235312403045929,0.008650388370142757,0.022743324491502584,-0.004883075698994828
0.16106339114694684,0.029828966545192726,0.0005850255513110672,0.00371148674722861,-0.0027596414709997797,0.004612383613674705
0.16114228441716255,0.04527457601049992,-0.0002617190435243872,0.007708630682134844,-0.0126484476303888,0.01328591513712249
0.16122117768737823,0.06958756399961354,0.01186768826921372,0.024158896003557428,0.006281168773380552,0.017036670011068133
0.1613000709575939,0.08076102308326201,0.02082929240703668,0.03364251075693395,0.027769969926957044,0.01354648656355958
0.16137896422780962,0.06773726857221998,0.02145061954925716,0.028764551285245347,0.038654958844200366,0.003588220875789079
0.16145785749802533,0.046346137925761144,0.005168436160570553,0.011775037546174963,0.02271603065391312,-0.0022291313822359036
0.161536750768241,0.0476351967647511,0.017162173195398006,0.017509063778433125,0.012136297314300847,0.008283503399956866
0.16161564403845669,0.07730036336216012,0.056153874413036514,0.04607939576309168,0.022066646264062486,0.027121261215222375
0.1616945373086724,0.10797797756334016,0.09295567782689441,0.07540795988941848,0.05086631681404671,0.0366201777043799
0.1617734305788881,0.11114052583353685,0.0891288974747983,0.07297316407904579,0.06878534849764505,0.02497467522058294
0.16185232384910378,0.08864882208986263,0.05657021397558556,0.04486749387092039,0.06342567324008921,0.003945674282488395
0.16193121711931946,0.07103983108280724,0.05405587951334891,0.03908898933123846,0.07549625445429436,-0.007442743168551366
0.16201011038953517,0.07592162929512715,0.057771863358252774,0.04459584456591938,0.09894213217887597,-0.01539597139354364
0.16208900365975087,0.0829663940320889,0.06343609365397763,0.05110133134331908,0.14135132779030005,-0.03284580218846596
0.16216789692996655,0.06366626908208223,0.04656853438373738,0.03540828658853626,0.13894324666835312,-0.04492204193898535
0.16224679020018223,0.02414324484666826,0.01262658029932722,0.006677119322613032,0.09222531569041417,-0.043921971734967244
0.16232568347039794,0.00033770321954010123,-0.006806618377418962,-0.01121681854434074,0.027160435461345465,-0.024026079055474256
0.16240457674061365,0.015431361822497172,-0.0025758912295229335,-0.0024737349603424106,-0.0072408553633788175,0.0017910593494002232
0.16248347001082933,0.05771584166944727,0.02251285112852061,0.02547685478247611,-0.0013713830535175473,0.02224744233064374
0.162562363281045,0.09373569830276945,0.05477493273424772,0.055092214783921185,0.01802773569206075,0.03690881946225593
0.16264125655126072,0.0999013028265864,0.05339973499515823,0.0558036839219422,0.03362753321624139,0.029177095248559312
0.16272014982147642,0.08405201854568561,0.0354905466322525,0.04054785565781405,0.044881467022404024,0.010226379871848964
0.1627990430916921,0.06862267006634576,0.0348929869820009,0.033927124995866,0.06765695762549907,-0.007605685266175865
0.16287793636190778,0.059043595208215095,0.029836821752901234,0.023675680144726183,0.08329019057725628,-0.02470981130011463
0.1629568296321235,0.04456785707538087,0.018868781558568443,0.014740814720797309,0.07883330803007844,-0.029871442547331158
0.1630357229023392,0.02412128007762045,-0.0006482907342397035,-0.0010736098404125415,0.04630325218312569,-0.025735160348331912
0.16311461617255488,0.012965638579237887,-0.008339671341760476,-0.005534530609912346,0.00600062153858518,-0.0078881701252551
0.16319350944277056,0.026808943702411506,-0.0014574889044323702,0.004865016478718278,-0.01243520547556046,0.01077085212839769
0.16327240271298626,0.06573807334741115,0.02017156826665682,0.02893342588208954,-0.0009345090726324178,0.024932878330425023
0.16335129598320197,0.10453399073851101,0.046341396410120625,0.05450646444374734,0.025948017002132832,0.03218159952118742
0.16343018925341765,0.11192266682073604,0.05141384717251493,0.057520511328481516,0.03513180002821912,0.029828758045572883
0.16350908252363333,0.08708761053493344,0.03186934889754621,0.03915435210322158,0.02484540253813393,0.019774899350338996
0.16358797579384904,0.055250207659949216,0.00869179377786568,0.01494856364821632,0.011025260123067074,0.0067159442156899465
0.16366686906406475,0.03485549769398853,-0.004643317438611541,0.0019743572948978765,0.0036735554879571567,-0.0003012830599211323
0.16374576233428043,0.028902983722845686,-0.00027104781732877634,0.003921691020103891,0.00015567763486533246,0.003227839452849437
0.1638246556044961,0.03734573845093859,0.0028694686437442576,0.0067331581964678484,-0.01118122591278017,0.011676116287447877
0.1639035488747118,0.06363706594447707,0.017644526159960972,0.025030653150335536,-0.009216727852357736,0.02607165098877833
0.16398244214492752,0.10737859527366488,0.04240774378243024,0.053736371814049784,0.010631453760283448,0.039711956479062005
0.1640613354151432,0.15289818589072826,0.06699652775477696,0.08193020957166484,0.040249334576803214,0.04782852236519088
0.16414022868535888,0.1676844949263606,0.08313567091738129,0.09373490816273161,0.0729422573230256,0.04048599016548079
0.1642191219555746,0.13283709266477475,0.05790754845809802,0.06888162159830974,0.07024031393183676,0.02070953765484897
0.1642980152257903,0.0730017725873721,0.01610937234076293,0.02711627241558811,0.03938199791187413,0.0018040656594436398
0.16437690849600597,0.02880055261301226,-0.009250390442824786,-0.002812481431658683,0.004864090031300068,-0.00498091029867406
0.16445580176622165,0.0152048317709162,-0.007219584912415513,-0.006631259495021208,-0.003562572408304636,-0.003690315227050616
0.16453469503643736,0.018091068960935788,0.008212748153606005,-0.0008317747502158103,0.006476992939038904,-0.0041727674907259165
0.16461358830665307,0.018053959495184,0.011614750010138751,-0.0007889740162994333,0.016013582720450528,-0.009247134656133416
0.16469248157686875,0.014386914525062041,0.005517914170805535,-0.004518477854569807,0.021085792774120527,-0.015114712322877392
0.16477137484708443,0.022292658046253334,0.012843037209735394,0.0033206372514648433,0.04239343378485522,-0.019924870521754234
0.16485026811730014,0.0487163988918487,0.053363955882736076,0.03601039734081085,0.08948857121790406,-0.017591641454288123
0.16492916138751584,0.07735677769083549,0.0756528780337188,0.05781205922270794,0.13232617052921933,-0.022196123779663155
0.16500805465773152,0.08528215211041743,0.07719715148355609,0.05892519064878311,0.13742660398494613,-0.02401551453514338
0.1650869479279472,0.06682186447838077,0.06647676689604924,0.04991687901065956,0.10669030057744613,-0.015050092855388978
0.1651658411981629,0.03479031464480085,0.01998312955165167,0.012859737840982202,0.05120306795818806,-0.01659552120079831
0.16524473446837862,0.0104224541799995,-0.0027279023373496195,-0.006560595727334812,0.009325207715601268,-0.010535877916341559
0.1653236277385943,0.0047673072733622176,-0.008903210522502312,-0.0108767709232104,-0.0084345136130203,-0.004665093355828541
0.16540252100880998,0.009300901678212204,-0.009766243495117802,-0.010786358447417987,-0.005501789626065323,-0.006159974613595679
0.16548141427902568,0.013033119234079465,0.006520513859956002,0.0012847755292176044,0.01201048918536661,-0.005350817725687996
0.1655603075492414,0.016374158866327485,0.00815795884120264,0.0006957669057665214,0.02113819713203286,-0.010740298444234252
0.16563920081945707,0.026661368282656465,0.03964574350645254,0.025262640056491092,0.0655380932647001,-0.013807016346076706
0.16571809408967275,0.046403521158138096,0.061474662168785554,0.039682662530601584,0.09425424114635293,-0.017043336428491884
0.16579698735988846,0.06816564167319665,0.08500246664869528,0.056098310298443164,0.11992660138526441,-0.01693646912640667
0.16587588063010417,0.07796168948717079,0.08036100916120978,0.05490037142351091,0.10791304311364525,-0.011462050591075995
0.16595477390031985,0.06480036682392229,0.055572584050063795,0.03701821631972994,0.07997917640679786,-0.011612349415438497
0.16603366717053553,0.035777170430580714,0.018506364929792792,0.012722425768257831,0.04347742826650666,-0.01256344317610579
0.16611256044075123,0.010502634252495873,-0.0053744872108949324,-0.004856722003386978,0.011064797666629631,-0.010029476659933105
0.16619145371096694,0.0013239359588485475,-0.0008685391376402846,-2.884403038106712e-05,0.009349401437411147,-0.005033980127183856
0.16627034698118262,0.007744599110506613,-0.0036703980522383643,-0.003471497686001825,-0.004385109540637558,-0.0005815803663405956
0.1663492402513983,0.018527646121477646,-0.005176092756024477,-0.0040891593806207,-0.0006524646549512964,-0.0031030640325383258
0.166428133521614,0.02217122463722158,-0.0023167481865795625,0.00036574905059404367,-0.00055498968668274,0.0006061839193560782
0.16650702679182972,0.017751566851211046,-0.006935751394823762,-0.005294615773197161,-0.0023994510064122097,-0.0031848745978322567
0.1665859200620454,0.012372218106821629,-0.013353278032535191,-0.01205043401246839,-0.006956073467799812,-0.006448325113305622
0.16666481333226107,0.013353323039717716,-0.009926540719167097,-0.011026217078591792,-0.009439547302234235,-0.00425283184679993
0.16674370660247678,0.021301286102405333,-0.0016215309205805076,-0.0012717539879043996,-0.00511331579501815,0.0016659724229173404
0.1668225998726925,0.03051143366645739,0.007557281725796316,0.008347230818075504,0.006926208802679846,0.00333710737769845
0.16690149314290817,0.03411445822985356,0.007382151152276047,0.00830026030280344,0.007295553759614561,0.0030995528526521383
0.16698038641312385,0.03200904955031127,0.006762160311578542,0.00965818793998849,0.005821285160275311,0.0050361220506563754
0.16705927968333956,0.03104343048202755,0.001606598704618232,0.005996533044665723,-0.009229257302733142,0.010008229415786014
0.16713817295355526,0.030335664438306077,0.0026471102349702757,0.008336797614850611,-0.011697276188883603,0.013306551641953854
0.16721706622377094,0.02453082258644128,-0.002454270013582044,0.0014277505208351042,-0.005316039843594285,0.004053901754955249
0.16729595949398662,0.016260315003647295,-0.004776408767070266,-0.005569935200528153,0.005775425966546349,-0.00779740020816262
0.16737485276420233,0.010129831024064527,0.005463076674366913,-0.0007605351246728032,0.020822488442764117,-0.011800711845850801
0.16745374603441804,0.007795966043515629,0.002488093940650342,-0.004612646265355605,0.0062706986381136035,-0.007254519584310362
0.16753263930463372,0.010196189524440184,0.016305053263747673,0.0042765884930132236,0.013480425838020777,-0.0036122726306656453
0.1676115325748494,0.020998514450128892,0.024740550814493674,0.012938460122296953,0.019800637134612373,0.000316137316914206
0.1676904258450651,0.05023214949515143,0.05381173407219029,0.037938801012597285,0.03302458814357992,0.014367924196014546
0.1677693191152808,0.10688406046417484,0.11584309232326147,0.09533399821047304,0.068763610143953,0.044080254709782093
0.1678482123854965,0.17844201724788475,0.16405988444854824,0.14541875711338798,0.09818944173430132,0.0716541233140755
0.16792710565571217,0.22650413151796323,0.19095894019988696,0.17396874849698302,0.13103260528293148,0.07939065416884558
0.16800599892592788,0.22407211369619343,0.17515849309268075,0.1620661049331499,0.14649221786004474,0.06072486317797333
0.1680848921961436,0.1793148965319991,0.12588526957177204,0.11649037565145295,0.12648116930305284,0.031499840195609266
0.16816378546635927,0.11614889393908615,0.08171081479676974,0.07368267028447216,0.09986347592968738,0.008919598974475152
0.16824267873657495,0.060837462883942574,0.0494092263670578,0.03991780938581936,0.06300958488336365,-2.988095404981089e-05
0.16832157200679065,0.03303702159260136,0.043150173511298615,0.027846920526276676,0.04619998879674888,-0.0012341557867202567
0.16840046527700636,0.03754900754386383,0.049683666451085955,0.029920705220898947,0.04003336866666366,0.0038274918449103064
0.16847935854722204,0.07915789542809065,0.08813051625063587,0.0627575272212465,0.05484883984521845,0.02373408743466031
0.16855825181743772,0.16941419943555272,0.16697363914729632,0.13355124750200464,0.10701964851852197,0.056674994257377084
0.16863714508765343,0.2977185170673469,0.27296735048375054,0.2295423084663113,0.19284674653521153,0.09717106731688106
0.16871603835786914,0.4106497684080351,0.3630486022075995,0.31281276521299506,0.299266873776716,0.1224528653904326
0.16879493162808482,0.4517723701638305,0.38707230612138915,0.3417776150289625,0.3687292177211516,0.11699236841877136
0.1688738248983005,0.4072846286452111,0.3247212763436683,0.29445369929000986,0.3552110289804663,0.07449253606782184
0.1689527181685162,0.3032946698645089,0.22751935915239305,0.20714033958823214,0.29142034004825806,0.023649725886323972
0.1690316114387319,0.189298080157134,0.1373462118668872,0.12282716033434204,0.21539896174356188,-0.011174537007633692
0.1691105047089476,0.10696213388792059,0.07782453894627075,0.06556901125249492,0.15008222767114449,-0.02521066216552568
0.16918939797916327,0.05972771949686533,0.045909167979809686,0.034018845115980585,0.10434137512779953,-0.027305564788008118
0.16926829124937898,0.02876222159336044,0.024037375081213362,0.014223093303941801,0.059535455960033394,-0.019920517203821576
0.16934718451959468,0.01000174762221271,0.0096216402417264,0.0021759260725801293,0.021866382740853153,-0.009880801806475948
0.16942607778981036,0.014479341009467055,0.0084150367658863,0.0016868321589320566,-0.0009317948826749263,0.00192352228561592
0.16950497106002604,0.038444237815852135,0.02290704604422119,0.018655273401165004,0.010946859292465335,0.009888861697820842
0.16958386433024175,0.05900161998441968,0.03663477518507972,0.033303283162703166,0.04300202035052969,0.005098818320322963
0.16966275760045746,0.05851656750048063,0.03584040628641425,0.032509257563109906,0.06361370721947514,-0.006634517483256555
0.16974165087067314,0.041003754025142565,0.02680825856898253,0.019873077951572785,0.05964764774445122,-0.015201942875918539
0.16982054414088882,0.027720417181960517,0.01900613712590289,0.01030550744994242,0.0463443359612965,-0.01614501693261724
0.16989943741110453,0.032097234132325604,0.021938543988198694,0.015178609385779286,0.04702075357168576,-0.012389381161388553
0.16997833068132023,0.043262165319989054,0.028793662741686914,0.021300799588053303,0.05233760486920475,-0.01006689828644135
0.1700572239515359,0.04114220337997673,0.02754207959693247,0.01775040511599376,0.054643017709423425,-0.014308243017772782
0.1701361172217516,0.02285760058164189,0.03023388017910539,0.01333967429185466,0.037451099769035816,-0.008808145104145517
0.1702150104919673,0.00846951432612147,0.04198912286663212,0.0183795303277556,0.0122882339449015,0.008937412407280068
0.170293903762183,0.015033164536524205,0.041395634731460774,0.023592546637253315,-0.006149611716270301,0.02321487921740211
0.1703727970323987,0.03636152203743541,0.038072540156044055,0.026847036874829196,-0.005386220538817782,0.025554217750627484
0.17045169030261437,0.0602752418649663,0.044865348398881996,0.035469645555624124,0.006567873981575443,0.026439541794447262
0.17053058357283007,0.09165238515243748,0.06514990345487259,0.057684961847690966,0.02339946280770794,0.03623553917583642
0.17060947684304578,0.14509459709233066,0.12083933013883791,0.10794397526169494,0.058878815219886735,0.06012505319202763
0.17068837011326146,0.21881838042544616,0.19854410678682288,0.1782868171339786,0.11951998501050091,0.0892311282502108
0.17076726338347714,0.28238915728525027,0.23951944587097473,0.2188087332178791,0.18233678997493113,0.09280022115583031
0.17084615665369285,0.2920592446191766,0.22966580665701636,0.21177048777433527,0.20913440820734272,0.0723139110661779
0.17092504992390856,0.22775659871346055,0.1768977560734645,0.158054821059701,0.1771208818992108,0.04086086052294194
0.17100394319412424,0.1271995244921257,0.10915346731541069,0.08899599594507974,0.10776538997752252,0.017801783443507576
0.17108283646433992,0.05851346392097077,0.06434497548406352,0.04661006049002799,0.044078857607367086,0.015793241375879303
0.17116172973455562,0.05397024849009887,0.0777344083636569,0.05926712752493642,0.007672707969568897,0.045971389543889435
0.17124062300477133,0.10207827893298865,0.1287208257250896,0.10917939874963004,0.01790043399458412,0.08287508937963467
0.171319516274987,0.1925831894165279,0.18996461346086943,0.16983391945872872,0.05794500509320363,0.1139106423499229
0.1713984095452027,0.3319185386643318,0.30951505428990966,0.2806468527439521,0.16673854218201434,0.1577793837528804
0.1714773028154184,0.5164176811045458,0.46762915118154263,0.42466087938137065,0.34340435378471573,0.2202313221307622
0.1715561960856341,0.700194978953721,0.6412469534504321,0.57659808153664,0.5892709420075675,0.32759961455209835
0.17163508935584978,0.7919313314793488,0.7349606443472346,0.6477005709520336,0.7837428266611186,0.43241689343028755
0.17171398262606546,0.7211493560943241,0.6448600853797773,0.566717037643665,0.7101004781866287,0.2736100925723211
0.17179287589628117,0.5249732953060413,0.4466233296253413,0.3952901410001593,0.5008064374653275,0.10911979212134737
0.17187176916649688,0.31322217067702945,0.2786202430183903,0.2433961547942145,0.30980281758165035,0.048205181377127
0.17195066243671256,0.16352584555705604,0.1477656867609737,0.12519955362496185,0.16075197692741364,0.02068213034930773
0.17202955570692824,0.08854544328639131,0.08682277772024988,0.06997578743809985,0.077625117171772,0.01768717279472389
0.17210844897714395,0.07056154513901547,0.05804519054745422,0.04684856678729623,0.02277929332757327,0.027391174389453838
0.17218734224735965,0.09519256663042235,0.059858709787590204,0.05743412886246891,0.005491202670710625,0.04558519041229618
0.17226623551757533,0.1525197169307727,0.09165060379380721,0.09521715517080205,0.04393935524032704,0.0571812880180745
0.172345128787791,0.2194610945979829,0.14860253480037297,0.14755997792590814,0.12917099555609196,0.057145230808109765
0.17242402205800672,0.2542502982789513,0.18639224134371052,0.17564760114745262,0.2132714217098148,0.037207190770142534
0.17250291532822243,0.22704503860699954,0.1796930538733311,0.16224908378848021,0.23577390065690604,0.012865580462929514
0.1725818085984381,0.15507135523869714,0.13541999478195416,0.11658029278860865,0.19624450433389287,-0.006159428280428005
0.1726607018686538,0.08168521875340436,0.06966247934433953,0.05633637753919961,0.12641396524236873,-0.02024897821335381
0.1727395951388695,0.03419392845438776,0.0167636830502767,0.009059243873959554,0.06838705974725155,-0.02904859682461712
0.1728184884090852,0.013386721331849965,0.0009904497744079675,-0.006158091139867004,0.03608968578614774,-0.02454531065517949
0.17289738167930088,0.00783502756790697,0.0040936842051554345,-0.003979313385666601,0.009516355860437796,-0.008458928721023112
0.17297627494951656,0.012360109575387164,0.011939006297401867,0.00406588391918954,-0.007017852495146421,0.00719322192330884
0.17305516821973227,0.029652828719391372,0.033540328437079256,0.023332542869419274,-0.006113501058578429,0.02297599934211245
0.17313406148994798,0.057480486433218944,0.04413783600833337,0.035617866791683536,0.00924318059536839,0.025133289780272322
0.17321295476016366,0.08084849430355912,0.04379317194981199,0.04356262800209058,0.033776715723520465,0.018726275804283564
0.17329184803037934,0.08240035526122341,0.03863106741911888,0.042054844819470874,0.04468553700692854,0.011608079177369834
0.17337074130059504,0.06637762486648222,0.02736792932108739,0.02788760807146873,0.0380904300078146,0.0031489789262175273
0.17344963457081075,0.05517156087904973,0.030016413613046373,0.025795408466802484,0.03420545365478347,0.003461868478820533
0.17352852784102643,0.061186307924310734,0.0442960897644689,0.036081818403804276,0.03961550242635634,0.009265837313037293
0.1736074211112421,0.07255049825398378,0.05446759939204966,0.04740524358679197,0.04773796960966591,0.01450793591686079
0.17368631438145782,0.0677461445413772,0.04682797545290843,0.042170611913723385,0.04351032655305198,0.012335702531392444
0.17376520765167353,0.046729354786546745,0.022152998855942463,0.019962603160895424,0.02259889572833676,0.004751125789721583
0.1738441009218892,0.030133771051710778,0.008440442620609364,0.0056997600494598415,-0.0033023223213553307,0.006581917254696866
0.17392299419210488,0.03443496477903044,0.007033955756518642,0.006708468091943653,-0.007249542829560816,0.009548528470649388
0.1740018874623206,0.0633069539771722,0.0346411153959835,0.035297242677489384,0.013567635512189482,0.022548201191727905
0.1740807807325363,0.10692097205778635,0.0676148179437338,0.066292777366634,0.04159322888520809,0.033821104031093376
0.17415967400275198,0.15646798207877735,0.10604215329783755,0.10081933421524111,0.0763448209269854,0.04474165179743573
0.17423856727296766,0.21930232215393677,0.16606804448607168,0.15283779509150006,0.1264196693819998,0.06322641334448424
0.17431746054318337,0.30278044957069333,0.25569260219793133,0.22825265533267286,0.21002731902887772,0.08703159298379966
0.17439635381339907,0.38833242199978224,0.3440661495857902,0.30299120294868387,0.30037224028184406,0.1120007876614598
0.17447524708361475,0.43168838195144016,0.39820093807441437,0.3480790494065507,0.3521693915981507,0.13218038236755006
0.17455414035383043,0.41305360883395537,0.39946496609117754,0.3477925157694599,0.32753483945086403,0.14422919456931305
0.17463303362404614,0.3545398396344216,0.31706598450970774,0.28446240333662204,0.2325103328433791,0.12842961082697113
0.17471192689426185,0.2774699105951018,0.20951764520184984,0.20016307710331038,0.12884810979558425,0.10376555511309696
0.17479082016447753,0.19891303310176692,0.12066662552228302,0.12544679284466254,0.052730653847766235,0.07837734257254139
0.1748697134346932,0.1401114033618202,0.06843285682675482,0.07847527742632696,0.0166738024799906,0.05744391027225148
0.17494860670490892,0.11241691597753442,0.052155256307498135,0.061241254416340526,0.008824638221058858,0.04702717824993474
0.17502749997512462,0.11367382977657527,0.05160879324910719,0.0612143550946722,0.02214626715784912,0.03989478397616484
0.1751063932453403,0.1356783987240361,0.06617647465211625,0.07307791464260027,0.056408711732300346,0.031678493574878654
0.17518528651555598,0.16320195160705311,0.0978489689792465,0.09736161496026671,0.09918093951867325,0.02959001691019876
0.1752641797857717,0.17981764928830557,0.13529080465743673,0.12730666097030488,0.13200967533035868,0.037945327061579374
0.1753430730559874,0.1860343689610909,0.14533561393716612,0.13715010611456016,0.13865587472265378,0.04298930704588185
0.17542196632620308,0.18522099982022724,0.12776118510466847,0.12383002493100025,0.11289825528687879,0.04511684190217467
0.17550085959641876,0.1631329802072326,0.08909175197870392,0.09281582037354152,0.06798787523134475,0.04233965746333575
0.17557975286663446,0.11765426309765957,0.046608965678315246,0.05580661906712963,0.03490594204355293,0.028496319574090746
0.17565864613685017,0.07120495748116638,0.01731185406983964,0.027996635134907348,0.009730794076872176,0.01843189042449734
0.17573753940706585,0.0409063447968398,0.0036879709636839482,0.012465265335708506,0.005523604660816847,0.007566066053682852
0.17581643267728153,0.026551177138534377,-0.010211634843783839,-0.002634543161605616,0.006467624818955903,-0.005689882145141676
0.17589532594749724,0.02072564659901467,-0.018078522177680783,-0.011466512380529823,0.0020419969315329106,-0.010775793044655368
0.17597421921771295,0.018019951873227767,-0.0087697662253481,-0.005661226375073785,0.0004177164533160818,-0.005003834139317839
0.17605311248792863,0.017653507540005463,-0.0038572265641990903,-0.0010000851725967214,-0.007411085000747203,0.003126564642703557
0.1761320057581443,0.020849511817591815,-0.006376176459615316,-0.002816212608939656,-0.010680915636424638,0.0033452229929659253
0.17621089902836,0.024984716169922715,-0.01182189967592424,-0.005963065995878446,-0.009416187803694217,1.030511484517441e-05
0.17628979229857572,0.023337758229955433,-0.014521930575117262,-0.007836978136020389,-0.0025221218413737055,-0.005265858393045908
0.1763686855687914,0.015163295432959337,-0.007360314731098115,-0.004838390478844977,0.005105435546285976,-0.006820754031537702
0.17644757883900708,0.006172007196043107,-0.006215517269830937,-0.00774149590683236,0.010107254830386544,-0.011951946184513798
0.1765264721092228,0.001243678854209678,-0.013215132190980711,-0.01612744570203871,0.004204400390632259,-0.01586971850869199
0.1766053653794385,0.0014819200961870658,-0.013852190939227573,-0.01793288214447549,-0.004298326438476756,-0.012839888834118674
0.17668425864965417,0.002583828671751368,-0.016159943021604242,-0.01630682600224442,-0.011664866341966347,-0.007520538218200602
0.17676315191986985,0.0013517979084379174,-0.017003087669936457,-0.01636720308278076,-0.006609271898940757,-0.010279739979506685
0.17684204519008556,0.0004487039716622894,-0.015202063363956632,-0.017896963629651066,-0.0013875629002272488,-0.014368622938104106
0.17692093846030127,0.0022470729632805622,-0.013822426661314223,-0.015927647455464943,-0.0050532890590231925,-0.010742001661954104
0.17699983173051695,0.004617210162261974,-0.010277336980445036,-0.009969084635389787,-0.012532675544498653,-0.0017027662178177136
0.17707872500073263,0.005802517623576067,-0.010118574214860163,-0.007835692810840659,-0.013685048237315669,0.0007164056890523251
0.17715761827094834,0.013796931119138276,-0.002595794459876402,-0.0021964973099605945,-0.0026380562458679807,-0.00044111074501757816
0.17723651154116404,0.04454560926955693,0.029821903287348163,0.023276005100537567,0.015541869375254994,0.01133141444970243
0.17731540481137972,0.1040358551286351,0.08717175205482318,0.0764190688852636,0.02966750459391074,0.048780290879234696
0.1773942980815954,0.16984790810700576,0.14670458522747687,0.13651659467225985,0.05009906749209026,0.08926721710410525
0.1774731913518111,0.20289335580268383,0.16315049140819213,0.15872439760788967,0.05914714523945624,0.10366771841056772
0.17755208462202682,0.18798929713096124,0.13015811810736705,0.13445761331151135,0.05175958615261632,0.08662498784769435
0.1776309778922425,0.1417202918326604,0.07722105752715677,0.08576496792180931,0.03665502560934415,0.05300372969472527
0.17770987116245818,0.08916680996656141,0.030091872578797804,0.041833594022266295,0.01812115394488489,0.02563910829280185
0.17778876443267388,0.04805704713639453,0.008055501524487172,0.013818834251041563,0.015511033517852634,0.003358393286908126
0.1778676577028896,0.02179315355034572,-0.007482517894553426,-0.005258586961543315,0.013562600331772558,-0.0117073044334513
0.17794655097310527,0.006989875451008627,-0.020825247103795408,-0.018540447656523833,0.00534664323314863,-0.01851900258113396
0.17802544424332095,0.012638161259771165,-0.013120418580121865,-0.013035258928972436,-0.003756923252021637,-0.008993852477146772
0.17810433751353666,0.05469559989197401,0.022216680471488785,0.022374919035448824,-0.001607252192825276,0.019754134718760565
0.17818323078375237,0.12497560457959915,0.06982462142584066,0.0723169778466929,0.022610337295074313,0.04905911827761876
0.17826212405396805,0.1813210906093567,0.10496090537043051,0.110435249236055,0.05908636026740962,0.062148416872860594
0.17834101732418373,0.18615249434246633,0.10316748096889276,0.11208685405185233,0.07881074511729882,0.05310273528173799
0.17841991059439943,0.14070188802198288,0.06802570393425046,0.07759774924838107,0.06890304904717065,0.02885498914044895
0.17849880386461514,0.0768073883936661,0.023432303057688293,0.02904249010824438,0.0495689226031228,-0.0020297315925190103
0.17857769713483082,0.03149688507931369,-0.0030074979813830218,-0.0013007757348964203,0.040113191636032594,-0.022603627024696447
0.1786565904050465,0.01696601172503905,-0.008675040673227325,-0.01062954547392498,0.04173694678908972,-0.03135030553574589
0.1787354836752622,0.015405107402187406,-0.00917556399476811,-0.009064587384612433,0.03722623938168876,-0.027608590967481854
0.17881437694547792,0.014819903379030434,-0.012447769168331495,-0.009931556959795036,0.015433837801041229,-0.016655256164205247
0.1788932702156936,0.024554995754896253,-0.009470133707306884,-0.002097327379049894,-0.00563024331743,0.001245876493723512
0.17897216348590927,0.05134079243590589,0.012703849859873597,0.020609271417538648,0.002184944096146776,0.016232138744982423
0.17905105675612498,0.0806591091627612,0.04252354871349918,0.04645910046213595,0.03583747156540107,0.020076622137057014
0.1791299500263407,0.08811128752040358,0.05746101190392283,0.056229679450037186,0.06913167641080224,0.010535672364194988
0.17920884329655637,0.0628399981136355,0.04604483732180089,0.03868194573267023,0.0720212480347946,-0.005919510357927534
0.17928773656677205,0.024856658850142443,0.028649276450566537,0.014965580998317582,0.04345301057742625,-0.010654396646599736
0.17936662983698776,0.012315902359531892,0.022854115735430305,0.01018319510766308,0.0064861182074211435,0.005123269725756255
0.17944552310720346,0.03335652285564532,0.026827421124633904,0.019407495584011152,-0.012968148953800041,0.02333365374341681
0.17952441637741914,0.0612194949527034,0.03702886488079735,0.034926766240168376,-0.01629285252819768,0.03821505529857888
0.17960330964763482,0.07879735438315609,0.036916909604258606,0.04406909633029075,-0.019375170512224593,0.04758185041138571
0.17968220291785053,0.09074813762428902,0.03879682622518468,0.049770397584613595,-0.016273801670452184,0.05073623085741048
0.17976109618806624,0.10334243296471234,0.052045727116759574,0.06278142073477763,-0.0014735996768058693,0.05382517732250252
0.17983998945828192,0.1090184602008802,0.05225898366786932,0.06320954354496951,0.023368971763866625,0.040932945181805125
0.1799188827284976,0.08873194427408586,0.030543966950024374,0.039944056412260086,0.03700543905455155,0.013933774167825345
0.1799977759987133,0.04031209188681663,-0.0026293315175255857,0.00464231983808722,0.023172252161876433,-0.008498075059719218
0.180076669268929,0.002000264219601966,-0.01823417978938228,-0.015210938533334365,-0.002655513981560797,-0.011421156246458161
0.1801555625391447,0.0178287371524108,0.002085048635278945,0.0033738861688210465,-0.011359687086610787,0.008935539625577889
0.18023445580936037,0.08086827378103528,0.04582528716471142,0.048417373502328734,0.005319333848525536,0.03805159435101421
0.18031334907957608,0.13921041424599204,0.08315547178133481,0.08825849680607582,0.03406147867580533,0.05650426045844275
0.1803922423497918,0.1584880719139242,0.0934672843829346,0.10108200990267946,0.05210331733073397,0.05785142658365164
0.18047113562000747,0.1437887230328226,0.0798828743644062,0.0888047699148197,0.05405910220670201,0.046331713248959315
0.18055002889022315,0.1151742171975681,0.05716714873994933,0.06526023381783115,0.05804144081967818,0.024154296275858664
0.18062892216043885,0.08760689080711116,0.036645215206814484,0.042379772212492804,0.06402312769660311,0.0015142486825332597
0.18070781543065456,0.05971381451988743,0.022073600470470293,0.021552690321648648,0.06344336539020327,-0.015821216874917467
0.18078670870087024,0.024959987040910403,-0.0008849964121595941,-0.002389901993402828,0.03699376328867185,-0.02184913727719249
0.18086560197108592,0.0008446578445524804,-0.0175494669327201,-0.017653392525759305,-0.0017386637710881541,-0.013974872235906726
0.18094449524130163,0.016364702932445355,-0.00508353745407909,-0.005490653780319767,-0.011078558228788364,0.0012999887100251116
0.18102338851151734,0.07300551494448844,0.03267016231404134,0.03481390829280247,0.018878242566445536,0.019297394992595925
0.18110228178173302,0.13425919263502717,0.07886007373741424,0.08169196359110578,0.07224082898418084,0.03056568427425283
0.1811811750519487,0.15798106814802154,0.09819185210083158,0.09843961750072915,0.11230745743078281,0.023489355893153763
0.1812600683221644,0.13637544881072533,0.07254384654385052,0.07273332563610138,0.11770260754889178,-0.0015014506604314535
0.1813389615923801,0.09579508066318945,0.0416537387687897,0.03908947878675132,0.10982157073765057,-0.025961351417563866
0.1814178548625958,0.06735320208177033,0.032345237729859824,0.025976875839499276,0.10913106146112278,-0.036727097080967504
0.18149674813281147,0.05916543109482712,0.03752292855595784,0.027883751707849257,0.11991723737146218,-0.040961305823905475
0.18157564140302718,0.05167638278216139,0.03864685605972383,0.023621151842679714,0.11810375677435055,-0.04359480041148949
0.18165453467324288,0.03317956682893559,0.015643008996163728,0.005765323744587746,0.08094804887141416,-0.03860248992155134
0.18173342794345856,0.017120894022639072,-0.005075125066573301,-0.007535546817896327,0.033851241386557325,-0.02450715123470658
0.18181232121367424,0.01663916687230601,-0.0029618231620294174,-0.00047351355777043103,0.005841438334020206,-0.0035297255102293445
0.18189121448388995,0.025316759861587167,0.012677208089098493,0.012790566855504138,0.015390374593775433,0.0025545134087171582
0.18197010775410566,0.025035798851267714,0.018034578113434646,0.01367703909326195,0.032209898157031056,-0.00571197941951677
0.18204900102432134,0.01344900327140905,0.010007352635862365,0.0033272591105181653,0.023024188752430497,-0.00952924637896166
0.18212789429453702,0.010451462757479725,0.013401291991335662,0.006998724958584588,-0.0017976353921675648,0.006872487426114158
0.18220678756475273,0.032233343912313514,0.029926346993289717,0.025584998857596523,-0.01219555428219016,0.028134940921960415
0.18228568083496843,0.07290239356819891,0.0538940638088294,0.052429016761463804,-0.004696320160100174,0.046794444769562425
0.1823645741051841,0.10910185549976897,0.06724773077848019,0.06832238306238209,0.009635566223828879,0.05258926530385431
0.1824434673753998,0.12478889252200681,0.06655499222604397,0.07284347231686332,0.014170598217411547,0.05400236451407616
0.1825223606456155,0.12557828898509552,0.06544046347271598,0.07546550207001568,0.015607462148879295,0.05545952258074916
0.1826012539158312,0.12184077577539924,0.06821489513008058,0.07618483102178972,0.03114276320936417,0.04779548829299603
0.1826801471860469,0.11325700355939494,0.06521627528443094,0.0695378077763297,0.04679917095607867,0.03379851637901393
0.18275904045626257,0.08903654358182192,0.05096241812995635,0.04994302619783047,0.05041921941749084,0.015224283061418641
0.18283793372647827,0.05263714989031218,0.021218323407949092,0.020890739744870847,0.02895494451275687,0.002129396436651428
0.18291682699669398,0.02932404124426597,-0.004688020158775628,0.00034648269685184056,0.0011440158852429278,-0.0003204217909727098
0.18299572026690966,0.03787454029584347,0.00020342709284533597,0.0063843028598706796,-0.004567531106543989,0.007837791118322798
0.18307461353712534,0.07648215518664121,0.033556214947216105,0.03893930054000651,0.014442780220311537,0.025159119296660735
0.18315350680734105,0.12002617314921642,0.06545261735503924,0.07052613250327365,0.04256483354903723,0.03689854859611622
0.18323240007755676,0.1375906220073901,0.07276603100518342,0.07737617691441753,0.055048498676859695,0.03606422449030362
0.18331129334777244,0.12532410306343256,0.06313284350615152,0.0669541997638419,0.05221555987317011,0.028709212397040305
0.18339018661798812,0.09953964940172817,0.05434092617531754,0.05558934452360158,0.04956176689946039,0.02047440190195883
0.18346907988820382,0.07457734993493151,0.049587438689456795,0.05004515340096536,0.05135167873014721,0.014811538131984396
0.18354797315841953,0.0530939504438396,0.039183632907132754,0.03904721490363181,0.046932200265659064,0.007856158947286706
0.1836268664286352,0.03483505539179509,0.014637760323468365,0.01542897923265544,0.02087769922115993,0.0018428604083328922
0.1837057596988509,0.025713793698504586,-0.006662517255391986,-0.002311421750350957,-0.008365094902940623,0.002530519361584279
0.1837846529690666,0.032640105050093286,-0.003333139708654269,0.0025450055293026047,-0.012563426572876372,0.008880774868968832
0.1838635462392823,0.06212519368185542,0.034529894962170155,0.03793416133409313,0.022422074738489214,0.020039552854819426
0.18394243950949798,0.10443001825558819,0.07222292226015761,0.0706807352340991,0.07338950600358965,0.020556791500361958
0.18402133277971366,0.12670104521596434,0.08908718960914365,0.08274512875045943,0.10237008940777453,0.015333709113362695
0.18410022604992937,0.11523580688314096,0.08225044731638223,0.07190785424452205,0.10005508164803485,0.007298591132306517
0.18417911932014508,0.08827146963204151,0.0663743162758355,0.0538590273389696,0.08749468639280777,-0.0013438938991259097
0.18425801259036076,0.06555079758725858,0.05558513716404703,0.03882355370751229,0.08217552034525186,-0.011262510185489188
0.18433690586057644,0.053957888947061605,0.046252605829482915,0.028925248926148575,0.08159904254347725,-0.0193492162340877
0.18441579913079215,0.049287859225175853,0.03633327064527379,0.02014163517794166,0.07181169422299664,-0.021517898398067736
0.18449469240100785,0.042494122241568566,0.023132110304425073,0.01025007128537972,0.05066649547866634,-0.018513035642020684
0.18457358567122353,0.027840012923464354,-0.0013335414530393876,-0.005101337117074725,0.01913025351631882,-0.01455855809492652
0.1846524789414392,0.01127503129358012,-0.020043188000303067,-0.017181698872942693,0.0002702493885918599,-0.014652580403377148
0.18473137221165492,0.0023477894202762564,-0.029015710618501358,-0.02196667048676564,-0.01397489791498614,-0.01106439589906853
0.18481026548187063,0.0010442323826738138,-0.02508193759261345,-0.01874380887351382,-0.019697229944099084,-0.005275991071397938
0.1848891587520863,0.004751911174392267,-0.019227296570799957,-0.01362359747993306,-0.017466292721736543,-0.002145797137035866
0.184968052022302,0.010264715993504451,-0.018199974843820143,-0.011757469899878423,-0.016128534355390464,-0.001286391469463116
0.1850469452925177,0.012891479047278298,-0.01702301532494115,-0.012357791317294035,-0.01160376762954881,-0.004217857375984022
0.1851258385627334,0.014935193030638715,-0.008836124735789047,-0.006940195421052792,-0.006532722354871918,-0.0023598004255666904
0.18520473183294908,0.018264856794116043,-0.0005428044103616186,-0.0026120531654183115,-0.006397778172369436,0.0012225243282589623
0.18528362510316476,0.019943815065447842,0.0025700188216840137,-0.000978828234478238,-0.007198692391342454,0.0030307054654985267
0.18536251837338047,0.020860724316025012,-0.0033580817871315767,-0.0023901941235905306,-0.011770784361185494,0.004288975745241195
0.18544141164359618,0.025438992760706252,0.0015186134157873937,0.004555639062191504,-0.015293671831956526,0.012041535484383468
0.18552030491381186,0.03825453362384725,0.01772213014738493,0.020049000985985544,-0.015184059543401475,0.025062326023863536
0.18559919818402754,0.061234519209582526,0.04427491410227812,0.04395858872796488,-0.008822858113479656,0.04184423696720792
0.18567809145424324,0.08848374376138729,0.06043781053988154,0.05984954878489221,0.004313446387155831,0.04825715526839984
0.18575698472445895,0.10318662442907475,0.053630409386725114,0.06060266757776962,0.015585874374034843,0.04287826021336888
0.18583587799467463,0.09291591991901067,0.03583926733195839,0.049425619688551754,0.02615825599551996,0.02776616855061043
0.1859147712648903,0.06787063673620622,0.023608451148043243,0.03570944005828925,0.03594687944980354,0.01091601505938877
0.18599366453510602,0.044750225118159986,0.012707525086500703,0.0181135725277852,0.03323274314976762,-0.0025111591851752035
0.18607255780532173,0.030325786348041284,0.009240577970432446,0.010090694929596663,0.025453196290650085,-0.005119158983638207
0.1861514510755374,0.025417888002375204,0.003634220111692567,0.0025076827564379785,0.011913179188667652,-0.004266076707791655
0.18623034434575308,0.028516561526246282,0.0013806545485031089,0.0020806231892277747,-0.0007510721918239766,0.0021591838208000176
0.1863092376159688,0.038617789287107566,0.009932027461845372,0.012029092386033887,-0.005665157958526307,0.01319188068595886
0.1863881308861845,0.05562460214677538,0.016936145442479827,0.021876161014629837,-0.008893798762832705,0.023235356655250467
0.18646702415640018,0.0739879629383762,0.020448125996942977,0.02890163153056977,-0.011143956084152105,0.030371898319954047
0.18654591742661586,0.07873077673908674,0.018296588219156446,0.028950236693602926,-0.010638668538936503,0.03014238817128051
0.18662481069683157,0.059339136595596156,0.008028370141713924,0.018394700144050098,-0.005211574838703153,0.01832359215289115
0.18670370396704727,0.029147255673926075,-0.0006813814716008578,0.0039026905744633127,0.0016397524644994209,0.0024166323185404125
0.18678259723726295,0.014329834659912688,0.0006172354159434594,-0.0025483488020303837,0.009825647815257575,-0.007416481559157831
0.18686149050747863,0.027715872005497025,0.02568174395892868,0.012681875389547004,0.017760088286792944,0.0011929036037022966
0.18694038377769434,0.05677725795868387,0.05284951688128787,0.037493321552654175,0.015459286933990403,0.023392624086127967
0.18701927704791005,0.07972656636709735,0.06663993342879974,0.055793651817899595,0.010483448658723341,0.04153167296353449
0.18709817031812573,0.09132194070856632,0.06803439469798014,0.05859072343251702,0.01233483113555156,0.04291029771055687
0.1871770635883414,0.09905286453947472,0.06523090492585458,0.05656877562382663,0.02529987656332151,0.03427492273830225
0.18725595685855712,0.10738043907953707,0.07288748890380181,0.06633395024962786,0.047291830203351926,0.030812681244920603
0.18733485012877282,0.10750536413494355,0.07075147169763267,0.06593684099083008,0.06990649578939259,0.018380103339064105
0.1874137433989885,0.08323267816633742,0.04843104389486101,0.04400588402443145,0.07828024199341536,-0.004765635799953927
0.18749263666920418,0.03882622096330089,0.011607622586974937,0.009343562074440242,0.05865525886619681,-0.02357241544598871
0.1875715299394199,0.004557916265458905,-0.019650324687545115,-0.01817113594042626,0.02041179860690815,-0.026278338004990756
0.1876504232096356,0.0064454969917559024,-0.022932160438425546,-0.016356760727062193,-0.01106126416662128,-0.007886069197881056
0.18772931647985128,0.036410585994174745,-0.005149970718606698,0.004474193730301589,-0.017890014670962167,0.01336431308664192
0.18780820975006696,0.05904496645610396,0.008544970795180124,0.01911207983166807,-0.008306796384734928,0.020587238807324146
0.18788710302028266,0.05376353379748805,0.009434440052749977,0.018189756336553547,-0.005623493722931789,0.01837118924669876
0.18796599629049837,0.030720278572616513,-0.0006171975669240019,0.006475338474393164,-0.01251585569939009,0.012173635072741615
0.18804488956071405,0.011600110576439811,-0.004042319405654664,-0.0010596851137350863,-0.010925410145640567,0.004959404446223677
0.18812378283092973,0.009202224328445086,-0.007968069814077966,-0.007759143821483265,0.0008784336615854413,-0.007022059156833965
0.18820267610114544,0.016519188009288793,-0.011028314886347035,-0.011161472468613483,0.015898461298305792,-0.01794255151231822
0.18828156937136115,0.026926107181903015,-0.011162164614652435,-0.007446990629456167,0.008734045513395983,-0.010967489299529605
0.18836046264157683,0.05085503289967409,0.002265237596995045,0.012289268911782295,-0.006537623322545026,0.013878975670216242
0.1884393559117925,0.09669484516034997,0.035152497491399426,0.05211561346666892,-0.004277368425393829,0.04630576042650225
0.1885182491820082,0.15296622511925587,0.07880477377687023,0.09909274641928573,0.02259335992736089,0.07180873530260144
0.18859714245222392,0.18787831922853626,0.10375902632724891,0.12341796718009201,0.062315716902037945,0.07157590043490557
0.1886760357224396,0.17686123496054312,0.09282580314002664,0.11004661880338192,0.08558515190211159,0.04774843321699455
0.18875492899265528,0.12242301761192789,0.05384471425382311,0.06434881815924157,0.07505299700733635,0.014270092248918625
0.188833822262871,0.05518151136067973,0.01099725030974323,0.015768086158613602,0.037897848504161044,-0.006995472102070422
0.1889127155330867,0.012658427598115429,-0.011882277269912265,-0.009445648753462344,0.010323218463324195,-0.013506437510998297
0.18899160880330237,0.0073659150363699685,-0.014933950671385561,-0.012452507890487104,-0.0077247643525661415,-0.006376058105817749
0.18907050207351805,0.025178202851486947,-0.008164163194159186,-0.002920166855851715,-0.016123314131574203,0.006174034164494828
0.18914939534373376,0.05674599714439166,0.012943231043670645,0.021047356920746902,-0.01844834884820878,0.027653952817967974
0.18922828861394947,0.09950926691524618,0.05060900661487335,0.060865855778696645,-0.010332468989995416,0.05693373525352148
0.18930718188416515,0.1419438085328295,0.07874364305825551,0.09507008666330881,0.007875494153646134,0.07619725353875267
0.18938607515438083,0.1581874766262153,0.08332638174409561,0.10198323957507255,0.03486822245561751,0.06776249532268602
0.18946496842459654,0.12876371331436567,0.053201860390165376,0.07074236978579594,0.03558922397139753,0.040803619270753995
0.18954386169481224,0.0651254721977916,0.007943328485121328,0.019812530074576278,0.015195676222714397,0.008590545730675352
0.18962275496502792,0.010926473427446433,-0.016312108139830455,-0.013403519982396238,-0.00791260365996051,-0.007078575991625534
0.1897016482352436,0.003636638678492259,-0.004318704882364126,-0.00840705892121325,-0.01492546365342417,0.000898585623081167
0.1897805415054593,0.033137291905960015,0.02217923123243211,0.014734858368248735,-0.004052392416568605,0.014612451085382845
0.18985943477567502,0.06223163903882561,0.043905079126572724,0.03892317197489995,0.010256386195362462,0.027385075210651217
0.1899383280458907,0.07923843665592123,0.057607229998472904,0.0545245855902017,0.017187503500574474,0.036877094744702535
0.19001722131610638,0.09284266115791069,0.06527299796124536,0.06424026174750312,0.03548553613709969,0.035339747143752605
0.19009611458632208,0.10787410080471191,0.07462294468501163,0.07119018238783506,0.07413254871368487,0.020593285930090122
0.1901750078565378,0.11392975776850071,0.07759835845330551,0.0716669621944416,0.11570475112290471,-0.0013369904874328312
0.19025390112675347,0.09098207472054437,0.06055016308200905,0.05240384532896492,0.1262934615627781,-0.023543304422824207
0.19033279439696915,0.04315076611115143,0.019078804136488357,0.014003992351220438,0.09170351166433015,-0.03744163649207773
0.19041168766718486,0.006550250743146856,-0.01287783259457432,-0.013845494629380724,0.03159055833619466,-0.028620423726068628
0.19049058093740057,0.009286926240175332,-0.01757798796538611,-0.01471042694314346,-0.006071213830870362,-0.009168746169865613
0.19056947420761625,0.04120670051011398,0.005768026556138865,0.008857285630562801,-0.008236270378903295,0.01189147066292055
0.19064836747783193,0.06550975006618683,0.028550606539971036,0.03016872236333719,0.0023406355520186285,0.024223113011852974
0.19072726074804763,0.062002797850436726,0.028178257120494557,0.028545126794183973,0.006051366743067831,0.020865118796287635
0.19080615401826334,0.04299282945191402,0.008256920961824319,0.010303533935275848,0.006112085091290784,0.005425283030103477
0.19088504728847902,0.030104077120819632,0.0001866804163220476,0.0011506690839833194,0.023411143978928853,-0.011574681830099765
0.1909639405586947,0.033034753584016384,0.008462479263996582,0.0049320280620866195,0.05620444274128045,-0.02598265052892107
0.1910428338289104,0.03997812066208708,0.021536540198168155,0.01433314289821871,0.08832501397219039,-0.03533792417770668
0.19112172709912612,0.04130883602556302,0.013601950026831471,0.010054077648889883,0.07801176329798068,-0.03339289960993482
0.1912006203693418,0.04893975827783643,0.008018305762395131,0.011147296991278605,0.04982229742519377,-0.01730130575460149
0.19127951363955747,0.07439497814513173,0.020897156206706697,0.0304657324731571,0.026755044720886807,0.011403222989436463
0.19135840690977318,0.11272236192916452,0.054108180422019814,0.06500080236108595,0.03190185729379341,0.037897980397625514
0.1914373001799889,0.13933669646465338,0.08292273914956773,0.09055607552426535,0.05201171947968578,0.048915082894068145
0.19151619345020457,0.1290341264258628,0.07829049155514588,0.08047651048183392,0.05994665252885667,0.03609233166195721
0.19159508672042025,0.08875074860989286,0.04349430776296826,0.04646295115727877,0.03930131028800366,0.01822614072621126
0.19167397999063596,0.048830541645077774,0.011199069182695776,0.015894895180681122,0.007666930419534845,0.009314283511930163
0.19175287326085166,0.03059463375435083,-0.005379347296852101,0.002246361625698064,-0.012916142506129318,0.008817644990292622
0.19183176653106734,0.03541104130610935,-0.0016452033264019988,0.007269947457957364,-0.01542968428641384,0.014406020257919865
0.19191065980128302,0.055197128603993166,0.011378420112292875,0.020864640074732852,-0.015099122059264197,0.025705345047553854
0.19198955307149873,0.08537349210528825,0.02590392191304623,0.038271078390203564,-0.0037546940220015883,0.0343293097117519
0.19206844634171444,0.12438954049503925,0.05452540891519556,0.06682381580840069,0.015987271217126193,0.04793336258336887
0.19214733961193012,0.16453106118949765,0.0881034621384767,0.0972695471638114,0.04630307460781713,0.05767626007364421
0.1922262328821458,0.18136244122911618,0.09595445651981406,0.10377680468887256,0.068273406402618,0.05156912142729909
0.1923051261523615,0.1501812601135385,0.07903263128990774,0.08404006175270884,0.059219198775282395,0.03951885599525426
0.1923840194225772,0.08902278697136624,0.03192817260086101,0.0390980007205279,0.021831839212401956,0.021339885518353748
0.1924629126927929,0.040081056141243764,-0.004071626424776159,0.003077855674419566,-0.008323308800711872,0.0070585228202347024
0.19254180596300857,0.022624978681863778,-0.01522821044962208,-0.009121394128470864,-0.0121475492341526,-0.0011932377145356906
0.19262069923322428,0.030633901306767283,-0.005373534009368899,-0.0014348277219022613,-0.0006749181660978345,-0.0008498592483682704
0.19269959250344,0.04928303707365572,0.01655204999772174,0.017554589269556886,0.018637930549784923,0.004838801057639867
0.19277848577365567,0.06909339448466528,0.031169264597017486,0.03296173998861749,0.03252209066399724,0.010425476313741657
0.19285737904387135,0.08869144461002634,0.04434528368242724,0.04643235781208087,0.05092318914116156,0.011976773221233092
0.19293627231408705,0.10637625951212507,0.06021989412113758,0.058061624978582416,0.08318397405006994,0.00455186151332964
0.19301516558430276,0.11123742097986478,0.07161199946459973,0.06373764616518704,0.10391031123116447,-0.0017593923524266456
0.19309405885451844,0.09024193697348051,0.06794592382952296,0.05657712614038008,0.10057395096838138,-0.006071830632212803
0.19317295212473412,0.056442550408206754,0.04178965496859999,0.03336868788793828,0.06555697431330017,-0.006950389904567338
0.19325184539494983,0.03192626576733261,0.011614711106022023,0.00978828227413788,0.0157856347248403,-0.0001930268040308646
0.19333073866516554,0.021457222568249817,-0.00863707559187444,-0.005502220518600781,-0.011912730919626791,0.0017372190850174483
0.19340963193538122,0.02404213450529924,-0.006457481839641026,-0.0012007731853849067,-0.011451746807958628,0.005122326063699863
0.1934885252055969,0.0343192660760018,-0.0022951271588514694,0.0017501620491611168,0.004881581750855133,-0.0011378603241985602
0.1935674184758126,0.04157420718165817,0.005162474116998247,0.0070898342317486105,0.01697401786376437,-0.0031088343355186003
0.1936463117460283,0.044480387683629385,0.01288590404631985,0.011496468035945145,0.03358398552039187,-0.008291329830888471
0.193725205016244,0.04895802524259982,0.02357898112261916,0.016189192185899204,0.05939593831098092,-0.018182840472960902
0.19380409828645967,0.05724872844386448,0.0439050234374585,0.029385551585273978,0.0960856605793097,-0.026775507004964654
0.19388299155667538,0.0616786617137199,0.05648440903850889,0.03639090942030545,0.12196124066888048,-0.034840003720033076
0.19396188482689108,0.05387093747591922,0.047493024215873786,0.02830270753655957,0.11024109135311463,-0.035354689830088354
0.19404077809710676,0.03643886826628835,0.024286547218042298,0.01273066080864481,0.07587405276332834,-0.029976891890925873
0.19411967136732244,0.01850958490030755,0.002921539972496665,-0.0009705398851415205,0.035923284211886584,-0.020076308294604512
0.19419856463753815,0.010203026870744722,-0.009750076470785615,-0.007624771153779824,0.008873656304915082,-0.011192394721867319
0.19427745790775386,0.015900007188985335,-0.010186256642409791,-0.006509072612519066,-0.000808215324728085,-0.005062881968307117
0.19435635117796954,0.03209040103126406,0.0010458608659936724,0.0033931719316033617,-0.001049357743988803,0.0034272445142766593
0.19443524444818522,0.049144151956376295,0.00735672563757896,0.009722240654131308,0.004332089427876227,0.00588806440119832
0.19451413771840093,0.05259784996764337,0.010517848542286209,0.011648185379989634,0.01213145860660796,0.0033358187989877466
0.19459303098861663,0.04078670531413636,0.007345770222608945,0.007452733643104913,0.01697788991057671,-0.00280443423014995
0.1946719242588323,0.026684766350194192,0.002591563613682071,0.0015510637109818362,0.012165655372745368,-0.005209123583710273
0.194750817529048,0.018295411515888947,-0.0016634817196467015,-0.0026882836514731806,0.0029224316310812334,-0.0038356817632534904
0.1948297107992637,0.01611287695381073,-0.007523160507516755,-0.005607900685731671,-0.0025364069751176053,-0.0033760223471907703
0.1949086040694794,0.020315003689263332,-0.006551667218711163,-0.0031997649434905274,-0.002638495811936756,-0.0012879863283254936
0.1949874973396951,0.03290664426506303,0.003839708627888287,0.006881166944330104,-0.0023484858594310784,0.007068364573866511
0.19506639060991077,0.05588153926006116,0.0274711618491286,0.02665010815211699,-0.0012181306731386848,0.02315625801524064
0.19514528388012647,0.08797594445850847,0.05022383843222843,0.05174908216230455,-0.00041436290546020534,0.04393205174437114
0.19522417715034218,0.11821935377309839,0.06380744894758383,0.06876478463039758,0.0032082698353071877,0.05639008614704111
0.19530307042055786,0.1262025923528121,0.06390369408107632,0.07242102587166495,0.01936236527711659,0.05087810811711419
0.19538196369077354,0.10658564122473846,0.056539027069243575,0.06408915554083082,0.029633567517406288,0.03833535816874079
0.19546085696098925,0.07681658898037767,0.04187936520235265,0.043872910815041216,0.033464102456162687,0.01915632581635729
0.19553975023120496,0.0529117772528728,0.03016232450072547,0.02594163959074479,0.030550674300336717,0.005544213502369496
0.19561864350142064,0.03992472246442474,0.02428830839007197,0.01797481422570471,0.024298686517684527,0.002160561569478754
0.19569753677163632,0.03869783585457808,0.027786180286629773,0.024122705914161612,0.020677496181812385,0.009296164030197328
0.19577643004185202,0.05041661239151868,0.044696909665750295,0.04055036089330838,0.021702799718677807,0.022637540020807437
0.19585532331206773,0.07684598196220424,0.06588547171772001,0.061273369373317836,0.01860979855727689,0.041832350770456
0.1959342165822834,0.11626966449370649,0.0887103045882078,0.0834312848222973,0.019209833989365082,0.060299371118747724
0.1960131098524991,0.15467099161902492,0.11151478618713256,0.10715673387090052,0.02680595454574244,0.07644120451320664
0.1960920031227148,0.16540407909825972,0.10418159984029064,0.10421930415663497,0.032534439637267695,0.07090499196488936
0.1961708963929305,0.13687780062200383,0.08993407950789492,0.08977575085212236,0.04058016410068964,0.054330000602997065
0.19624978966314618,0.09063861720118874,0.06958756802824885,0.06467227949341314,0.046257228643535805,0.02995370867803943
0.19632868293336186,0.05590044262275282,0.04623966023514832,0.0384387900161292,0.03898427191135851,0.01159945659025356
0.19640757620357757,0.047000387817245595,0.040622170061106105,0.03196934190892345,0.031395280521564366,0.010189525259958289
0.19648646947379328,0.0629022784028027,0.04846201464524543,0.04049069998665704,0.02945832197439395,0.018436920459590337
0.19656536274400896,0.09892789073271417,0.0709341188551491,0.06420679282582654,0.03248538539064244,0.03691295135299229
0.19664425601422464,0.1525398545150716,0.11207605541769046,0.10421817361007532,0.0572394300640666,0.057806319043138876
0.19672314928444035,0.21774763707852252,0.16312336380225728,0.15218057313943015,0.09760602472106224,0.07784444805511045
0.19680204255465605,0.2712551541707991,0.19402946714695085,0.18151972147724676,0.14025325553536988,0.08124130394832624
0.19688093582487173,0.27135950873342807,0.18979885424295703,0.17857424281608786,0.16594475554861635,0.06509245741777442
0.1969598290950874,0.2090556053700611,0.1476674800283307,0.13754216698967894,0.15595997242549936,0.03407988728216605
0.19703872236530312,0.1222734138866238,0.08046210515894843,0.07173617321428123,0.11361693362776691,-0.00015143521698918715
0.19711761563551883,0.051181737432492436,0.03041393271107703,0.022495091350276688,0.06984841712775083,-0.018468866729403982
0.1971965089057345,0.016000398793646363,0.011512979039275183,0.004233481193633578,0.041387048435667,-0.018613640688787104
0.1972754021759502,0.009777756589167748,-0.0003569783890685046,-0.005889625248027262,0.023815326558971193,-0.017735584179251498
0.1973542954461659,0.009020491370403444,0.00015498178173356061,-0.003925258019013273,0.017341097695080774,-0.012606647229692932
0.1974331887163816,0.007174530223727521,-0.010013433602628416,-0.01200623273413879,-0.0016055294858915489,-0.009277442832576747
0.19751208198659728,0.014000652736957407,-0.011238324016395624,-0.008619623612067837,-0.010840468825189712,-0.0014698620739812913
0.19759097525681296,0.03299336158336051,-0.0021190701599781286,0.003060179462911528,-0.0017037369316399993,0.003496703518232484
0.19766986852702867,0.05054900539979445,0.011028210878418836,0.018430845638337603,0.01715687910143558,0.006372601255220532
0.19774876179724438,0.05133789754835475,0.004911849202700414,0.012746888424948978,0.02313720962926286,-0.0016339087984026431
0.19782765506746006,0.043560863778516666,0.00676631209005427,0.011707103695848814,0.019499942513543565,-0.0005628390202518207
0.19790654833767574,0.047118859748138814,0.013370172878316667,0.015309664362761337,0.011458777882949269,0.006788691925490205
0.19798544160789144,0.06894972529097933,0.037661095193647416,0.03757665650072646,0.013414405141131942,0.024557206033164202
0.19806433487810715,0.09414112847169351,0.06319011762820666,0.061885900523670656,0.02411877355787553,0.03941097757010915
0.19814322814832283,0.09612050288166152,0.06242414274499429,0.05765395314794919,0.0384758410220292,0.028154779954119018
0.1982221214185385,0.06745367614581058,0.04291405460236189,0.03895926591533238,0.03703503907910495,0.013084135263018168
0.19830101468875422,0.027492137333809907,0.01240186096682887,0.007926513165828772,0.021891437289727964,-0.005037827964450825
0.19837990795896993,0.0034123763693864697,-0.010879423126841606,-0.012487803410232746,0.00021242352502092216,-0.010657997275144033
0.1984588012291856,0.006622675507437668,-0.01510639762956484,-0.013720477486235885,-0.009508139903567093,-0.006491483790677156
0.19853769449940128,0.026021879036805796,-0.004989926845714102,-0.0017912223375083623,-0.010796083983497688,0.0042724169751138285
0.198616587769617,0.051167745847691175,0.015579496284220933,0.017629158936045306,-0.011108069296960926,0.020835869086653983
0.1986954810398327,0.08114778250757228,0.049136847304508915,0.05098988142793313,-0.007756407353029785,0.04721356066776814
0.19877437431004838,0.11366325940286597,0.08891727300013126,0.08614408938494156,-0.002279385689263424,0.07402421338367537
0.19885326758026406,0.1377933601974495,0.1182016681468012,0.10825731424433944,0.022092092152176473,0.07987291141998266
0.19893216085047977,0.13437118788938326,0.11470808609442208,0.10293581658003823,0.03471154351955297,0.0686574683155852
0.19901105412069547,0.09564932861665502,0.080886981660464,0.06540821829313843,0.03422665257075878,0.037002821393496026
0.19908994739091115,0.04477946129497345,0.0459907076455201,0.0317203642547782,0.016416500608499203,0.017999725381849026
0.19916884066112683,0.028550429148325798,0.030182744369600174,0.02188973296046392,0.0015339426395142468,0.01766219376425129
0.19924773393134254,0.0702820208745406,0.040269823499967036,0.04079627781473913,-0.00427137178878893,0.036738808635695626
0.19932662720155825,0.14080843039855379,0.07686951226408753,0.08457376169865499,0.003873896570540223,0.06942280666814754
0.19940552047177393,0.208469294368745,0.1130998267951584,0.1256073695765059,0.01955840678045879,0.09599563049757229
0.1994844137419896,0.2636587010924389,0.1722512279028178,0.18184926863984338,0.05133112166569528,0.1277569941507065
0.19956330701220532,0.30562163626034095,0.23582034298873158,0.23452293446170128,0.10843386064712497,0.14491627524464953
0.19964220028242102,0.331964141286179,0.28006954646451226,0.26672889713964576,0.17714558197317243,0.1396090974227563
0.1997210935526367,0.31744020280259344,0.27932958686871373,0.2538344951006414,0.22377815825225741,0.10376084263955503
0.19979998682285238,0.24166850909262821,0.2161669562091357,0.18601727810310298,0.2009158964810845,0.05321102871591878
0.1998788800930681,0.13089257828212852,0.1265898905295569,0.10160057513832056,0.13945251723204155,0.011624992564279912
0.1999577733632838,0.04137733192034483,0.038405773200343704,0.024296321454305915,0.059656679907420594,-0.011463666048743463
0.20003666663349948,0.009117499602549485,-0.00047500735312386793,-0.003115384180588238,0.010562452636003564,-0.008290066783968793
0.20011555990371516,0.024459496514573815,-0.010520126548755617,-0.0011906097054791933,-0.01418526213404218,0.006595794183495529
0.20019445317393086,0.05539121174096553,-0.0010956526557077066,0.014472513759460095,-0.02064568548390547,0.02328175722516521
0.20027334644414657,0.0855662317741062,0.022096157238456867,0.04034845762842536,-0.02026966446046879,0.04492008177393931
0.20035223971436225,0.11188099963973784,0.04162187125379414,0.06097150886844718,-0.0002705726014435934,0.05165262626573466
0.20043113298457793,0.13294705254745567,0.07143619581307865,0.08555105368843555,0.04658483464623419,0.04753745682374852
0.20051002625479364,0.13771624542914276,0.08144902854110289,0.08819781306822636,0.07667615302909091,0.033756964515991285
0.20058891952500935,0.11006725449877863,0.06798558883046268,0.06841496557734662,0.08486990123089574,0.012471402527083803
0.20066781279522503,0.05924445888892345,0.031937188678227424,0.03012615243765347,0.061027671835992954,-0.007264077872975498
0.2007467060654407,0.017090704610309274,0.00781975483121882,0.006956281540516951,0.028825361600764633,-0.00957474027739405
0.2008255993356564,0.0027826593643347805,-0.011822235689527179,-0.009916950912757943,0.0025605808541070032,-0.009745243259027345
0.20090449260587212,0.01023654744114695,-0.011139800443967911,-0.011017486503845892,-0.0005252481314996437,-0.009021281124733401
0.2009833858760878,0.018160737059840417,-0.0007590449234073435,0.0005734557261163573,0.004185046565818958,-0.0017581955066613031
0.20106227914630348,0.015112222331170738,-0.012558304273535183,-0.008482679065341855,0.0006325766690555611,-0.0075012590899258295
0.2011411724165192,0.0076954900071918774,-0.016721958156420122,-0.00997501203892273,-0.003958899942608136,-0.006301449083636735
0.2012200656867349,0.0052177951506207,-0.026626829157167704,-0.020259009915905492,-0.010234870289701834,-0.011624934328794329
0.20129895895695057,0.008110793951071981,-0.022679914350057298,-0.018321775598592892,-0.003342946432722344,-0.01368004427464676
0.20137785222716625,0.008747140020826496,-0.01485337351210776,-0.014817364590632221,0.0014670182444367992,-0.01329715598991574
0.20145674549738196,0.005199106720217018,-0.008672053498877985,-0.010901331518710377,0.0002795037405866127,-0.009354337247761621
0.20153563876759767,0.004492126026202415,-0.0024651065733732346,-0.005794542549143348,-0.008320082843052778,-0.0004347118633144134
0.20161453203781335,0.01055581173271617,0.004593093651454821,0.0010428470767399538,-0.009739056267941386,0.006098943935663376
0.20169342530802903,0.017568062435557714,0.016694479809200045,0.010923331221480191,-0.0059514852407208775,0.012411672792712892
0.20177231857824474,0.01527427238819924,0.015143132211006726,0.010031084900189228,-0.0014693525996841306,0.009256982657331075
0.20185121184846044,0.005000518547264296,0.0016730725590110706,9.605323548555495e-06,-0.008290888522826521,0.004450530695135419
0.20193010511867612,0.0023162345093452586,-0.009899159358378809,-0.00845239697976879,-0.010180860635226262,-0.0016820727119148853
0.2020089983888918,0.019067904264682474,-0.007598510227561077,-0.0031767215844087635,-0.003977542671086069,-0.000551060484386988
0.2020878916591075,0.05059932682517688,0.017590019523605376,0.023118223856314894,0.01706992964278069,0.010379653200860765
0.20216678492932322,0.08067613644240988,0.03496896823809492,0.042029979547121794,0.024469852772253196,0.02240899199528266
0.2022456781995389,0.09917675110891566,0.05394183614514983,0.06093119971279705,0.023632237950090756,0.03886164471279564
0.20232457146975458,0.10872672758879294,0.06513436015709548,0.06814555580631775,0.013312783712399332,0.050479106859297816
0.20240346473997028,0.11410639076460137,0.08737738927797241,0.0818995413183834,0.02826362634924799,0.05418235271196948
0.202482358010186,0.11684687628088453,0.10765542615408359,0.09445883155166156,0.04851616789570063,0.054102826842255064
0.20256125128040167,0.10843794960702446,0.10891792336191028,0.09022783354961156,0.0593812293888266,0.04471242708978421
0.20264014455061735,0.08340524164907591,0.09597232640853298,0.07714838593287496,0.049108129630772934,0.039039154747432386
0.20271903782083306,0.05612500636182738,0.048092559782923865,0.03537167676275999,0.011712142384602579,0.0236040514109318
0.20279793109104877,0.039322906045758936,0.018938842099029032,0.017355865140228296,-0.010878991460574482,0.020482421624133152
0.20287682436126445,0.03526417254389678,0.0005750441518730529,0.006369479588062752,-0.023266836294021154,0.017846631238191992
0.20295571763148013,0.04301526045470597,-0.002388545404933698,0.00847236448729376,-0.018614796954411712,0.01712820369336796
0.20303461090169583,0.0551518093636782,0.0077817217809548695,0.021629498094633014,-0.013520566681382898,0.025505380949216238
0.20311350417191154,0.06357655177239363,0.012933924296606168,0.02554412902226115,-0.00965613197156837,0.026740490555021264
0.20319239744212722,0.06766912054241515,0.023603825537102097,0.033703242546547274,-0.0090629200288989,0.03331204134823194
0.2032712907123429,0.07057661476778682,0.030179488543609724,0.03577567519189724,0.010456729439023848,0.024617313236464152
0.2033501839825586,0.07307414610854997,0.04258712348093743,0.04540816471637739,0.027992556022665486,0.023383733053735267
0.20342907725277432,0.07143626980652852,0.03801690334303556,0.03843136561428415,0.028325138599529908,0.017300721614811564
0.20350797052299,0.062469597748305045,0.02782069833418265,0.03280986486371155,0.015762170322847685,0.01927097382680353
0.20358686379320567,0.04449014491868888,0.0019371189628707855,0.010189339934979455,-0.008042325127335659,0.012912193229586897
0.20366575706342138,0.023103062186264133,-0.015807903493776167,-0.007131819144458473,-0.01619029409882077,0.002653363389014555
0.2037446503336371,0.010805777707050357,-0.014725000585652364,-0.008598618710316999,-0.013320676845910104,-0.0001231394671860316
0.20382354360385277,0.01086042247968429,-0.0063022599246481195,-0.006311104519696107,-0.005756412933660444,-0.0022445376410168993
0.20390243687406845,0.016342319483263663,0.0011152193231940826,0.0012814250808888146,-0.0034343753214058936,0.0029221256485135066
0.20398133014428416,0.022436371912918775,-0.003436485400129547,0.002536657544521832,-0.007122652340337629,0.005958218949256105
0.20406022341449986,0.02856995607610366,-0.010432724343552474,-0.00020677007677252673,-0.018788685516362747,0.009893776967075286
0.20413911668471554,0.03636541599677765,-0.005356739551063647,0.0037070008117431777,-0.018297468798091687,0.012934979075869931
0.20421800995493122,0.04761548400627452,0.0032603237143378296,0.012768026713472854,-0.011096651477167976,0.016725792586027265
0.20429690322514693,0.06047424085322037,0.01436246116132338,0.022559000542365325,0.005444858151856056,0.016133082852850627
0.20437579649536264,0.06621152935733883,0.020941976040602037,0.026778003930177045,0.027439707169828177,0.007918233693017713
0.20445468976557832,0.058124195341476725,0.023460568070407462,0.02543837258141992,0.0451785080354153,-0.0027240983931668228
0.204533583035794,0.041954446694798905,0.019395378741038034,0.015319649950556258,0.04770364825451756,-0.012636777483333245
0.2046124763060097,0.025877741463386963,0.017031660443702492,0.00855894153281634,0.038542993971919196,-0.013433427162042145
0.2046913695762254,0.014141324360148592,0.006976003466901692,0.0013761476519662324,0.015803078885785655,-0.007306170405556016
0.2047702628464411,0.008107258025903475,-0.010365125107182573,-0.012278724926348685,-0.00209215653916614,-0.009246844310130318
0.20484915611665677,0.005281762875215074,-0.017636933123514276,-0.015470458332116011,-0.007033727145707063,-0.009295014970092622
0.20492804938687248,0.0033515215185258396,-0.024971621749301703,-0.02120079851666425,-0.013127578573836247,-0.010871177070443338
0.2050069426570882,0.0029420073489341064,-0.02100090630549403,-0.016806374752633833,-0.009915693232240813,-0.00887950685164429
0.20508583592730387,0.003875861676743665,-0.02325205698018109,-0.017046996681230157,-0.015465246575865567,-0.006109804775528393
0.20516472919751955,0.0033002368933635244,-0.0260626888407687,-0.019558636120004098,-0.008974920237497632,-0.011708163380461946
0.20524362246773525,0.0007046271172236757,-0.02051598307416457,-0.017545842678960512,-0.003372039034734059,-0.013009164985266025
0.20532251573795096,0.0014499874445616859,-0.0017720368987741279,-0.005802133306659672,0.0030564254528658895,-0.006536603900137425
0.20540140900816664,0.010397026782807847,0.017892225047407475,0.010457044769827076,0.00032451313707581214,0.008655592601949735
0.20548030227838232,0.024590360462213943,0.022331527561484304,0.013184331941842254,-0.012103286239779605,0.017616612707895427
0.20555919554859803,0.03252681035580577,0.021809306754108852,0.015030966330875783,-0.02112412021832659,0.024009568343082287
0.20563808881881374,0.02562028810805006,0.007579734933794654,0.003814660183057297,-0.025116297183067147,0.016681312765754432
0.20571698208902942,0.010270523661834383,-0.009488075700059042,-0.009926958455428321,-0.024793268742963965,0.004903692687694481
0.2057958753592451,0.0005125312330497994,-0.021762740854003777,-0.020669955417034497,-0.021026502228823477,-0.006191331154538306
0.2058747686294608,0.0042116761374557275,-0.02224236698480555,-0.019982403076370003,-0.016483046241131116,-0.008044438184950285
0.2059536618996765,0.01627352096523359,-0.020601803980511604,-0.014114229731832757,-0.0210848389900594,-0.0006211526452769796
0.2060325551698922,0.0271086227112704,-0.018947277699051922,-0.00853801831453747,-0.022183806739421105,0.004678066797174615
0.20611144844010787,0.03653487918304415,-0.005897649812698747,0.004657514027517691,-0.022017580805080286,0.015731601017738826
0.20619034171032358,0.04932178720147106,0.007686878904093671,0.014216956954894762,-0.019054365700097678,0.022213174316134232
0.20626923498053928,0.06566365390485022,0.025040729083286344,0.03217896209400069,-0.017434585059229762,0.03650685379418788
0.20634812825075496,0.07301383629486435,0.03838074234347816,0.04408425693941348,-0.007504285211587889,0.04124523948263519
0.20642702152097064,0.055799638601522344,0.012354731638128473,0.020188074112527595,-0.010490257269971019,0.022665260952181368
0.20650591479118635,0.022947261391800807,-0.011278803009296087,-0.007244955990225623,-0.014465631601652498,0.0016335749218042693
0.20658480806140206,0.002043277766196258,-0.018310268652212594,-0.01794794604850405,-0.00867826409556084,-0.01050657078655776
0.20666370133161774,0.014870521266897009,-0.006192123517376296,-0.0065683806433737635,0.0016268295556448997,-0.006417613718787899
0.20674259460183342,0.05790000618356112,0.024336888958590628,0.025214269888383996,0.0221098715152648,0.009451484613166897
0.20682148787204913,0.10055471015863246,0.05376734139577686,0.060613884512159454,0.04390735922745802,0.027763286020351517
0.20690038114226483,0.12311424279186653,0.0683629170599671,0.08122733651723438,0.04280643328864285,0.045868731453833446
0.2069792744124805,0.1288805983744719,0.065807453623631,0.07909721124330397,0.02792202405187124,0.05198401919999372
0.2070581676826962,0.12467926854889602,0.09598499180862555,0.10347796629748225,0.04996705728311863,0.061031951122056415
0.2071370609529119,0.11553680552667114,0.08298937102567093,0.08576460501364254,0.0457852170553277,0.04814499810229087
0.2072159542231276,0.09766710353064817,0.06462760144973899,0.06121565657640934,0.06075949250593247,0.019260685570602353
0.2072948474933433,0.0667018465348033,0.06387326764644122,0.05109141520294342,0.07134031646999296,0.004983013703188227
0.20737374076355897,0.03875367370147222,0.04362796999031047,0.02738927422900562,0.04579113858897175,-0.0014020956880452465
0.20745263403377467,0.03936426666215866,0.03993439476128401,0.02619916804496008,0.02271679981892446,0.009958891186548798
0.20753152730399038,0.07002347217592626,0.04618560708558387,0.041402889525689233,0.008511230201170502,0.030414803781093378
0.20761042057420606,0.10282273962023937,0.054749038120358216,0.06034388801122222,-0.0015798684616540749,0.051820677188861346
0.20768931384442174,0.11642663536519327,0.06071470415211851,0.07150658885612107,0.0032947407136065068,0.05866464977858461
0.20776820711463745,0.11102532659764955,0.08136217314583835,0.09353347019787406,0.0241831220354114,0.06623801656049365
0.20784710038485316,0.09467377838643525,0.05115045117431998,0.06274784679275067,0.014765541539749138,0.04513259388110863
0.20792599365506884,0.0754140291381977,0.03916730097292284,0.046761079767089174,0.030392686796559907,0.023245386394554233
0.20800488692528452,0.052831548843949284,0.04083540065439906,0.04177824095789154,0.05421461556894171,0.006266451778302336
0.20808378019550022,0.025549710346953223,0.015746338145712684,0.009973608191207736,0.05019627813762761,-0.018494101238901352
0.20816267346571593,0.007639566822179129,0.010476293329939443,-0.00035345363121211154,0.0370937568265337,-0.020183290860884388
0.2082415667359316,0.017850087674200297,0.015228316219648,0.0045663377397823675,0.011268863665112129,-0.002182477749590737
0.2083204600061473,0.05388487205395469,0.030812922054011375,0.025051544048758954,-0.006570621912311195,0.024672283629113348
0.208399353276363,0.08642722364605453,0.04516941528253345,0.04555833134322231,-0.013440862518985758,0.045664885228157565
0.2084782465465787,0.09267337516883872,0.04931882686108232,0.052670837709735775,-0.008753850886303762,0.049166676343542076
0.20855713981679438,0.07740989039111325,0.033817563736745666,0.03682839062235206,-0.008365919202906148,0.03557804409798599
0.20863603308701006,0.0558993955061449,0.011156676881471487,0.0171247922395954,-0.007976583370460671,0.018732495301740627
0.20871492635722577,0.04209291600604689,0.009542277471408457,0.015442341465286433,0.007907951839231951,0.008802956785162356
0.20879381962744148,0.03540570525449058,0.0014075107025920547,0.007738852006866288,0.012443489542718594,-0.00013288798542637994
0.20887271289765716,0.02498247120534435,-0.0044658553266406975,0.0011867896133270705,0.0012750887531129686,0.0003188550827154
0.20895160616787284,0.014813800220547882,-0.009827410806796067,-0.0050098658329307145,-0.009620101532146577,0.0009244675836616348
0.20903049943808855,0.01754662239725994,-0.011457840767877175,-0.006756339389830088,-0.022645799328171203,0.006430498355354146
0.20910939270830425,0.0369863087093966,0.008432123442034006,0.013183454765811465,-0.014253648450620923,0.018768094157623816
0.20918828597851993,0.058661767420171845,0.01934197906813958,0.024809209324264708,0.007696834122906628,0.016827979786299564
0.2092671792487356,0.06090106507326587,0.021414649943662843,0.028233270733079414,0.025917765202167233,0.009963956529114287
0.20934607251895132,0.04607772165952451,0.004612076792406098,0.013242064201110208,0.018047553438364162,0.0015120446896614592
0.20942496578916703,0.03449757053727955,-0.0016382756738002784,0.004945795656067743,0.027320016995215593,-0.010465586768758703
0.2095038590593827,0.04252334382595505,0.013253522048917998,0.011946953333477579,0.04740954999734143,-0.015329760993067702
0.2095827523295984,0.06891489340684301,0.04002483263823812,0.035315918657803216,0.06894009297085961,-0.007118017925013659
0.2096616455998141,0.08943675721853987,0.06029666615865195,0.055148694370872914,0.08750987011121224,-0.00025406238301968676
0.2097405388700298,0.08772565580515562,0.05874509694187819,0.05232709222603155,0.07464975592956995,0.004256529231620277
0.20981943214024548,0.07121904100722043,0.04480747378695245,0.042585451099060055,0.040713917467416504,0.014184838867557644
0.20989832541046116,0.051675574463200466,0.018664581965438343,0.02115420523506066,0.007482184465520861,0.013855411995235729
0.20997721868067687,0.03585094740265986,0.010477052409701659,0.013280512790404134,0.004983943888821432,0.008543633114722714
0.21005611195089258,0.024060143051187182,0.004936663708727687,0.006427652990109428,-0.0002852745266781587,0.005580007259247086
0.21013500522110826,0.017259525063185965,0.0005914482746482875,0.0007388966219438515,0.005306980002357015,-0.002219659206932341
0.21021389849132394,0.025775761932898746,0.008397089309708155,0.009390875289061063,-0.0016584410156409973,0.008817721801076364
0.21029279176153964,0.05679439819106537,0.026183410800845287,0.027741990374764235,-0.006173450810563269,0.026731442558878358
0.21037168503175535,0.0986141732748512,0.047847404273972646,0.0506101887897237,0.011487975080783032,0.03660960936796373
0.21045057830197103,0.12693912941184632,0.07944186210733283,0.07744430603396588,0.029567046047923304,0.04970439780124783
0.2105294715721867,0.12912727830614945,0.08383413747778043,0.08225968060411032,0.03617776819625118,0.05027640517742748
0.21060836484240242,0.11060035270263534,0.06556067613187422,0.06741509534578319,0.02911612233484859,0.04143247408513168
0.21068725811261813,0.08265334282878334,0.04574487161311276,0.048532801052228,0.021870790633390334,0.029302484529158207
0.2107661513828338,0.056484463641934796,0.028620813910437214,0.02924400306436027,0.01702485322900473,0.015580811520059126
0.21084504465304948,0.038393076354219645,0.017566722498825415,0.01645843011174142,0.02471364635152062,0.000656876152805406
0.2109239379232652,0.030922632591799705,0.016750507834269106,0.015163872583893512,0.025437445585526824,-0.0008248652883242778
0.2110028311934809,0.03897433347708866,0.01966030144022777,0.0191117583093408,0.018407443921494654,0.006277898327088359
0.21108172446369658,0.06344145356176362,0.023030947904242535,0.027349129550756815,0.006763590908402082,0.01947340414767658
0.21116061773391226,0.09339242411123402,0.04539760001632643,0.05141797911718645,0.007625412639160041,0.03935668630672536
0.21123951100412797,0.1114151761121406,0.06062808772434377,0.06613800676224425,0.005825157282075473,0.05277166222472394
0.21131840427434367,0.10726659842379974,0.06041195929059408,0.06500794023307706,0.006725962656713492,0.051334782348687165
0.21139729754455935,0.08453660917496038,0.04108368096952941,0.04309532622482628,0.00022602058820615634,0.03627598527165521
0.21147619081477503,0.054553208314818843,0.018572711073054308,0.0198040598818228,-0.0019425843727447056,0.0177627362919361
0.21155508408499074,0.02936946444625737,-0.000678206399057551,0.0028707944263837485,0.0009654050527931843,0.0019066660933692776
0.21163397735520645,0.013425978021349805,-0.007831252747728584,-0.0046870698423501795,0.0037553608144204062,-0.005969610222115291
0.21171287062542213,0.0037053290375892436,-0.014991176179081066,-0.014199770091765358,-0.005325137599859754,-0.009137159557939596
0.2117917638956378,0.0012368118499956698,-0.02228423826449228,-0.01910942434608927,-0.019091938710165623,-0.00590920378047782
0.21187065716585352,0.010265599509605493,-0.013824892023165185,-0.008866217454843318,-0.014503096172221836,0.00028447888626303275
0.21194955043606922,0.03001378017518815,0.0047852724947346666,0.006889513719207739,0.006925515219241737,0.00210654583186556
0.2120284437062849,0.050607285698356944,0.0327569293218189,0.028627055269078758,0.03710971477957594,0.004300199152463332
0.21210733697650058,0.057906393856167145,0.04013398648512244,0.03384397607823952,0.0416606082920077,0.006275532230802395
0.2121862302467163,0.048577571328452286,0.030219404679516775,0.025764363683948157,0.03441818084027442,0.003321593940614917
0.212265123516932,0.03247381206559067,0.011184148376235454,0.008701222578035798,0.019551109456672905,-0.0031291179340489734
0.21234401678714768,0.020172849497352922,-0.001196934410524813,-0.0029583577128627267,0.02386698472180536,-0.015288526234620707
0.21242291005736336,0.01639725032071433,0.002995018264996808,-0.0019120076128692743,0.029645903277284166,-0.017503868251094092
0.21250180332757906,0.01794830947443795,-0.0008385473806424183,-0.004701577078102461,0.023907046325804978,-0.016781760793778057
0.21258069659779477,0.01774471357579066,-0.00511380955701478,-0.006047382334130677,0.016295772451798952,-0.013838037889759867
0.21265958986801045,0.01349530628947752,-0.00877226465683532,-0.009081914139304453,0.0011425201869444592,-0.008280438390237158
0.21273848313822613,0.007971091534449524,-0.017930500585524888,-0.01464001655968502,-0.010610334475147209,-0.006677629870679196
0.21281737640844184,0.004540735259350423,-0.024642480160760396,-0.018952881383555453,-0.016673849292265897,-0.007072416691650902
0.21289626967865755,0.00482595932636496,-0.02241117954893917,-0.01726754865604057,-0.01520757630886395,-0.006434163685062566
0.21297516294887323,0.008214864282844266,-0.013271606562096982,-0.010241507527164248,-0.018384269537407103,0.0012028363185829375
0.2130540562190889,0.012683857782447691,-0.012300627922004911,-0.008263530820875073,-0.016114807783318995,0.0016571563369232154
0.2131329494893046,0.016496602281687447,-0.005918168849622722,-0.002958020330874966,-0.010173128741751952,0.0029533797938178755
0.21321184275952032,0.02016101831002909,0.004818352851054322,0.004972914630316426,-1.2687190309180203e-05,0.004205647467633531
0.213290736029736,0.02476247665214106,0.004697990156782873,0.003314887299831967,0.007150421560571689,-0.0010323578435189502
0.21336962929995168,0.029108063590145807,0.012540059738330861,0.009061968804842262,0.00942332015392915,0.002602735363038591
0.2134485225701674,0.032048640579154755,0.004334322755478928,0.0039294383349546035,-0.0014814650715931476,0.004111559153278886
0.2135274158403831,0.03445111758688984,0.001553595521358491,0.00401358966485089,-0.009204736184434055,0.008320886492709187
0.21360630911059877,0.038048488849736564,0.0022837078859722646,0.00545470719900566,-0.016875909244455586,0.013648594148535418
0.21368520238081445,0.04441370479819894,0.011641545816528043,0.013705980356688623,-0.013637839882932047,0.018879239325283324
0.21376409565103016,0.05388014223907575,0.01654842001855593,0.019603709685372516,-0.010218901683146493,0.02202655264780557
0.21384298892124587,0.06293733823307865,0.02074257263088349,0.02474987781831175,0.008062817277097843,0.01658188504316987
0.21392188219146155,0.06455791921166273,0.022076706808990324,0.027073426280657564,0.02441994950561655,0.009785664411283587
0.21400077546167723,0.05644944482541602,0.015857628055536817,0.02033102272965178,0.02511213578305971,0.00371576309844604
0.21407966873189294,0.044275590041975066,0.024089212885722838,0.025280964684863433,0.028587781185549506,0.006037415004066043
0.21415856200210864,0.03395812661399881,0.01232700843283554,0.012264421072768261,0.0015159302830071676,0.009543461452324091
0.21423745527232432,0.027268915188909202,0.0005844630829103719,0.0013830810999332277,-0.013713178797759169,0.008515894736379264
0.21431634854254,0.02315330441294348,0.0008005329995405073,0.001247562909870031,-0.0136520567977206,0.008368716231697949
0.2143952418127557,0.020241799438741288,-0.0037741703781237414,-0.003070911900674859,-0.011002593063556389,0.0033025338196188605
0.21447413508297142,0.018302991598007388,-0.003355521779250471,-0.0013269363749645264,-0.008807900617431209,0.0035990588135343033
0.2145530283531871,0.017088060667844227,-0.0026698919293117306,-0.0013625190514338064,-0.013009289367550123,0.005820423729309518
0.21463192162340278,0.014329601425697029,-0.007199329189487329,-0.005542179501008074,-0.017916757426663273,0.004921084430155975
0.21471081489361848,0.0085219081217336,-0.010322454644835924,-0.008787440111071361,-0.011893473977952691,-0.0010473542578652258
0.2147897081638342,0.004296865225850691,0.0002479780413026914,-0.003010549001606076,0.0047139433639339715,-0.005067693504149137
0.21486860143404987,0.009269323591964442,0.006110011769173724,-0.000304097239806851,0.0005164936997025863,-0.0005335023842196944
0.21494749470426555,0.02501502682926337,0.024451813725368397,0.016458301384288186,-0.001117041304010887,0.014495302245635626
0.21502638797448126,0.0427763402290504,0.03784888177838021,0.032767187194944564,-0.009696693873501586,0.03286087908237609
0.21510528124469697,0.0505587542770204,0.024191332996280165,0.027594110322263304,-0.02057108499575404,0.03431687111059691
0.21518417451491265,0.04591389604153159,0.01006625003507975,0.017627205273246727,-0.027047792690523435,0.029376132775984085
0.21526306778512833,0.0358717245314619,0.0020202046826518524,0.008978449343044603,-0.02802258046675077,0.022598960704972297
0.21534196105534403,0.02872505060717212,-0.007664875062493839,-0.0007660140876077345,-0.019705017806324325,0.009912736415453796
0.21542085432555974,0.026442318921463346,-0.00997163217601375,-0.003587106309302536,-0.010284802792747695,0.002482027614788307
0.21549974759577542,0.02170627245900715,-0.015843968815916126,-0.010342617870829452,-0.005293754071693118,-0.005896714126288643
0.2155786408659911,0.01195399013624009,-0.013322483180773805,-0.012335755943458714,-0.009685599430731339,-0.005226941991634013
0.2156575341362068,0.005809285502645553,-0.008986807797521265,-0.010614344039100002,-0.015612749907481125,-0.0005972893666581439
0.21573642740642252,0.010883976361913829,-0.0007570259130131671,-0.0035306451043874954,-0.017208476091205082,0.006240128819417512
0.2158153206766382,0.024430147211756962,-0.0002689277217830302,0.0004718692168680685,-0.017032455935174034,0.009525468109013701
0.21589421394685387,0.03236943963979414,0.004741653467388219,0.006949399024546622,-0.009766430229815038,0.011100564913151036
0.21597310721706958,0.024899143251167974,-0.003327741717826287,0.0016194429741550405,-0.012985434137727582,0.00832545656076942
0.2160520004872853,0.009472288880453577,-0.023400538056411544,-0.01758561763592632,-0.01840765375171874,-0.004988394792894533
0.21613089375750097,0.0004926479270402133,-0.025154561475857488,-0.02080176527352333,-0.014957811390427298,-0.009553721866325153
0.21620978702771665,0.005627171736109819,-0.020783298984402506,-0.015195795814681756,-0.011579938950741948,-0.0066276051656546184
0.21628868029793236,0.01921668450585349,-0.011265082098124166,-0.004366185257826243,-0.000985621574711498,-0.0031584669936603554
0.21636757356814806,0.03166599612129649,0.004156935751505086,0.00969488298955965,-0.00415908720354546,0.010414161360516329
0.21644646683836374,0.04232973939377433,0.013734524256530501,0.01693519085901943,-0.010473206523980554,0.01990988059287233
0.21652536010857942,0.0540639964545426,0.024884750490028074,0.025879907507074404,-0.007929817486252091,0.026099558420618924
0.21660425337879513,0.06659801408784043,0.03634952994189897,0.03804124050348147,0.004847404905955295,0.029533226872809105
0.21668314664901084,0.07184534029056051,0.041637340905422406,0.04150332546372031,0.023019744125456258,0.022739190892100344
0.21676203991922652,0.059956606884630184,0.03288374224204703,0.03081439486169282,0.04124386465541083,0.003934801329310828
0.2168409331894422,0.035892110382657175,0.018247507794856937,0.013026239032529372,0.039596137677033474,-0.010223831606766811
0.2169198264596579,0.015421017074550066,0.00030787854005662787,-0.003205217295141488,0.017501286832902353,-0.012084580799335078
0.2169987197298736,0.009487671619509051,-0.01313987107382173,-0.011722701739588682,-0.0006938109200765681,-0.009526457487662779
0.2170776130000893,0.016269722133351858,-0.008535357697310519,-0.003698281100402192,-0.016413508313595275,0.005672505612050362
0.21715650627030497,0.02602718120455041,-0.0005646538294581157,0.0041783834147046,-0.018728528642523678,0.01356400849686897
0.21723539954052068,0.03351850963802085,0.006461259231664041,0.009106789669917615,-0.01623937299005395,0.01639067371292943
0.2173142928107364,0.03973510735870988,0.016695975548484177,0.01773246736316253,-0.009582691703760573,0.020105927050845775
0.21739318608095207,0.045832168378142565,0.007459857431486869,0.010787263503984647,-0.008309983647768873,0.013560421237514301
0.21747207935116775,0.04564391256831061,0.0010091453251779977,0.006580462197659554,-0.002519429261342902,0.006906056913409555
0.21755097262138345,0.031448406917060176,-0.009040696090700512,-0.004160981682874969,-0.003886657690292927,-0.0014308301797187923
0.21762986589159916,0.01100837675387632,-0.015507083350583617,-0.014647291796460443,-0.007715344917503512,-0.008234667614573223
0.21770875916181484,0.001590418321289808,-0.018603821492664353,-0.018423345410387967,-0.012071346474021263,-0.00909060465490703
0.21778765243203052,0.012894551918308014,-0.009732754992332284,-0.008067395399350932,-0.022504440500443274,0.005247428349730933
0.21786654570224623,0.03634552006222166,0.008570956445497964,0.00992925004143158,-0.022905615165194224,0.020658072905843382
0.21794543897246194,0.050774940425150974,0.01595308969993409,0.019325706035487337,-0.023215480859693455,0.028755392641909492
0.21802433224267762,0.047996461496809854,0.009083059836977495,0.01731191042746202,-0.026705242521033776,0.02892639657965648
0.2181032255128933,0.036340828973187654,-0.002961795737467021,0.005721743267663735,-0.0259609084312087,0.018744227976844663
0.218182118783109,0.027001445489619094,-0.007043683787693222,2.225462582231494e-05,-0.01978202826803704,0.010619608378770006
0.2182610120533247,0.02435934674999578,-0.009293741378254165,-0.0036506241410521243,-0.009135779582934217,0.001812690842525613
0.2183399053235404,0.021020831629418976,-0.013838183015211966,-0.009237437655960702,-0.003057110177493982,-0.006161770994278409
0.21841879859375607,0.012740688782823117,-0.01939364622297775,-0.01585247344661739,-0.009100541429513056,-0.008510488036694193
0.21849769186397178,0.007019187802869559,-0.016799522977354802,-0.015662823247264753,-0.018792014769409983,-0.003158042634276501
0.21857658513418748,0.011317239889496091,-0.008670867562027383,-0.010609897388934678,-0.01914805904488238,0.001301017357560528
0.21865547840440316,0.023428352478623057,-0.0002124898614711313,0.00020808069234843892,-0.012130348988002266,0.006675552812640176
0.21873437167461884,0.030069648179634322,-3.219400239895301e-05,0.0024232495717222205,-0.009437948593696337,0.007103105568815864
0.21881326494483455,0.022662936918549446,-0.000660656590425018,-0.002563143925162685,-0.009463052855381102,0.0029063085433482677
0.21889215821505026,0.008830007278050807,-0.0020376474367090093,-0.005438088676626816,-0.015687247471354904,0.003814101949031397
0.21897105148526594,0.0016879991478129302,-0.022296321324307353,-0.019246171855302422,-0.01467984877556844,-0.008388390185831663
0.21904994475548162,0.0073720954743458425,-0.02229987342819597,-0.01897415855660894,0.0009326112041273586,-0.016520992606665837
0.21912883802569733,0.01962033786056918,-0.00777133830781136,-0.0071688530039981475,0.010114999651251504,-0.011472624862671872
0.21920773129591303,0.029438568263579774,0.004359587028421587,0.004261615347236849,0.012407908449963034,-0.003050169622111291
0.2192866245661287,0.03609703513567307,0.005678605080071987,0.006456300283072155,0.002666653489818244,0.004022603142606212
0.2193655178363444,0.04216908293600148,0.015993698391921673,0.015462978295373896,-0.004376771710383994,0.015401008346553818
0.2194444111065601,0.0482452016301296,0.032123882734550156,0.027584229171966537,0.0037861857874375775,0.021266036045171237
0.2195233043767758,0.049886826734920404,0.04601857545172885,0.032184209398122936,0.017890254848927215,0.01760290261615059
0.2196021976469915,0.0418966200853655,0.04054024559236304,0.02357013291341167,0.027252810673497465,0.0053064201735008795
0.21968109091720717,0.029217702816934265,0.02947864720587138,0.015346798725497742,0.02535316014901579,-0.0006251328527410637
0.21975998418742287,0.02267050484834232,0.02446650041025474,0.014422960579923507,0.007351935175682717,0.008239889917532744
0.21983887745763858,0.026751004504741462,0.027240455295451237,0.021825621423051715,-0.010681128407636601,0.024150004238148066
0.21991777072785426,0.03680234520410959,0.007976719168938556,0.011171786428225302,-0.02041371880163203,0.020371204220134442
0.21999666399806994,0.04606563401697902,0.008820547916927584,0.01289450681838197,-0.022774816478901443,0.02309099011006169
0.22007555726828565,0.051790463617363953,0.020721336963425006,0.02201987415467717,-0.020940858786803292,0.029810320795333762
0.22015445053850136,0.054628781082721393,0.023641208437523317,0.02453724627114161,-0.013664189921788741,0.028036992266315883
0.22023334380871704,0.055861228570896454,0.022882343601914087,0.02372391417539586,0.0017319206182351552,0.019105275360334063
0.22031223707893272,0.05253691882864888,0.02390505188440408,0.021715021061092306,0.01336307070407619,0.01117948323349155
0.22039113034914842,0.03955478954679092,0.016592503846755112,0.014551959701970155,0.018189968539225245,0.002542224585314839
0.22047002361936413,0.02031595383702722,-0.003820024417060863,-0.004613504935926047,0.008319325336898855,-0.00835295796578608
0.2205489168895798,0.006055356730577801,-0.02150687372776389,-0.018521036575406793,-0.006418964612206805,-0.012200770693390425
0.2206278101597955,0.004205443784270956,-0.026160666665485374,-0.020039961484797524,-0.01451378872854417,-0.009147955399594971
0.2207067034300112,0.011570873028081618,-0.018410523522677757,-0.012662842438803824,-0.017875050829407546,-0.0011152219491158495
0.2207855967002269,0.018644842326048405,-0.004197656860032424,-0.0026507377746357343,-0.022054460441088698,0.009580679081752882
0.22086448997044258,0.020292858801110196,-0.008688543006213039,-0.00438636509292771,-0.018630334330426043,0.006279596827342617
0.22094338324065826,0.018236020231179515,-0.014826072490652967,-0.010126622975342682,-0.014592171942265572,-0.0007322574468859737
0.22102227651087397,0.01624957346227354,-0.013804866271566562,-0.01126688115993962,-0.006848369934311405,-0.005844328031595751
0.22110116978108968,0.015606761064745973,-0.007220535429475055,-0.006958320184829716,0.006426026098691721,-0.009318230205981472
0.22118006305130536,0.013557524536397372,-0.0077695588012355755,-0.006271891521578743,0.0022223203406234035,-0.00648633141041414
0.22125895632152104,0.008359898443584047,-0.012148970440264856,-0.010180304790491507,-0.00678999610356122,-0.004958022017317159
0.22133784959173675,0.003209834987841154,-0.01909328454643166,-0.015262349306947967,-0.015383086955366363,-0.004646268084177659
0.22141674286195245,0.0018807245464567675,-0.021926563617228167,-0.01804360605905786,-0.015828098909547943,-0.006757328527882711
0.22149563613216813,0.0038336236881774174,-0.02299952064518799,-0.0193226891846438,-0.009223511321016889,-0.011375712836033298
0.2215745294023838,0.005520180397286204,-0.02052822429799731,-0.017802771380339408,-0.0060759786091973194,-0.011777841211625041
0.22165342267259952,0.00463104880051347,-0.02209718086090719,-0.019555201401949187,-0.008302767954769889,-0.012065273793323627
0.22173231594281523,0.0021827193791336377,-0.020785564040212937,-0.02059694318782051,-0.009699819998704562,-0.012196970427496383
0.2218112092130309,0.0011907483432054278,-0.020674809344856333,-0.020687911403518684,-0.005268155047686039,-0.014647307731283999
0.2218901024832466,0.003244646884172453,-0.01738831517372131,-0.01773254604991631,0.00354525076096149,-0.016871939559346634
0.2219689957534623,0.0067200360748522646,-0.008971183244615535,-0.014134746019162337,0.013290100591719178,-0.019054880264553885
0.222047889023678,0.00872068534685981,0.0016042185091706533,-0.007590553962620733,0.017346808199583865,-0.015704157591871628
0.22212678229389368,0.008178696673597026,-0.007224856709150732,-0.01175631472534692,0.004103082875714508,-0.012124691633427104
0.22220567556410936,0.006716178459160427,-0.01124326374671322,-0.01306988842218907,-0.010512790567868609,-0.005403781711750641
0.22228456883432507,0.00685851882413587,-0.005042692591634154,-0.005540761155244105,-0.016056343504390863,0.003925205677734779
0.22236346210454078,0.010215343223156629,-0.00019967401692157606,-0.0041001430030131935,-0.017333152638870655,0.00582604431688223
0.22244235537475646,0.016519565854785274,0.008893972754089001,0.0004925338431914681,-0.00848878499949215,0.004964330029826606
0.22252124864497214,0.02381509554648357,0.013889295575510687,0.0062474980412478235,-0.0061970473656358695,0.00859538616422807
0.22260014191518784,0.02953060328860822,0.012677596388708388,0.008805041163697801,-0.008252418444464525,0.011856013478765668
0.22267903518540355,0.030927735645924808,0.011242480367514195,0.009423523038708288,-0.01146175078338845,0.014097823674352819
0.22275792845561923,0.027636468513040833,0.010075305593291072,0.009050337254987755,-0.013081129616271942,0.014650517133239596
0.2228368217258349,0.022837221108428216,0.0042920312388656946,0.005087981497743971,-0.01927587979588277,0.0146253402638708
0.22291571499605062,0.019671365122048014,-0.004328003983853289,-0.0029819130726201717,-0.021303214627389017,0.008898305039660033
0.22299460826626633,0.01931332361689536,0.002380352186930869,0.0010525141030898258,-0.01840185594720785,0.010749713621470165
0.223073501536482,0.022199853201341227,0.006264438583828789,0.002662850251934496,-0.014181541342001001,0.009847435480757526
0.22315239480669768,0.028440740436261006,0.015683660575831395,0.009343937688499658,-0.00655690328915957,0.011402547471541609
0.2232312880769134,0.03610091592401465,0.01881934492875776,0.013196665956778746,-0.0019984244839572366,0.012213336383063152
0.2233101813471291,0.040229593526420075,0.008590028485051871,0.008123501121116067,-0.0049770755792989275,0.00952566504247073
0.22338907461734478,0.036726775520533904,-0.00043403710297527915,0.0022063539847857975,-0.006650400947732346,0.00542628719508395
0.22346796788756046,0.026640105047116603,-0.010963662500021246,-0.005949808964736545,-0.00956835837541382,0.00010303739818148715
0.22354686115777617,0.015063330500175826,-0.01870649853993748,-0.015141754961989629,-0.010740166022320885,-0.007031849180196709
0.22362575442799187,0.007378316076518536,-0.015725050331213054,-0.013664712659676514,-0.01708235744106455,-0.0023862560615562005
0.22370464769820755,0.00548992620668713,-0.016957278476227296,-0.015367654074752548,-0.018693982001486566,-0.0029612183864177665
0.22378354096842323,0.007392041517099325,-0.017177786168470585,-0.014802866014611601,-0.013226138661370594,-0.0054137774348375555
0.22386243423863894,0.010955696484678118,-0.010965052745303008,-0.010148596875783636,-0.004673197464546533,-0.006065341274727895
0.22394132750885465,0.01603027548505188,-0.0050692765805348886,-0.006559308810272068,0.0037472561848927595,-0.0075460535875817554
0.22402022077907033,0.02276531818356373,0.0027468262116487016,0.0002767436380590529,0.0009080233638178625,-0.0002528589195002342
0.224099114049286,0.028908739972120925,0.003814069702189514,0.003937925395003918,-0.009402188607153096,0.008362807593044334
0.22417800731950172,0.02981734901128606,0.0012809433956857018,0.005337507575492063,-0.012709577762111693,0.01131680302790123
0.22425690058971742,0.02319187612432775,-0.010126095619058294,-0.005589706951031034,-0.013030071878725786,0.0022620914178221843
0.2243357938599331,0.012693019538882355,-0.006709704601318043,-0.007072132663050913,-0.007990889910527899,-0.0016899207893439738
0.22441468713014878,0.005348572771350046,-0.011614848076999945,-0.014953355390300353,-0.005062515122822803,-0.009914251761452421
0.2244935804003645,0.0049455633613272095,-0.00965044747098155,-0.014093317665851788,-0.00715394185961181,-0.008067561087730062
0.2245724736705802,0.00875546522532024,-0.012001801833178631,-0.011897530952237436,-0.01201126546970582,-0.0036108055028403947
0.22465136694079588,0.012394036756538948,-0.014929989684712116,-0.013019550970642405,-0.01488132620195647,-0.003020680263455499
0.22473026021101156,0.015356497714647673,-0.011741642549635166,-0.01123239838327683,-0.007868452988883185,-0.0052686929297349975
0.22480915348122726,0.019840651891869693,-0.0014891659072381368,-0.003716774858319797,-0.0030279672965257205,-0.0015158472092308658
0.22488804675144297,0.026243304557455695,0.0030410926429163296,-0.001424010437755261,0.001837695662715072,-0.002186999045548189
0.22496694002165865,0.029569893028178352,0.0041864866313709795,0.00047695288968481773,0.006759388279964185,-0.0032190699303717213
0.22504583329187436,0.024715543208959332,-0.007016587163060154,-0.005741694922355219,0.003454972886669403,-0.006699113819178567
0.22512472656209004,0.014544358415480614,-0.016581497717913157,-0.011963705958416187,-0.008502600704951369,-0.005546535185627767
0.22520361983230572,0.0064571541560291155,-0.019782550215988917,-0.01566934067540909,-0.021510746986903227,-0.0017066837963818685
0.22528251310252143,0.004761207756634439,-0.014756209339991647,-0.011764831621397038,-0.024592009217805542,0.0032433060315343485
0.22536140637273713,0.006954894313568991,-0.011014424673644932,-0.009881195982023172,-0.019823748547648852,0.00227862987155665
0.2254402996429528,0.006856200011856821,-0.010977600164768756,-0.010632428009306295,-0.014611495391306012,-0.0011490888411228055
0.2255191929131685,0.003059633354030551,-0.007998536223503641,-0.0096995423345083,-0.013060908986026474,-0.0011920863078189953
0.2255980861833842,0.00014567306195743717,-0.013601241527017397,-0.014269300610297471,-0.011736947092733253,-0.005760949015203808
0.2256769794535999,0.0021567448031975796,-0.015771248227287992,-0.01491430110898516,-0.010612452532632856,-0.006908157699344635
0.2257558727238156,0.007634464643930425,-0.016303010594548598,-0.013710406911206351,-0.013998561883052839,-0.004077190234453335
0.22583476599403127,0.012318932352876387,-0.014197950450996255,-0.011155007555367554,-0.01496922844045495,-0.0013987604255768667
0.22591365926424697,0.01613001815318923,-0.009335769554796293,-0.008245540330224357,-0.015648811073771644,0.0014226237987496
0.22599255253446268,0.022474965628782477,-0.00347707067689703,-0.0027661038154527247,-0.01830237535877572,0.007472030669963909
0.22607144580467836,0.03256580906042629,0.003083525893265792,0.004702580533014529,-0.02214375089121756,0.01583728676350118
0.22615033907489404,0.04046643821234459,0.007614395828389382,0.008393560002349913,-0.022070232202447394,0.018913871919190875
0.22622923234510975,0.036163250679483,0.0033294069481688156,0.005516912073678418,-0.0144822693070003,0.012418263279383553
0.22630812561532546,0.02050025632073987,-0.006797836375869885,-0.005098001532415511,-0.01334524629267747,0.002846204342135762
0.22638701888554114,0.005481736693614312,-0.018634684318450414,-0.017227155402701845,-0.009885951048318391,-0.009250849320221896
0.22646591215575682,0.0002718472804651586,-0.0250279759277006,-0.02390859473694546,-0.011059663080685067,-0.014266356493562834
0.22654480542597252,0.004893973396259345,-0.021016283432295394,-0.01922591198445448,-0.011475826251782366,-0.010087552646328643
0.22662369869618823,0.011829927204296133,-0.010410783982449535,-0.00871909989982353,-0.009477683385177843,-0.0022840645277079703
0.2267025919664039,0.014993408798368404,0.0012693349428753618,0.0006154887151379987,-0.002993787831970025,0.002123777942181007
0.2267814852366196,0.015491048649356359,0.004154422400884585,0.002414679007673713,-0.0016767978496327537,0.0029372486005392706
0.2268603785068353,0.01660023956032685,0.004442313643968596,0.0016880090106617608,-0.00491674543158367,0.0040596965450266686
0.226939271777051,0.018040128293769487,0.004635886417513531,0.00043384850134729584,-0.009127298665467343,0.005256927974187629
0.22701816504726668,0.015319790851051854,-0.00024485243083179677,-0.0017379483141580028,-0.010868063123550598,0.00435597143990739
0.22709705831748236,0.007711904560224551,-0.00927027228128628,-0.01077892056465501,-0.01048522743698415,-0.0034837292409065587
0.22717595158769807,0.0021117538128635257,-0.013018336917823866,-0.016022788716917105,-0.014219729148418197,-0.005911903326525485
0.22725484485791378,0.005509883685443131,-0.009681859524151045,-0.013611515239374799,-0.005708385067466497,-0.008435070605709872
0.22733373812812946,0.018469671266420823,-0.006250690932492723,-0.007125780467925548,-0.004589609468197069,-0.0035576126968788176
0.22741263139834514,0.03346909794057802,0.004430925666650752,0.005489717787226139,-0.0036707137253094236,0.006601955446108059
0.22749152466856085,0.04114986172563902,0.0096959856213421,0.010897824357646746,-0.009170906611158318,0.014115042854622813
0.22757041793877655,0.03954629635109241,0.013119572669771052,0.013267372642522484,-0.016241347097540854,0.01990407115015301
0.22764931120899223,0.03321977177357664,0.012924828145159816,0.00974321899861647,-0.016937119359649307,0.017301898021290712
0.2277282044792079,0.02732962554311716,0.012245902595076545,0.007513188816471558,-0.013766978021979405,0.013720315703778923
0.22780709774942362,0.02151623315136772,0.010138078951291108,0.0029617333983499245,-0.007871270537225142,0.006718257522960614
0.22788599101963933,0.013042632236317128,0.006631569176775452,-0.0023411071843586094,-0.008603178082778745,0.0026330289205128447
0.227964884289855,0.004893093088921889,0.0006995945145208363,-0.008518322024939901,-0.009886443965099108,-0.0018954967213843648
0.2280437775600707,0.0028268327545824946,-0.015577297555756637,-0.01682671624560358,-0.015693895629552326,-0.005801221493384286
0.2281226708302864,0.008099691809089787,-0.018044013101681956,-0.015110426799294798,-0.017677615940429017,-0.003288522322653768
0.2282015641005021,0.01550148811445016,-0.01028404675825607,-0.007068475964796178,-0.014463897881063415,0.0017816815274921572
0.22828045737071778,0.018209723327301884,-0.008741508636175645,-0.005003162656090704,-0.011628203283957451,0.002006170671555464
0.22835935064093346,0.014916868814881887,-0.015069204112949314,-0.012045794800683294,-0.012538798373735477,-0.0034533760566471837
0.22843824391114917,0.009897374543670345,-0.015601898987681205,-0.013633100359686729,-0.005608301687798425,-0.008506914818859113
0.22851713718136488,0.007374412301502839,-0.010105440869685036,-0.00879653594731797,-0.0005227571487952314,-0.007147283589107813
0.22859603045158056,0.006606193422623103,-0.018496855401167866,-0.015723504891298038,-0.005416181496937206,-0.010375207251547183
0.22867492372179624,0.004378726943586906,-0.01950709210129285,-0.017752141886849843,-0.0029846247294936343,-0.01339089821714368
0.22875381699201194,0.0017953812943551112,-0.020396482562321506,-0.018077282280385524,-0.007191940358774155,-0.011411945943388187
0.22883271026222765,0.0033306807925255017,-0.014713938694211831,-0.013523307109897654,-0.01311663942337248,-0.004391679874621235
0.22891160353244333,0.01104697047452316,-0.005510350216359185,-0.00437962989716627,-0.011574144509114469,0.0025037254637166576
0.228990496802659,0.020898712236961235,-0.003927449693995155,0.0025585583583881506,-0.009392334151286675,0.007192906880161557
0.22906939007287472,0.025090006923416387,0.00021670908978076145,0.004338007634646119,-0.008310275495191791,0.008115503714963071
0.22914828334309043,0.0209980230119606,0.0015932126432077539,0.0012564812786268254,-0.007512102367798065,0.005086009995147756
0.2292271766133061,0.01338913244422515,-0.00468178216998679,-0.0056957817332704535,-0.0057030849489704705,-0.00175353514163656
0.22930606988352178,0.007935920517835239,-0.013807909011371668,-0.01220835273394471,-0.005508126047448122,-0.007357401879555302
0.2293849631537375,0.006454630690455129,-0.013298919994978294,-0.013954938506739052,-0.0073877485885725834,-0.007825442324343358
0.2294638564239532,0.006318272089137559,-0.0025305186458590913,-0.009610600274795381,0.00017472155031235487,-0.008208337502280234
0.22954274969416888,0.004674403651287419,-0.0015769931977002267,-0.010015848098753095,0.005103130061080927,-0.011190948661334583
0.22962164296438456,0.0021603513955649875,-0.001637697798638025,-0.008930160037173963,0.009805490948915528,-0.012793812736437336
0.22970053623460027,0.0010010051700122828,-0.008723243467960638,-0.011256214614065575,0.005028213421165055,-0.012198079591773738
0.22977942950481597,0.0014888077153036084,-0.007817003216230658,-0.010119872044231844,0.0013032499107495659,-0.009242961447262495
0.22985832277503165,0.0019495538980184746,-0.0004896431676294228,-0.0058679921686541,0.003542609823223221,-0.006852706007253472
0.22993721604524733,0.001839769969603391,-0.01137814091126011,-0.013232128898342991,-0.0011084205437986055,-0.010578920501200939
0.23001610931546304,0.00290141269163561,-0.00858978013053828,-0.011047211815823072,-0.002726221175932857,-0.007867240053974933
0.23009500258567875,0.006987034540459599,-0.0029988606443269146,-0.008463060741325037,2.6156910958932858e-05,-0.007159795161598254
0.23017389585589443,0.013368122995032447,0.00881993845232353,-0.0012249814664260438,0.008357274118519211,-0.00551229287170364
0.2302527891261101,0.018497550071277888,0.014287782553390999,0.002199931333363814,0.00895651688887468,-0.0029415685381634533
0.23033168239632582,0.019350349397483434,0.02093778941905563,0.007427690864042614,0.00820596234019656,0.0018749278640199751
0.23041057566654152,0.01615574242220378,0.015647943501558605,0.005556984279202362,0.0002455221097264448,0.0045604615416827785
0.2304894689367572,0.011509702717756282,0.009215612269405721,0.0016512892438511509,-0.012984905137711113,0.008352061743610858
0.23056836220697288,0.00797151672782379,0.002717573414446872,-0.004229738851499718,-0.0200826329130821,0.007190295586663993
0.2306472554771886,0.0066828842364663596,0.00236661034526196,-0.006486928319585741,-0.01625817042652326,0.0032343496565408227
0.2307261487474043,0.007830344236433922,0.0026203821445066203,-0.004948416547731823,-0.020078309508988722,0.0065810708600450765
0.23080504201761998,0.011567628478766879,0.0020685807577022924,-0.004523761523664631,-0.017681181318580933,0.005654849139170647
0.23088393528783566,0.01732199491403052,-0.0047917131543561056,-0.006804691923134219,-0.01531124021215884,0.0024585299569057357
0.23096282855805136,0.022270747376755575,-0.008648385879542565,-0.006079749291647934,-0.0073234238236288265,-0.0012095691851692302
0.23104172182826707,0.02324675020698894,-0.006900570575420864,-0.003882214792108113,-0.004384237556240765,-0.0009288428760284205
0.23112061509848275,0.020339675236927174,-0.009012271422632235,-0.0063800558851825956,-0.009520195306635261,-0.0002860821157380806
0.23119950836869843,0.015479915966697327,-0.014011441747772916,-0.010305176253037753,-0.01077170074877424,-0.0029301536748664904
0.23127840163891414,0.010233542943700637,-0.017547922886195593,-0.014816519139829332,-0.018262546139966845,-0.002726819870981902
0.23135729490912985,0.006032043340558338,-0.018182128499539218,-0.01752480612974282,-0.010489962252000109,-0.009178710892486872
0.23143618817934553,0.0037433211468131805,-0.018350811469811414,-0.01727690923067318,-0.010664811455244056,-0.008875657774749076
0.2315150814495612,0.00328933799072546,-0.011673878317528868,-0.012302428744614952,-0.010795283567394634,-0.004604265855360032
0.2315939747197769,0.004696173300454671,-0.015679726601821622,-0.015081905598952207,-0.014934718614373598,-0.0047340734375267346
0.23167286798999262,0.008540577387202566,-0.018015623841607063,-0.01591328995061565,-0.016471381417155345,-0.004613046159810418
0.2317517612602083,0.014931733751502528,-0.009350390970073166,-0.00923922526201182,-0.010847908776835526,-0.0019891215973804775
0.23183065453042398,0.02325803378871321,0.004072128596147804,0.0034367781219640818,-0.0030981175627356606,0.00456179506183077
0.2319095478006397,0.032392426043093676,0.007261448485171031,0.006758959856906768,-0.005292043770209397,0.008542315309301607
0.2319884410708554,0.0390444981590574,0.0098978916836006,0.009403560221107285,-0.004777751196567317,0.010499651908941053
0.23206733434107107,0.03977932350729122,0.008362380675755596,0.009082594631565,-0.008618294607444156,0.012286388627627657
0.23214622761128675,0.03553425599197725,-0.0037971388992077966,0.000993785369399132,-0.009760908750829201,0.006069229303917353
0.23222512088150246,0.030252012676392062,-0.008772244349391108,-0.0026110515441460664,-0.014894818380926217,0.00577665943721457
0.23230401415171817,0.027063646863711453,-0.00489067536543246,-0.0013129391150857046,-0.00812664480357479,0.003245829821368268
0.23238290742193385,0.026231935011770503,0.001859311064467302,0.004166052626066287,0.004572855124469368,0.0010674440866447253
0.23246180069214953,0.025644875155254595,-0.0016499603369984472,0.0010262804097068976,0.0070918453302872995,-0.002933386787465053
0.23254069396236524,0.02303015039908778,-0.0004038385567893114,0.0007759277216227491,0.017152415612549227,-0.008536172271384502
0.23261958723258094,0.017969682182361894,-0.004853285600022226,-0.005172623520194253,0.016614874660048223,-0.013270536164050344
0.23269848050279662,0.012808443849259879,-0.00016991245784626858,-0.003959522205264348,0.015392649420359193,-0.011591288070712781
0.2327773737730123,0.010074653999836727,-0.002071208531387391,-0.006980395434827781,0.004995076835159855,-0.008570163083714588
0.232856267043228,0.009651708427470264,-0.012137893412118001,-0.013271559477472617,0.00028212567418644743,-0.011357139215105162
0.23293516031344372,0.010559254813737453,-0.015064309176172656,-0.016122658074838436,-0.007015039438716537,-0.009855848464132313
0.2330140535836594,0.013379854481894984,-0.005062999914748548,-0.010177213419737988,-0.0044138196288125535,-0.006228468649782448
0.23309294685387508,0.0193111735758296,0.004836124114938286,-0.004052857199971633,-0.002510413523024643,-0.002076927193624758
0.23317184012409078,0.027275425886257202,0.01281531206360977,0.0023100810680408814,0.00020409250996939807,0.0018411438016789252
0.2332507333943065,0.03298345083469694,0.012564727716900006,0.00603813662682874,-9.225058504263597e-06,0.005103214622739484
0.23332962666452217,0.03274569489351428,0.0059495560668717294,0.00387255063456291,-0.005318794684163215,0.006119593661579763
0.23340851993473785,0.026754514842339157,0.0028231911228463464,0.0022191616430832827,-0.007340360982417228,0.0058068047778846174
0.23348741320495356,0.018389275673936254,0.0014561826617016838,-0.0021423325028405026,-0.013540565649749517,0.005446678162012305
0.23356630647516927,0.011531593066933504,0.0034475450215629435,-0.003184697778973232,-0.013920472361394409,0.004770102964453723
0.23364519974538495,0.007893355822272278,-0.0023388244805723555,-0.008108417938705913,-0.02218478013560002,0.005041431845080355
0.23372409301560063,0.006698688609938347,0.00017050974591095605,-0.003949333704662171,-0.01595429659834069,0.005214398294353128
0.23380298628581633,0.007129272847526333,-0.01013700156655241,-0.01152153908640548,-0.011406200645326952,-0.0036174472705700154
0.23388187955603204,0.009728413637645119,-0.004919266692413021,-0.008744685295485506,-0.01019688207453185,-0.0019203181548318388
0.23396077282624772,0.014353482747008177,5.068126964350052e-05,-0.004973353161758905,-0.014420459259840326,0.0035276630366135845
0.2340396660964634,0.018221173714079185,-0.0013239184862197878,-0.004739888187197056,-0.015856875479610483,0.00449460995972348
0.2341185593666791,0.018283988314698393,-0.0024749760265735804,-0.0034435064705883945,-0.013287314613489677,0.004212253165554848
0.23419745263689482,0.014459218371434792,-0.00964257179147432,-0.009736865538302325,-0.01340393835667634,-0.0010397989397824521
0.2342763459071105,0.009153908614489205,-5.549336930390823e-05,-0.003501161417631769,-0.00632083041838992,0.0004305586850164248
0.23435523917732617,0.0048726959779364885,-0.003289456283476885,-0.006324486048772029,0.0008225311538719658,-0.005780751469248596
0.23443413244754188,0.0025348577568850466,-0.014657514209334489,-0.014415829470963563,-0.013623437622224807,-0.0048740068996807225
0.2345130257177576,0.0023279412045578997,-0.019574492957845416,-0.017571074013753483,-0.0110756711323908,-0.008904043016032313
0.23459191898797327,0.005898275304221098,-0.016833525348074804,-0.016444436892666246,-0.016832830704115998,-0.004868079808654684
0.23467081225818895,0.01569058155750928,-0.007032287483983433,-0.005865837176560981,-0.012585431366341618,0.0017906433533669223
0.23474970552840466,0.031287701755874274,0.00020352428747488034,0.002459838231941101,-0.014463991895644492,0.009827401943325738
0.23482859879862036,0.04720918676889022,0.013654594665668564,0.0165241785265729,-0.00849080994878389,0.018500874566179357
0.23490749206883604,0.05637966115005915,0.021612969326474107,0.02615561102209171,0.0024645712565620937,0.020766858725596343
0.23498638533905172,0.055770438618826405,0.007857773013636975,0.01481130569068492,-0.011325244987255524,0.018573288467061827
0.23506527860926743,0.04753318298959713,0.010007519670891453,0.014605381047902957,-0.005608023213635509,0.01533648738202591
0.23514417187948314,0.03657444931531424,-0.0039065168578957124,0.0022391134419692004,-0.01414964045187207,0.009472571755876713
0.23522306514969882,0.027005082527471837,-0.004700028128763015,-0.00038264958296341245,-0.007131150513527763,0.0034978973728966934
0.2353019584199145,0.019423957339242376,-0.006505382435420426,-0.004791876557232098,-0.007381713348854627,-9.085624816794675e-05
0.2353808516901302,0.013539438512946984,-0.002248177160319839,-0.00536799319974435,-0.0042127410895615785,-0.0022752815393178518
0.2354597449603459,0.011096170485414756,0.0067931564577789014,0.00012403575971080237,0.005079894483126841,-0.002617136634253821
0.2355386382305616,0.013725992703168662,-0.003402449919647729,-0.005936555094885679,0.0033497912528758743,-0.006807284444620038
0.23561753150077727,0.02041977167728871,-0.004741290757003229,-0.0014509885982534095,-0.0029074285658729415,0.0003326901923801051
0.23569642477099298,0.027584756818699756,-0.009941115599362817,-0.0023009106302024494,-0.01114786055012077,0.004030555496561386
0.2357753180412087,0.03157801569958386,-0.009585606700967302,-0.002280043871158868,-0.01791345950232422,0.007674013631897987
0.23585421131142437,0.03213421132217963,-0.010089221841066082,-0.005492024312748572,-0.013404123558338919,0.002545026111581831
0.23593310458164005,0.03209909428030897,-0.007077265131423487,-0.004589031384773023,-0.010881484808170637,0.0019557345508659984
0.23601199785185575,0.03354639063061368,-0.0015537915032698391,-0.0015962579787773506,-0.00975989858260044,0.003881784858108345
0.23609089112207146,0.03400646676088335,-0.0012729014700814639,-0.001642366721262897,-0.0055908502803188615,0.0016089176167292775
0.23616978439228714,0.029231577349654286,-0.004558312200425206,-0.004306340046369043,-0.006493339586966599,-0.00015688244165503387
0.23624867766250282,0.020093859222378784,-0.007031121223680145,-0.006641990557682645,-0.0043198936779279195,-0.0032936134478447473
0.23632757093271853,0.011227301523278416,-0.013956491662442358,-0.013286765789667237,-0.01019549269373159,-0.005756942192877188
0.23640646420293424,0.005438327849724123,-0.016570524289598987,-0.014970007879203393,-0.015635902836405258,-0.0042638701322945055
0.23648535747314992,0.0027652286532440103,-0.015755849352132992,-0.015323429124748393,-0.018096453819934435,-0.0032440333939525745
0.2365642507433656,0.0021224539115646903,-0.014539367025531744,-0.01744538920996331,-0.015687831500094954,-0.006327106873204885
0.2366431440135813,0.0029180048348805996,-0.0029641584909175346,-0.009086163506637426,-0.009535415464498227,-0.0025631064300044195
0.236722037283797,0.0051840128522177,-0.007559598265851062,-0.011528106813647642,-0.013156995970569598,-0.0026849173925692434
0.2368009305540127,0.008131106009839554,-0.006076109779782498,-0.009241507711636182,-0.00948966182333832,-0.0027188057713010364
0.23687982382422837,0.009550714763275254,-0.013677693067960366,-0.013640751863045288,-0.012933736857068882,-0.004588871163442457
0.23695871709444408,0.007612371751864043,-0.01781941601549806,-0.014626987706546047,-0.01944149921329896,-0.0019349654968889138
0.23703761036465978,0.003536989316546998,-0.015735910368713326,-0.014635625850336629,-0.018686003319760437,-0.0023471022008935507
0.23711650363487546,0.0005816892045989061,-0.017759413735731054,-0.015332133446452314,-0.014520066350937947,-0.005167598540213414
0.23719539690509114,0.0003010619619076758,-0.019531977189177915,-0.016525580309139143,-0.009565188806640796,-0.008830097593002031
0.23727429017530685,0.0014121362422337088,-0.021080175711018004,-0.018387670036054227,-0.007002882810070049,-0.011775368298443572
0.23735318344552256,0.002265488679057354,-0.023456621232428088,-0.020646941492808636,-0.004997882552655986,-0.014757452066431153
0.23743207671573824,0.0032815211782329565,-0.021821297199330347,-0.01915284355874498,-0.009614866743534957,-0.011022626884063918
0.23751096998595392,0.006371360064252954,-0.02037556796165915,-0.01892192229515485,-0.016830333116658172,-0.006962428645220059
0.23758986325616963,0.012207043181594697,-0.014568127863735337,-0.013778056255971515,-0.018459833970817224,-0.001743876001746281
0.23766875652638533,0.018300877678324248,-0.008803298966544033,-0.007104346877462813,-0.017673148977007065,0.0034712671321159377
0.237747649796601,0.02042587432832811,-0.00645071914038635,-0.004960160085835121,-0.012994468378839554,0.0027746265013770055
0.2378265430668167,0.01691306097471205,-0.009129033633121517,-0.006831534597884823,-0.009964623859848953,-0.0004291896146683883
0.2379054363370324,0.01042748291157254,-0.014882785931273708,-0.013477551917614516,-0.00708312674256657,-0.0075854680076093434
0.2379843296072481,0.0048363559268119445,-0.012523675034834699,-0.012821238788458405,-0.0030402739215000777,-0.009197040375977407
0.2380632228774638,0.0018332305320656254,-0.01789762404751832,-0.017511772000952223,-0.006019902602098829,-0.01156210566142553
0.23814211614767947,0.0006989194241417066,-0.01627016069955635,-0.015036234914906809,-0.01575005000444653,-0.0042586535519108905
0.23822100941789517,0.0005612264040817033,-0.018754646941007005,-0.016532955432738795,-0.01998599759704336,-0.003253363490477881
0.23829990268811088,0.0018824160498205783,-0.015075842322471193,-0.013793796970292678,-0.018785426559568365,-0.0015826985097760079
0.23837879595832656,0.005444689362376143,-0.010456337794214888,-0.01026214869918797,-0.019948134670465658,0.0020235305214905477
0.23845768922854224,0.010618326882645747,-0.005145674040100166,-0.006699132821230796,-0.017864513718181728,0.003916038495471927
0.23853658249875795,0.014739867299815653,-0.00588668998550943,-0.004767508977691068,-0.016888875767687873,0.005024373727098247
0.23861547576897366,0.015123451554001766,-0.0152031455437689,-0.009549986813909981,-0.0098834665476133,-0.0027683108846733684
0.23869436903918934,0.01209610130680185,-0.021027300464973978,-0.015164477803779369,-0.012258357164276059,-0.00623770059388734
0.23877326230940502,0.008451591550906148,-0.02393401482383682,-0.01932770703222054,-0.008998765139386947,-0.011500329731246917
0.23885215557962072,0.006559268059030402,-0.021601316900620147,-0.020006793723469217,-0.01285333152380484,-0.010009361996783294
0.23893104884983643,0.006728470028066809,-0.013411832517780891,-0.015700234490853587,-0.01421313110317106,-0.005642975831907143
0.2390099421200521,0.007555095636727743,-0.009330564060774225,-0.012020219211859733,-0.013175023611852747,-0.0030908858743383624
0.2390888353902678,0.007487094049288916,-0.00659335938517649,-0.008317109732072867,-0.01307257887843502,-1.8347570770692417e-05
0.2391677286604835,0.006118603865238345,-0.008325446431716347,-0.0072021179920344685,-0.015214131900398343,0.0020708654195116414
0.2392466219306992,0.004114471039680383,-0.01811958189326843,-0.01397957156431676,-0.01956456834468425,-0.0013221063641575283
0.23932551520091488,0.002512685777056061,-0.014196725288036846,-0.013445861275182425,-0.01694274592077797,-0.0022762041455485172
0.23940440847113056,0.002303710517485326,-0.007863121430989323,-0.01055076855387321,-0.01530933395691437,-0.0007061830867322074
0.23948330174134627,0.003870550695658341,-0.004247069400427898,-0.00812561168394009,-0.013033559705038496,0.00012246368901946562
0.23956219501156198,0.006406862472617786,-0.011872681743962254,-0.014124745181980116,-0.0082720687339389,-0.007495106956513883
0.23964108828177766,0.008267904787935623,-0.016601113936346067,-0.014037929301650069,-0.009729460172667608,-0.0066410251872177474
0.23971998155199334,0.008178914247092729,-0.01562258112249879,-0.010151952526307777,-0.013615837332186761,-0.0012768134631979873
0.23979887482220905,0.006343787632619244,-0.018807320543597357,-0.014963014813446989,-0.015604329444046019,-0.004274879780891441
0.23987776809242475,0.004227263512542941,-0.018082527312656034,-0.014182244529124869,-0.021941480371454474,-0.00021951844983982726
0.23995666136264043,0.003191465153175934,-0.01880624768257835,-0.01454277199795326,-0.011657563440975864,-0.006034457211244568
0.2400355546328561,0.0034288285970570024,-0.018811812599147434,-0.014648962282730953,-0.012698991351107925,-0.005566205286795641
0.24011444790307182,0.004074504820986041,-0.008783709452942172,-0.010006247994385011,-0.0049028182216560206,-0.005822116341811417
0.24019334117328753,0.004212986299098915,-0.006350994602687079,-0.01189044624267207,-0.0024206797901201414,-0.008742974600908912
0.2402722344435032,0.0034821184717648093,-0.006874642216231718,-0.011343314064520375,-5.432681733036414e-05,-0.00954869545621647
0.2403511277137189,0.002212386640581702,-0.011600058698652056,-0.013213029223045888,-0.005340039831665455,-0.008295878997948538
0.2404300209839346,0.0011525555391733026,-0.02033947160742022,-0.015672311269046706,-0.012330921553798288,-0.0066277686175979685
0.2405089142541503,0.000575649361130277,-0.021332239896824697,-0.016954830625858383,-0.01192647228363144,-0.007927747647314132
0.24058780752436598,0.0002607607339453452,-0.023575125219263214,-0.017409658692617853,-0.020230710389543365,-0.0038629303145771127
0.24066670079458166,0.00013159378008079548,-0.02306146356575412,-0.01756750734110235,-0.014027182965734101,-0.007319921921663763
0.24074559406479737,0.0002991570049052588,-0.02859692145090886,-0.023214702182151596,-0.010695491399554533,-0.013875149275348827
0.24082448733501308,0.0009862302322346873,-0.026359495413181274,-0.021836104098978522,-0.006656095868848992,-0.014873816175426364
0.24090338060522876,0.0022290189545232505,-0.01813624232430602,-0.0167252290870816,-0.0031089172253231058,-0.012457085000195846
0.24098227387544444,0.0036782597746532774,-0.010564122525479384,-0.01248476669309249,-0.002395805450756214,-0.009258161632435332
0.24106116714566014,0.004636406811953768,-0.006095117278328335,-0.00792973060411031,-0.006701329386960459,-0.003105044999993513
0.24114006041587585,0.004340946302020883,-0.014019513238309186,-0.011438358645237776,-0.015229041350556537,-0.0014988584713520189
0.24121895368609153,0.0030003031297443973,-0.023131453228665798,-0.01796522278532276,-0.020923805758957977,-0.003960945329225328
0.2412978469563072,0.001848320218219423,-0.021067114219072588,-0.017328757032103254,-0.02008102726551323,-0.003874782467708491
0.24137674022652292,0.0018141598895332156,-0.021910505021383635,-0.018276197362449852,-0.01557329052560742,-0.007090329425423462
0.24145563349673863,0.0024441264223385704,-0.022308456255115232,-0.018800320547567213,-0.010115094606786617,-0.010456914500479754
0.2415345267669543,0.00236540514965631,-0.024473167272563455,-0.017988737019442442,-0.013325068030859769,-0.008051879529840112
0.24161342003716998,0.0011795821316051792,-0.024695750752252665,-0.019629619464649337,-0.009870896077886698,-0.011288224103748025
0.2416923133073857,0.00019876646179731243,-0.02225912289416176,-0.018640744952208202,-0.011799007324822341,-0.009420130682525271
0.2417712065776014,0.0014425526878512106,-0.017148395096160222,-0.01702287280038675,-0.0079342835492842,-0.01012374895631986
0.24185009984781708,0.0057193496414285425,-0.0142570680218766,-0.014777436640912568,-0.011978540259700165,-0.00606069992649363
0.24192899311803276,0.01093852215633761,-0.005221716573416677,-0.0046640663145842845,-0.011162397864545214,0.0020429034561288365
0.24200788638824847,0.014041931080062872,-0.005114597128362604,-0.004137758724374187,-0.017055625383454807,0.005645536968142853
0.24208677965846417,0.014463087352991713,-0.005964375121708399,-0.003559715303387367,-0.020762513226775615,0.008120539516356403
0.24216567292867985,0.013929769039522758,-0.01729666973568015,-0.012018928120756594,-0.0201172945604037,0.0006302990506859415
0.24224456619889553,0.01426415787052125,-0.011619483517884416,-0.006098185068216701,-0.014497055983598595,0.0026188401117321226
0.24232345946911124,0.015844040634775264,-0.016308582473870292,-0.01140833332712383,-0.009845544694092328,-0.004358011904849691
0.24240235273932695,0.017470579619828355,-0.005678063390951685,-0.005037656436420576,-0.006355773094277361,-0.0008481055232714179
0.24248124600954263,0.017687612273081573,0.007511016388178956,0.0020506551428663275,0.0019404782053507434,0.0006917358814838611
0.2425601392797583,0.01626571078302743,0.001830173416418423,-0.0025158084591672585,0.00046865845422605656,-0.0023753103112336407
0.24263903254997402,0.014294867020384586,-0.0059386071325220145,-0.006600755886641805,-0.002192104758097906,-0.004398833235511252
0.24271792582018972,0.012744322821899056,-0.015762972487601903,-0.014035476300950641,-0.007711569915655204,-0.0077199836507263015
0.2427968190904054,0.011833718142562096,-0.014391603563563145,-0.01211696425337759,-0.011531707545145951,-0.004053071580044129
0.24287571236062108,0.011871031382118936,-0.007637369900071617,-0.008224887327676518,-0.01365268214531621,0.00037038670344464075
0.2429546056308368,0.013331153781908009,0.0025319323995324924,-0.0008252062762010743,-0.013499153542323452,0.0065366340629245115
0.2430334989010525,0.01572543625042664,0.011295611245980273,0.0063007280526787175,-0.014247259744621108,0.012954069256232145
0.24311239217126818,0.017232156901840354,0.0039559593809240364,0.000528038559635273,-0.010123850837099423,0.005870468961658176
0.24319128544148386,0.016365155863000146,-0.005597007383585678,-0.005514192817276931,-0.010075917918558908,0.0007428505048603639
0.24327017871169956,0.013425807608149829,-0.016568279586713978,-0.012639450068505583,-0.012676231781989412,-0.0038811320284628968
0.24334907198191527,0.009797765672673217,-0.017931014699258015,-0.013794934052735668,-0.01522096692595866,-0.0034936254703060382
0.24342796525213095,0.006835233784466205,-0.008670890807864397,-0.009880426913464772,-0.01919324985811445,0.001941366148536858
0.24350685852234663,0.005322892475720231,-0.009841039902072173,-0.01216869905783495,-0.021427343998261555,0.0012058950942473326
0.24358575179256234,0.005442608187428704,-0.017284869598383015,-0.014855517072930296,-0.020782340785951474,-0.0014094944307913892
0.24366464506277805,0.007343660826151098,-0.015889701885264076,-0.014155653326536895,-0.013479857025776167,-0.004731176181719458
0.24374353833299373,0.011174306462533227,-0.005859350089953572,-0.007535510948448616,-0.01173630057156392,-7.433966081224899e-05
0.2438224316032094,0.016067978954056837,0.012014255752366969,0.003687577109417794,-0.010318395116266976,0.008642393188264989
0.2439013248734251,0.01977812448930671,0.019677800643683227,0.010698164487716816,-0.012706505367713497,0.015840932821916048
0.24398021814364082,0.020086730320215695,0.0029246339408354476,0.002996724013924138,-0.01956591487333101,0.013015200631579096
0.2440591114138565,0.016626979615172507,-0.015945928144888485,-0.009494362314517096,-0.01898091844107537,0.0021536426420218327
0.24413800468407218,0.011260992833948866,-0.01996551401431385,-0.015174730934760551,-0.01885303003804041,-0.0027130172649877018
0.2442168979542879,0.00653023115356218,-0.010741910881365384,-0.011330524376709993,-0.017293584737734014,-0.0003014691383995101
0.2442957912245036,0.0035442096523604174,-0.008111319178335361,-0.01099915651799991,-0.016075579010923068,-0.0006742866458586651
0.24437468449471927,0.0016561507090624874,-0.013712595659151375,-0.012365355054581435,-0.015169105252329144,-0.00231392786381167
0.24445357776493495,0.00028979437407511963,-0.01951359936192859,-0.014131021662546055,-0.01728152955164044,-0.0026734244911449153
0.24453247103515066,0.0002547773236249272,-0.024199719155209253,-0.01756047898437602,-0.016173961174902277,-0.006163892327178211
0.24461136430536637,0.002813199199537652,-0.02049073497303637,-0.01588211253266994,-0.012841611665749753,-0.0065313884093321645
0.24469025757558205,0.007859813279896242,-0.016720052302452933,-0.012118339220315522,-0.014442198174362547,-0.002494789311517806
0.24476915084579773,0.013269428616600958,-0.017983307823452702,-0.012322803769630273,-0.014213495924942332,-0.002790024455742936
0.24484804411601344,0.01625720700511155,-0.014267361077018322,-0.008106476582922474,-0.017519353942076318,0.00254251096374893
0.24492693738622914,0.015817775471099728,-0.013951121719462806,-0.0071236712763351655,-0.017677456323922112,0.003457255745854527
0.24500583065644482,0.013455694432047605,-0.016299879365328365,-0.009284380370367237,-0.014565140041609177,-3.542692850698001e-05
0.2450847239266605,0.011373036778727733,-0.020767678291895734,-0.012642608568676921,-0.014266866558260106,-0.003031539132942478
0.2451636171968762,0.010798589492391956,-0.02287750393613629,-0.014693714790444666,-0.015482021430066124,-0.0041129339177545035
0.24524251046709192,0.012101107879616909,-0.017812513217183128,-0.012170644986287353,-0.013611128975750399,-0.0029842659574177864
0.2453214037373076,0.015243295083991614,-0.00822312879515783,-0.006652366707883973,-0.006251794001242293,-0.0022672759738558124
0.24540029700752328,0.019129337243776426,-0.0036984792352589054,-0.003958130459804225,-0.0008601643952643293,-0.0028811448019697493
0.24547919027773898,0.021576328973667663,-0.009383145110734218,-0.00762388368916438,0.003683316392394523,-0.008410647641319562
0.2455580835479547,0.021300126050456607,-0.0117813300702103,-0.007696160453053614,-0.00018257797203733141,-0.0064004175032748864
0.24563697681817037,0.018786603397223857,-0.01496217162080922,-0.00964589807181935,-0.012197810237319862,-0.0016092565992166543
0.24571587008838605,0.015256884837698945,-0.011454081121469378,-0.008642519717181336,-0.017561497940127943,0.002112380303731128
0.24579476335860176,0.012033157479192707,-0.008312939420480916,-0.007050581823578375,-0.019050238615175276,0.004254732470607298
0.24587365662881747,0.009926218577359354,-0.009702851228537762,-0.008982433775891694,-0.016998374289872525,0.0015235155603325762
0.24595254989903315,0.008709222882563816,-0.013090846172949859,-0.012654982045720006,-0.016432570171348634,-0.0018815471955767043
0.24603144316924883,0.007902923398726263,-0.015114643999842435,-0.0144173662868018,-0.015403338631010224,-0.003921663111705553
0.24611033643946453,0.007783477959080197,-0.01974264952767172,-0.017329911344640927,-0.013461850661219955,-0.007422071016453121
0.24618922970968024,0.008689499559560958,-0.02073231001161454,-0.01668055911440439,-0.008377523477437815,-0.009597200493015323
0.24626812297989592,0.009751651715007203,-0.020453237105611363,-0.014432808979799691,-0.008087704056548538,-0.007854049872676077
0.2463470162501116,0.009819650639240708,-0.021931731343766393,-0.014487124867096426,-0.014975469415736358,-0.00420983635489245
0.2464259095203273,0.009029764629872301,-0.02355452216344326,-0.016322098770936082,-0.01876627470234234,-0.0037287900332936452
0.24650480279054302,0.008515608915033198,-0.020055471504600013,-0.015460643127241162,-0.016712412070204696,-0.004101532651632084
0.2465836960607587,0.009159697500569814,-0.015203332807481101,-0.013432611162580757,-0.015691030423864653,-0.002935718698602492
0.24666258933097437,0.010608594838836598,-0.01503114513471956,-0.012553827763828388,-0.016678233708545823,-0.001664468521596378
0.24674148260119008,0.011451228917348448,-0.015935527548441478,-0.01264490127857536,-0.016580955884974644,-0.0017935204784832188
0.2468203758714058,0.010432106775823628,-0.018559767157870853,-0.014392811428462451,-0.01740511210317618,-0.0028283428479926598
0.24689926914162147,0.007552879988982388,-0.024995570511318073,-0.01936778163314164,-0.016114338566175074,-0.007722682524036812
0.24697816241183715,0.004260376628089698,-0.02342636034416975,-0.01899806424689178,-0.01335028823480127,-0.00889100714688586
0.24705705568205286,0.002138136526254787,-0.0210338805067014,-0.018613985376789682,-0.011773554570457501,-0.009411160210907172
0.24713594895226856,0.0014754231389645961,-0.014361759932942074,-0.015385498680680764,-0.011608821955012246,-0.006772361758246027
0.24721484222248424,0.0014668504015554308,-0.006468582630648047,-0.011364062519828466,-0.01085907529849657,-0.0037775946746810628
0.24729373549269992,0.0013100612365216863,-0.016338184823312663,-0.01717724125319208,-0.012301593814871769,-0.007914663823299204
0.24737262876291563,0.000836367426494347,-0.025641121053043094,-0.02195608335027,-0.01292331853808092,-0.011618676107852456
0.24745152203313134,0.0003025237869423844,-0.02917666048052924,-0.024147236682733966,-0.016267683560648647,-0.011678863629736375
0.24753041530334702,1.4149514262835613e-05,-0.027822986132460703,-0.02252387203177814,-0.01851818717523549,-0.0091016701689282
0.2476093085735627,0.00021080835455377026,-0.02451485246226226,-0.02136880628850823,-0.018716788141832866,-0.008019247315191488
0.2476882018437784,0.0009090776968420387,-0.02038813485942109,-0.01884869228317683,-0.012960454450955882,-0.008973645431880365
0.2477670951139941,0.0018703465752347242,-0.0148880818256364,-0.017017534926489098,-0.0038479161642269604,-0.012308100959725609
0.2478459883842098,0.0026768799698227374,-0.011483715279986088,-0.014279154596999046,-0.000829288521198247,-0.011612585321999077
0.24792488165442547,0.0029473215793993732,-0.009228612994397135,-0.01164839069930733,-0.00372235522516991,-0.007841230453363005
0.24800377492464118,0.0028656581258009613,-0.012869440764790054,-0.013491805959174433,-0.012763774492649418,-0.004554130498620161
0.2480826681948569,0.003143576574584205,-0.01961166036965138,-0.016253456925145262,-0.01613683982892181,-0.00507964319338959
0.24816156146507257,0.004124926481927257,-0.020425535571577058,-0.01654077023818822,-0.012461105379178886,-0.007291590122467665
0.24824045473528825,0.005203982307014111,-0.017167428705321307,-0.015478718331630942,-0.007662467430436054,-0.008965183136463939
0.24831934800550395,0.005339594818075853,-0.01809887909935274,-0.015865341608339568,-0.0065141701121700065,-0.009906831510018019
0.24839824127571966,0.004211455302193718,-0.014333079862276917,-0.015195967253005599,-0.010762339592496641,-0.00706575900487443
0.24847713454593534,0.0026624652482363687,-0.011775147851035667,-0.012834529149951172,-0.008684008846966481,-0.0061847765094259054
0.24855602781615102,0.00170610748191043,-0.01245955514614851,-0.013951617513537054,-0.0048687066904451294,-0.009172105312053497
0.24863492108636673,0.0014715738437271273,-0.015586781152485534,-0.016516630157786285,-0.002267034859407267,-0.012731876524560001
0.24871381435658244,0.001492289014013651,-0.020023063016144742,-0.018673142078135165,-0.0077002558119840395,-0.011642954929302547
0.24879270762679812,0.001545521618424894,-0.02501890218347072,-0.020175276570453725,-0.014914702633388125,-0.009047519788107994
0.2488716008970138,0.0018447102205554034,-0.028159187181057407,-0.02299476277087683,-0.014618121573103103,-0.011588528267081512
0.2489504941672295,0.002514089090908081,-0.024268774256537808,-0.020932985769007453,-0.009184302415001138,-0.012756939606873954
0.2490293874374452,0.0031060514996522678,-0.026025515891933894,-0.0208357405591079,-0.005980826444370715,-0.014390488087164123
0.2491082807076609,0.0029098759145207865,-0.03111941639226049,-0.024715010392867193,-0.0059309157871766825,-0.017693986490923966
0.24918717397787657,0.001776104527365964,-0.029293593063979082,-0.02367630358238561,-0.010536686934222045,-0.014350169257626286
0.24926606724809228,0.000522223895698563,-0.025330513526874144,-0.022209812734544893,-0.012271469662418889,-0.012182159103822598
0.24934496051830798,0.00022129176962966477,-0.02178062378584565,-0.020588778139689158,-0.015338036843166064,-0.009170105631402132
0.24942385378852366,0.001147943340008386,-0.019409774903215285,-0.019784822478496618,-0.013367162816374999,-0.009546609617684805
0.24950274705873934,0.0027190041504990335,-0.020886970986153015,-0.019224511798813754,-0.011414323801168285,-0.010119313271230251
0.24958164032895505,0.004077791236816112,-0.022700626057595208,-0.019467633711915112,-0.014266659536905448,-0.008796820237001284
0.24966053359917076,0.004737101661663437,-0.018369455345194657,-0.01633947711997231,-0.013903854585668007,-0.0063486402875469325
0.24973942686938644,0.004992049703322748,-0.02204399243137538,-0.018005952240810103,-0.01891097771252159,-0.005073843793716965
0.24981832013960212,0.00558271371658843,-0.021903791941137778,-0.016618020246673908,-0.015688144222066328,-0.005628005286657285
0.24989721340981783,0.007292031880147973,-0.014874138544615998,-0.011961923099807951,-0.011552501295323338,-0.00391098898130002
0.24997610668003353,0.010893878530382648,-0.004597845374686437,-0.005317672221159568,-0.007161157737395293,-0.0006530132775410509
0.2500549999502492,0.016594269501542216,0.0034353447898756214,-0.0012941017780279545,-0.004864693109860432,0.0015138862946550637
0.25013389322046486,0.022961933924686213,0.009671729702514207,0.0027591393216390824,-0.0016041984698803124,0.0031891906410830345
0.25021278649068057,0.027062142151736687,0.005789007795707681,0.0024360887721128766,-0.0013127840057226203,0.0027602853330045713
0.2502916797608963,0.02676519527367321,-0.0035908742751145245,-0.002445886420360072,-0.0026887161749027696,-0.0006245385831440376
0.250370573031112,0.02265977974991519,-0.011128818916629979,-0.007278190709485174,-0.007687751062089581,-0.0020263453809630408
0.2504494663013277,0.017024991978737573,-0.01424204314874327,-0.01079910460868244,-0.010705856899392675,-0.0033825638732778497
0.2505283595715434,0.011915061001159834,-0.01517340773559693,-0.01356452918134737,-0.0151590682543964,-0.0033321773007781398
0.2506072528417591,0.008280793758926586,-0.0106012191821302,-0.012319055264006304,-0.013491440012871185,-0.0031737428313324107
0.25068614611197476,0.006029479203942521,-0.004707552369540669,-0.009892134177866484,-0.008582077177098513,-0.0037545208656524025
0.2507650393821904,0.004857314211321767,-0.0019077585419002697,-0.009545043758529187,-0.011091048331717451,-0.0021171074374620505
0.2508439326524061,0.004887242753963329,0.0024687425536042656,-0.00668798705051301,-0.014712195627933735,0.002236059065293644
0.25092282592262183,0.006134257992786388,0.0032527648790227474,-0.005138794206218652,-0.013205757830097795,0.0027370077326205936
0.25100171919283754,0.007543558939053341,-0.0034563664395275123,-0.007713403609618259,-0.0159426609965981,0.0020294991710925773
0.25108061246305324,0.007692547954889601,-0.009685401189706969,-0.009807268669548527,-0.016558559564571845,0.0005911885319396679
0.25115950573326895,0.0064289945075657745,-0.0145995576167495,-0.013762322910705766,-0.014319215649643464,-0.003949237567865205
0.25123839900348466,0.004812060384380926,-0.014061319738481756,-0.014836052285609032,-0.005984006357551822,-0.009321556159963398
0.2513172922737003,0.003771384081176364,-0.009533304842678865,-0.013343664650406413,-0.0016993041546311779,-0.010356565389651615
0.25139618554391596,0.0033421948179231825,-0.013145143049016898,-0.014677316962930507,0.00018857347195807121,-0.012494056851903163
0.25147507881413167,0.002972957330763718,-0.01744803711040083,-0.016272657076684738,-0.009558777051313761,-0.008619907323120641
0.2515539720843474,0.0023286084747807466,-0.01957690178080005,-0.018257551706949843,-0.01611211921888967,-0.006785913361475286
0.2516328653545631,0.0016546753216955033,-0.018269667263054217,-0.01863163674786788,-0.016029305574867522,-0.007146313010336576
0.2517117586247788,0.0014668833555198184,-0.0195793105440343,-0.020181762432801075,-0.015973362918022104,-0.008485903455315476
0.2517906518949945,0.0019013031603086368,-0.021723901172184486,-0.020671800168711695,-0.016779667481258205,-0.008468009720354018
0.2518695451652102,0.0024856204926074284,-0.025160860251479688,-0.021742617630519774,-0.014637595761670338,-0.010520147237464372
0.25194843843542586,0.002821065100164394,-0.02449637883438229,-0.02044483694821278,-0.015124524079364488,-0.009162865203305918
0.2520273317056415,0.003123462197651271,-0.020816348722138823,-0.018808708285552946,-0.01124422769805519,-0.009859184435328823
0.2521062249758572,0.003716408198542416,-0.020308514679029305,-0.018529671900336425,-0.006825092649527728,-0.011990533645036367
0.2521851182460729,0.004466577566940471,-0.020189864726752826,-0.018578289961609564,-0.007308252463954584,-0.011772806158841275
0.25226401151628863,0.00512129048235486,-0.02126964514281897,-0.01989298960940471,-0.011200939910151036,-0.010798299629658463
0.25234290478650434,0.005975418601331437,-0.017670773762751384,-0.01736909318382815,-0.013761958453355781,-0.007294397693195466
0.25242179805672005,0.007846990707194773,-0.01619579899621877,-0.016032456857832555,-0.013672752180056699,-0.00621310991738732
0.25250069132693576,0.011317750234327765,-0.010476129158286213,-0.012376264777065785,-0.010679050439884449,-0.0047288986231296725
0.2525795845971514,0.016157741057866805,-0.009249327484594545,-0.009030850321873018,-0.007909793962094402,-0.0033873944307946462
0.25265847786736706,0.021623363377699715,-0.0068030329215018805,-0.00521813495640527,-0.008039604616361294,-9.827545937079842e-05
0.25273737113758277,0.027440445684269777,-5.88431308859308e-05,0.0004700428391472473,-0.007919229775260371,0.00464014643638755
0.2528162644077985,0.034044226299526734,0.006579239611266236,0.006563579983902442,-0.006955729391464575,0.009268768763243224
0.2528951576780142,0.041280901768807485,0.01685204079520925,0.015469400362715307,-0.00787891482279103,0.017282537809177028
0.2529740509482299,0.04755809703910003,0.030005581706193687,0.02478373609669622,-0.0016724827698144566,0.02182330895223517
0.2530529442184456,0.05064474986441023,0.021599312888711565,0.01857160178949598,-0.003392119111205269,0.017498406993738974
0.2531318374886613,0.049139941204186015,0.011973778385894734,0.01273655703325394,-0.0051877857868376075,0.013533459239276284
0.25321073075887696,0.04409967895749759,0.004488129871378217,0.008376207954854407,-0.010393949993086108,0.012641440766520453
0.2532896240290926,0.03880308027416543,-0.0019193930543318788,0.004642602698145493,-0.015744842768782078,0.012356758094109884
0.2533685172993083,0.03580181102445628,-0.0004368195094822228,0.004761296739129688,-0.02048454672090815,0.014997415647507919
0.253447410569524,0.03545495928891535,0.0035897912903087074,0.0061317945438723485,-0.02085443303759037,0.016352731717725666
0.25352630383973973,0.03697474784591708,0.007659786396627363,0.007542464568579014,-0.01979148434917537,0.016973876573643815
0.25360519710995544,0.03914028514466792,0.018275130820081784,0.013481254414325254,-0.01545776459142377,0.019664724866475306
0.25368409038017115,0.040563592784577426,0.02657114906513462,0.016937131407240485,-0.008439943606716802,0.018822275000179554
0.25376298365038685,0.04017082412093366,0.028718168230993966,0.019307879351401522,-0.007366184867870966,0.020248716991672015
0.2538418769206025,0.03716575802840063,0.014800382441123916,0.01037289414762193,-0.013854922843567201,0.016181720842868064
0.25392077019081816,0.031106480512410568,0.002460247835828896,0.004139329398912592,-0.014771568518029585,0.011410238772340167
0.25399966346103386,0.0229931672825678,-0.009634252109278044,-0.004376311682420631,-0.014915321688152912,0.004297030042128121
0.25407855673124957,0.015542638876145601,-0.012832747298656364,-0.007837373300861119,-0.011082251937017088,-0.0006797169108591464
0.2541574500014653,0.010954896836139457,-0.01019150072204136,-0.008167310541633823,-0.00986734841140806,-0.001609310996817965
0.254236343271681,0.009387624557791987,-0.013762780440737046,-0.01255070582573348,-0.011386765497358524,-0.004497051646173667
0.2543152365418967,0.009899938408141832,-0.017200359748728546,-0.014881195232716011,-0.016099839990636706,-0.003940274021851187
0.2543941298121124,0.011498494577363294,-0.010687014894265127,-0.011141757517226507,-0.016665420538343065,-0.00047865116904264086
0.25447302308232805,0.013135102167360076,-0.00916060700917819,-0.011678118917814955,-0.01476900116329845,-0.0019478675558040207
0.2545519163525437,0.013699693408828185,-0.004333932844923285,-0.008347996242655616,-0.015093854151972102,0.0010387026574584307
0.2546308096227594,0.01247744196779337,-0.007847129051703886,-0.01037015393654265,-0.018032217093838555,0.0009055100647932118
0.2547097028929751,0.009596347979084218,-0.017119943928180937,-0.01559482141721263,-0.018227622069393313,-0.003403013870318531
0.25478859616319083,0.005975305714846667,-0.023694437330375254,-0.020204399408697744,-0.011988059330175346,-0.010639765074159516
0.25486748943340654,0.002917961359366934,-0.022069335360360348,-0.018056016315837864,-0.007845853530433053,-0.011043724949277495
0.25494638270362224,0.0013051881207575518,-0.02017386412435534,-0.017480858782067035,-0.0028333908666931837,-0.01324280114255781
0.25502527597383795,0.0011496721522888478,-0.019924821019324798,-0.016929568137923127,-0.006752114841755639,-0.010678182332627408
0.2551041692440536,0.002326772069628401,-0.01789929359284533,-0.01689303851417904,-0.009388164425770255,-0.009235291795184114
0.25518306251426925,0.005268018799124385,-0.015120064570106706,-0.01749731469490777,-0.007722277123039803,-0.010638028495557922
0.25526195578448496,0.010241349013967307,-0.0044281747918110854,-0.01115330741776587,-0.007852710743713303,-0.005210335395522092
0.25534084905470067,0.016184461449689276,0.006851436389463219,-0.0026046358005762243,-0.003989784325772511,-6.145608084160822e-05
0.2554197423249164,0.020883410216128263,0.009332031622661496,0.001294114525703959,-0.006787337997968834,0.004729430246488659
0.2554986355951321,0.022765159776409957,0.008209445000764417,0.005385335896023122,-0.009753442730405222,0.009773080674279108
0.2555775288653478,0.02229851481349215,0.00629388470839952,0.0053737867891339485,-0.016275868890512645,0.013258679687494087
0.2556564221355635,0.021122652541823782,0.0017199794076263987,-1.0413536978647122e-05,-0.0184547401674784,0.009880576886895361
0.25573531540577915,0.020570931387442405,-0.0015035516370136115,-0.0029411142728993675,-0.014871737036441117,0.005485583312156407
0.2558142086759948,0.021287316499824654,-0.0014950094496574125,-0.0010849746372130723,-0.013633146606411663,0.006389102492873848
0.2558931019462105,0.023775986920966333,0.004594627574468367,0.0045405494623894215,-0.01530639917828926,0.012035616656912843
0.2559719952164262,0.028800877046955088,0.01940664593848168,0.014262363978663864,-0.008521158005142745,0.016607525023221593
0.2560508884866419,0.03675952937682609,0.02941706085690207,0.019600608748759282,-0.006555283055177945,0.020061530103308745
0.25612978175685763,0.04609663383572202,0.030201240265477512,0.022295238163505086,-0.00226806719742177,0.020040731230495153
0.25620867502707334,0.052880921223147165,0.016513064456332254,0.017528734813282043,-0.005404919749530864,0.017695978813768762
0.25628756829728905,0.05403724766429285,0.009430572732813568,0.01566602459454435,-0.01179039308010216,0.019544081504907124
0.2563664615675047,0.050249130545701175,0.010612889393009502,0.015775454266406058,-0.018811719357151622,0.02339869231341637
0.25644535483772035,0.04363768271182199,0.018789644447472092,0.017053948337350185,-0.018561895422670005,0.024344001459688215
0.25652424810793606,0.03577087581702269,0.020838808699712122,0.015107666717785925,-0.015904499460741267,0.0212770833715311
0.25660314137815177,0.028228051961816228,0.010000222084356802,0.005703235609268287,-0.014663966144564456,0.012672945752614156
0.2566820346483675,0.02252281397953196,-0.00020605469715313543,-0.000978198385555404,-0.014426320076360032,0.00690433622083028
0.2567609279185832,0.019712389180149784,-0.006726875486973823,-0.0033276843525845597,-0.014386527597707973,0.004899127346678621
0.2568398211887989,0.020019208549579517,-0.004701140905942837,0.0021625437754694246,-0.012496590988001648,0.00852203846531012
0.2569187144590146,0.022321816220682772,2.8735058446171678e-05,0.007927177432228526,-0.009207522284487261,0.011626606787380278
0.25699760772923025,0.02442466247029519,-0.001664656522025539,0.0043689556826648195,-0.009350994313025994,0.00869929721279967
0.2570765009994459,0.02447986892487257,-0.000334674538198704,0.0033524045943445283,-0.012366850224550821,0.009457126539403119
0.2571553942696616,0.022140945157113897,-0.0029070625626472224,-0.00040163743155814246,-0.012954223338034693,0.006602247757482066
0.2572342875398773,0.01805961756357416,-0.005549258410458968,-0.0024599574426542843,-0.013104500046600869,0.00494479115199055
0.257313180810093,0.013080945128976862,0.0011872066229005798,6.293624534182281e-05,-0.017808901247130197,0.009596344066526118
0.25739207408030873,0.008160978736939018,0.014024082386529923,0.00715345786460028,-0.019199901883530043,0.01632837572976601
0.25747096735052444,0.0042177703603138075,0.02170489592731796,0.009504924480794978,-0.021387348756005585,0.01948599549166056
0.25754986062074015,0.002157269636548313,0.010554120386273203,-4.0732244191435284e-05,-0.015982822843242903,0.008530087115113648
0.2576287538909558,0.002530737479646519,-0.006488732381894611,-0.009688725293731486,-0.009341645247364246,-0.003175779016134829
0.25770764716117145,0.004773874149212178,-0.01070948037917194,-0.012250212382369886,-0.0016218825508397179,-0.009474702684180986
0.25778654043138716,0.007340233264316524,-0.006066172437111669,-0.009145751866138706,-0.002067579554438728,-0.006614501646462539
0.25786543370160286,0.008605477787804554,0.0025382614104841627,-0.0036171460751662256,-0.00635214011348842,0.00034940064563044714
0.25794432697181857,0.007958246999095961,0.003636591817010842,-0.004305334413392845,-0.013960097124986448,0.003845053184422288
0.2580232202420343,0.006191886165989823,-0.006622267928349676,-0.011819445013373424,-0.014008724719013776,-0.0024746071862287427
0.25810211351225,0.004440636263885742,-0.008889374965297578,-0.014212802462952798,-0.014283201862200088,-0.004349032348176139
0.2581810067824657,0.0032884983591828986,0.0003319310251181382,-0.009323984781206763,-0.013679842044396555,-0.0005432662763483504
0.25825990005268135,0.002952863772804672,0.005436818966505105,-0.008493756827428254,-0.013132175170877681,-0.00013559177884543293
0.258338793322897,0.0036675743992553526,0.012953164335167858,-0.0025773900343986065,-0.012863598585951156,0.0047165341539561895
0.2584176865931127,0.005478854790942509,0.010009803054645036,-0.0016621627847880972,-0.00824575850820389,0.0030147856355078593
0.2584965798633284,0.007660180847675991,-0.00015886399761027415,-0.008814697369768998,-0.004011953129552753,-0.00529323608247307
0.2585754731335441,0.009033817466404035,-0.011307675953182947,-0.013972278301716195,-0.008409208100229378,-0.007292872674709413
0.25865436640375983,0.009457679717940804,-0.011163182857167052,-0.011422419090050161,-0.010516310303167683,-0.004010526545654844
0.25873325967397554,0.01011114725315762,-0.005027749810290371,-0.006064302709894138,-0.013687079706322531,0.002213395118684772
0.25881215294419124,0.011720429601689371,0.008080084013816087,0.0037401774895383932,-0.0063286839475225004,0.006548947113477521
0.2588910462144069,0.013792569258778682,0.019214718722295427,0.010480874827403975,0.0013349282453247158,0.008134391570455871
0.25896993948462255,0.015196330829284677,0.009289832103176326,0.0017786149020294186,-0.0022955693940473767,0.0027317374752356353
0.25904883275483825,0.014653037832221797,-0.0021381318491261523,-0.004857757131424171,-0.0083212334746211,0.0003569319144841283
0.25912772602505396,0.011827696363344218,-0.010503172713633787,-0.010404173261318924,-0.01618977031308216,-0.00011057472938718547
0.25920661929526967,0.007967976102368306,-0.018060523853454552,-0.016816365914858473,-0.020408677913388733,-0.003266313797293115
0.2592855125654854,0.004632966907028224,-0.018331716866570476,-0.016781428630109164,-0.018345954971528702,-0.004342049573427161
0.2593644058357011,0.0026528622582602797,-0.017993716228499868,-0.0171978858181129,-0.021028192126609193,-0.003256686687161984
0.2594432991059168,0.0023433212094446814,-0.022081852898932823,-0.020620877648155796,-0.018586963345054778,-0.007456817729384568
0.25952219237613244,0.003778140510860293,-0.023194279527637997,-0.020217871631226004,-0.015279875111948036,-0.008887895288131368
0.2596010856463481,0.006587408436232798,-0.021002267606915523,-0.01883537093453056,-0.005439016174027006,-0.012991130290332045
0.2596799789165638,0.009612770624195159,-0.021902702390824515,-0.01755024106233923,-0.004356461791810666,-0.012485592546065604
0.2597588721867795,0.01131832146860445,-0.0204852220421867,-0.013938210322694967,-0.002366925387879549,-0.010500979874211544
0.2598377654569952,0.01076239227785443,-0.018167694242684034,-0.010611195313556478,-0.003971688409077899,-0.006831808037018256
0.2599166587272109,0.008305162029277575,-0.02268707315794119,-0.014032422980718056,-0.011944395254832743,-0.005449738025022918
0.25999555199742663,0.0051547923506237705,-0.023602841310084183,-0.017215676624212264,-0.01508932534475754,-0.006453695584217398
0.26007444526764234,0.002558219650694947,-0.021180579933131223,-0.018360593836883397,-0.013652670651006109,-0.0081905122508963
0.260153338537858,0.001230843382308881,-0.019265342832072676,-0.01667165724460352,-0.013167788143127277,-0.00702356730407122
0.26023223180807364,0.0011476936945452908,-0.021505349098693005,-0.01710006293650876,-0.014075957942463583,-0.006898922855745024
0.26031112507828935,0.0018618292032571448,-0.018871481011981397,-0.01604625952170141,-0.015983665273227383,-0.00498668057475406
0.26039001834850506,0.0028773065413246583,-0.010785011958991269,-0.011956356127629457,-0.01317883187303177,-0.003034907628696694
0.26046891161872077,0.003749895764390465,-0.015345189803671097,-0.016989268557624924,-0.01564059838153472,-0.005967093764566499
0.2605478048889365,0.004378354519420019,-0.017639485274413058,-0.018055710899330807,-0.011117096824481183,-0.00929122037259265
0.2606266981591522,0.005214774058478597,-0.019824364370432074,-0.01759661632926938,-0.01405942532805951,-0.007327239013191805
0.2607055914293679,0.006957740740787342,-0.018760736895388673,-0.01738198870919336,-0.014375057738743775,-0.006976842655706244
0.26078448469958354,0.01013139665772332,-0.007915515400870867,-0.008510077611315366,-0.012461524131918266,-0.0005087404829529479
0.2608633779697992,0.014866720402173314,-0.00020965201910010323,-0.0011463576643570522,-0.01921061393261192,0.009326569396416476
0.2609422712400149,0.020588743370610646,-0.001898164612888193,-0.002623180739839352,-0.020268191488234052,0.00864641473015155
0.2610211645102306,0.026299934509486728,0.010969743940281078,0.005519129978643757,-0.011375744206677635,0.010755368847762297
0.2611000577804463,0.03123690127387498,0.022680480490890005,0.013402490929179766,-0.008766352990611513,0.016012917389135507
0.261178951050662,0.034243346587085825,0.028813800098334404,0.015513861909772437,0.0008132200197920932,0.01266382370909031
0.26125784432087773,0.033968494830594546,0.02736894128339913,0.01406142623181734,0.0005640089783971871,0.01157083774354762
0.26133673759109344,0.030051770148127387,0.023954908091855045,0.015894472218818796,-0.003342922649535816,0.015211531749092545
0.2614156308613091,0.022894032560028553,0.01260002755620905,0.0073540910529527855,-0.010717734239019847,0.011951991276567066
0.26149452413152474,0.014276151550476453,-0.004643909000259407,-0.0055576977681763,-0.01678755394074669,0.00430278277701647
0.26157341740174045,0.007228586908814135,-0.005246221193471694,-0.0040774045401718835,-0.013670681597798337,0.0038824253258572384
0.26165231067195616,0.003413685884741755,-0.0192000346535004,-0.017389700505059214,-0.01710217235249859,-0.0055223237239396825
0.26173120394217186,0.0022768296103347495,-0.01848724811797138,-0.017341321365023032,-0.015874074199923805,-0.006139414099242262
0.26181009721238757,0.002354471042151416,-0.0051565269694623835,-0.010025797535559862,-0.01603909015967216,0.0001282489493227502
0.2618889904826033,0.0025388634127897925,-0.0020870203974774214,-0.012291243798147998,-0.01391044128924825,-0.002925749237870693
0.261967883752819,0.0024349300059977688,0.0030090061539478617,-0.007356888819695843,-0.00017195083690696713,-0.006119642843240299
0.26204677702303464,0.002041972449374219,-0.0052748823266228016,-0.012176241752576769,-0.002502095724271962,-0.008940691842115983
0.2621256702932503,0.0014406626558763171,-0.015641047374520534,-0.016449576209790817,-0.006730194548763119,-0.01028453557418327
0.262204563563466,0.0007423651595832544,-0.022347522309318406,-0.021328536980261856,-0.008673140895247929,-0.01336483613911829
0.2622834568336817,0.00028968860819789685,-0.02194257716564119,-0.020399550658075798,-0.009965568713729828,-0.011887892649365395
0.2623623501038974,0.000439106057845771,-0.02453743521969384,-0.02328247330506504,-0.007334970506133822,-0.01573202462394653
0.2624412433741131,0.0009900818010970048,-0.022300925734615253,-0.02245457171445587,-0.002497442935125965,-0.017623264788248365
0.2625201366443288,0.0012832291510096747,-0.02421912163605283,-0.021813534013955926,-0.0002911035722535407,-0.01826341983302446
0.26259902991454454,0.0009537108532160609,-0.02336400665555244,-0.02024764151619495,-0.0003622937342185296,-0.016902882517515375
0.2626779231847602,0.00033474306339734166,-0.0238488068128973,-0.019542727280639466,-0.006057962351146436,-0.013257057226855083
0.26275681645497584,6.257512043906344e-05,-0.021482715686754153,-0.01823294486034734,-0.010857477077732306,-0.009579998055345647
0.26283570972519155,0.00038203015727192964,-0.013235215473950231,-0.012697000992548012,-0.008396260791332407,-0.006222788692952187
0.26291460299540725,0.0008364566654132213,-0.0121335023884444,-0.01078659815352539,-0.0027196839219809,-0.007650675273954135
0.26299349626562296,0.0009360274567872736,-0.019682014299737524,-0.017372616752174337,-0.00030253745353792414,-0.014506996039850653
0.26307238953583867,0.0008486199213141964,-0.025035527704828742,-0.02087276856893544,-0.0016211868516030712,-0.01675659771713235
0.2631512828060544,0.0009375779836541022,-0.019567199192532074,-0.016643786374273047,0.0006702348229023326,-0.014412597489682133
0.2632301760762701,0.0013129895122249084,-0.01253535575767973,-0.013297187359908355,-0.0029683617331863624,-0.009637478384524603
0.26330906934648574,0.0019316043912129396,-0.012855735726064008,-0.013865186644144031,-0.0075452056547801755,-0.00766529170335206
0.2633879626167014,0.0034103879290383375,-0.014076850794485696,-0.015505328990348137,-0.004382012217341745,-0.010744928742221308
0.2634668558869171,0.007269612567529195,-0.0164913637651672,-0.01608327654510663,-0.008661228786151708,-0.008940759407722257
0.2635457491571328,0.01407869971815887,-0.006221945494319805,-0.008008411988679829,-0.007626830252152289,-0.002675609380397529
0.2636246424273485,0.022638439394327133,0.0055976969242277535,0.0012889223476524017,-0.009622184910914086,0.006244086856951488
0.2637035356975642,0.030335265549977366,0.010415877256227642,0.007201010670537419,-0.012080998536666563,0.012553269007822061
0.2637824289677799,0.03417410264148309,0.013240306230382118,0.01320762152813498,-0.013032731964779987,0.018134286802043143
0.26386132223799563,0.033561632555235865,0.008036969849297129,0.01000602641365826,-0.010163523481300332,0.01389397758951129
0.2639402155082113,0.030168646917729268,0.008416892135438399,0.006769218591963292,0.0031815981618891296,0.004010925779791156
0.26401910877842694,0.02547301036100049,0.012867913850971423,0.010166116734866915,0.00766885035931735,0.004475178244384699
0.26409800204864264,0.020357453691592708,0.017578966270237945,0.011426438027220584,0.004702144088549691,0.007128896521447728
0.26417689531885835,0.016147452292756263,0.013079584384129855,0.006263447728569054,-0.0021225982838931614,0.006425772073554606
0.26425578858907406,0.01435702345369266,0.008750107023205594,0.007386194743204127,-0.008345238774846895,0.010707827746733518
0.26433468185928977,0.01580203050199702,0.004490397810936877,0.006379315587749798,-0.010082791117928414,0.010788771350075744
0.2644135751295055,0.019502791956811306,-0.005103879831140136,-0.0016093031322789433,-0.009595347270620773,0.0037825940405471336
0.2644924683997212,0.022317664377581058,-0.005488249072146402,-0.0010146416591381774,-0.018118120056433654,0.008852208228570949
0.26457136166993683,0.021369039513959364,-0.005862463750947661,-0.001896670541146902,-0.02163113642031982,0.009990502481550255
0.2646502549401525,0.016983223149229742,-0.005372685446078338,-0.003760971798719275,-0.016661282125402715,0.005752361423686367
0.2647291482103682,0.011407332600328057,-0.003932777746112371,-0.0060478741696889686,-0.008775379635042673,-0.0004046709254773181
0.2648080414805839,0.00654239367667448,0.0005883912581551463,-0.006794517407745242,0.003870185775808494,-0.007810511684368348
0.2648869347507996,0.003561662490986569,-0.0052517121350415105,-0.011532327745257753,0.010657277235352706,-0.015447134809762059
0.2649658280210153,0.0029550137213304396,-0.009399361118231444,-0.010338723502962534,-0.0006425521967226826,-0.008385296253102494
0.265044721291231,0.004682285550761326,-0.016739763104329477,-0.011023248088569398,-0.009066021174820641,-0.004450450070756269
0.26512361456144673,0.00812856216770269,-0.015784762192850892,-0.0096196256064777,-0.005377551739752425,-0.005241295318814721
0.2652025078316624,0.011717125892291177,-0.009140420720152902,-0.0017600512539190387,-0.005552312640273674,0.0014889008494307094
0.26528140110187803,0.01293394804825923,-0.014326828712199114,-0.008757469248849289,-0.008655396134786464,-0.0027570480359753137
0.26536029437209374,0.010190687512914078,-0.019102569612391346,-0.017298397415261377,-0.004355728837270715,-0.012273293275007575
0.26543918764230945,0.0052339828537799815,-0.023210595186086463,-0.019589366227286645,-0.002383819706509393,-0.015264275008395545
0.26551808091252516,0.0012838421212924165,-0.019339473965599558,-0.01763002764697071,-0.001275445991443369,-0.014203252590421279
0.26559697418274086,0.00030546509228590666,-0.019853637161221436,-0.01819759565356231,0.0029158080307990627,-0.01692747275027304
0.26567586745295657,0.0022989089851950606,-0.022715917053685933,-0.020071119937831818,0.002418874329506218,-0.018243345852260017
0.2657547607231723,0.005737688473567825,-0.020791682769172003,-0.01739785895553353,0.0017020752565917595,-0.01560205256687829
0.26583365399338793,0.00957662225205132,-0.018357500243821972,-0.014156144455208164,0.005902265638336937,-0.015114817089011951
0.2659125472636036,0.013338330016449173,-0.016865909043056262,-0.013935009452324362,0.0027244153524206747,-0.01322569155552967
0.2659914405338193,0.016189925369705566,-0.008561986098552835,-0.006983241420190298,0.003901559376017785,-0.007986666402093594
0.266070333804035,0.017396176022027823,-0.0017001819865030327,0.00020593003990693982,0.003515868580471584,-0.0017099580262928777
0.2661492270742507,0.015840690963167675,-0.005065225215148589,-0.0018489076007447063,-0.00911570877051903,0.0033232645390391218
0.2662281203444664,0.01165959099876374,-0.009874640211331791,-0.006572800396778166,-0.018258155537471517,0.004233701880433072
0.2663070136146821,0.007463154876148327,-0.012552021796129036,-0.011720010495817454,-0.016093704209905257,-0.0012734162729906256
0.2663859068848978,0.005196642582228489,-0.014739243377948671,-0.016025695714554953,-0.014967036317475155,-0.005513986156583954
0.2664648001551135,0.00495283656060308,-0.004979873499204867,-0.006152183006499296,-0.004371876425537654,-0.0028521736305009704
0.26654369342532913,0.005730825494459729,-0.008951329573396326,-0.007396819252688487,-0.013007356591219578,0.0007238793907643432
0.26662258669554484,0.005990260537270888,-0.01621235045179096,-0.014799234721119475,-0.01571371144919367,-0.004077928188044151
0.26670147996576055,0.005253479446661123,-0.006055486110465723,-0.006626034224407272,-0.001752660460125585,-0.004655623947335943
0.26678037323597625,0.004334420091791516,-0.003294056817950081,-0.0011367374985615131,0.0034878130713702007,-0.00282859317034674
0.26685926650619196,0.004159323528191922,-0.014891990905774748,-0.010919968985804962,-0.0031523941447630733,-0.007531476112291564
0.26693815977640767,0.0052087279379430034,-0.018228497495835494,-0.016022983279249628,-0.005515003377731902,-0.010575191003559596
0.2670170530466234,0.007501312129435132,-0.004099228183904997,-0.005232078288523935,-0.009270576294516542,0.0005495404203640518
0.26709594631683903,0.01063392243671503,-0.008681391053009187,-0.00964396671409331,-0.013127027192587836,-0.0011097224942231939
0.2671748395870547,0.013839027043449541,-0.006298474446740253,-0.006991107087468936,-0.01273822932733835,0.0009222785979608051
0.2672537328572704,0.01578316708084624,0.0006475574936571292,-0.0004327469081464014,-0.009308596000260152,0.004622370851658684
0.2673326261274861,0.015024264426468316,-0.007472713042683718,-0.006311338538441525,-0.015350619887497734,0.0028962634790994286
0.2674115193977018,0.011475046571402275,-0.004499064900651742,-0.00038435979067194526,-0.013399554561008121,0.006855491606673454
0.2674904126679175,0.0066696415772531355,-0.016401821913132424,-0.011045479794115734,-0.018738865064862643,0.0007138116006748193
0.2675693059381332,0.0027450414859289847,-0.018250253519266738,-0.015368360223478044,-0.013342517894322318,-0.005829079240877901
0.2676481992083489,0.0012664841121921243,0.0021466888868661442,0.002482150699869248,0.002693647788091144,0.000652515976307892
0.2677270924785646,0.002294105129118312,0.01159101913134078,0.012039544889249132,0.0005475424289266028,0.009872359720381385
0.26780598574878023,0.004890615080396012,-0.006482347965389581,-0.0051846288170000285,-0.010125866381818904,0.0010479051479859018
0.26788487901899594,0.008016099788199763,-0.009898035272873272,-0.007083254761318654,-0.00999866620933829,-0.0006235123279502793
0.26796377228921164,0.01066821507113153,-0.005399864801532473,0.0006691334494568775,-0.012556710650865948,0.007293324543028826
0.26804266555942735,0.011720375678636154,-0.013181012800604512,-0.007688242234786457,-0.015783253218835693,0.0019653213771104227
0.26812155882964306,0.01001258883299386,-0.014527790836898577,-0.01027115271394875,-0.009423800044980286,-0.0036236152544561976
0.26820045209985877,0.006245819321618901,-0.007817293805794101,-0.006910566094178461,0.0016342430439045855,-0.006710508285495188
0.2682793453700745,0.0031050737278604163,-0.016404059661407715,-0.01684661759054458,0.001263175239351136,-0.014901480587359133
0.2683582386402901,0.002943066555398051,-0.02247473204109665,-0.020586076936652778,0.00801459973182014,-0.0216752266668145
0.2684371319105058,0.006377441443071799,-0.01564105712903163,-0.013803033847117526,0.00967106356773355,-0.016835794719071304
0.2685160251807215,0.011410665475654443,-0.014202347122704954,-0.01008560843695712,0.005246633136495224,-0.011326733322010507
0.2685949184509372,0.015241461946103515,-0.011326086048355001,-0.006590368558800077,0.0016059263834921848,-0.006424979501456856
0.2686738117211529,0.01711323615250467,0.0016011763450017916,0.004271302286819834,0.003583049548246197,0.0016866551432446245
0.2687527049913686,0.01727554951212804,-0.01262589631388352,-0.006631779716067366,-0.003980205695177271,-0.003466992221491902
0.2688315982615843,0.015866623220907046,-0.010215065913573358,-0.0070835701400699174,-0.0035117176623649677,-0.004099487362754359
0.2689104915318,0.01350308492464246,-0.00556571018929667,-0.004992010132274762,-0.008252872447890114,0.00020693892814339392
0.2689893848020157,0.010889823139723207,0.00023846159734381542,-0.001087029073874525,-0.007236685396057651,0.002959703757489846
0.2690682780722313,0.008528637806671286,-0.005170420580042651,-0.003922653169320914,-0.01580343305429854,0.005156075196973593
0.26914717134244703,0.006998915301305064,-0.008799402662910284,-0.005195112713367079,-0.01583981664212852,0.004101051153614027
0.26922606461266274,0.00613610264043361,-0.0014964612168106635,0.00022407852553463266,-0.007850366055553584,0.004395568492532279
0.26930495788287845,0.004986634377739268,-0.015467190417640265,-0.012317820973432932,-0.013198535457417438,-0.0033296392851654053
0.26938385115309416,0.003174622720085259,-0.012359790486178015,-0.011357291111672996,-0.015950353732305484,-0.0010438727582541578
0.26946274442330986,0.0013481260316877172,-0.008366904276818642,-0.006271424666160343,-0.016190189801141695,0.0033799079626809477
0.26954163769352557,0.0004511844200006621,-0.017107725152550542,-0.014648711264745993,-0.012281451250542684,-0.005789690972851395
0.2696205309637412,0.0010172153203213397,-0.016806195316347507,-0.014524361967313925,-0.0022820917016069878,-0.01104140174271168
0.2696994242339569,0.0030848582624149537,-0.024395948806778717,-0.019669922774550472,-0.011552069204034078,-0.010421788848915542
0.2697783175041726,0.006460875264618883,-0.019984886576709746,-0.013767315473925519,-0.0185011649213457,-0.0017126552779186436
0.2698572107743883,0.010624113408552054,-0.014118685096446653,-0.007437767315342736,-0.014160133476789722,0.0013070365964786244
0.269936104044604,0.014753567597541118,-0.0015940259194019964,0.0051350828798254426,-0.008692512912973415,0.008993297963762041
0.2700149973148197,0.01747380447647355,-0.006224392718246183,-0.002151422409065294,-0.014730690124111061,0.0060768081169611686
0.2700938905850354,0.01673834785391128,-0.012817434539786465,-0.01024926570684967,-0.016819218175967803,0.0003575682486836381
0.2701727838552511,0.012362317879638767,-0.005315769145374686,-0.00020370789805927787,-0.011950831933567227,0.006231658099022498
0.27025167712546677,0.006859718200817009,-0.01781934036278251,-0.013711666502483974,-0.018659180409578396,-0.0015809721910480016
0.2703305703956824,0.0029451381773108695,-0.020562653988901506,-0.01794700718224678,-0.016100120987790026,-0.006529990264237126
0.27040946366589813,0.002064002533465388,-0.003974052561250322,-0.0002455356329094376,-0.0066902077649211985,0.00337739710321064
0.27048835693611384,0.004117700230433557,-0.010544766650300207,-0.005423482498705697,-0.016407348213492066,0.004212357778623519
0.27056725020632955,0.00814014838890618,-0.012289430209352137,-0.011082583797636313,-0.010598444555536867,-0.0036795193912977434
0.27064614347654525,0.0129856831013321,-0.009873403448356615,-0.00778439694927464,-0.011188954156906947,-0.0005778054703553788
0.27072503674676096,0.017576519318548766,-0.00334451609191199,-0.0008693971148636928,-0.006050198074348402,0.0025077054735458217
0.27080393001697667,0.021068700423638693,-0.0019726705798052972,0.0012208280420563328,-0.0030837336673743493,0.0026830832527517793
0.2708828232871923,0.021859657417563856,-0.000267737894986599,0.005259385275782414,-0.007131618562118287,0.008261870571919298
0.27096171655740797,0.01876603676141693,-0.005528993252735511,-0.0006331508492511212,-0.01360571571749394,0.006755906341252048
0.2710406098276237,0.013448365725856552,-0.017112790858644873,-0.01399395306689672,-0.007472645200045069,-0.007812911145305617
0.2711195030978394,0.008463009075257797,-0.012534693799784249,-0.010950580163305117,-0.0013995064496304674,-0.008496413389101494
0.2711983963680551,0.00505467987124417,-0.019039921873906133,-0.017794091561898717,-0.003159363281754967,-0.013332731264218377
0.2712772896382708,0.0035020124651040617,-0.021964659895415406,-0.0178498922114387,-0.008771442858093644,-0.010373839483419755
0.2713561829084865,0.003412904991295488,-0.00834043712627385,-0.0011081035602264436,-0.008031155192495634,0.0033676166999987776
0.2714350761787022,0.004167910713126748,-0.010942256629634073,-0.006273863219359467,-0.011459396834664319,0.0008426907659465074
0.27151396944891787,0.005446394298999102,-0.02056216167341484,-0.017946526220266046,-0.013945145604597527,-0.007684046872157316
0.2715928627191335,0.0071264281006522415,-0.022318977079161622,-0.019793489030243937,-0.01345684075726075,-0.009505894761197096
0.27167175598934923,0.009111658230376898,-0.014669848184032558,-0.012949402607465634,-0.012501582652686296,-0.0042364904714558916
0.27175064925956494,0.0111889263044142,-0.0041551980673740635,-0.007926343140732478,-0.012135489568961759,-0.0001904856908041809
0.27182954252978064,0.013043694072849247,0.008174703623357133,0.0008612059592991733,-0.009701580170573527,0.005925495800098614
0.27190843579999635,0.014583676635724234,0.01051544565769856,0.0027643970194732664,-0.008530565773204931,0.006904921085013721
0.27198732907021206,0.01482909679788417,0.0056913890866125945,0.00014929290688871428,-0.007743881833204091,0.00427536513895476
0.27206622234042777,0.0121897249039511,-0.008630729798664518,-0.007543827769535669,-0.01943474562219913,0.004044250006926163
0.2721451156106434,0.0072120630456173574,-0.009028938003602499,-0.007954995121651723,-0.01213512841300345,-0.00021487531968339684
0.27222400888085907,0.0023165534434799956,-0.016571474080508426,-0.013581797824000237,-0.011958694619425668,-0.0050614755395219715
0.2723029021510748,0.00010376886125010564,-0.013509210833319468,-0.011817444192443396,-0.012379723393267079,-0.003345749308848836
0.2723817954212905,0.0020750398899869594,-0.00684119037493108,-0.007767130749666435,-0.007627418383460217,-0.002471547743203266
0.2724606886915062,0.007096559258727721,-0.010650566557803581,-0.00799146763311107,-0.01160475881690083,-0.0005298687320753156
0.2725395819617219,0.012777518729925733,-0.016261625441499703,-0.011944202944925292,-0.011407972380493127,-0.003973459569511813
0.2726184752319376,0.017044147004132496,-0.017610055021951447,-0.011547651955109211,-0.012832434322191966,-0.002875327822743755
0.2726973685021533,0.018763692313719462,-0.018009900544836505,-0.011517824983316013,-0.016822845324813616,-0.0007119263700483541
0.27277626177236897,0.01811612394258192,-0.006796654834511996,-0.004203875862174564,-0.007272354935914732,0.00034704852158812347
0.2728551550425846,0.01488783859843316,-0.007030320438207154,-0.004025447174633432,-0.0018450286209600415,-0.0024102957894560446
0.2729340483128003,0.00936298957568429,-0.009509187077849469,-0.0063534609972836255,0.006370890032818,-0.008777998790920128
0.27301294158301603,0.003868812523600222,-0.022590531324036486,-0.022693628161267947,0.004416653136363637,-0.02152778383032814
0.27309183485323174,0.001387460210273124,-0.01215739607378523,-0.013887511971506502,0.020376577974977356,-0.022643721613645345
0.27317072812344745,0.0034477325724259857,-0.0048034702833575,-0.004602964993737187,0.010856195847973201,-0.009703447329526453
0.27324962139366316,0.008787736799397506,-0.0053443461601332225,-0.0037681506326333936,-0.000757449680763143,-0.0027757696882652356
0.27332851466387886,0.014630356183062807,0.0012739678246564262,0.005040408311650924,-0.0006142991888376354,0.0045849747427318
0.2734074079340945,0.01892432455243208,0.003753538463144714,0.008975656578292336,-0.01079000344102626,0.013359757555391379
0.27348630120431017,0.020635746439387634,0.0007857978797557917,0.0011557688078123673,-0.011896873147108881,0.007350606573753826
0.2735651944745259,0.020305127650552778,0.0014827327400601868,0.0007191150678193234,-0.00649581897577343,0.004087732238704205
0.2736440877447416,0.019150699009298146,0.003607423750166512,0.0040357117462430725,-0.010628558512629348,0.009102531327804942
0.2737229810149573,0.01768797853892428,-0.000982167726908523,1.5714947256762804e-05,-0.011188146956334183,0.006008217808277098
0.273801874285173,0.01620431675411385,-0.010400131185480782,-0.005418315379842612,-0.016051023379462397,0.004025755979274166
0.2738807675553887,0.015527153326036719,-0.007782460560476022,0.0014120897487953476,-0.010308676553458252,0.006715947123795626
0.2739596608256044,0.01610442764228606,-0.018604835010133724,-0.009906174803309069,-0.01305175734213383,-0.0013714978969423795
0.27403855409582006,0.016958256108905136,-0.0163325332919931,-0.008348214145489636,-0.009169181524567659,-0.0021361619131753658
0.2741174473660357,0.016495888760849797,-0.013536678758373494,-0.00520583875973229,-0.01424256470070736,0.0032360076995103953
0.2741963406362514,0.01386777156955658,-0.019568222433511126,-0.013329150663468613,-0.022495693083366776,0.000798193419607138
0.27427523390646713,0.010269303995485184,-0.019125022752327688,-0.01309087392385232,-0.014234793509017988,-0.0034273393582186177
0.27435412717668284,0.0075923602567454914,-0.01798537407217092,-0.012895451513114772,-0.015479360288074168,-0.0025954226164299284
0.27443302044689855,0.005834449211627008,-0.019694862069246272,-0.018156704151457943,-0.013064121835307372,-0.008333555156467883
0.27451191371711425,0.005067791114115487,-0.015393414689576158,-0.014250118439299634,-0.007290946650863896,-0.008126589972089147
0.27459080698732996,0.006114505867297144,-0.010612360732647241,-0.009693792622105195,-0.008742056840273082,-0.0035013112885293775
0.2746697002575456,0.00914081659803282,-0.005085522542345918,-0.00779559458899664,-0.009477175382128849,-0.0015044728722494358
0.27474859352776126,0.013597325649455115,0.0034092214787375713,0.0006076349958385219,-0.00829299666174857,0.004956601883923548
0.27482748679797697,0.016463837283598445,0.010406478961827923,0.0074538487701650905,-0.005483097808695144,0.009231388335596816
0.2749063800681927,0.014668039932925982,-0.005708539464589553,-0.00496826609588095,-0.01296846284035727,0.0027538456314291806
0.2749852733384084,0.009316083778435447,-0.01346440033174249,-0.010775365826897887,-0.018968115611229876,0.0010648203211629595
0.2750641666086241,0.0036159724192272734,-0.006526823419492721,-0.005019680101767393,-0.01803461907907258,0.00542549371273943
0.2751430598788398,0.00046399218573697787,0.0006381638536948636,-0.0015449072942166169,-0.008083382303558055,0.0030267836269321003
0.2752219531490555,0.0006103280628394365,-0.011906878974093201,-0.012831052764506252,-0.016304208513222052,-0.0020990477804539286
0.27530084641927116,0.002432879338338112,-0.01263173424102364,-0.012161490434456697,-0.011395575423502965,-0.004163613688092147
0.2753797396894868,0.0045819580934076285,-0.015123326533044249,-0.013944459610759961,-0.006250946662283551,-0.008425589388827676
0.2754586329597025,0.006597854625122795,-0.014531810223410331,-0.015086346042271105,0.0031625299216545472,-0.014432540526609606
0.27553752622991823,0.008571852365015594,-0.011758332641762542,-0.013319514533509578,0.005783225991558695,-0.014344661362864873
0.27561641950013394,0.009861576727220597,-0.012162858292027437,-0.012620959959684689,0.0031015505869101245,-0.012318196044281226
0.27569531277034964,0.008887742991352181,-0.011457664316792692,-0.009332993681811723,0.002328984496212737,-0.009128100239011552
0.27577420604056535,0.00591972602250354,-0.00027662800359331955,0.0026021594015031174,0.021822420306883604,-0.00949731034585597
0.27585309931078106,0.0028609554195069024,0.0020567437101434937,0.0035434276299232325,0.02934259889961826,-0.012734525739625448
0.2759319925809967,0.001172423886402876,-0.009148181303363702,-0.009254610851306749,0.01649198937182208,-0.016650851067278077
0.27601088585121236,0.0011380652207062206,0.004152692472729852,0.0012401416263388555,0.025475950587777133,-0.012606165978745755
0.27608977912142807,0.001757770743939322,0.04371335042031984,0.037702609724068234,0.04291269498158836,0.008871426708832491
0.2761686723916438,0.002099604199807465,0.011774034919092593,0.012467263387481055,0.0029303199688912253,0.008957032453929816
0.2762475656618595,0.0022928124283294617,-0.014734348529816619,-0.01193055286835967,-0.018866913236794333,3.485031808120525e-05
0.2763264589320752,0.003086561079409997,-0.012371031725156393,-0.010228567596723942,-0.00910034497801965,-0.003760954570841552
0.2764053522022909,0.005078896487951914,-0.0009611062519915868,-0.002453813042222115,-0.008376284868108506,0.0024162844895891837
0.2764842454725066,0.0083705175560951,-0.009436696958435542,-0.008763058096024248,-0.019572802739088648,0.003088519249517595
0.27656313874272226,0.012608194261534767,-0.006943435398585043,-0.00596156046203542,-0.018255331886045893,0.004748384178734234
0.2766420320129379,0.017458728801638776,-0.007614315055635004,-0.0017652910491736688,-0.004884367105042129,0.001126578545942783
0.2767209252831536,0.02190478001365274,-0.004814899199249633,0.00341346133524455,0.002074341617865092,0.0017706969582216587
0.2767998185533693,0.023154807442328777,-0.003705467249477385,0.005040542100817988,-0.0038428704509817003,0.006314945091877129
0.27687871182358503,0.01962381420975874,-0.01256181963530971,-0.006576878323655559,-0.012524972792640105,0.0011578043867077365
0.27695760509380074,0.012739774892387604,0.0018902015197880906,0.005819170398804679,0.008017172405472566,0.0006178133157508602
0.27703649836401645,0.0052410997346335215,0.04066897572904527,0.04092643827633999,0.030035483148787834,0.01849681497487998
0.27711539163423216,0.0005399731446617801,0.01131988258748427,0.012141200094343248,-0.0025968754677066857,0.011642739336145925
0.2771942849044478,0.000819180973800586,-0.011432972925896484,-0.009476659047669578,-0.016929312754999804,0.0010690982776650618
0.27727317817466346,0.005191138914769259,0.001686645793237323,0.004770485395741419,-0.000648196222983254,0.004375228195479046
0.27735207144487917,0.011557501512005774,0.005786519835688437,0.00840113757245783,-0.00019584158074042367,0.007198420616887248
0.2774309647150949,0.017869650195964423,-0.010095278033921235,-0.005818062177339391,-0.005855647063741342,-0.0017750446939835583
0.2775098579853106,0.023224143153795382,-0.0041622429636077865,-0.002276552023606565,-0.0052339443594014564,0.0008822021404255684
0.2775887512555263,0.026703564375533704,0.005814832315230379,0.006814833034640297,-0.009274047758304307,0.010723114725765575
0.277667644525742,0.026464253200804554,0.0014904869353393406,0.0028852718351042314,-0.01857392959486698,0.012389380925618839
0.2777465377959577,0.022421086775230525,-0.006656425981468634,-0.003263263666148618,-0.021540929426655,0.008788147580294106
0.27782543106617336,0.01695224423678232,-0.008360846098425495,-0.0036668280209522877,-0.013851236872718083,0.004325883306516003
0.277904324336389,0.013180683965220966,-0.008752663283383958,-0.004739374032651261,-0.00915946983004057,0.000906048806966301
0.2779832176066047,0.013182113296679569,0.0032790310261022002,0.006555958852706629,0.0025182202979926664,0.004186280582713931
0.2780621108768204,0.016685285195601675,0.00207363165999823,0.0033973877652305026,0.0018666465592534845,0.0018684084652270474
0.27814100414703613,0.021524402202704438,-0.006050712542045569,-0.004047002836800887,-4.528522264248184e-05,-0.003392794075944845
0.27821989741725184,0.025610540843825958,0.0021069711642520837,0.0034687293257355113,0.010654211816027258,-0.0027799351550277717
0.27829879068746755,0.028528387252709776,0.012342437132012161,0.011977007216971673,0.02517417523266408,-0.0033761348611565383
0.27837768395768325,0.03048051076074785,0.008254796583098589,0.008694624707941497,0.017765625355001795,-0.002177771247457507
0.2784565772278989,0.03126740871983301,0.004532074949071149,0.005634239785410146,0.0036378301257395163,0.002808128826956241
0.27853547049811456,0.031075383113411747,0.004177551347816742,0.008103833272802041,-0.006494282217516189,0.0103219681391334
0.27861436376833026,0.03053542774650056,0.009577000864987525,0.01637950057864145,-0.01211932926150286,0.020322646407313058
0.27869325703854597,0.03045876267690006,0.0030019853094762055,0.012456645617009744,-0.016054373811661082,0.0191194768077694
0.2787721503087617,0.031276289983519404,0.0014238726204664916,0.010279356133815143,-0.01646138617869789,0.0174995471607776
0.2788510435789774,0.032459159957077925,-0.00043938787808671614,0.005686419199940342,-0.013380325077348121,0.011970832064554513
0.2789299368491931,0.03311496597449372,-0.002679406179889093,0.0016001590689069878,-0.009367210330048642,0.006370243415654207
0.2790088301194088,0.033585448891160025,0.003948108368701549,0.008676775342952837,0.00121345922439726,0.0066761083244946786
0.27908772338962445,0.034386356850305895,-0.004019189498825485,0.0066491852787886,-0.010336667020019154,0.011152657906059528
0.2791666166598401,0.03331816142213146,-0.009817595530770001,0.0027999031920995995,-0.015660845261991147,0.010755960863654256
0.2792455099300558,0.02853011566820648,-0.005909336701018535,0.0031187442887933106,0.0006245978857736409,0.0022986267389699306
0.2793244032002715,0.02129973252021336,-0.007825555103372924,-0.0033193985933313336,-0.003853231303326724,-0.0007381382523740428
0.27940329647048723,0.013372882107953754,-0.0062022712244148666,-0.0065511921240207945,-0.011659889034769241,0.0007159346707727919
0.27948218974070294,0.006607795478860456,-0.009234408110426015,-0.008392099688778066,-0.00879447696117183,-0.002373989481534387
0.27956108301091864,0.002537659242006036,-0.009085270760064903,-0.00649873631922016,-0.009991680895743002,-0.000133663778169016
0.27963997628113435,0.0009327493394978756,-0.019453666417010768,-0.017745642146730668,-0.01340370395860399,-0.007804402202874599
0.27971886955135,0.0013104804995951748,-0.020329555028523037,-0.016561973239902338,-0.007822089684011943,-0.009794572127631615
0.27979776282156565,0.004062865663832374,-0.018121693301977188,-0.01244498470541348,-0.0023483198144545483,-0.009250007339030315
0.27987665609178136,0.00953606907834094,-0.022344884868773406,-0.01755870933122022,-0.002902677055754206,-0.013271435029958749
0.27995554936199707,0.016308108870559418,-0.008777747484738018,-0.0043052147470578166,0.00781155233375509,-0.007820581938429163
0.2800344426322128,0.021696016111818577,-0.0031270599044816456,0.006138783643168642,-0.008726458868750736,0.009858912624129752
0.2801133359024285,0.024146180318768442,-0.007781694736614377,0.003027896567119661,-0.02038097011493962,0.013478419330470993
0.2801922291726442,0.023366375260761008,-0.0048328870449474955,0.002849924879919439,-0.004106488685504038,0.004606590842617974
0.2802711224428599,0.02028414064315571,-0.0008521657070643497,0.002625730755632806,-0.0028435471848195144,0.0037405992340291874
0.28035001571307555,0.01727725291779067,0.001717761709571084,0.0023178756554169304,-0.008512609131170116,0.0065182909864609385
0.2804289089832912,0.016530691954152372,-0.006025044545200847,-0.004363833645720372,-0.015487089907157305,0.004613989090696617
0.2805078022535069,0.019435738394365697,-0.004096711215870685,0.0006343454296945,-0.00974468830263897,0.005757048753799636
0.2805866955237226,0.026555397843099578,0.0009906769627578012,0.006051218397149688,-0.0037958124830109294,0.007143074382227656
0.2806655887939383,0.03620734055126934,0.0030555619987935184,0.009500527925503096,0.002774050576108242,0.0065355770129184605
0.28074448206415403,0.04453166551165527,0.005050266250260453,0.01343532650043137,0.0036262756711918673,0.009401683041686775
0.28082337533436974,0.04888894144013591,0.005249153453879003,0.01424523969165593,-0.004966285901803435,0.014688622469598664
0.28090226860458545,0.048965070483522485,0.009018996839755732,0.018555339311624057,0.00018540127310710732,0.015568502356503868
0.2809811618748011,0.04538725913017429,0.0043412435195068575,0.01308330852756145,-0.006342695171204027,0.014444957539844261
0.28106005514501675,0.04018005931462359,0.0028173793923255567,0.008609950268770868,-0.006271916947648074,0.010630144086180923
0.28113894841523246,0.03687213294538771,0.005396391264447186,0.009701253628731405,0.0006406128640622229,0.00784806541348554
0.28121784168544817,0.038973811026208664,0.012488547795316165,0.016773710842739122,-0.001870152143412123,0.01516504374618631
0.2812967349556639,0.04908609613070091,0.020976945253656783,0.0265937038617699,-0.006801148401583383,0.026097905122937415
0.2813756282258796,0.06785260630853149,0.028354416095562256,0.036579809866356554,-0.016307764750119833,0.03961846033210686
0.2814545214960953,0.09092619297462567,0.032284752371067114,0.04503129094169532,-0.024831247133385824,0.05131326354457707
0.281533414766311,0.10958216417964091,0.04094000229232967,0.05749584644038881,-0.0299470274727783,0.06456635669458949
0.28161230803652665,0.11821345869298902,0.04658740271689937,0.0633035000228402,-0.027748709626193243,0.0682916378993178
0.2816912013067423,0.11479184353730665,0.0447939723187886,0.05738106656798823,-0.021810391427434288,0.060120663836329934
0.281770094576958,0.09915726538957419,0.04133158551071606,0.050099136460304096,-0.013469932916554864,0.04951489687185766
0.2818489878471737,0.07738052761075137,0.029586763548776183,0.03672886734375105,-0.015140587158068583,0.03911956545820986
0.2819278811173894,0.05727795302005031,0.011533491025794278,0.020558016938720253,-0.015513857486359988,0.025668697002171316
0.28200677438760513,0.041610080224873856,0.0008282020976216503,0.010237473983643313,-0.014580045948076725,0.016455973931986233
0.28208566765782084,0.0304124371435287,-0.012960418852412035,-0.0033321564771715247,-0.01699457210039546,0.00629309439085469
0.28216456092803655,0.02457939421173317,-0.007139989942767803,-0.0010898029414142779,-0.006793624194626408,0.0027199547791045223
0.2822434541982522,0.024528266512186543,0.0011630290291360101,0.002238088110064779,-0.004433101067886642,0.0042650012170665115
0.28232234746846785,0.028248290503571444,0.01190684479640676,0.009798753816340213,-0.010555160017731607,0.013928832713331837
0.28240124073868356,0.032081366663150375,0.005940135014949737,0.006066062918293329,-0.014860060282578325,0.013084359833196236
0.28248013400889926,0.03280339503557067,0.0005217975078604835,0.004083746289779699,-0.007077367431708028,0.007240193239327521
0.28255902727911497,0.0293831817264394,-0.0023207661048889527,0.0022658870894608713,-0.005932700094165266,0.005091988536651159
0.2826379205493307,0.02419350683812547,-0.012520517682411027,-0.005571654193783596,-0.003784781388301657,-0.002676547405858771
0.2827168138195464,0.01967310318018903,-0.012563534181854316,-0.0055789774483132595,-0.0003622861962373335,-0.004516470702098137
0.2827957070897621,0.015683979397955253,-0.0247712534497091,-0.015931013839622227,-0.014920979373689289,-0.005458681911063567
0.28287460035997775,0.01206437829303392,-0.02772522624905398,-0.01970367018914294,-0.01850855618981246,-0.006723839441393145
0.2829534936301934,0.009815350735916665,-0.0177420140266947,-0.01360607949725983,-0.00942919492334291,-0.006437161211021473
0.2830323869004091,0.009780352387793368,-0.012575034153533381,-0.011357750002900598,-0.012359283377184917,-0.0029684604147245954
0.2831112801706248,0.011897396724172496,-0.0035519068728312583,-0.004423269909783412,-0.0014857374881015691,-0.0029387067290698077
0.2831901734408405,0.015299111444562318,0.0014861247646482632,0.00017621580737138453,0.003328778096257973,-0.001634801481248986
0.2832690667110562,0.018723101320149906,0.0023002680915745204,0.002020974281818292,-0.006078844108286854,0.00496350910141225
0.28334795998127194,0.02144099188965088,-0.005527052411709682,-0.0041459152832248715,-0.001685705156244832,-0.00259737884886514
0.28342685325148764,0.023800994607480194,-0.002117745899553029,-0.001561158952345928,0.007356519700181128,-0.005259892207219835
0.2835057465217033,0.02488284245304367,0.006790075005195631,0.006097186009914201,0.007952455846654978,0.0008872492697990624
0.28358463979191895,0.022603147417793068,-0.004239992421861298,-0.0016288143170481591,-0.0006023433459872641,-0.0010525364070784126
0.28366353306213465,0.017773266121412442,-0.006907463007027934,-0.002616957888953192,-0.0009388012151642426,-0.0017065944708017766
0.28374242633235036,0.013830626971144554,-0.012008362557610943,-0.006415692314311606,-0.010417466034897826,0.00016461208130335607
0.28382131960256607,0.013920735816928102,-0.015915454983260968,-0.010725596592421774,-0.008138589578632236,-0.004695974932483027
0.2839002128727818,0.019305557338639565,-0.01190804574399259,-0.004751813977893086,-0.006718064804852928,-0.0004126226003623316
0.2839791061429975,0.029236101674151534,-0.010212237574411443,-0.00182069793000446,-0.011464406752274047,0.0046056648941159364
0.2840579994132132,0.04173355435503839,-0.004824502347873746,0.005184313869566139,0.0021198097576457494,0.0032415691864583927
0.28413689268342884,0.05540781325191097,0.008498287504916806,0.01770583057317572,0.0011298113764876756,0.014345272229652123
0.2842157859536445,0.07021960517710137,0.027665310403405176,0.03337797909709026,-0.004237611492381408,0.0304547825835234
0.2842946792238602,0.08279748118220989,0.03561955525487221,0.04167610341194564,-0.016059389515124846,0.043787773136761486
0.2843735724940759,0.08589321309729964,0.03797049570839315,0.043796186911679504,-0.023658271111434606,0.04964330603941006
0.2844524657642916,0.07767549454075395,0.042648345472858895,0.04809263993830161,-0.020156732806458976,0.05139616619230528
0.2845313590345073,0.06295616207940574,0.03510476565289987,0.03830550736004571,-0.020024015479578303,0.043064310118991395
0.28461025230472303,0.04732948777753745,0.018161583279872676,0.019760152050987714,-0.02248581699894337,0.028731009101722455
0.28468914557493874,0.03600657085916966,0.017077812618053002,0.016784342447708375,-0.020477519425830478,0.025143012148709322
0.2847680388451544,0.031444484641814464,0.00419004885543655,0.006961561377501534,-0.019350713708396496,0.016247208121191403
0.28484693211537004,0.03264257638857449,-0.002284010852547188,0.005395849364144757,-0.015184436278605471,0.012692362273561339
0.28492582538558575,0.03763270215546704,0.0045774375531194315,0.011683639278899547,-0.006019190302398831,0.01308988368654642
0.28500471865580146,0.04404133923989694,0.00803097984528092,0.016165976539107084,-0.008464636145576397,0.018184428988433882
0.28508361192601717,0.047807907199005066,0.016932707880702984,0.021077406297705943,-0.00855277518131626,0.022378314543792657
0.2851625051962329,0.0454286682859005,0.026178371916561048,0.025076310947433313,-0.006508898381539362,0.02466014405452455
0.2852413984664486,0.03734111372165517,0.019371529154104724,0.018027175464586223,-0.015053561798181278,0.023285673494875588
0.2853202917366643,0.02656604896954151,0.008035774344749495,0.006624930122749424,-0.014645046665412565,0.01344095969450213
0.28539918500687994,0.016629344659006437,0.008455756176084354,0.0071399551571805515,0.005860158590588269,0.0028888360437591652
0.2854780782770956,0.0104821619352424,0.007714189328018904,0.008230690194230384,0.014454882132118218,-0.0007953588946802377
0.2855569715473113,0.008659061741994495,-0.01761767696660809,-0.014098091871261624,-0.010207937934807653,-0.006435500658768286
0.285635864817527,0.00969208720110349,-0.020489275436183563,-0.015376305889762795,-0.018050244208917786,-0.003313462079593433
0.2857147580877427,0.012040193464639037,-0.012945562969984153,-0.008298290135021846,-0.01039480488476526,-0.0014372989798907556
0.2857936513579584,0.014579993115464833,-0.011679293649217116,-0.00926577921890006,-0.016198626173883443,0.0008556289426324428
0.28587254462817413,0.015574122098062956,-0.0006732354746198297,-0.0030266043325103383,-0.003442887795264737,-0.0007107798245063359
0.28595143789838984,0.013575685522931029,-0.0032089848653774574,-0.005914368641320891,-0.015262929164089603,0.0031845005975951477
0.2860303311686055,0.009253068809888682,0.0010789540929896765,-0.00253134092008784,-0.015343664727537863,0.006084517015426343
0.28610922443882114,0.004574686710153701,-0.001980372899883462,-0.006880187628609639,-0.011893700512487084,0.0005634005132907012
0.28618811770903685,0.001563607214557077,-0.010612041568178231,-0.01170423819892523,-0.017103954272433254,-0.0007187388907705328
0.28626701097925256,0.0011579588959743394,-0.006190385730206612,-0.0067900585478785315,-0.0008464943950442469,-0.005279626973708622
0.28634590424946826,0.002628546682277107,-0.00015012218339965607,-0.0018067290079264206,0.012194672277543723,-0.00805981928777351
0.28642479751968397,0.004798127696429967,0.004545033817000294,0.0022970466812061254,0.01586427488596779,-0.0065613700617342405
0.2865036907898997,0.00736017929930028,-0.010998335035658153,-0.009419837662666214,-0.0015065351349176105,-0.0071465207890356935
0.2865825840601154,0.011005249386540367,-0.0016754409600934436,-0.0009698828859435557,0.008325317588813427,-0.005279780448093635
0.28666147733033104,0.015065820662899838,9.517186396115125e-05,0.002182296678680375,0.005042088086998268,-0.0008589874012548649
0.2867403706005467,0.017034664656588355,-0.0053280694422824315,-0.0015605623642536597,-0.006696666195847387,0.0022705139494052645
0.2868192638707624,0.01598328496877693,-0.012758116334898009,-0.007102956850168512,-0.005055455975670732,-0.003288746037853234
0.2868981571409781,0.012694584796856551,-0.020040039049190994,-0.013942124403105334,-0.0032174255926769118,-0.010048676394896587
0.2869770504111938,0.008600855592207036,-0.01437253343564664,-0.012078966836940513,0.001335608751353104,-0.01091449634077078
0.2870559436814095,0.005527586898855542,-0.014654850875762652,-0.01644607974515786,-0.011052437492701473,-0.007966241293823543
0.2871348369516252,0.004060504059083776,-0.011237518932960171,-0.015470389537540652,-0.016099413180769476,-0.004438206831780748
0.28721373022184093,0.00390822515811459,-0.0075705130129379685,-0.01193508638321198,-0.01341817367013582,-0.002888702411162211
0.2872926234920566,0.005304062135350538,-0.006076049378839401,-0.009466443864354995,-0.008165852332108056,-0.0036180437340239432
0.28737151676227224,0.008551529311345181,-0.009763605505903487,-0.009178422988387119,-0.004377692552279462,-0.005404420635941358
0.28745041003248795,0.012963797953571709,-0.014641008083736619,-0.009978674165520701,-0.011463816363373604,-0.0022835787554129658
0.28752930330270365,0.016856281480758267,-0.010971637213259914,-0.006486082702149413,-0.009548223115319667,-0.0003605964244851098
0.28760819657291936,0.018442381281656886,-0.014011163847165203,-0.009697775586585479,-0.005618746872792365,-0.005178064388968525
0.28768708984313507,0.016754177062127312,-0.014620111187656368,-0.009059718200725908,-0.0014019908797977241,-0.006898450786821031
0.2877659831133508,0.013080682686563833,-0.018988183719940748,-0.012900083626834232,0.00017010595661547993,-0.010983455176328712
0.2878448763835665,0.009580642716117745,-0.01586859576596168,-0.014341457749907659,-0.004822345702089827,-0.009526158324006655
0.28792376965378214,0.006506469083011557,-0.003571009989315547,-0.007420315926342214,-0.004621405710443034,-0.0037892824185188586
0.2880026629239978,0.004101325466810814,0.0013380903612048199,-0.0042030113713526236,-0.013336714708370962,0.0035973891269843227
0.2880815561942135,0.0037942762390461033,-0.003613183719525386,-0.008098045073798476,-0.013236550982592389,0.0002545175271776315
0.2881604494644292,0.006312817672268866,-0.008243915314916023,-0.010889066218415549,-0.01608429642516184,-0.0005766328807676558
0.2882393427346449,0.010270527741431546,-0.004548191287013975,-0.0051825012577307586,-0.013608890081598496,0.002916132710633042
0.2883182360048606,0.01326836937000782,-0.011712205698556489,-0.009971176696216251,-0.012253988303266313,-0.0018538600639684919
0.2883971292750763,0.013494787435869593,-0.015552993927609232,-0.011377506675577832,-0.013716311511170781,-0.0022580335861283793
0.28847602254529203,0.010457443127005348,-0.013784353008056817,-0.009284225484747456,-0.0133552625288725,-0.0006836133745414118
0.2885549158155077,0.00590317871547369,-0.01797307591660267,-0.01612606835323822,-0.018201216247593965,-0.003865950948330671
0.28863380908572334,0.0023601518063695653,-0.008301921621369545,-0.01093501460031859,-0.010096415807010322,-0.0038238734799024648
0.28871270235593904,0.0008983406302210401,-0.005669658939625186,-0.011373913510901973,-0.016067069015874486,-0.0009953694108277115
0.28879159562615475,0.0021259817395431852,0.0043395223400818925,-0.0022002047485795754,-0.010446025303226629,0.003739498538107964
0.28887048889637046,0.006967189183441868,3.711178087246976e-05,-0.005377192104450774,-0.014598746800788709,0.0032821864761483806
0.28894938216658617,0.01545862267450865,0.0010315317844366092,-9.117972242518477e-06,-0.016395574631628246,0.008777997891968809
0.2890282754368019,0.024705397709606843,0.0028508955118628217,0.004640814565694966,-0.01309555571991269,0.010935438648523142
0.2891071687070176,0.030851216222714615,0.002376744722322163,0.0057294406566921995,-0.01718280924875014,0.014045028556026311
0.28918606197723323,0.03200929241840666,0.004760271989193813,0.007226076289245607,-0.013707914641353654,0.013446267554945579
0.2892649552474489,0.02780417766137095,0.0033468609131938653,0.003994768919597661,-0.006845104596105387,0.00704061512850369
0.2893438485176646,0.01989447964986758,0.008424894739691685,0.0034170754665081193,0.008922087201426336,-0.0018953908282976282
0.2894227417878803,0.012302336381772493,0.006554705980380946,-0.0011845083198074257,0.0029647639302262502,-0.002588671811710702
0.289501635058096,0.007800788390919556,0.005017751612253906,-0.002863510471396569,-0.006863432138692988,0.0012597112376395271
0.2895805283283117,0.0068707124745696485,0.00452695958155633,-0.002982200535373549,-0.0027535968785267094,-0.0010426132576957048
0.2896594215985274,0.009491484927235207,0.0017037010829560727,-0.0022810319746753654,-0.005496270243375101,0.0010189785307936482
0.28973831486874313,0.015019814000471766,0.003949827752756862,0.005217065089255686,-0.005370830764712697,0.007282678744094576
0.2898172081389588,0.02099274874510151,-0.007621344882709943,-0.0004691628405850072,-0.00680835247168126,0.003251884033955755
0.28989610140917443,0.024214974440991074,-0.010508727083236335,-0.003353583948525705,-0.015643961186670063,0.005551145501850324
0.28997499467939014,0.023099504169025283,-0.009780411309813782,-0.005174201052106923,-0.006178362572623587,-0.0010584607140488825
0.29005388794960585,0.017864646514366197,-0.012381518101458776,-0.010368850522911453,-0.0036531577343522172,-0.006797817292466156
0.29013278121982156,0.010967175375316399,-0.016635984914036554,-0.01460778464771672,0.0009887378643417407,-0.012863979084691533
0.29021167449003726,0.005728079697692812,-0.02111597756927941,-0.018260764687864743,0.00762844951341489,-0.019505109280763697
0.29029056776025297,0.0027421516408573337,-0.0257439933968447,-0.022403576086907687,0.0009986319177446355,-0.01945240476198193
0.2903694610304687,0.001024278661955959,-0.02771956519466375,-0.024437292077681465,-0.004357523256642669,-0.018301885874626403
0.29044835430068433,0.00044582877772588527,-0.023156373783460613,-0.02025375640071902,0.001028595245092219,-0.017652968214925777
0.2905272475709,0.0014629478303070755,-0.022765556423823503,-0.020400936612251532,0.009436462416067009,-0.022280506927779928
0.2906061408411157,0.003714604043475511,-0.025004680325128155,-0.020030314491700223,0.00035256937621907776,-0.01710221450385657
0.2906850341113314,0.005489908413683546,-0.02193815483024137,-0.01629887606080927,-0.0021464080256629594,-0.012612601287052041
0.2907639273815471,0.005453769780381639,-0.02399322275671192,-0.018832023539054943,-0.011531412156238804,-0.009725048254102127
0.2908428206517628,0.003801851779227168,-0.015793337810818125,-0.014603887677041915,-0.009525665702556297,-0.007228199636450485
0.2909217139219785,0.002087126623363518,-0.01750462195609951,-0.018319103813577202,-0.01391607064653781,-0.00801436146037298
0.2910006071921942,0.00141369458859203,-0.01162580276357778,-0.012252797745875761,-0.01193965629113791,-0.0039492198141811334
0.2910795004624099,0.0010584366605928622,-0.014595332273328172,-0.015049107803871128,-0.011950038472812206,-0.0063054323429024865
0.29115839373262553,0.00032718276306332273,-0.014164585765776375,-0.013151386034232913,-0.011719141809807963,-0.004826295928199981
0.29123728700284124,0.00012548685453385005,-0.017821500487884036,-0.016451874291004562,-0.004453283973836384,-0.011506123508932405
0.29131618027305695,0.0022289923561109835,-0.017087536024498536,-0.015753889443881817,-0.014603684783674771,-0.005479056408972446
0.29139507354327265,0.00690272599108949,-0.01586436412227084,-0.015860352819831745,-0.012623130929573791,-0.0066300555225508135
0.29147396681348836,0.01237331410313943,-0.014581004476076092,-0.013856349068963773,-0.013015293574232582,-0.004727273772857816
0.29155286008370407,0.01668594394619462,-0.011278347150489499,-0.010690819213811204,-0.010419163445498883,-0.003444722505594394
0.2916317533539198,0.01846947387091627,-0.008072802775207517,-0.008939604371385386,-0.012990683524616497,-0.0005879319382141916
0.29171064662413543,0.018435359682359927,0.001601158257453097,-0.0017758502763385892,-0.011989280051039126,0.004924802702170022
0.2917895398943511,0.018519717309902862,0.0039918392508993565,-0.0007254049386442857,-0.017804362596266693,0.008928262749418442
0.2918684331645668,0.017935921469681315,0.0041826068665974684,-0.00010162716319638606,-0.022609098123797598,0.012030497630698384
0.2919473264347825,0.015446009748514986,0.005600522169162112,0.0025340094400286913,-0.014599357918112215,0.009962572185653407
0.2920262197049982,0.012728058923451262,-0.0028764057638361686,-0.0055868547531092334,-0.013656355498494149,0.0026001139931036486
0.2921051129752139,0.012249766876832258,0.0062439543484487025,0.0019257247106464087,-0.010922013658614366,0.007478293451005752
0.2921840062454296,0.014700932921634333,0.01588445566123883,0.009322250607033667,-0.006542757002472126,0.011376657546305294
0.2922628995156453,0.019108154567545554,0.014412786818925107,0.006689838524246593,-0.012160591046165166,0.012164352905827848
0.292341792785861,0.024102622524421725,0.018221338308082584,0.009891649283261679,-0.012597544775437952,0.015101654021409689
0.29242068605607663,0.02862509363026009,0.016504867916604413,0.010145797971535614,-0.013605804475686191,0.015856504509283033
0.29249957932629234,0.03277175617465685,0.02004819282948096,0.01283859484018782,-0.01286106942053419,0.01773076633859809
0.29257847259650804,0.03688004985271499,0.02010025623215282,0.015150995035015886,-0.015975856619316338,0.02135189618325862
0.29265736586672375,0.03841962532417807,0.023710065823319443,0.021668165959807917,-0.013776280066104634,0.025675004066310937
0.29273625913693946,0.03474744520169503,0.011042204566604036,0.011727228305885308,-0.011218220947216593,0.01591224045233933
0.29281515240715517,0.02786523209315384,0.005984259954768289,0.007224646157019639,-0.016161398136881416,0.014759924362118097
0.2928940456773709,0.021618221104350355,0.021084281721655586,0.020932524682518047,0.018992149072794135,0.007503084636585368
0.2929729389475865,0.0179701901186076,-0.008304518244208435,-0.006670432627010225,0.0026435641389411144,-0.007048532198023183
0.2930518322178022,0.016340633483296653,-0.006058322873815023,-0.0021812786941831663,-0.0064607684421133125,0.0016200061171403875
0.2931307254880179,0.01540630300165146,-0.008354639630581074,-0.002102636472271474,-6.300503417380541e-05,-0.0017415846052775204
0.2932096187582336,0.014835854075286273,-0.01439890667722094,-0.009154128417966274,-0.01206526394170592,-0.0012649729352118846
0.2932885120284493,0.014849053947016574,-0.006547778328426523,-0.0054544211669775855,-0.0065603987254770025,-0.0010903777921754028
0.293367405298665,0.014788743888859462,-0.0021465162857786995,-0.003525542000663605,-0.007252119403795558,0.0009089784043651451
0.2934462985688807,0.013071070441529034,-0.008515253543092715,-0.009903112998021251,-0.014130983876810974,-0.0007906189216821791
0.2935251918390964,0.009210713285224933,-0.006725067743490806,-0.0037271976965313394,-0.00824628944735494,0.0012714103141588083
0.2936040851093121,0.0049790835013853495,0.01503711733101118,0.015451843558473843,0.01647459378346875,0.004221521707312483
0.2936829783795277,0.0031491519524604644,-0.012660228469146655,-0.008893357724039541,-0.010485191668185123,-0.001891389152794025
0.29376187164974343,0.004863307333391843,-0.011198228418103428,-0.009113956903382566,-0.011830483044614785,-0.0013568500058769076
0.29384076491995914,0.008354258045399581,-0.0043214960125338205,-0.003677293998130054,-0.004943740247365975,-0.00045602801627676263
0.29391965819017485,0.011191715897286767,-0.014810380147818039,-0.011621681648127886,-0.013589005910047773,-0.0025324716034152575
0.29399855146039056,0.012523705800378041,-0.011159746377279291,-0.008944782987788091,-0.005942695065431434,-0.004368648678358788
0.29407744473060626,0.013619514352355483,-0.015457830232256367,-0.012838394655116263,-0.01082158955962107,-0.005042827808850036
0.29415633800082197,0.015162101251833732,-0.012037813779602407,-0.01080176859081226,-0.013296122094312844,-0.001996930788220232
0.2942352312710376,0.015450491472720328,-0.010516455797736966,-0.008991453940561943,-0.01201403633390087,-0.001155042881245512
0.2943141245412533,0.013204669504778705,-0.004213525846148525,-0.0015955759370929004,-0.00715241911863957,0.002485156644904309
0.294393017811469,0.009157140624304106,-0.01410682004231017,-0.00884149885092513,-0.012457497213512735,-0.0007907838961698869
0.2944719110816847,0.005032300811403935,-0.019908486278427638,-0.01614421151825526,-0.015042607970211685,-0.0055736112077672244
0.2945508043519004,0.0024841368583064646,-0.0041814607466128095,-0.004782446903041205,-0.008910533363222497,0.0007362890149886706
0.2946296976221161,0.001796308242673359,-0.004713268837758443,-0.008824506888202027,-0.016567163608548548,0.001425805949682707
0.2947085908923318,0.0022466345513249136,-0.005734766703155631,-0.01228870223507629,-0.01761642930419287,-0.000937785037893554
0.2947874841625475,0.003712706056534236,-0.010859944539059144,-0.014793165041732493,-0.0056282775044715445,-0.009475897339713461
0.29486637743276317,0.006844400087081806,-0.01660384698028127,-0.016039637554590605,-0.009913504547425312,-0.008233069056822539
0.2949452707029788,0.01120232768001866,-0.01859154279045745,-0.014297065006201058,-0.011631033750515992,-0.005841142103741661
0.29502416397319453,0.014698005727808397,-0.011079787063110845,-0.007036276198482063,-0.01349187812114876,0.0012879892796429163
0.29510305724341024,0.01572358783085601,-0.005803467783626023,-0.00239067430409802,-0.010409317997858623,0.003559000428019333
0.29518195051362595,0.014081513991374183,-0.009399029189549272,-0.0095050872818302,-0.011618825919251737,-0.0018005724672962044
0.29526084378384165,0.01092217510933958,0.002077405627545158,-0.0015489333877683129,-0.008592222731247993,0.003296042950737529
0.29533973705405736,0.008258459522645143,0.004753021308297903,-0.005225589141189458,-0.010134214957182806,0.0010177910793328173
0.29541863032427307,0.007470740262097219,0.012794063542977296,-4.287199205204737e-05,-0.018888390127624874,0.010085609286345467
0.2954975235944887,0.009125261799152929,0.01002070971235575,-0.0007970571486218999,-0.019070185520718114,0.009546241588598556
0.29557641686470437,0.013402246225231769,0.007118223340115075,0.004428144305950473,-0.019721453899327366,0.014307100434692034
0.2956553101349201,0.019234040529694768,-0.0017035357602923826,0.0020799417288412726,-0.01736324285632562,0.01106051212760056
0.2957342034051358,0.02434417518855887,-0.00847975088600455,-0.002212367842983585,-0.02024378181701153,0.008980230258924816
0.2958130966753515,0.026878843525556494,-0.0022914935633012914,0.0039032361002056593,-0.015817545139146467,0.011771486712612092
0.2958919899455672,0.02554163406483804,-0.015060774706016874,-0.0052810971502312565,-0.019360605421828207,0.005915434618787652
0.2959708832157829,0.020056159472532697,-0.014596675204458379,-0.0035904456127982434,-0.01397896045654474,0.004458829319657294
0.2960497764859986,0.013131827535750986,-0.014698965592905016,-0.0085751211493446,-0.010641163978871103,-0.0015390720225037916
0.29612866975621427,0.00784785485771364,-0.008559424971789914,-0.010590296564806248,-0.017441626006135094,0.00040307592882444403
0.2962075630264299,0.003970200057348753,-0.004688924990124474,-0.011264201652557225,-0.018014269058350615,0.00014075579207335846
0.29628645629664563,0.0010272651527353494,-0.0029876646087459977,-0.011071836892296898,-0.013972090521407314,-0.0018628192166911827
0.29636534956686134,0.00013785605642337493,-0.00372341504105942,-0.009449491177288664,-0.010172754032093412,-0.002528442869373703
0.29644424283707704,0.0027091487010055607,-0.01425928699352471,-0.013439096382417302,-0.010468997479136176,-0.005739066135696037
0.29652313610729275,0.008134839808104997,-0.017666366176258136,-0.01324877131524462,-0.007393029909157188,-0.007226236089390104
0.29660202937750846,0.013471449604725865,-0.015886049990018088,-0.009978383688667344,-0.010005832644428394,-0.003064525469607173
0.29668092264772417,0.01589845772694653,-0.016546692708196153,-0.011602496589934294,-0.011404081177159181,-0.0036869553719330794
0.2967598159179398,0.01401043831531125,-0.01862537109901407,-0.013712717529569768,-0.00971720253666174,-0.0063729275902092795
0.29683870918815547,0.009209555710351484,-0.02266265879508265,-0.016632824240876583,-0.00630132494700381,-0.010669029568855173
0.2969176024583712,0.005074259253052251,-0.01997764002991365,-0.01578794220859597,-0.012019750763645604,-0.006892139971067632
0.2969964957285869,0.002642022695561438,-0.013694148125004264,-0.01523700454404677,-0.015466591865979344,-0.004580118712861211
0.2970753889988026,0.001030001147576251,-0.00987316121925571,-0.012688635415866189,-0.021071752033532423,0.0005761132052739669
0.2971542822690183,0.0003502025989162691,-0.011931680258014396,-0.01269536455300325,-0.019186024696921895,-0.00044016354282075463
0.297233175539234,0.0014464300858753893,-0.020118438908007713,-0.017540296676334995,-0.021116962421022848,-0.0034984212023899956
0.2973120688094497,0.004007702722387665,-0.01988104675895112,-0.014204467614733242,-0.016242355043711822,-0.0032922797739437164
0.29739096207966537,0.006264361530524548,-0.018490550722246986,-0.0137006214108121,-0.013863547633830823,-0.004141263980813949
0.297469855349881,0.0067682325602934894,-0.010964788353021549,-0.008679841283818572,-0.006265599101900871,-0.0039719186297745256
0.2975487486200967,0.005168591834073652,-0.005255577997422763,-0.0064967511540308534,0.008688951910634027,-0.010141045944209842
0.29762764189031243,0.0026771493570416326,-0.015147671910094316,-0.013524088555301007,0.009547646026273494,-0.016534168207111212
0.29770653516052814,0.0011650444753059507,-0.020317157472350817,-0.017757107054494403,0.01215422080130332,-0.02150433972748827
0.29778542843074385,0.0006972531193104591,-0.022196892668370626,-0.018171567822342475,0.0065017742680194765,-0.018826283929670083
0.29786432170095956,0.000370808593181509,-0.019651906978789855,-0.016723925690979257,0.0015871798815324696,-0.01497143034647362
0.29794321497117526,0.0002938296172028022,-0.02247213559154504,-0.020885832325343773,-0.008884670472959023,-0.01287758512468416
0.2980221082413909,0.00148012898795481,-0.016368963169056304,-0.014054529292054432,-0.009009134649318356,-0.007040943780241301
0.29810100151160657,0.003929895453729957,-0.011802457586926668,-0.013592160214780224,-0.008927773595004462,-0.006694034116805517
0.2981798947818223,0.0061647333086930324,-0.0006173553365601517,-0.004664447095183419,-0.007958032791013023,0.00032554970509779266
0.298258788052038,0.007268754451941934,-0.0024236957903108923,-0.008715863239647632,-0.0011296994742111654,-0.006753988717719973
0.2983376813222537,0.008407943003999673,-0.006929820773091943,-0.010154867307850497,-0.004714167696704645,-0.006048686257898841
0.2984165745924694,0.01248169028967054,-0.010116024203638557,-0.010049430887888284,-0.0020654556961529754,-0.007378703661886723
0.2984954678626851,0.019247082452553733,-0.010160447145527537,-0.0068897715443038705,-0.0014581002125276575,-0.0050361354687285765
0.2985743611329008,0.024426976130005492,-0.0063491270741005594,-0.0015979827093457117,-0.007955746735277328,0.002913576575958201
0.29865325440311646,0.025297517293609073,-0.008891520406901415,-0.002392893389505356,-0.013389193528055779,0.005153986578141907
0.2987321476733321,0.021388968703463702,-0.00998682520622674,-0.0032535468722409765,-0.013818186000401881,0.004657150479497264
0.2988110409435478,0.014683980908484998,-0.015365837280218102,-0.0061035728967731954,-0.01908437489693217,0.005072798193718662
0.29888993421376353,0.009313087507353515,-0.009596756800237635,-0.00402213788193114,-0.015304668562481645,0.004804764890145724
0.29896882748397924,0.0062590382540676495,-0.003323214584290529,-0.0018986257321533012,-0.0182702470109303,0.008187318490415712
0.29904772075419495,0.0035793324599646677,-0.005760042157027737,-0.005933148319951612,-0.017916932979912113,0.004591009481537677
0.29912661402441065,0.0009769987715188948,-0.004649593243591931,-0.005421402674829257,-0.008736172496261019,0.00010332270857834189
0.29920550729462636,0.00010010701612512976,-0.010545192932343773,-0.010361983355408297,-0.00444930424604869,-0.006365483433051285
0.299284400564842,0.00247876072299915,-0.014637485120207499,-0.012459958084153056,-0.004633158897718598,-0.008038618163045906
0.29936329383505766,0.006746349989208255,-0.014700355159642109,-0.010767662765658749,-0.008445199558749557,-0.00456722715677481
0.29944218710527337,0.009741927374271387,-0.01238866617852064,-0.006358939204097717,-0.00930685641225569,-0.00038256330036983457
0.2995210803754891,0.009592805562940381,-0.008818357474153512,-0.0029089823214414347,-0.006117389529147514,0.0008215689919734138
0.2995999736457048,0.006880936202770456,-0.015454855325501154,-0.010239184924855618,-0.009162496286905825,-0.003736621176194896
0.2996788669159205,0.004195643421070899,-0.010208251054820231,-0.005419070902311926,-0.009231731999238232,0.0003708274239978694
0.2997577601861362,0.002900863801477232,-0.015724491266331526,-0.013295718559164726,-0.009953040906332282,-0.005894396367742748
0.2998366534563519,0.0021541632895135444,-0.015163479561106709,-0.015248347515603394,-0.013153374528384706,-0.005829041609403483
0.29991554672656756,0.0013439239801350002,0.000956572158380745,-0.003440145222460754,-0.0009176174687823378,-0.0024130008806329457
0.2999944399967832,0.0009508656670325836,-0.013747684901442864,-0.01713819255981834,-0.016053194497240846,-0.005871851407982696
0.3000733332669989,0.0014719913098826542,-0.012253307795350322,-0.012007633127442017,-0.019143827861802735,0.00011814241224832733
0.30015222653721463,0.002334177868836245,-0.012397243581162107,-0.010991036321184705,-0.00968924451721363,-0.0040893392647775905
0.30023111980743034,0.0023655667077840422,-0.019093223796260165,-0.015315248306720826,-0.01273890397697093,-0.006107600908134832
0.30031001307764604,0.0012765663466924682,-0.01955844971956558,-0.015274380638293089,-0.006497259108427678,-0.009416795746489307
0.30038890634786175,0.00034358741755701757,-0.012159234386672399,-0.0108615992797995,-0.0049121024685044624,-0.006539435582142583
0.30046779961807746,0.0006531354628062368,-0.014312222232784621,-0.01614039318650817,0.0012040202017279268,-0.014273446401369985
0.3005466928882931,0.0014459235211454397,-0.010703530698533975,-0.010026484911194435,0.0055080665770934146,-0.011416882871163932
0.30062558615850876,0.001543053300259946,-0.005407869286489275,-0.00656102237016141,0.008941903201889947,-0.010330849532456466
0.30070447942872447,0.0011235844681036031,-0.011705393712569291,-0.010236276811585267,-0.0025979379541392345,-0.007251201184730002
0.3007833726989402,0.0021579453295024033,-0.005028810203180874,-0.00552934721444554,-0.004190888994355363,-0.002423233748477878
0.3008622659691559,0.005735102392978701,-0.0023164553862921908,-0.004937161591032963,-0.0015928034167161215,-0.003315249544803883
0.3009411592393716,0.010058767212739853,-0.002238241884157803,-0.00346334921179652,-0.0030514953227352144,-0.0012892587051257377
0.3010200525095873,0.01293936884354323,-0.0028285757834279127,-0.0035487212193623667,-0.0008268584741123626,-0.002553305521895825
0.301098945779803,0.013367730916794801,-0.008125200785216087,-0.008032105322332457,0.005375337865199118,-0.009661882587850584
0.30117783905001866,0.012693538568083853,-0.012914664241717054,-0.012562307250581,0.005508574436329996,-0.013558195131213705
0.3012567323202343,0.014318014329269331,-0.010820170284285642,-0.008810139629937132,0.0051240907657906214,-0.010184175779696767
0.30133562559045,0.0182287692286144,-0.00851514067242666,-0.007524516257104561,-0.003197901903926648,-0.004639953436143415
0.3014145188606657,0.02051171934157784,-0.007104522862884106,-0.005753664885601127,-0.012242020781006595,0.0017013442662293181
0.30149341213088143,0.018798070473974016,-0.0024764112097791125,-0.0020662308626245877,-0.01624242356457182,0.006958938203518698
0.30157230540109714,0.0137532183968652,-0.001772817190832678,-0.004580124823152184,-0.018396031726372927,0.005990391938600058
0.30165119867131285,0.008153885602918702,-0.0007144069033638386,-0.0069207056550771775,-0.016487035612229365,0.0029906790302513973
0.30173009194152856,0.004409654035556748,-0.0030967637178190848,-0.006597631553535548,-0.017020731960149672,0.0035495390532655994
0.3018089852117442,0.0027733469996916874,-0.01142056248864242,-0.013274622306584041,-0.01529471351776494,-0.0030146258811654847
0.30188787848195986,0.0026647460007321816,-0.015859490432203957,-0.014703782740192678,-0.01442690777227891,-0.0046867522994901495
0.30196677175217557,0.0036959642493505306,-0.025289756268626267,-0.02132144124180586,-0.012423155712117363,-0.01135039445352454
0.3020456650223913,0.005528371221293181,-0.021044377353178097,-0.01827441010644659,-0.011754907712059108,-0.009134302198146782
0.302124558292607,0.007937288725064934,-0.018304359576572428,-0.015211688782195285,-0.01383680210450593,-0.005431928101186488
0.3022034515628227,0.010563120390036323,-0.011775444452897306,-0.007780706744575783,-0.011066209145067486,-0.0006404599795120928
0.3022823448330384,0.012094831870801591,-0.009208785986219182,-0.008873789342381647,-0.015461073127514064,0.0007914395640177419
0.3023612381032541,0.011714906033763824,-0.004616038188273374,-0.00617655503252976,-0.011844652052828614,0.0011313026571650217
0.30244013137346976,0.010577188392353892,-0.0016084725874910796,-0.0056543445802386605,-0.012552981206090646,0.0019518481945973753
0.3025190246436854,0.010315083019798107,-0.009363593716924787,-0.012558572730777137,-0.017726552610164422,-0.0011067238091063674
0.3025979179139011,0.01152487942963481,-0.009490481352943904,-0.009474778811572732,-0.018041632366503663,0.0016667904612273534
0.3026768111841168,0.014703894599098691,-0.01589344936764631,-0.013056889542538917,-0.014923254253139015,-0.003029752237554384
0.30275570445433253,0.01948503550382832,-0.012334098554333097,-0.010014526240249722,-0.02007139671135778,0.0022987436164016713
0.30283459772454824,0.022927751353498622,0.0007550348939391992,-0.0002795592366587845,-0.01672393702504208,0.00872563840554252
0.30291349099476395,0.022301599240248667,-0.003575858834359363,-0.00494408704380929,-0.02065551435609899,0.006894119513039643
0.30299238426497965,0.017612369795770955,-0.004953381888585751,-0.0036520689706407536,-0.01938849570345148,0.0073060481491417015
0.3030712775351953,0.010510388141872407,-0.020285137908486153,-0.015290117376418092,-0.013299155547412296,-0.005786221153850769
0.30315017080541096,0.0038114976103198234,-0.025354311418268487,-0.02114268460877672,-0.0145439451280413,-0.010063438220147576
0.30322906407562666,0.0003560738378401455,-0.023716539849392294,-0.020802678252144467,-0.011785090463699474,-0.011253893643046319
0.30330795734584237,0.00027906145308775654,-0.013275173284122137,-0.014055500985580534,-0.009068917063092225,-0.007009737492403936
0.3033868506160581,0.0018241168866367325,-0.01370548506722328,-0.015236310694929464,-0.008139253395674693,-0.008505042250750838
0.3034657438862738,0.004175306255481358,-0.006732040050427903,-0.009570558543369086,-0.004549833224536963,-0.0056433219571751635
0.3035446371564895,0.008367517762065239,0.004083450057362144,-0.003291947921763656,-0.0030524746592807276,-0.0011440100357875238
0.3036235304267052,0.014766809984896653,0.005713199042500394,-0.0028925440557195786,-0.005490476941826321,0.0004995372228720154
0.30370242369692085,0.020501285205030268,0.019807825329458552,0.00801497959132073,-0.006093161170353562,0.01003202839877167
0.3037813169671365,0.022837340924830505,0.016715918818145423,0.009359875555045274,-0.008307870523232811,0.012354165492354744
0.3038602102373522,0.021452847915929732,0.003521575973163334,0.001669145965873067,-0.008977400289476873,0.006219609470527628
0.3039391035075679,0.017420671704384858,-0.00889652943048893,-0.008142618413634936,-0.008209007154082628,-0.0024770099053090223
0.30401799677778363,0.012763548150729987,-0.014392412389821247,-0.014602899270345157,-0.009436675478434162,-0.007275038646122672
0.30409689004799934,0.009566306434449326,-0.011027196845510762,-0.011612883879378573,-0.013557818735715453,-0.002541751764725787
0.30417578331821504,0.008812820014287459,-0.004082275427229122,-0.007292993156093071,-0.014961702773810636,0.0018588462140055797
0.30425467658843075,0.010409251935777296,0.001502827565790121,-0.005177577519791973,-0.011920201391349477,0.0020153613238562385
0.3043335698586464,0.013282141076802121,0.012338315117549268,-0.0003733259131726463,-0.010238359397392404,0.005170766677905815
0.30441246312886205,0.01544835659464285,0.020934205475203863,0.005075572235483828,-0.010811803584169449,0.010078679476623852
0.30449135639907776,0.015208634673869112,0.026782928415183642,0.00994688446689058,-0.01655779598174501,0.01727054199363273
0.30457024966929347,0.012066406026020628,0.019751802751416525,0.005897220678416048,-0.013679258326933313,0.012309004978628057
0.3046491429395092,0.007179219290274479,0.001528182611457085,-0.005860057959196162,-0.014494722011136064,0.0028186794674955645
0.3047280362097249,0.0029843076420194956,-0.009270984083756258,-0.011642395407938776,-0.014064344874878199,-0.0022952701977214138
0.3048069294799406,0.0008455402505751306,-0.018809092428032807,-0.016029162621696128,-0.017174734682466625,-0.004334080231041788
0.3048858227501563,0.0002711549048598914,-0.022001509136813646,-0.02045868524352577,-0.01577663540803203,-0.008825251047240475
0.30496471602037195,0.0011538405832140373,-0.015968290828016866,-0.017037315117973576,-0.014169982045848198,-0.00679554648028125
0.3050436092905876,0.005260783630292929,-0.006205524798945834,-0.008763818984978347,-0.006080062563632691,-0.004142238592425658
0.3051225025608033,0.014077027289911115,0.003734671261438077,-0.0034708341584772737,-0.009859757743091554,0.002352445099868175
0.305201395831019,0.024952026198760312,0.0291469601272703,0.016631805220880983,-0.005554660807288971,0.017018875386876294
0.3052802891012347,0.033400171969298134,0.030604220420332527,0.017551326376404174,-0.011985722602121225,0.02124034527509696
0.30535918237145043,0.036511056597864716,0.02552108445913728,0.01498743618897054,-0.017039780969923927,0.021783943520442356
0.30543807564166614,0.034077235581536046,0.017853899816981534,0.012142600363784945,-0.012494726121356728,0.016946893186033207
0.30551696891188185,0.02961173697648098,-0.00029418447497012244,0.0014595349866522145,-0.01268830329493099,0.008031208690860388
0.3055958621820975,0.026411595788415544,-0.0054735310836068,-0.0011764661617208066,-0.007068073039745761,0.0027938389843889513
0.30567475545231315,0.02270789655168703,0.00016714254371188333,0.0018141187558018042,-0.0026236312290421364,0.0029374930559461256
0.30575364872252886,0.01589553115755282,-0.002949654049269433,-0.003839050682708599,0.005619568358190846,-0.006252468668964151
0.30583254199274457,0.007177073388662689,-0.014499308072941131,-0.014489774941969964,0.005978687296675392,-0.015437448519487026
0.3059114352629603,0.0009934908047862536,-0.0239638950849197,-0.02138752627347243,0.00785319015098164,-0.02226544895967875
0.305990328533176,0.0014316166698522179,-0.024002292798271388,-0.02116557074323798,0.003923893731842672,-0.019973575882140653
0.3060692218033917,0.006835506023112096,-0.017154290593526585,-0.016932598040525215,-0.006846729845043093,-0.010630060310135542
0.3061481150736074,0.012682579272206541,-0.006689208519842581,-0.009715171341186353,-0.009998195275876365,-0.0028463360809570276
0.30622700834382305,0.016057224695018194,-0.004766864550153936,-0.006808202425438934,-0.01445592997410359,0.001997208879783427
0.3063059016140387,0.016490369643363215,-0.00822421901092071,-0.007915718063855628,-0.01354694473713304,0.0005748198148232843
0.3063847948842544,0.015968619466755683,-0.008271681280613112,-0.008901675586561705,-0.0157985032482316,0.0009487121419537428
0.3064636881544701,0.015841991320926348,-0.005359644585418368,-0.00827463717565028,-0.015115427107684614,0.0011122166701366461
0.3065425814246858,0.015093581534550647,-0.0005384028141190493,-0.005865569829285401,-0.017337864029395137,0.004337725485314331
0.30662147469490153,0.0142469349291121,0.002636319560196057,-0.003807600346290935,-0.013793587340268441,0.004176118366363479
0.30670036796511724,0.017009366455839416,-0.003813794294716782,-0.004074563016894329,-0.017477079440534764,0.00592478456093014
0.30677926123533295,0.024880277527894446,-0.009132077346132814,-0.006245732997065935,-0.013522780175447505,0.001972139241922966
0.3068581545055486,0.03315158210384415,-0.006459778221087669,-0.003105539380571883,-0.014783034388914899,0.005299203671912513
0.30693704777576425,0.035639337780552095,-0.00014935056775876486,0.0019830093178172274,-0.017075392978794797,0.010824388955840121
0.30701594104597996,0.031414532894633584,0.001114402303116355,0.0036794096712273318,-0.019179445459286647,0.01338443080219835
0.30709483431619566,0.02519710921722836,0.001588639246435276,0.0019709661720536563,-0.015862802648353918,0.01016431646242408
0.30717372758641137,0.019868746007091275,0.004152360355965506,0.002181274363089114,-0.013017789435780915,0.00881716347351892
0.3072526208566271,0.014581134402692408,0.005492272374916022,-0.0015298795643747462,-0.010936581637573746,0.004568375360182511
0.3073315141268428,0.008726208186355418,0.004545415915034951,-0.005566732255053305,-0.018462444242522462,0.005192819845667877
0.3074104073970585,0.004125084486380988,0.000793255329896785,-0.010037099687566496,-0.018155511483817503,0.0012528858876351997
0.30748930066727415,0.004751474170361658,-0.005337614838817686,-0.013109614048480515,-0.018582072818943505,-0.0011137306207291036
0.3075681939374898,0.013111180937207412,6.968604671768127e-06,-0.004547138908284111,-0.017488467620898264,0.005531820596506718
0.3076470872077055,0.025437534294054064,0.0024087957195513365,0.0004906450961940725,-0.021050626154950486,0.011695125041961232
0.3077259804779212,0.034678702641215566,0.004935830224738593,0.006203223786213162,-0.01975882363953746,0.015825749038565942
0.3078048737481369,0.03692151713063273,0.005941447823842291,0.008802529279707504,-0.018917233437679946,0.01756903099436596
0.3078837670183526,0.035357837307904226,0.0015152629619349393,0.004891413240910074,-0.019963043256388233,0.014827721805386334
0.30796266028856834,0.034729106198814114,0.005110172255872267,0.0069886717138711,-0.02020264790026683,0.016726748137697187
0.30804155355878404,0.03381539806693798,0.010346071933322099,0.007306157534143137,-0.02466840902261403,0.019388800649595573
0.3081204468289997,0.029353737916651374,0.015861997748996427,0.010082166560286184,-0.02337577071225647,0.021039198775715397
0.30819934009921535,0.020904121610993535,0.007827231584725373,0.0023615375724279444,-0.017076831186237918,0.011144757678719794
0.30827823336943105,0.010434355516789057,-0.0008640784589369594,-0.005188513179681025,-0.011005225787821954,0.0015158286486343427
0.30835712663964676,0.0025877551708744775,-0.011582585603082072,-0.012665655022166798,-0.006726293380347104,-0.007090978220529858
0.30843601990986247,0.0006963345469493452,-0.01513615370087271,-0.017432558832935117,0.0034563596423219404,-0.016571021370487174
0.3085149131800782,0.002334713672568238,-0.007978137777745092,-0.011789782814554903,0.012630854469420442,-0.01672197605762536
0.3085938064502939,0.003710071102194117,-0.005404711196888966,-0.010456829349565546,0.021207739908891896,-0.020193279019818215
0.3086726997205096,0.0037235246790053673,-0.013734828004758077,-0.016653073368974747,0.02281300520180941,-0.026283934483677128
0.30875159299072524,0.004094901443362126,-0.018037164263295675,-0.018586526764030564,0.0185270017615825,-0.025618949362322403
0.3088304862609409,0.006213919483351524,-0.017947582904897546,-0.016850110238941875,0.010499855661658326,-0.01985232810130169
0.3089093795311566,0.008683575556096983,-0.017466318840072343,-0.013995970295611636,-0.005553495488219009,-0.00884271863343953
0.3089882728013723,0.009593472064357397,-0.021205408998598047,-0.016409646266455833,-0.014696921500590928,-0.005983033798474071
0.309067166071588,0.008845738237467649,-0.02450539118255808,-0.017210075784611846,-0.018950022372180252,-0.004380522263471127
0.3091460593418037,0.007807269440487052,-0.024366077518530493,-0.016815997118860827,-0.018075421254641427,-0.0045162051652125595
0.30922495261201943,0.007615125471546826,-0.018776082053992144,-0.015248868952877493,-0.011281478827105042,-0.006832325931779811
0.30930384588223514,0.008339412116402115,-0.012180460353165919,-0.013494838305358647,-0.01147817741502446,-0.005245472386801428
0.3093827391524508,0.010215120435507964,-0.0046865065002761564,-0.00937556961467358,-0.006007865606401299,-0.004697503908199079
0.30946163242266644,0.014338059903765963,0.003149401939950802,-0.003400791675880062,-0.004816219946491595,-0.00029088546488686225
0.30954052569288215,0.020583497900745113,0.010084467922916592,0.004163420810967345,-0.008211070325353209,0.007914940081535182
0.30961941896309786,0.026029637864261265,0.003798965794718926,0.002796595947527984,-0.015579027855675866,0.010709318744606336
0.30969831223331357,0.027179553668898373,-0.003792839738664652,-0.0019783773288725515,-0.015959068423524736,0.006881257402335437
0.3097772055035293,0.02251801079200495,-0.011222977997843768,-0.007962988436518596,-0.01885637303279365,0.003380258760149495
0.309856098773745,0.013986625623271895,-0.013122533186848652,-0.00892365316324869,-0.016908323743498294,0.0015249006019504596
0.3099349920439607,0.006887291027816918,-0.02291228309139608,-0.01659239380710549,-0.022008062333347747,-0.002220034669340165
0.31001388531417634,0.004638660219342868,-0.023224490732583224,-0.016197578656839594,-0.016887716089868693,-0.004630134688961499
0.310092778584392,0.006700737716573256,-0.018353540626051452,-0.013262192548143556,-0.012603384681488748,-0.004446129803791479
0.3101716718546077,0.012087226507337779,-0.009066874833147102,-0.009089037400716631,-0.013160896559092439,-0.0006229228031030818
0.3102505651248234,0.021303713601746602,0.0077378931633099125,0.0027732678031990483,-0.013756574832949417,0.009712914865222452
0.3103294583950391,0.03401776510578062,0.025327206296187076,0.016648029180234742,-0.01458545952731612,0.021870637068861987
0.3104083516652548,0.0473019285846375,0.03172337934064472,0.02461778976053221,-0.020492536370189843,0.031762778655938365
0.31048724493547053,0.05747527546143204,0.03704615569778157,0.0322469427832648,-0.020875446575751744,0.03840679470992325
0.31056613820568624,0.06045913766960647,0.02731122111273401,0.02710114620447269,-0.026817813476742537,0.03724771034189223
0.3106450314759019,0.052960928426385376,0.01977396721319982,0.021799225767768736,-0.021340995643011954,0.029838501165940206
0.31072392474611754,0.03779555180762935,0.005932419241090848,0.009627525155477391,-0.01983356453338681,0.018756631251904902
0.31080281801633325,0.02353894858979673,-0.014582282743441003,-0.008411654707661673,-0.023513606867912446,0.00549762463459634
0.31088171128654896,0.014631781798606294,-0.019090101540287063,-0.012686996176568925,-0.02452993784568494,0.0024310124175407127
0.31096060455676466,0.010243664131730832,-0.016548132529310026,-0.015118285846750274,-0.019963010605562954,-0.002070543176278845
0.31103949782698037,0.008493665896254334,-0.006346950927856718,-0.008725997242915142,-0.014606744098907084,0.0004584404586601005
0.3111183910971961,0.00800597154447349,-0.006755922023448428,-0.010185101474322354,-0.014338786330045903,-0.000917422681485711
0.3111972843674118,0.008941712085897176,-0.001511447750602111,-0.0045726716405561614,-0.015452489193545266,0.004419094301229957
0.31127617763762744,0.012759567056783452,-0.0033532613551692674,-0.004491825312370981,-0.01290107229524866,0.0031200525924474413
0.3113550709078431,0.018442793305080803,-0.001864794403975873,-0.0026990534737937138,-0.005263008895988087,0.0005410322357928503
0.3114339641780588,0.022291838759637153,0.0029460916001265657,0.002595149730948285,0.00015041452314194198,0.002110600504480347
0.3115128574482745,0.023354896872380425,0.0043769842668671816,0.004770220674579166,0.0028479381382362358,0.002501796567771478
0.3115917507184902,0.02425979226727845,0.0018456155987721433,0.00355981727668464,-0.001869674804280834,0.004007476781369893
0.3116706439887059,0.026534429085741457,-0.001320068489228701,0.004953980823999748,-0.00470556216546251,0.006704093779594945
0.3117495372589216,0.030480382304648904,-0.009575758881125237,0.0007173947758373,-0.007443982048314705,0.004594338340442373
0.31182843052913733,0.03607630949071494,-0.009320601340969872,0.004219845134332853,-0.013929913405772638,0.01102715635325429
0.311907323799353,0.03992438246669617,0.0006027717954127914,0.015104263061572724,-0.018712217822677596,0.022778805589898633
0.31198621706956864,0.03797767024427189,0.004270968351719288,0.01639713751101786,-0.020036716565607227,0.02457994385061811
0.31206511033978435,0.03070334065912569,-0.0023274003609652285,0.007773027610223862,-0.01964600881592408,0.01709054379256885
0.31214400361000005,0.021162526751581062,-0.0018645160305656755,0.001330356207229298,-0.015762526497985832,0.009569689335120661
0.31222289688021576,0.012234390880218124,0.0009776089580909944,-0.006168857387660157,-0.011018870828327622,0.0006953069553007933
0.31230179015043147,0.005947265384148469,0.0134554562151437,-0.006568547532359033,-0.0059122742219669105,-0.002378412634680281
0.3123806834206472,0.0032619441914398923,0.030428409430285245,0.0010635353769183184,-0.0009919392612962017,0.0014294735581344155
0.3124595766908629,0.0035269085145158553,0.03312837102647726,0.00544239219248117,-0.0032777560755209412,0.006351450881323314
0.31253846996107854,0.006348681810435616,0.021838968919209417,0.003161433640264322,-0.0061738305803821425,0.00597732629287844
0.3126173632312942,0.0127085361171242,0.009612737760007442,0.002345732289104048,-0.007355583239990361,0.005921828388832266
0.3126962565015099,0.02218580149794519,0.0002495161290004534,-0.00012271776779976395,-0.005829604538583891,0.0030199616998579605
0.3127751497717256,0.03064971184197872,-0.0034975447425631867,-0.0001535519709881561,-0.007251557688605013,0.003755853524496342
0.3128540430419413,0.03379740808842075,-0.002787551650740554,0.0024714463933211733,-0.008297002299737925,0.0065324223841947485
0.312932936312157,0.030718692099075028,-0.00957298572016749,-0.0020607472580330527,-0.013134311528066328,0.005297854878757007
0.3130118295823727,0.02454062600375576,-0.008129857696916988,-0.005487164746539761,-0.014966255664301062,0.0033862693525284534
0.31309072285258843,0.01947516394207884,0.008623677954117434,0.0014694542711542764,-0.014369584848050046,0.008940603765268892
0.3131696161228041,0.017709200132213554,0.032352432437294694,0.014149206880023664,-0.01363309112180079,0.01925086870123178
0.31324850939301974,0.019418797190001176,0.054470894848091596,0.03022576488651959,-0.01587933421279193,0.03402534260185204
0.31332740266323544,0.023845511545444485,0.05825496729560355,0.03697703090182771,-0.01982587861357155,0.041836984991579236
0.31340629593345115,0.02969242520386785,0.04532135189123258,0.031597470304712987,-0.01801410072322795,0.036326340540417536
0.31348518920366686,0.03514109845381067,0.022830809750918005,0.018193743048487004,-0.018379557153192776,0.025208394852300507
0.31356408247388257,0.037672075428537406,0.013672523405081693,0.01636210999021707,-0.016703555887860412,0.022764196507957718
0.3136429757440983,0.03474334634854046,0.0068978066484111185,0.011084624952279357,-0.012911775827380735,0.016277189698876655
0.313721869014314,0.02667813525428866,-0.00519441174083941,-0.0015835381907384934,-0.014683528920407767,0.0065310468673959055
0.31380076228452963,0.017443384501034994,-0.009414469023786835,-0.010991646858511232,-0.011726214655791658,-0.00299846800800537
0.3138796555547453,0.010108610812808961,-0.00446692559096354,-0.011102696335434602,-0.011111332842646905,-0.0034217049530586886
0.313958548824961,0.005279730134821678,0.0067843554519605356,-0.0036926490209886133,-0.01448593247895626,0.004644217844817717
0.3140374420951767,0.004316571530941145,0.013096309536267763,0.001608250663781815,-0.018644123151049883,0.011348796934202364
0.3141163353653924,0.010616618588224238,0.01230347942480648,0.003194098384593644,-0.022156532467036513,0.014570565017743203
0.3141952286356081,0.026724473276795203,0.015677553605395883,0.00620340324157718,-0.019228857275878097,0.015541829897973734
0.3142741219058238,0.04946201773036699,0.030839870323268036,0.018650699371729754,-0.015136258086420197,0.02385633369230729
0.31435301517603953,0.07076069799408007,0.04343434290294647,0.034631234207619196,-0.016512688274715262,0.03808326965304014
0.3144319084462552,0.08261033888218337,0.04035317121153706,0.03806209537877684,-0.01718019336444439,0.041336688540193185
0.31451080171647083,0.08122573526653444,0.03196325480932972,0.035839711811745806,-0.012686209783248095,0.03705525640184094
0.31458969498668654,0.07028492278169661,0.015286694663908243,0.024855464392091457,-0.007364367182864332,0.0249317685784
0.31466858825690225,0.056561031448949146,0.004357091979931051,0.014161948192345737,-0.010677502797933313,0.017678030316412612
0.31474748152711796,0.04247330070417569,-0.0017820224056620793,0.006857976772508376,-0.014467856824333871,0.013542752632524309
0.31482637479733366,0.02803277090709267,-0.011081008972074823,-0.005165435160730884,-0.01788133770815411,0.005220253799574771
0.31490526806754937,0.017145575125608017,-0.013400774991427073,-0.009910683837754616,-0.017191573741136626,0.0008430745813571608
0.3149841613377651,0.016693276632422975,-0.0028900326070568955,-0.006263781095138344,-0.015670902967443702,0.003108067829501881
0.31506305460798073,0.029302930593746446,0.026227114346336945,0.00868692145662537,-0.009353904731315471,0.012346480878629001
0.3151419478781964,0.047490851173423505,0.06001949195125152,0.027736302784098256,-0.004096159425739223,0.02561446287803026
0.3152208411484121,0.05996867504598469,0.08484026728795513,0.04419593041150608,0.0028571844294771427,0.035799213162434985
0.3152997344186278,0.06138416072904447,0.08981405637125263,0.04974246597274907,0.011468004523042544,0.035886252226645
0.3153786276888435,0.05519933903657181,0.06598140946594896,0.03994476500063419,0.006291295750357498,0.030369604943074065
0.3154575209590592,0.04765197746081308,0.03992047051556433,0.026068291988435535,6.04251744351751e-05,0.021980317975544415
0.3155364142292749,0.04109090894563148,0.013060606574635621,0.008581983440171614,-0.0028338500672688673,0.008764479594397943
0.3156153074994906,0.033911987914026366,0.007220600422010065,0.0033300544894669564,-0.007292867480892151,0.006719309078138099
0.3156942007697063,0.0255420028304045,0.011299161947096577,0.003855335765477997,-0.011392909431697197,0.009359833548779034
0.31577309403992193,0.019013114269356382,0.007105617591546308,0.001139727115674467,-0.014660343199663807,0.008818030215414987
0.31585198731013764,0.018255545920073928,0.011470472108493139,0.003174176989559879,-0.014281808856055846,0.010332888447110215
0.31593088058035335,0.022035990084174624,0.034901599754419414,0.017245705553469996,-0.009382475842968176,0.01958771392656048
0.31600977385056905,0.02433563161968308,0.060722626174774225,0.030599567544277007,-0.009437408051533506,0.03089181843939126
0.31608866712078476,0.02271497925184131,0.07411025844964482,0.03668204028785099,-0.00853199962860718,0.03554332532378473
0.31616756039100047,0.020868669157499947,0.06988933617288819,0.03445291209932598,-0.008044000250741016,0.03339974420853993
0.3162464536612162,0.021224478157523943,0.04408692069025248,0.020434860143327842,-0.009647330919491935,0.02242209784434283
0.31632534693143183,0.02093311222523694,0.02413194106301863,0.011052403008401043,-0.012055395709519513,0.015791102536822237
0.3164042402016475,0.01704146369840627,0.012321177866538819,0.00639923722955543,-0.014093168948672252,0.012954658383130516
0.3164831334718632,0.009882745185759373,0.0007393035926121748,-0.00206046935287985,-0.013263947853374987,0.00536756173238675
0.3165620267420789,0.002794714680500184,-0.01314218158688279,-0.015771436105813417,-0.013086649051078257,-0.006306627442083748
0.3166409200122946,0.00011471274565562094,-0.01354565950523646,-0.018825123046763127,-0.011171089086269055,-0.009912227044642936
0.3167198132825103,0.0027162959145772604,0.0012138270128136694,-0.011047001933702165,-0.005104246416237308,-0.006593058349377435
0.316798706552726,0.007442501894850985,0.014390083946872526,-0.003948276221644319,-0.0039113467525739585,-0.0012380004637830508
0.3168775998229417,0.012034347509753063,0.024871236287510423,0.004439820289276901,-0.005972560469803338,0.006948851150584176
0.3169564930931574,0.018524533308423744,0.018941009759730988,0.004071935294658057,-0.00848708505113933,0.007985597719914373
0.31703538636337303,0.02984533085726305,0.015876278262592153,0.007786220377205762,-0.013848526024361546,0.013994524333474695
0.31711427963358874,0.04203430571188827,0.021993430056057472,0.016528313373187765,-0.01645895265682271,0.02277342747073576
0.31719317290380444,0.04796583987980836,0.02221375042226723,0.019162014850918584,-0.017563842159598202,0.025588629762409252
0.31727206617402015,0.04484603993568226,0.014256428697730273,0.01570193330841473,-0.01837813020976439,0.023104273047798846
0.31735095944423586,0.03402862720449004,0.0042077016088472325,0.007227480481279206,-0.012277644949972943,0.012680993907231998
0.31742985271445157,0.020069835854870502,-0.004727692917184384,-0.0008947316644537912,-0.009765017598398758,0.0044768693343948925
0.3175087459846673,0.008988759034852068,-0.00819233971016287,-0.009228004840814324,-0.00907664949883395,-0.0029286936696472344
0.3175876392548829,0.003934225667979717,-0.0026100930562246816,-0.010098635906621923,-0.00554819672326677,-0.005554365594890173
0.3176665325250986,0.005119419341881173,0.002877399786442737,-0.0047825831485383925,-0.009562549976002891,0.0010855486506076064
0.3177454257953143,0.013106503395144114,0.003564592747955277,-0.00124424357874243,-0.011653666122359569,0.005193825778463974
0.31782431906553,0.028350284282665603,0.012420078538223933,0.010048066395672366,-0.01184883138055961,0.014832510929133437
0.3179032123357457,0.046384047126711306,0.022396597058236187,0.016481311709487013,-0.011336657473084119,0.019989279150068883
0.3179821056059614,0.05902999810530294,0.04356176005632018,0.028400995376536484,-0.0053639112109207104,0.026854513469920797
0.3180609988761771,0.0619736199779964,0.05751514170877603,0.03563414134719309,-0.004123924905366859,0.032299519849712195
0.3181398921463928,0.055968916837547636,0.05557822954094212,0.03161962017675999,-0.0005469117499785645,0.02699429479217063
0.3182187854166085,0.04472254360477866,0.03838944769860119,0.01865029698057186,-0.0003637965452347168,0.015942845717030443
0.3182976786868241,0.03351209819754088,0.020939046540760026,0.008173070950746295,-0.0027354239345872785,0.008366484288778116
0.31837657195703983,0.026771466799698367,0.007465169052663611,0.0020377708204150037,-0.007769658139303602,0.005883685463853029
0.31845546522725554,0.02607118283232371,-0.005007456721623332,-0.005431552524094966,-0.012854864434371959,0.0023017542978660795
0.31853435849747125,0.030909369077970417,-0.0034235056951032296,-0.0021613853390461814,-0.016972716250852202,0.00726999599808429
0.31861325176768696,0.03885993551476957,0.007396305148804015,0.0074939046955383335,-0.014959286439676799,0.014342999245749811
0.31869214503790266,0.045103989137670726,0.01052329787755644,0.011015521124246367,-0.016429557630144444,0.018103958140191452
0.31877103830811837,0.04494272874100361,0.0180119248781399,0.016692186033886076,-0.017384171058797634,0.023407532217956502
0.318849931578334,0.03686161723555953,0.022899655405582316,0.015044553783940661,-0.013821415491880585,0.020107627463635924
0.3189288248485497,0.023497683729522992,0.02391294545760294,0.007091141428389184,-0.012747714974827445,0.012817787340463163
0.3190077181187654,0.01069410721450048,0.033444444267433864,0.00873389101397162,-0.01073350846469869,0.013125370673843416
0.3190866113889811,0.0032018793290683883,0.031200644598734534,0.006971106792572184,-0.01574286567045121,0.014321568307912228
0.3191655046591968,0.0011651926998404259,0.017797200832636795,0.0005933825225714508,-0.019318842948929573,0.010853564401719485
0.3192443979294125,0.0022183946879427885,0.007814221070710047,-0.002804706050664397,-0.02061704002618213,0.008680124151827536
0.3193232911996282,0.00499958569697507,-0.0033618939970834496,-0.00732341716804449,-0.019370829887802907,0.004196140256882931
0.3194021844698439,0.009550307644323554,0.0031239119405103953,-0.0017608007608388382,-0.01373245751302282,0.005871673639756938
0.31948107774005957,0.014946806308247846,0.0068076202858831205,0.002502415127741353,-0.015088496678885411,0.01019804253287899
0.3195599710102752,0.018613209786360618,0.005523069231708109,0.001880686634196899,-0.011304069292130643,0.007645001741302998
0.31963886428049093,0.018099666135602877,0.0008585503345265583,-0.003254957775221383,-0.007513502084679951,0.0012775096736424617
0.31971775755070664,0.01299017379679725,-2.9685585493549058e-05,-0.007367250532534919,-0.003765247321434793,-0.004203188067726036
0.31979665082092235,0.0062258292741468645,0.006813500366684385,-0.0021669769070748906,-0.001495106263076131,-0.0010285843846100447
0.31987554409113805,0.0017397458523796825,0.002010548229402219,-0.006362146480471458,-0.005291527692527296,-0.002536721382868002
0.31995443736135376,0.00020072193731661723,-0.008310414779175827,-0.013963792185623209,-0.0045982409435017186,-0.0093272751653702
0.32003333063156947,4.68830462668241e-06,-0.00839930433774491,-0.012448197877280427,-0.005646109781440809,-0.007486023613605322
0.3201122239017851,1.6189591256338083e-05,-0.011441944570532107,-0.013580635372845295,-0.007104326214713775,-0.007661167117585945
0.32019111717200077,0.00020982353720712103,-0.012153074727458977,-0.013502497312755057,-0.0069433867639656375,-0.007681396250368314
0.3202700104422165,0.0008075099776863275,-0.011412053009608287,-0.013131964634226643,-0.006065364048924557,-0.007838852175853735
0.3203489037124322,0.001399459239076472,-0.010746708833579283,-0.01348819765932756,-0.00940977533692015,-0.006348006835973677
0.3204277969826479,0.0015251991269983297,-0.005649307711455833,-0.012868316040500274,-0.008531384506659901,-0.006295077783259418
0.3205066902528636,0.001136130717076767,-0.008001548024361123,-0.015320608403968655,-0.010369597556299933,-0.007381432038342278
0.3205855835230793,0.0005873634350851735,-0.013734791222453017,-0.01705833568475225,-0.014461565256845405,-0.00665709386205792
0.320664476793295,0.0004888674287958475,-0.020983298566345614,-0.02034482330451437,-0.013162778349931367,-0.010129177381818462
0.32074337006351067,0.0015540164623578786,-0.024710931043477682,-0.02166489009803357,-0.015333424750552854,-0.01008177060507363
0.3208222633337263,0.004628945552255083,-0.013446268086834346,-0.012916199406488624,-0.013537440162561698,-0.003653446818841655
0.32090115660394203,0.009760950251867722,-0.00472345477858368,-0.010738846143034117,-0.010802125895395712,-0.003280094017754301
0.32098004987415774,0.01640836014874657,0.0039002054803455484,-0.006517073026904935,-0.009857720893946792,-0.0002209278853976308
0.32105894314437344,0.02330685746563111,0.010743880202318071,9.094483613383557e-05,-0.010396629940121367,0.00564758510348948
0.32113783641458915,0.02717623058831946,0.01143321393744503,0.003979747821846565,-0.012833326272450235,0.010236775964033962
0.32121672968480486,0.025672984925582194,0.007625268488146093,0.0037035159787618625,-0.011940312565954491,0.009524994759215696
0.32129562295502057,0.02131203392899466,-0.002093228119079261,-0.0032309965406251344,-0.014603238386326186,0.005096910241491362
0.3213745162252362,0.017312855874169388,-0.01603134619005499,-0.013681531115940823,-0.015358400572959929,-0.003324200102586908
0.32145340949545187,0.013632768647008249,-0.01749949485861643,-0.015229798224573552,-0.015824302528741403,-0.004382375153435733
0.3215323027656676,0.009998617520231692,-0.02104594168335644,-0.016085174009684164,-0.01703929550292157,-0.0044539643061008586
0.3216111960358833,0.007835771306458158,-0.027713274007922332,-0.02103224533654039,-0.015422751279637456,-0.009499404001934582
0.321690089306099,0.008534780866926668,-0.022924283058664122,-0.01729266594719318,-0.01487137756956714,-0.006635495029083456
0.3217689825763147,0.01246889506973446,-0.003463594559560763,-0.004281059807907425,-0.01609205275192365,0.005008104803154742
0.3218478758465304,0.018546703924511722,0.014610300164774985,0.0035221893565489646,-0.015272737201565042,0.011157784855760054
0.3219267691167461,0.022760316107901735,0.024758758723075522,0.007949684802400117,-0.01601722272595587,0.015294760032479865
0.32200566238696177,0.021228344678189216,0.024606701336486157,0.009192340526354254,-0.017701444730063538,0.01724648197221613
0.3220845556571774,0.015405924392914718,0.017120115501756145,0.0064501719963231015,-0.018448136600149326,0.015331694872260554
0.3221634489273931,0.00962978555728097,0.008561427120285951,-0.00021187099081595976,-0.018164721703749446,0.009555024287877783
0.32224234219760883,0.00603077794840533,-0.0029652718389738503,-0.007520052393153688,-0.022280447467719493,0.0055896411623148025
0.32232123546782454,0.005195122623399417,-0.010584917090719253,-0.013049202531303145,-0.017890784742558362,-0.0014331425354210197
0.32240012873804025,0.007955288362387347,-0.01794467789085578,-0.01555752479908312,-0.017445468010604245,-0.0037905985207602392
0.32247902200825596,0.014744116189529033,-0.018133733766272732,-0.01233137249307459,-0.015234253580580366,-0.002250316947355877
0.32255791527847166,0.02451384709019827,-0.008643834526785158,-0.003217804910657761,-0.009057119355840302,0.002136007675910871
0.3226368085486873,0.034053373074173235,0.003978876679827058,0.004894230060164238,0.0022515634598759527,0.00292604040332603
0.32271570181890297,0.03772333221160136,0.015563876083087179,0.010883030961586406,0.012251883959484166,0.0026250810110312237
0.3227945950891187,0.03164084947762138,0.012619434736753303,0.00736746995339071,0.012689133664880092,-0.0005781417280342764
0.3228734883593344,0.01946500971584722,0.004826021930524002,0.0005348729999309339,0.01179060672570135,-0.005866174925495249
0.3229523816295501,0.008918462020575097,-0.004558384680000188,-0.0065386009862056765,0.007428451241272627,-0.009500971279472132
0.3230312748997658,0.0035133995347554434,-0.012351138646786426,-0.01344025075015158,-0.0006528651392403488,-0.010998705230795406
0.3231101681699815,0.0028287732167382312,-0.017013820178169232,-0.01822181521429263,-0.007759016812336603,-0.011230275941402678
0.3231890614401972,0.00660846815108743,-0.019623620808101948,-0.0181828650470717,-0.013862857776773617,-0.007927777814675735
0.32326795471041286,0.015371004746774419,-0.01550010809691875,-0.0144844368643511,-0.015803851696140757,-0.0037637220792264
0.3233468479806285,0.027146899285566125,-0.00015687211266768902,-0.003497576462228018,-0.008741606610252346,0.0017307081641004653
0.3234257412508442,0.03593976735556395,0.005325665751853137,0.00133135940588041,-0.0044454975206117756,0.003506061491017231
0.32350463452105993,0.03559359610838251,0.008980476211528072,0.005858806543860698,-0.001124451650984239,0.005549321000886119
0.32358352779127564,0.025589483498077572,0.0017787788318880812,0.0024900725960382525,-0.0024188623320510797,0.0033985088612034863
0.32366242106149135,0.013257601628732525,-0.01668969466670343,-0.011878041501901257,-0.004467453089687032,-0.00763598632372881
0.32374131433170705,0.0066735357969121036,-0.018643947854687166,-0.017133316347163124,-0.0032452602478511804,-0.012728686657814105
0.32382020760192276,0.006468585924781722,-0.0028247060280714095,-0.011337635593084943,-0.004333745048809792,-0.007251272806259839
0.3238991008721384,0.007952516237318992,0.00738725399766202,-0.004494893053658481,-0.01142867629172135,0.002328444287895498
0.32397799414235406,0.007453592330781654,0.010215952937617638,0.0006096703900061337,-0.015163089578252012,0.008639921905977926
0.32405688741256977,0.005751275689939405,-0.006049687689497671,-0.01015149752242083,-0.015650897499655782,-0.0001859362900255956
0.3241357806827855,0.0056342237515888145,-0.011281948612944096,-0.01288561490853603,-0.008660316262038415,-0.006240613234119751
0.3242146739530012,0.006429001663884195,-0.0008163446779035491,-0.00428942237945402,-0.008285243246087077,0.0008175468824085972
0.3242935672232169,0.005245674162802006,0.003131241788835201,-0.0008692517244583372,-0.0085022258635675,0.0038217127782396647
0.3243724604934326,0.0020717274568293797,-0.009114244495250235,-0.009525091236470178,-0.00871710930345865,-0.003372213759285126
0.3244513537636483,0.00108859468469239,-0.022998191736719818,-0.018852751255548143,-0.009676708132269608,-0.010736018422701037
0.32453024703386396,0.006579916085731194,-0.0185426404030234,-0.01610076330298505,-0.009649659717847267,-0.008426037435996889
0.3246091403040796,0.0164901149578921,-0.003949049922435907,-0.005465633456987675,-0.00627421897961914,-0.0012531830327944676
0.3246880335742953,0.02330896464061851,0.015295018326937233,0.00620665663567332,-0.005409619346643816,0.008138993056771654
0.32476692684451103,0.02188491262227577,0.030150969191756315,0.011021401394440333,-0.000367751526722037,0.009502999605098329
0.32484582011472674,0.014244070461359101,0.022850094538177938,0.005522477453754952,0.0007050224018166646,0.004285130462440024
0.32492471338494244,0.006542170000872747,0.01580000921329615,0.0019742989405584816,-0.005148333781346033,0.00442551027091861
0.32500360665515815,0.00225015199395338,0.011044139373969272,-0.0018792984120002533,-0.010013589409589345,0.0037787372012398966
0.32508249992537386,0.0008023236446830231,0.0005431451990298922,-0.00930978785551417,-0.014143057968120192,-0.0002830611313087758
0.3251613931955895,0.001472343839732999,-0.0037168165313263305,-0.009939618465146996,-0.0160362944590913,0.00019953553911165908
0.32524028646580516,0.006119718138348411,-0.008619323951362334,-0.010448605762303184,-0.018674713565564625,0.0011835716907139743
0.32531917973602087,0.016747314991951236,-0.010888165382774088,-0.006944090746952638,-0.0170046539938129,0.003248335310779916
0.3253980730062366,0.029430242979137097,-0.00793973502844074,-0.002033420313333042,-0.010662745320958176,0.003996459772642844
0.3254769662764523,0.03567977754172601,-0.0024397544983221072,0.0015944930386030305,0.0018654943976011249,0.00034675391722625837
0.325555859546668,0.03125831772319814,0.005978495711872133,0.005674793129202785,0.013777163546624682,-0.0025905937346279895
0.3256347528168837,0.0197110929197083,0.009128812540677598,0.005673843084878935,0.014551318934579918,-0.003006260920943518
0.3257136460870994,0.008156208322153718,-0.0012825072530976175,-0.0054827444018384405,0.010473977089576286,-0.010241423806432046
0.32579253935731506,0.0023665273902823457,-0.014217036472996741,-0.014655919655785728,0.004837844947583891,-0.01496656780079376
0.3258714326275307,0.0038605099164267624,-0.012716796240940954,-0.010367488805626122,-0.002751519760484779,-0.007279717172377312
0.3259503258977464,0.010525257868040951,-0.006224696281435306,-0.0022062259584894753,-0.013745061842300342,0.005502318259687156
0.3260292191679621,0.020990241726188335,-0.006970429012357667,-0.002226163567140724,-0.016896127386064736,0.007174248283802674
0.32610811243817783,0.03509208795076622,-0.006474787763958066,-0.0006041948525453605,-0.016345012394915294,0.008248438094685074
0.32618700570839354,0.04808400217504143,0.0007705642685178582,0.005509865243774633,-0.010545862070872603,0.01030284194770471
0.32626589897860925,0.051355750960704695,0.012088597607185312,0.011192921863700765,-0.0007245842654974381,0.009838996224144879
0.32634479224882496,0.04148862680914641,0.014138396559282911,0.011472881374284094,0.0030164207074348305,0.008071215880492068
0.3264236855190406,0.02386216477440476,0.005226353957059097,0.00016953680479952536,0.006138575189316751,-0.003145985106237013
0.32650257878925626,0.007966498794757,-0.013543543859741807,-0.01469380631637057,0.0037587626185250174,-0.014420491736584357
0.32658147205947197,0.0005072229063729672,-0.0205198902549205,-0.019147991476276164,-0.005592402216219181,-0.01317301335616709
0.3266603653296877,0.001276630477467533,-0.017936070963999955,-0.017582227742560002,-0.012440486466060514,-0.008182354170284898
0.3267392585999034,0.005007370169395959,-0.00748013097845713,-0.011794598151457438,-0.01606616715089273,-0.0013511705417648537
0.3268181518701191,0.00782882129729593,-0.0005901895306716351,-0.009758737945011897,-0.013817421782437243,-0.0008367089807344071
0.3268970451403348,0.009934012176981177,-0.00619106462265649,-0.01213744142587175,-0.01591209130961312,-0.0017233065963706514
0.3269759384105505,0.011533219692599732,-0.013686342402898979,-0.013071010212733335,-0.0161485737088489,-0.002385124613662789
0.32705483168076616,0.010544598254917473,-0.01937044696593492,-0.01619545487870854,-0.012861647614062813,-0.006785328676060961
0.3271337249509818,0.006099963465953695,-0.019453765362740343,-0.01752273890098934,-0.008096453777716943,-0.010459074291209894
0.3272126182211975,0.0011072993712531697,-0.02435213786960984,-0.021566063688112442,-0.008703596213559425,-0.013549170376038751
0.3272915114914132,0.0007560690493383422,-0.02284255546569254,-0.018553630608376996,-0.007948297462709805,-0.011409153544491133
0.32737040476162893,0.007935298802576584,-0.01493815151785847,-0.011732022831192337,-0.010859306968555884,-0.004088227737431379
0.32744929803184464,0.01876525519177974,-0.001314963746741,-0.0039005734607917373,-0.010953071900667872,0.002575434159372735
0.32752819130206035,0.02540002588382064,0.009038643651691066,0.0009373888865389557,-0.009733943303101617,0.006007161981674597
0.32760708457227605,0.023936038928934547,0.01795046834608905,0.006046293542582646,-0.008134384496494621,0.009463570903254094
0.3276859778424917,0.017251750414372626,0.014378928525307177,0.0036971549786503975,-0.0077707343719767355,0.007285316544195172
0.32776487111270736,0.01035696479240661,0.008682086637096713,-0.0037178983132189754,-0.007402995971748723,0.0008274004212787325
0.32784376438292306,0.0055667376360425975,0.007151200794422348,-0.00808740877360618,-0.0038614964551305746,-0.004759719576958824
0.32792265765313877,0.002731831577746437,0.009254031839151848,-0.0061090955950307314,-0.004113566709501949,-0.0029541915808462198
0.3280015509233545,0.001996308889905364,0.0028049050961362603,-0.008110533132206632,-0.01304639456571105,0.00014207507490309167
0.3280804441935702,0.004739741039043006,-0.004502771332913903,-0.011411420388028117,-0.018047570032368763,3.4254647773085634e-05
0.3281593374637859,0.011098858619749906,-0.000998443469111503,-0.007915204082124386,-0.02051306305376106,0.004308558983528526
0.3282382307340016,0.017373021967873617,0.019459829693137594,0.006622381542178372,-0.015746941288292293,0.01402934145622352
0.32831712400421725,0.018941262050410287,0.03940283884727778,0.021595403763861574,-0.01002636882768662,0.023604935440759613
0.3283960172744329,0.015227364770121543,0.02181377274158859,0.010586899154001067,-0.010563944896432535,0.01459894086486233
0.3284749105446486,0.00943859822011638,0.0023856965739002377,-0.0039019703357224714,-0.008625038738509345,0.0013267817165838348
0.3285538038148643,0.005051366930517088,-0.009902840211145401,-0.012142739094945055,-0.009190692043769032,-0.00532908356330122
0.32863269708508,0.0035974378313512125,-0.010520731768638136,-0.011848923975010466,-0.010625476172538017,-0.004312237230074963
0.32871159035529574,0.004494760032938087,-0.005424692438529704,-0.008490895049635204,-0.01295483316266435,-0.0002282036487972531
0.32879048362551144,0.0069048630174957755,-0.002235576123674501,-0.006435152043453874,-0.015239734519102583,0.0027322812071206653
0.32886937689572715,0.010769086189926471,-0.005407868478525523,-0.007525365866794425,-0.014888191391168992,0.0016232133312660897
0.3289482701659428,0.015239606417495763,-0.001148736459057379,-0.005975173111531328,-0.012130508838579386,0.001454537810043226
0.32902716343615845,0.01802593566879071,0.006945029319893515,-0.0007549433787845791,-0.0082906278792602,0.0038048455081242474
0.32910605670637416,0.017553620134895483,0.009151546990254906,-7.332437604305563e-05,-0.0058872967932296315,0.003092579702345887
0.32918494997658987,0.014226476291999147,0.007508709520810383,-0.003971093777023389,-0.006569745036263519,0.00016713239184974412
0.3292638432468056,0.009796130360978351,0.007265124008967139,-0.0047198429931762835,-0.003590816872035159,-0.002061226566095187
0.3293427365170213,0.0066943986793845155,0.0004782155368860096,-0.007532685550292462,-0.005736713619478807,-0.0032866025227869127
0.329421629787237,0.005852779775051744,-0.014938962784819996,-0.015189297691032288,-0.013116280175900143,-0.005799037598476783
0.3295005230574527,0.005670878372555909,-0.01737374608974981,-0.015299133917491915,-0.013667478370495806,-0.005596507348021835
0.32957941632766835,0.004983599593441281,-0.011107743061164632,-0.011180400785539949,-0.014493091654570283,-0.001675340399070062
0.329658309597884,0.004383872858139872,0.013348646521963423,0.0037900324901169943,-0.012931072944710083,0.010128981880921092
0.3297372028680997,0.004230165517695927,0.03337081805069841,0.015870210310857176,-0.009230798036950306,0.01834516950762207
0.3298160961383154,0.003732878120305492,0.008938453323919054,-0.001040449521265638,-0.01086629414478385,0.0049439675956383195
0.3298949894085311,0.002290645327863774,-0.013829907962220079,-0.016093636531583314,-0.01173331328526956,-0.007303797408151001
0.32997388267874683,0.00061793854695938,-0.020626428750918403,-0.02046605823423175,-0.012337109376103701,-0.010673850107984634
0.33005277594896254,0.0001034993820295133,-0.013695445725594118,-0.015656439223022452,-0.011771050738894192,-0.006914300089003264
0.33013166921917825,0.0013655776275680108,-0.0010678209518827644,-0.00579591117436826,-0.015295955869047645,0.003302233662183435
0.3302105624893939,0.003409063029469126,-0.004687927632906773,-0.0069878628248216034,-0.017515588361967042,0.0034851969629247203
0.33028945575960955,0.005376696817949589,-0.011338425114296108,-0.010792970671763016,-0.016867732168732014,-7.564751231604135e-05
0.33036834902982526,0.008125272607424017,-0.008416042611796438,-0.01061665011498649,-0.01354238657260722,-0.0017086323582958165
0.33044724230004097,0.011815731946596268,0.0026942212790140585,-0.005810346699613836,-0.011329412882211821,0.0011644508021192207
0.3305261355702567,0.01511506241519518,0.009533568273910826,-0.001679955644879665,-0.009437798995704799,0.0036385145011299897
0.3306050288404724,0.017528739285471606,0.008726966196742413,-0.0020203669293449218,-0.009752057752343819,0.003519479345750232
0.3306839221106881,0.019786520454451575,0.008297772102855743,-0.0026085920425573408,-0.010126342827205315,0.003223360177377721
0.3307628153809038,0.022832229173445573,0.009058423769928665,-0.0012289822481629706,-0.00614309914715936,0.002253868343575761
0.33084170865111945,0.026274574150563508,0.01307487425888677,0.002883888187014446,-0.0031086755415386156,0.004100628447562352
0.3309206019213351,0.027202365824231068,0.02013574616848288,0.008286014072802092,-0.0027430818955556766,0.00846594963236648
0.3309994951915508,0.022530753827307907,0.01687601477043582,0.005455626254514376,-0.005673814930893718,0.00764644278583517
0.3310783884617665,0.014237427890195123,0.00769551850647252,0.0010891755721652342,-0.012316369558019536,0.0075191841103096815
0.3311572817319822,0.009436983064319416,0.0039580817467986295,-0.0037579865285658426,-0.01593126471516065,0.005363634258494772
0.33123617500219793,0.012321684136831485,-0.0042896219887256695,-0.008367163566822175,-0.018150886795014018,0.002660806207948379
0.33131506827241364,0.02066631195904427,-0.000824155036797879,-0.0032582846554283233,-0.017275956914588466,0.006506285271037256
0.33139396154262935,0.029903014906433024,0.009665488691585403,0.006870789376725123,-0.016543188061600014,0.014665801732926146
0.331472854812845,0.036351757059367495,0.01573518670371296,0.010397346237876469,-0.01745554037545996,0.018131951516525618
0.33155174808306065,0.03904521137559415,0.024027513780947845,0.01610189990047349,-0.01591604436164776,0.022122561172315806
0.33163064135327636,0.038670719076953755,0.026750977264820147,0.017405961909808004,-0.01193230752297338,0.021089009098673787
0.33170953462349206,0.03427151597317719,0.02602449784643978,0.016200472238964946,-0.010066703851493365,0.01907181758506022
0.33178842789370777,0.024702249622796168,0.015189882655396681,0.0063508253438454955,-0.011215911414705336,0.01137190704533902
0.3318673211639235,0.013470747631214829,0.01112794728706019,0.0007345733471720677,-0.016489327392136877,0.009456181484500881
0.3319462144341392,0.007934923150135964,-0.0071254352469734775,-0.01032542047521166,-0.016305059321563776,1.7719622742974983e-05
0.3320251077043549,0.012122965907435121,-0.00915352319568941,-0.007589862371186672,-0.014288408731075543,0.0012473328007424414
0.33210400097457055,0.02350393590011332,-0.0012942154703246866,0.00213686460344415,-0.014940646926314449,0.009810164252121797
0.3321828942447862,0.03533084676623139,0.008182491308639859,0.011372868972615573,-0.010035737231187173,0.01497948511318844
0.3322617875150019,0.04046665323717811,0.013506645148837376,0.014525758200751667,-0.006004026427521839,0.01548140449263973
0.3323406807852176,0.036933673546448664,0.005780474727703199,0.007517308051989702,-0.006991015690275344,0.010092913390330293
0.3324195740554333,0.02877265412018899,0.003937246929282946,0.002890262518570167,-0.0062532975953644,0.005790950224470955
0.332498467325649,0.02017920129938181,-0.0027577820176600256,-0.00488947711650988,-0.007102994226963515,-0.0003226124349683863
0.33257736059586473,0.012556482273124359,-0.003371350149660699,-0.009911389324127762,-0.005268625038034122,-0.005546030103791127
0.33265625386608044,0.006895428512938312,-0.002669767832267032,-0.0114514921462257,-0.003492279946114854,-0.007798220688496004
0.3327351471362961,0.00547679808483157,-0.012877403669472851,-0.01501450078423303,-0.011752533876760106,-0.00638201246131124
0.33281404040651175,0.009420577315593495,-0.017307550733033656,-0.014175139440481207,-0.014998286081937645,-0.003934085110180959
0.33289293367672745,0.01600862524883316,-0.011861891172152248,-0.008101003454818938,-0.011912289554606992,-0.0004575831385047865
0.33297182694694316,0.01954780671033393,-0.005048069402994735,-0.005246961698178646,-0.006347358409828606,-0.0010293495203427875
0.33305072021715887,0.016121792015972004,0.0036926371899868044,-0.0007195825949182236,-0.00041556692737291866,-0.00038490968233448726
0.3331296134873746,0.009110468494052148,-0.0017251246455809463,-0.0056575083991813185,-0.000569698641699198,-0.004471649588653683
0.3332085067575903,0.006253679870990088,-0.0033608550432634525,-0.009632260798464963,-0.005708357655098179,-0.005074730808456825
0.333287400027806,0.010517735346944992,0.004653863982024145,-0.006337739527067175,-0.00784541820461238,-0.0011477285251260485
0.33336629329802164,0.017556837026464496,0.014748962421520372,0.000185235980481013,-0.004697340703333099,0.00267328774401695
0.3334451865682373,0.021477167152991153,0.019107392579258038,0.004766274547546388,-0.002876486377271458,0.005565582727958606
0.333524079838453,0.02169657458242247,0.013739195588674775,0.004325598838479386,-0.005768947909829718,0.0067433123367033575
0.3336029731086687,0.02186353220886468,0.009425873502115337,0.0006126737862599725,-0.0010318955714640364,0.001070201861248771
0.3336818663788844,0.022624473587742673,0.012684679228000812,0.001064748559901137,0.011700384295654195,-0.0053704204849657645
0.3337607596491001,0.019779010727809687,0.021903488574005547,0.006140362205142896,0.02051269033921911,-0.005807299751352013
0.33383965291931583,0.010892304338865847,0.018228416594810802,0.0042988670809632834,0.02051142082064942,-0.0073617585896927976
0.33391854618953154,0.0017406369875480937,-0.0009228910748569199,-0.007544793101851156,0.011318108986643335,-0.012434709185642634
0.3339974394597472,0.0017033816078637152,-0.01625688521238789,-0.018130899713973473,0.001227189303908087,-0.015966688085564257
0.33407633272996284,0.013863437969655949,-0.00805441228908845,-0.01015221614203483,-0.004529529623902298,-0.006145368135061586
0.33415522600017855,0.03151686795024062,0.0056182863621237564,0.0033904307288815366,-0.01035504950838249,0.008411151408859011
0.33423411927039426,0.043360671639177915,0.016635041944163043,0.014379208320355047,-0.012655193883820061,0.01892107029285447
0.33431301254060997,0.04405084801408726,0.014704247267897758,0.01232874430233874,-0.0098096122314683,0.015665338341993167
0.3343919058108257,0.03720355567566644,0.008687697882232573,0.0054310537047366015,-0.005749788401583465,0.0076664032260755546
0.3344707990810414,0.027810155848000548,0.012146524955068166,0.00399183065507911,0.0047377830155735405,0.0008319667586074938
0.3345496923512571,0.017536781973079105,0.008342234563055216,-0.0015649133475617136,0.01310292718147991,-0.008342380778341698
0.33462858562147274,0.007323947240350448,0.004411860589935624,-0.005781727002262804,0.016162472665547194,-0.013542314165495567
0.3347074788916884,0.0010880046086422215,-0.005157586936554899,-0.012739157838074439,0.009594672760964068,-0.01589667450524296
0.3347863721619041,0.004321400595229437,-0.014372523322242054,-0.014363358950768975,-0.00375703840493927,-0.0101153300020504
0.3348652654321198,0.018518898072160023,-0.014131621357154598,-0.009492537469025005,-0.010635007454863137,-0.002317117202492538
0.3349441587023355,0.036594569813836804,-0.0060917374686136234,-0.000596835817752597,-0.013072474443751411,0.006500801458145841
0.3350230519725512,0.046255403376388685,0.009447542126449306,0.011621982673747035,-0.011637143890214289,0.01604785413203453
0.33510194524276693,0.04184129899018074,0.011639309283382988,0.010135256450408046,-0.00990974614854765,0.013867103907255639
0.33518083851298264,0.029048091033326038,0.00042062949322396997,0.001560469196430917,-0.008797565212186925,0.006031485449136882
0.3352597317831983,0.016751499896651995,-0.007561331530962487,-0.005960184307106658,-0.007644322141971925,-0.0009366661114737762
0.33533862505341394,0.009977529993798664,-0.016955839902123866,-0.015639599685524124,-0.009025864628075265,-0.008370698959006715
0.33541751832362965,0.010293985859942421,-0.01372758864157638,-0.013837986276073817,-0.009615136612728368,-0.006533405908297327
0.33549641159384536,0.01872677979631181,-0.005097605440383776,-0.005189090188531544,-0.010182580082884436,0.0010745275840305158
0.33557530486406106,0.0358084105521338,0.0029882410450670946,0.006605374889473496,-0.012187428694008632,0.012107424192880242
0.33565419813427677,0.057802511377906596,0.010660520803326617,0.017805943544864197,-0.01646268566785135,0.023853926506901945
0.3357330914044925,0.07364854565720305,0.020532586220495763,0.026299505539953635,-0.015001857202460559,0.030241088911594983
0.3358119846747082,0.0708813759201052,0.03317302647853216,0.033875016225444726,-0.010279320117021292,0.03410815587749522
0.33589087794492384,0.049605670472083654,0.01761098480232252,0.017702607650603212,-0.010898719279134333,0.020785724388703793
0.3359697712151395,0.02361175927063298,-0.0013583582361289394,-0.0019243014061105337,-0.014076237968458194,0.005917852693471616
0.3360486644853552,0.005850934070911575,-0.013592961307695777,-0.01451915549755219,-0.01495822437464673,-0.004246131664500403
0.3361275577555709,0.00011517890470439782,-0.011162492048406324,-0.0145648668530866,-0.01641915968880612,-0.0035019751161826907
0.3362064510257866,0.0033341842549893135,-0.0003175183916047071,-0.006791894630464765,-0.014674134752777247,0.0021279142893387403
0.3362853442960023,0.011798725708811611,0.003424688800903277,-0.001410120460066992,-0.016725189632054,0.00777169359746726
0.336364237566218,0.024633826585940176,-0.0014878966127588166,-0.0021508738437882057,-0.013373179633899428,0.005349763100112037
0.33644313083643373,0.0402540092647502,0.009766912829640893,0.010775709100315696,-0.009979807106395665,0.014445356633187524
0.3365220241066494,0.05201869754476845,0.029163091428702926,0.02420467131043623,-0.0009137139183111706,0.020927979583796462
0.33660091737686504,0.05136465667502364,0.02793780352120931,0.019934896690875958,0.0033589581956407037,0.015033826778323874
0.33667981064708075,0.037307526644377864,0.028010748598150944,0.01528796030162596,0.008144815713854576,0.008545684340306541
0.33675870391729645,0.018373664447759046,0.012750624609137123,0.0006039275902339396,0.006039120664433394,-0.0027259186374594445
0.33683759718751216,0.0045324737895680945,-0.00743263456385995,-0.011771971481501308,-0.006462366909871569,-0.0064776663588790835
0.33691649045772787,0.00039174629180602964,-0.020044008247970556,-0.019809478481677426,-0.012729477970029742,-0.009909014062008956
0.3369953837279436,0.003122431676937421,-0.025153099402992297,-0.020508051367865848,-0.013002350783566057,-0.010353004371713439
0.3370742769981593,0.007001678513623453,-0.02339226442040825,-0.019591266064805657,-0.00525971956290657,-0.01372558632673119
0.33715317026837494,0.00987460753748513,-0.014203332687911336,-0.013872049054155271,0.0002919241789939642,-0.011869443702883765
0.3372320635385906,0.012594316307059188,-0.008621655425162524,-0.009879675906006084,0.005550653659996244,-0.011315746778844829
0.3373109568088063,0.01499009449475362,-0.002659917454002759,-0.008669328537993425,0.011247953735621982,-0.013346524934537014
0.337389850079022,0.015075792915819355,0.010137740579017222,-0.005648903892130368,0.01868238423452714,-0.014780783611974463
0.3374687433492377,0.011744587426613426,0.02443221151671229,0.0006777854306317017,0.022729060648240394,-0.01160831237615191
0.3375476366194534,0.0065089992988421,0.022384218975322803,-0.0011562772455419885,0.016885312858248448,-0.0100244779821976
0.3376265298896691,0.002177531758690042,0.015697357162469252,-0.0025095559830119163,0.004865949222509822,-0.004726137454606756
0.33770542315988483,0.00028496310627691143,-0.003697063712506608,-0.010701959507544252,-0.010196754815901099,-0.003573294717317813
0.3377843164301005,3.5862981711811144e-05,-0.014737970383990695,-0.01648056563784748,-0.015499276799721696,-0.005613077774430287
0.33786320970031614,0.00078186662803728,-0.01823084265480662,-0.017988628777750412,-0.014894040039722013,-0.007211281291209443
0.33794210297053184,0.003403190593675271,-0.02314226643311593,-0.020587301483561127,-0.013218425904783036,-0.01030421931107399
0.33802099624074755,0.008411967781620266,-0.018887038396237534,-0.016931634890421182,-0.010252562315694906,-0.008804852627716792
0.33809988951096326,0.014976076377329565,-0.01990097427198343,-0.015956371220273047,-0.006466314831320287,-0.010009345708177414
0.33817878278117897,0.021311454593829465,-0.01004644635802024,-0.006447600360067039,-0.0033225077804171234,-0.0036638598917311843
0.3382576760513947,0.026372686801954863,-0.007995567904998536,-0.004351988177998952,-0.00439373315527795,-0.0013204170872474393
0.3383365693216104,0.030880688990770455,-0.006119331587477264,-0.001390363406834835,-0.008336778520421952,0.0032930546533120296
0.33841546259182603,0.03507989052561131,-0.003466232778463142,0.00014305799543924325,-0.00818806749586735,0.004508114492131067
0.3384943558620417,0.0367122219432409,0.0008994577652975236,0.003527501619072143,-0.009424664335982026,0.008028326051893084
0.3385732491322574,0.033053600872947876,0.0015395760697953368,0.005220336132075624,-0.0092902980441036,0.0093855963654217
0.3386521424024731,0.025995537874512184,-0.006496139630790419,-0.00043888540148767917,-0.017807021731678387,0.009171616912228007
0.3387310356726888,0.02079299241519262,-0.013522675379766596,-0.006935011490627188,-0.019244140493130547,0.004456261643521968
0.3388099289429045,0.020658669868126037,-0.012622190932510716,-0.008787276273345685,-0.015713039075859695,0.0009995281559291797
0.3388888222131202,0.02647490243491218,-0.003774645115394646,-0.0002643644238669179,-0.01565109863943931,0.008163474004151324
0.33896771548333593,0.03619540830349896,0.003413047227916024,0.006685686952444741,-0.015356425907259089,0.0138734975935984
0.3390466087535516,0.04512644064818182,0.012620570565898477,0.014828582290279316,-0.01827462393228591,0.02231158715092347
0.33912550202376723,0.050622528980320436,0.010969630016531819,0.015615784005395471,-0.020212372715699516,0.024014551605474437
0.33920439529398294,0.053289800402213025,0.01727380757670826,0.019670786790304578,-0.021172136894829274,0.027951572801421486
0.33928328856419865,0.05502935665482307,0.016995135588135066,0.01999241628155008,-0.017724914919494694,0.02637587740692063
0.33936218183441436,0.058277394948507255,0.020496717609423728,0.022166249297622283,-0.01976171521423591,0.029302060636170413
0.33944107510463006,0.0646319327516302,0.033679468898500646,0.028820574319853305,-0.021693444890860482,0.035953194918387804
0.33951996837484577,0.07087048397200552,0.04173798054086836,0.031402811710492355,-0.017831519750012684,0.03606426448748698
0.3395988616450615,0.07095014303010874,0.0523557654485737,0.0364789185308357,-0.01797931987870116,0.04042805121386541
0.33967775491527713,0.06467087347854975,0.05088756442060136,0.03458451199603736,-0.014417473749254698,0.03692221771085223
0.3397566481854928,0.05625285553522094,0.03956371713207571,0.028455869055667694,-0.014990173039481925,0.032055139098655476
0.3398355414557085,0.0471859282254667,0.02471368292001103,0.019562321676189605,-0.01508303380719168,0.02459736970660186
0.3399144347259242,0.03763362453199391,0.0116836155290658,0.009200048423764942,-0.01440980024955823,0.015488919431715584
0.3399933279961399,0.02977975015274384,0.008172399431714664,0.0038249941943037514,-0.01221937923511226,0.009777107389909225
0.3400722212663556,0.02708937891998311,0.009454098970069269,0.0030142373627708116,-0.013354115696246243,0.009700685296409661
0.3401511145365713,0.03286268029112938,0.0177945151771736,0.0054184177672455406,-0.010663371712693442,0.01028860237159295
0.340230007806787,0.048610100046238745,0.04765845346902617,0.021809609261978214,-0.005303901116683359,0.02125648437736236
0.3403089010770027,0.07070953102353,0.08469250747066255,0.04311852566446489,0.00036886091315241375,0.03621920708509325
0.34038779434721833,0.09013926296784855,0.12333093913015535,0.06842233547863372,0.007933566384387858,0.0535812328776741
0.34046668761743404,0.09837584980233958,0.13599204816031993,0.07804938085592249,0.014176756180197893,0.058411900888743234
0.34054558088764975,0.09225339966054479,0.12527550105123839,0.07567818676010656,0.005714751109361751,0.06090765585679181
0.34062447415786545,0.07474981406287907,0.08723707543378464,0.05367780458672882,-0.00012816552690218217,0.04540957910383678
0.34070336742808116,0.05358685741806348,0.05006806392236739,0.029757759033863178,-0.00545047651307219,0.028046602932575125
0.34078226069829687,0.03656981123350643,0.02662597766553473,0.014724815531410498,-0.004799491015713642,0.015004192942723876
0.3408611539685126,0.02546250126564022,0.007628263437289073,-0.000787290341008311,-0.005410644355837468,0.0022343437475051318
0.3409400472387282,0.016190928558773087,-0.0023951965426206806,-0.0070043424168023906,-0.006237987729528676,-0.0025718847691217996
0.3410189405089439,0.0071276029155672715,-0.01621326908813842,-0.017640139798133943,-0.006509797138161467,-0.011408116117841604
0.3410978337791596,0.001280790196209531,-0.0140007669598673,-0.018432209300150965,-0.003739671504715441,-0.013560818928260642
0.3411767270493753,0.0004165253662413212,-0.0011838878865972386,-0.014015207470679775,0.006683839338918888,-0.015414531313375324
0.341255620319591,0.00206753831198312,0.011972699857993983,-0.007052485060661193,0.010586944711406036,-0.011627268186835245
0.3413345135898067,0.002895218603480227,0.017952259378607397,-0.002018475694196454,0.00996481224923334,-0.007043670691029138
0.3414134068600224,0.003903601886508095,0.01740360875548397,-0.00014876287344643325,0.0009750609771579275,-0.0006480507128764064
0.3414923001302381,0.009304260177095453,0.013401662706218861,-0.0015523328159477864,-0.0045841011757605165,0.001145502756152507
0.3415711934004538,0.020599888341111965,0.014751869713323788,0.0036291476518550926,-0.006055584716379415,0.006308869255441978
0.34165008667066943,0.03298112140089077,0.011899857713007974,0.0048168426307471915,-0.008772126463052315,0.008767266495089042
0.34172897994088514,0.03787610104533656,0.011661007275056784,0.007514810863564827,-0.00999292875934425,0.011699300047795366
0.34180787321110084,0.032437307146238006,0.012507670314112049,0.008597182577276274,-0.009453202425305599,0.012323922206999583
0.34188676648131655,0.022771984892273667,0.014179465535002782,0.004850219243582843,-0.008169497954469635,0.008472534731805936
0.34196565975153226,0.016264036371545162,0.016222367627753975,0.004726880153537954,-0.0031943740572527015,0.005702645124379704
0.34204455302174797,0.016577979328895733,0.012219261547303266,0.00012948752367642608,0.0006613993076430361,-0.0002450504646017881
0.3421234462919637,0.025010630243093336,0.021606610170157053,0.006577902679310499,0.0015074518643087456,0.0047463614456414935
0.3422023395621793,0.0423859407880434,0.039990714806614716,0.02309209908155162,-0.004081074276329825,0.021684549210444316
0.342281232832395,0.06794744909326283,0.0701203721437377,0.04705634686678059,-0.00934437806796228,0.044739547101867616
0.3423601261026107,0.09636491074974536,0.10127998733481051,0.0722462695784545,-0.011962304623757327,0.0674208553852132
0.3424390193728264,0.11477591658398413,0.11078444144901058,0.08237250776835775,-0.011993597369025171,0.07599893210338632
0.3425179126430421,0.1087490502881072,0.0982978636631054,0.0711958955289961,-0.009605232648854552,0.06527658132586604
0.3425968059132578,0.07905711205002558,0.06847046302030886,0.04740468271748555,-0.009729429455968545,0.04523962724022602
0.3426756991834735,0.0433692773158769,0.03574545477217444,0.022913691709874482,-0.009711004244880255,0.024549022493692015
0.3427545924536892,0.020113249532940778,0.019472419389931012,0.01073201323610614,-0.015951610571600272,0.017608485140778507
0.3428334857239049,0.016433525623120858,0.01641466906161842,0.005206839426817019,-0.01495679186367701,0.012410784888521686
0.3429123789941205,0.03036054785986982,0.025709687963130227,0.00966450092866195,-0.0166016835174144,0.01705567279613126
0.34299127226433623,0.05925361863620388,0.05933417791934026,0.03501895141749709,-0.013810894611147397,0.03696429244394951
0.34307016553455194,0.1013580877325109,0.11042216782181342,0.07337871294935384,-0.010570064906088007,0.06763617814419902
0.34314905880476765,0.15194841186970792,0.18204537067930066,0.12453348979502436,-0.0011780432995403866,0.10600430202376923
0.34322795207498336,0.19586943307924587,0.24361904377371535,0.16265366072377932,0.01383341745786274,0.1306594582825826
0.34330684534519906,0.2068310432178993,0.27347566269680096,0.17596149962057858,0.01855440806723863,0.13962776208884464
0.34338573861541477,0.173150863947522,0.23602606472343796,0.14663007493559882,0.017919187187437534,0.11481161809451464
0.3434646318856304,0.11537497684618957,0.16099609952063226,0.0971611625127074,0.008276153883388294,0.07775922470039756
0.3435435251558461,0.061772204307507086,0.08487696282530857,0.046661387997128066,-0.0017778745250947297,0.04036082214452923
0.3436224184260618,0.027095643627496984,0.03491504817346445,0.013988449222355693,-0.00891670822996584,0.016588181250869163
0.3437013116962775,0.011661474295714094,0.014619282505273612,-0.0005853208025341252,-0.011888193047338904,0.005875874109698352
0.3437802049664932,0.01023716454910941,0.0073057573706008065,-0.005583282581274848,-0.010667969263484305,0.0010017564350404782
0.3438590982367089,0.018934422375894055,0.002692775929139175,-0.004475131738710374,-0.007560524896429012,0.0002724115841424048
0.3439379915069246,0.0345830625089229,0.016893246650807783,0.006926556209778166,0.0017258842754831131,0.004923722217607262
0.3440168847771403,0.05011560561421482,0.04813356138021846,0.0271639486806816,0.017101195700346714,0.013781872917001609
0.34409577804735597,0.05346376007091,0.07066409391087757,0.03621872912777788,0.028222860298679094,0.015483350804260347
0.3441746713175716,0.039646664995793564,0.07911717096683937,0.037237400695319944,0.02554305702484489,0.017779735071791446
0.34425356458778733,0.01953529705757679,0.05673684712358826,0.01980330846917095,0.01029533633476897,0.01120760389048018
0.34433245785800304,0.005505770261882638,0.028173510579066117,0.003421621487057402,-0.001620083902346879,0.003757061472340556
0.34441135112821875,0.0005466936611635796,0.0027429984816779752,-0.009496581947352324,-0.011326415406704786,-0.0019500682953217554
0.34449024439843445,0.0004577090391405582,-0.011272550322235,-0.014386311744710011,-0.012195376910298632,-0.005614174878050381
0.34456913766865016,0.0006214046537011225,-0.012879310421701191,-0.013266478656265962,-0.012428093528839617,-0.004543666649135812
0.34464803093886587,0.0006875646920948273,-0.00986089642335136,-0.010652841961708117,-0.011773445629980374,-0.0026870281283881913
0.3447269242090815,0.0024198884775202285,0.002614900051021211,-0.0028875493780838673,-0.007973157339822437,0.0018340384295140735
0.34480581747929717,0.00552809321931007,0.011400194764699813,1.2002770125778717e-06,0.00042818312750357134,-0.00022840985835212728
0.3448847107495129,0.007883117000568481,0.014759591316327496,0.0007870293475498439,0.010944424465628008,-0.005199813257673741
0.3449636040197286,0.010125272784991706,0.021729325079156855,0.004092311552579656,0.009304177784764155,-0.0015299683423584873
0.3450424972899443,0.015916043633402432,0.02275952630810729,0.004710126737772269,0.001151685612729043,0.0033598991028889386
0.34512139056016,0.02682911950863412,0.03015087832265488,0.013798962117435865,-0.0078025522354936636,0.015831292123699117
0.3452002838303757,0.03886632785054043,0.03502508794667236,0.020540762010577328,-0.01102252330096381,0.023248130814303363
0.3452791771005914,0.04249057496209965,0.028012568401023116,0.01723837715086257,-0.013070497702534545,0.021557316994144673
0.34535807037080707,0.032087330025491426,0.014677083792068035,0.008746676637116027,-0.013313872850042692,0.014518874297380666
0.3454369636410227,0.014515424335277407,-0.00714495502668862,-0.009405106767755838,-0.010087344979537243,-0.0025367231798518242
0.34551585691123843,0.0018758549117556971,-0.016110944475896276,-0.019349892941599695,-0.008661193135816864,-0.011699878892123436
0.34559475018145414,0.0013853032510164457,-0.016578328894574793,-0.021079215247525502,-0.005584067238077063,-0.014808625138085202
0.34567364345166984,0.011459835689393974,-0.003830001403273768,-0.01190640891587299,-0.0041112821211130735,-0.007850752707982408
0.34575253672188555,0.026924634738802883,0.017148509057864865,0.005074268704432521,-0.009034832149085795,0.009125381342767807
0.34583142999210126,0.045185110246507974,0.03716162641492777,0.019059754366627737,-0.014553611137133401,0.023889482532216514
0.34591032326231697,0.06440333974581086,0.06445000422271681,0.03821887322988151,-0.014326234575314093,0.03994164195005215
0.3459892165325326,0.08149189981771686,0.09259445382994344,0.0563336922295329,-0.007638467381889578,0.05166564422410083
0.34606810980274827,0.09032290540083014,0.12634513051007873,0.07485634572355637,0.0018355302570522444,0.062277590356043556
0.346147003072964,0.08419584680811802,0.13687071475579726,0.07476778474390705,0.00453770526336159,0.06076349836858523
0.3462258963431797,0.06476321845691606,0.11703679199718645,0.05528195781293054,0.0011462484011885805,0.046085148549569244
0.3463047896133954,0.0418632946224531,0.07866937318680715,0.031945581493148516,-0.006072155151086332,0.03022697180908489
0.3463836828836111,0.025450659522962965,0.03912387438676763,0.012232550911353456,-0.011379329527574943,0.016425180827215936
0.3464625761538268,0.01965107269803991,0.013168448845029037,0.0030196715717195313,-0.01808885569704595,0.012242855038101852
0.3465414694240425,0.021782147982498473,0.002330192901822578,0.003294863617970735,-0.02083611803547534,0.013947801039466025
0.34662036269425817,0.026829032922843506,-0.00018341901588565592,0.0017978600162992175,-0.019103005060895357,0.011754855564921295
0.3466992559644738,0.03139236890869402,0.0008270741062754491,0.0009349260851847146,-0.01643624739906809,0.009596898643752615
0.3467781492346895,0.033684789333880714,0.004532150763358774,0.0011639799124516846,-0.008976966022789452,0.005792849048362541
0.34685704250490523,0.032605711484160194,0.016485888833158435,0.0059067629593171425,-0.00214591430084145,0.006137101442954051
0.34693593577512094,0.028827038994930103,0.02507295510837519,0.005790242100481259,0.0045041296860015186,0.002475695513440349
0.34701482904533665,0.024970880120723318,0.028830491892697926,0.004566619819034053,0.006114829922958679,0.0005794691254794375
0.34709372231555236,0.02339837634005567,0.027206492247270057,0.006380347768973094,-0.003334603301580264,0.0071738550587109404
0.34717261558576806,0.025373032571788297,0.018101135381853754,0.00780886777695597,-0.01745517763770866,0.015946545776706064
0.3472515088559837,0.028819394896774316,0.013807707020454326,0.011912017669475796,-0.02511490862508032,0.023516161548739613
0.34733040212619937,0.02898363580407258,0.0069338130945540135,0.010250752636861876,-0.024395079620405113,0.02172796214233644
0.3474092953964151,0.02401962492457413,-0.0072362603837008,-0.0007446127246867527,-0.017929453082589204,0.008979091126095884
0.3474881886666308,0.016218941333909706,-0.01893732193965267,-0.011743110626934223,-0.01439796288932267,-0.002201572821109964
0.3475670819368465,0.00890149456092067,-0.02093736147347406,-0.01691932948681743,-0.015751808365913635,-0.005848430759656759
0.3476459752070622,0.0035570704235146915,-0.016403287443436682,-0.016956147507027435,-0.012897754295878057,-0.0074085390544827295
0.3477248684772779,0.0014395350013170305,-0.009234606495513643,-0.013651135104789634,-0.007126657225182749,-0.007708742588100582
0.3478037617474936,0.004903830292548103,-0.012931998879231965,-0.014680091562978698,-0.004228413115370369,-0.010130296154500302
0.34788265501770926,0.015601879091590052,-0.011622406844323708,-0.008566353639169128,-0.006931876999310204,-0.00351910581106096
0.3479615482879249,0.03193257625329219,-0.007750044307353674,-0.00010947256968022031,-0.011288525721916336,0.005956306724332117
0.3480404415581406,0.04569204693104826,-0.0019035572243266444,0.008712148376897046,-0.014826443950580774,0.015300296997308659
0.34811933482835633,0.04691836537639341,-9.775995206052304e-05,0.010953481461518226,-0.015141820268450968,0.01736148515294647
0.34819822809857204,0.03631881461651582,-0.012330033713055449,-0.0008027571328389938,-0.011609029036075065,0.005542680292591678
0.34827712136878775,0.022371716547677847,-0.01949394573449682,-0.009292292985175624,-0.014259261430367848,-0.00020601765630383004
0.34835601463900345,0.011456506989616236,-0.025771287145432163,-0.017890552306819078,-0.015478517463000349,-0.006815310350618937
0.34843490790921916,0.005214358901878652,-0.025953364205971507,-0.02053061855434052,-0.0158958829297749,-0.008822148611678562
0.3485138011794348,0.0023256113320332472,-0.017266334298717836,-0.015368823562035696,-0.01702330367187541,-0.003857392209155343
0.34859269444965046,0.0012194103505209857,-0.017089478754609415,-0.015613584108216033,-0.015414807472624989,-0.004925965855211937
0.34867158771986617,0.0014046644650366645,-0.014234722086605096,-0.014426376747774805,-0.014818463338504543,-0.004242645899826133
0.3487504809900819,0.002660749815884034,-0.01095901031337004,-0.011723371132113544,-0.013067168735044155,-0.0028979630097814187
0.3488293742602976,0.003900019836945426,-0.013480579607775997,-0.014642369780447377,-0.013390161549237507,-0.005190336525481441
0.3489082675305133,0.0046293594191136956,-0.00901165289871339,-0.015405009500696966,-0.011001674836540897,-0.007114104223481448
0.348987160800729,0.00686103954168189,0.008793335091479402,-0.006778700724675739,-0.011225551030084114,0.0002910758023002564
0.3490660540709447,0.010989944994702464,0.03085257471380278,0.0051640973671899,-0.01270658807487823,0.011168793445185891
0.34914494734116036,0.013709100553431263,0.03539603143137275,0.006779928917056617,-0.009200957732022183,0.010654481220645908
0.349223840611376,0.013089608050303316,0.022771350515250696,0.0022767552799442866,-0.013907925089235055,0.009374813328169704
0.3493027338815917,0.009965298860965414,0.00404815194752954,-0.005544807043134783,-0.016467849629358433,0.004142327466172665
0.34938162715180743,0.005972735114864921,-0.010079449665668493,-0.01368460784394451,-0.015908071255128588,-0.00303227759082509
0.34946052042202314,0.002709508648629762,-0.014432197945986743,-0.015827175958603213,-0.01571589700158062,-0.00494507608574058
0.34953941369223884,0.0007077588578478147,-0.01885067581515723,-0.019802108952289708,-0.01379080647680703,-0.009334285984632616
0.34961830696245455,6.745037630774171e-05,-0.024018013701293146,-0.022596928249345154,-0.013872029285549895,-0.011651989462764543
0.34969720023267026,0.0029316950613922916,-0.020780664040515418,-0.019305266389993293,-0.012285944558679436,-0.009720648913661284
0.3497760935028859,0.01189747244350739,-0.01227441206310824,-0.014234290739126987,-0.012024614796434711,-0.005577260795229917
0.34985498677310156,0.025843137876106224,0.005638320820189391,-0.0013962625097888959,-0.011257498162698994,0.004853168039374152
0.34993388004331727,0.038182209872891316,0.025245677534733252,0.013722488737951871,-0.01241293392903248,0.01823685065708294
0.350012773313533,0.040901699170904325,0.02478140283439934,0.015072894565787157,-0.008753944077856382,0.017416551347330958
0.3500916665837487,0.032082812536392176,0.012613966337958894,0.008538883299807726,-0.00854052810410123,0.01178567205377058
0.3501705598539644,0.017421348035184307,-0.0040813647092769675,-0.004430154010699595,-0.008115361391131391,0.0006076863476957486
0.3502494531241801,0.005292924119241327,-0.01389853156753633,-0.013373392746700265,-0.004490413119036552,-0.008886457741781126
0.3503283463943958,0.001210461312473637,-0.019397483626314774,-0.019233634040568104,-0.0042698922474253545,-0.01395367989268566
0.3504072396646114,0.004934136810557242,-0.02080616503475732,-0.01983108255274644,-0.007510404842439383,-0.01272269176878808
0.3504861329348271,0.014178796110873198,-0.014578883366761691,-0.011216287923829263,-0.01435799805784005,-0.0017780379593948777
0.3505650262050428,0.027432936973952337,-0.008847025849587369,-0.0013757063347660838,-0.018019975236538987,0.008494725889604385
0.3506439194752585,0.04262943079041458,0.0005380945094846077,0.010995202131764442,-0.01621676446087829,0.017972766808140753
0.35072281274547423,0.055733631539987595,0.007316474844787162,0.016861055581610922,-0.008685818186004859,0.018889760912958405
0.35080170601568994,0.060605843087609905,0.010994151509938727,0.018098289668185656,-0.002099872691440565,0.01640658113465342
0.35088059928590565,0.05529145125240595,0.006588029525240303,0.014486841727474185,-0.008763337063306405,0.016926792958837644
0.35095949255612136,0.04553165474645639,-0.003116343871572864,0.006224281817361136,-0.013705874390066677,0.012599396521229081
0.35103838582633695,0.03835491963720221,-0.007138490044906775,0.0031046380121733676,-0.015462134702541607,0.010906752103264465
0.35111727909655266,0.0368573635664619,-0.0060499913784596016,0.0018752878648072794,-0.010610304006630811,0.007268671484528774
0.35119617236676837,0.04054055046010207,-0.0011100359230238573,0.005530605245736178,-0.01548596753300399,0.012967733376099265
0.3512750656369841,0.04716969834593729,0.003736324574298258,0.0125742109473496,-0.02288968272130956,0.022882202939014887
0.3513539589071998,0.05403093015644449,0.007059662582836965,0.014637829833667055,-0.022423646896142277,0.024374263439922255
0.3514328521774155,0.05846796768350125,0.011703800486722591,0.017073426995769983,-0.012201039337176001,0.020952248228449877
0.3515117454476312,0.056296525014595526,0.00420994887303042,0.011541148737865705,-0.00011665110109332783,0.0098073429397061
0.3515906387178469,0.04251256871797099,-0.008338364434253114,0.0009018471802981817,0.004623870043458292,-0.0017160485568956576
0.3516695319880625,0.021538277703338347,-0.02145695996242832,-0.01100397715529823,-0.001120665199258223,-0.008690887334322883
0.3517484252582782,0.006986249814768151,-0.023688894209974123,-0.01622900528303403,-0.010436880109550578,-0.008112643764165671
0.3518273185284939,0.006776014961351862,-0.010904455601714982,-0.011710214839737675,-0.021307294418179912,0.001528840812562129
0.3519062117987096,0.017770505849548573,0.013820500450583945,0.004381427333901997,-0.02149317972049741,0.015217391520145238
0.35198510506892533,0.030409400104799412,0.03336114894422022,0.021101731895319525,-0.02140624695618788,0.02928477520533404
0.35206399833914104,0.03752352035210819,0.04033887561982873,0.027450466248337378,-0.023238239584501982,0.03562448493504721
0.35214289160935675,0.03808563503333501,0.03414451229389122,0.02297174802721117,-0.0239825123197375,0.03224359419484842
0.35222178487957245,0.0343252540352624,0.023455527794449694,0.01346672956215683,-0.01871497795166554,0.021397994928385053
0.35230067814978805,0.02880767671636971,0.0115033897373678,0.0037989765228626407,-0.012025898218863473,0.009651456515956443
0.35237957142000376,0.019800538182413438,-0.0029198695303442987,-0.006531927995800418,-0.009170167094079484,-0.0006018815804858819
0.35245846469021946,0.008206413142946888,-0.018137858059346503,-0.017648530310187732,-0.012491014687298563,-0.008211293350456662
0.35253735796043517,0.0021682167470174415,-0.024867242076688324,-0.02255135836862182,-0.014583806893929019,-0.011232264305199465
0.3526162512306509,0.006883797435989502,-0.011989640000253337,-0.013198183999919249,-0.017530491202160752,-0.0017520524277671505
0.3526951445008666,0.02022410418554451,0.005104950752890181,-0.0004520895368749275,-0.011345487496362059,0.005697542044387274
0.3527740377710823,0.03225726294833248,0.017414793652121646,0.006703905609981197,-0.0010448047035998508,0.006220204592381687
0.352852931041298,0.03206961616109833,0.025338196541632295,0.010160777868089456,0.006054174672606257,0.00533575843400952
0.3529318243115136,0.020604772802208213,0.013966015336463248,-4.7016268872907064e-05,0.009955772649823974,-0.005374253805346359
0.3530107175817293,0.00771272923828352,0.004863212884693534,-0.007292820881863937,0.01056754514973236,-0.011819783454059957
0.353089610851945,0.0019471589523039408,-0.0006631518487103478,-0.014150137391526213,0.012086685767135,-0.018423078044914932
0.3531685041221607,0.0037544868630116834,0.0006075430220900146,-0.014489455099871753,0.010653108311443019,-0.0179414571680746
0.3532473973923764,0.008114268566292503,0.007400980401043559,-0.008669231944203897,0.002091983285120677,-0.008440677504098708
0.35332629066259214,0.01270093650437058,0.005123264586358662,-0.004383502959419365,-0.007107022483606108,0.00010678517814100191
0.35340518393280784,0.0174552758678519,-0.0034709982373741497,-0.0035420435053502004,-0.018013781440520356,0.0066621229515848816
0.35348407720302355,0.02167513159896341,-0.005589546403099889,-0.0021422067706194205,-0.02006521124730277,0.008943755996104155
0.35356297047323915,0.022251867140996872,-0.002949263241817424,-0.0006886258919898362,-0.013566002967645457,0.006687782821584042
0.35364186374345485,0.0165954472375054,-0.0034297960148027356,-0.003626750587371931,-0.00902331478631582,0.0017725860038425001
0.35372075701367056,0.011150082905243382,-0.011594240908021164,-0.011048570618124198,-0.010540788107448457,-0.0036816859307930005
0.35379965028388627,0.015194571614915947,-0.010738382457583642,-0.009505794365397856,-0.0101301300248557,-0.002598828398037879
0.353878543554102,0.02823571875707342,-0.0002313427157484907,0.0013671213362060099,-0.014020893798129971,0.008667329364262876
0.3539574368243177,0.04285973238165959,0.01141706357029105,0.012646202754770191,-0.014688110694245053,0.018547354013033947
0.3540363300945334,0.05422164184939385,0.022668305105183147,0.022441046630384574,-0.018138547106063708,0.028664350036763906
0.3541152233647491,0.06040114422098767,0.02383663237633134,0.025409060788757896,-0.014849235502784885,0.029407672160263715
0.3541941166349647,0.060087510719384486,0.016973315683328216,0.021493502745029227,-0.014797790216558264,0.02607477430338212
0.3542730099051804,0.05375097696486404,0.011011555167002229,0.013711458183843474,-0.011153652977869381,0.01755281910762235
0.3543519031753961,0.0418946845589216,0.0015602763972362107,0.0033198921134812488,-0.00392816276818668,0.004907849656957967
0.3544307964456118,0.02477839855191303,-0.008165783924941519,-0.007203027204460763,0.0022590247448090396,-0.007292192511907895
0.3545096897158275,0.010283342805385216,-0.022521706515237473,-0.02122690157196394,-0.0029241570066178314,-0.016357877636930054
0.35458858298604323,0.008811688337826017,-0.021478486081646028,-0.01689336440452172,-0.015789968720918538,-0.00580605180831303
0.35466747625625894,0.021444042560575406,-0.0063778253886615476,-0.002854483087334672,-0.02501201530840925,0.010994208200972756
0.35474636952647465,0.03894592244476738,0.019085886211538873,0.017178717806584233,-0.020697247058756148,0.02559364999371844
0.35482526279669024,0.05019209092607291,0.033463316840322194,0.026968541904590915,-0.021437074887989547,0.03425281395077653
0.35490415606690595,0.05092720672753256,0.03848786207739409,0.030553378276311716,-0.020339558462806745,0.03669045527597877
0.35498304933712166,0.04258663112735771,0.029823390504954396,0.023558256741544412,-0.020651101869304078,0.03095347886692804
0.35506194260733737,0.029698179004388682,0.013479706700499304,0.009412040638070385,-0.013910135311263994,0.015400126240837959
0.3551408358775531,0.017185031546163448,0.0022933740971975004,-0.0030015401053633496,-0.01197421524066462,0.003881776668684895
0.3552197291477688,0.006356924119043091,-0.005655539833173999,-0.013202774716335172,-0.005631883642581551,-0.008130873997912565
0.3552986224179845,0.000379159298088782,-0.01091026158176006,-0.015074891551388973,-0.006836250437043989,-0.00906672498621545
0.3553775156882002,0.003978523722446138,-0.01339293232668874,-0.010840055334111224,-0.01921696909837776,0.0011435475180198219
0.3554564089584158,0.01652136152860232,-0.008024372148639892,-0.003857891408111055,-0.02051419100722572,0.007735633074984241
0.3555353022286315,0.030267497374090253,0.005718347347276802,0.003957282235060729,-0.0169417107777981,0.01241962388388241
0.3556141954988472,0.03571815309980831,0.020709653792605823,0.012173107534196254,-0.009728961282250877,0.01549072794292288
0.3556930887690629,0.03059754210918891,0.025795444519766328,0.012031315968736064,-0.002159806695927894,0.011315806847645098
0.3557719820392786,0.01962881034861233,0.017940580269540964,0.0019480111134652946,-0.0010891454878376543,0.0022283554186602675
0.35585087530949433,0.008978469398767251,0.008349498934481744,-0.006034017039332741,-0.001834771566293408,-0.004111749405816596
0.35592976857971004,0.00282899369841959,0.0017739594707702562,-0.012705439651747528,-0.001929327398794602,-0.009694403815342053
0.35600866184992574,0.001533968751962297,-0.00025229345129624485,-0.015514196519212478,0.00026091838023655623,-0.013239487991511773
0.35608755512014134,0.0034190440727530935,0.0017048107856484618,-0.012102102604507855,-7.85419519585763e-05,-0.010176437493377632
0.35616644839035705,0.007438963082644329,0.0021494961739093937,-0.008088334278538832,-0.005404960908537606,-0.003933548323637269
0.35624534166057276,0.012303680165996528,-0.006421984003901611,-0.008867696293482608,-0.014682333169696426,0.000379277383298523
0.35632423493078846,0.01491588913358524,-0.012976643544128204,-0.010059888425841351,-0.014298337450298605,-0.0008333476824527758
0.35640312820100417,0.012363913549068559,-0.020993336596481716,-0.014560593148405972,-0.013464094065756075,-0.00508165317013665
0.3564820214712199,0.006798879791305104,-0.02559461857074907,-0.0186453325362238,-0.009720956765834924,-0.010537114207486568
0.3565609147414356,0.004069634045877431,-0.02772193201653977,-0.022160329243048043,-0.011661122459814488,-0.012467240712976868
0.3566398080116513,0.00815093910649231,-0.01876331556689572,-0.015186262865021026,-0.010979316206258883,-0.006941323207907822
0.3567187012818669,0.017310464155078028,-0.014633085534941224,-0.010004245460683675,-0.012387054815458732,-0.0018104875837151747
0.3567975945520826,0.025428197177671932,-0.00856300559542043,-0.0030898654285240966,-0.016452889482168297,0.006207373136337545
0.3568764878222983,0.028697766599921744,-0.008703163055627633,-0.00408330891893439,-0.015270807058205806,0.0047349629558426296
0.356955381092514,0.027070526678966967,-0.005582533988646685,-0.0025069179960646214,-0.015088897647607055,0.005968602164193947
0.3570342743627297,0.022691525717845246,-0.00994702493633498,-0.0062913259086195,-0.012636394740663942,0.0014586483917921036
0.3571131676329454,0.017792617125607996,-0.014229450262197603,-0.009527273157615075,-0.01135763368713547,-0.001959259928901194
0.35719206090316113,0.01325769641421341,-0.014097606444686788,-0.01047369637129674,-0.014343530795677899,-0.0011586165104528826
0.35727095417337684,0.010877797380700932,-0.016793333332881983,-0.015366605212874591,-0.013257493666839332,-0.0058731484367688415
0.35734984744359244,0.012367526853379482,-0.010646486327169689,-0.0095992540657172,-0.014188028056023,-0.0005034290936604739
0.35742874071380815,0.017683001483551432,-0.007864847420034203,-0.004494310481994951,-0.016472627672175152,0.005031991228693023
0.35750763398402385,0.024636496251247208,-0.003357942729522711,0.0035970926182223324,-0.0156443421517498,0.0114201843281094
0.35758652725423956,0.028333883640980047,0.0036212717765500366,0.008297390347733212,-0.01907525488343329,0.01722728947358172
0.35766542052445527,0.02559359045465303,-0.002948642760156306,0.0003798823178546962,-0.02243175009902864,0.012341992479010506
0.357744313794671,0.018281818896101257,-0.004519083554515249,-0.0015403624894106775,-0.019493755315377472,0.009145642996800233
0.3578232070648867,0.010500319993285363,-0.011942138830704163,-0.009851112317155141,-0.018931184012615003,0.001825674882617844
0.3579021003351024,0.005151582146823256,-0.019641731469771287,-0.01720348575137546,-0.014704522730845188,-0.006649549049680713
0.357980993605318,0.002371742542375326,-0.02092283356375096,-0.01878221594804809,-0.010161154898921125,-0.010416949896336864
0.3580598868755337,0.0016643909107197973,-0.01968410677040611,-0.018896600430342265,-0.012417626726287599,-0.009304890674632582
0.3581387801457494,0.00328532033223886,-0.019356348352944155,-0.0186523853721803,-0.012403387987267749,-0.009106218393976486
0.3582176734159651,0.007163463417529094,-0.01414372350645451,-0.012859683285636189,-0.013522909118044317,-0.003613498306300125
0.3582965666861808,0.011240849487715154,-0.0132228307759565,-0.007583720423232359,-0.015313130048168429,0.0018016534106423112
0.3583754599563965,0.011763981980675792,-0.012263827291420016,-0.007673887115591261,-0.01822503270987933,0.0032860513196426486
0.35845435322661223,0.008882442290152044,-0.011318513801699407,-0.010300699448243002,-0.016264290177295797,1.6751414905408972e-05
0.35853324649682794,0.007612691702818741,-0.005183245210559149,-0.009928407168617773,-0.020462983445356603,0.0025813579107205895
0.35861213976704354,0.010053871996499411,0.004792036318850695,-0.006009007497035448,-0.014378574057119462,0.002630653752508859
0.35869103303725924,0.013471817491746235,0.012067089946369715,0.0024632122802859175,-0.016492272769354013,0.010917297572423807
0.35876992630747495,0.015564696188498034,0.01230814293058396,0.0032759530534432505,-0.022481151951687067,0.014813700883005362
0.35884881957769066,0.016099587097408625,0.015171196345081414,0.0052906276309263485,-0.017312082950984617,0.013743843019520096
0.35892771284790637,0.015661661740184518,0.017677333510670537,0.006259840285752409,-0.009439553557235037,0.010343223621636756
0.3590066061181221,0.014552412012179786,0.020360830941158627,0.007796755511235763,-0.008235210475026455,0.010995506231671127
0.3590854993883378,0.011906072462833556,0.01868739070265688,0.00938705529225626,-0.003947582022137547,0.01004093526543537
0.3591643926585535,0.007764401976032103,0.003372867996310955,0.004295770703217646,-0.01336029212469117,0.010785994179944133
0.3592432859287691,0.005658128888253475,-0.009257889543051269,-0.0026293860924208306,-0.021442683152917027,0.00927075567719013
0.3593221791989848,0.009615444939143004,-0.017311609353598937,-0.01065225872976582,-0.02044219274598314,0.0019588172172428954
0.3594010724692005,0.018661358752411098,-0.012412841409449538,-0.006641808524158678,-0.02158428704510946,0.005958208975861998
0.3594799657394162,0.026695539281657923,0.00015277783872563464,0.0062675708428240025,-0.021603842934907195,0.016869085480736765
0.3595588590096319,0.02871941577142341,0.003508019273948839,0.010577289593135782,-0.017852999560416655,0.01849687308180269
0.3596377522798476,0.02448699768932561,-0.0023351898367679684,0.004126162010732231,-0.013123037015674232,0.010515648842389293
0.35971664555006333,0.01668057590649373,-0.011759298545014042,-0.0057316859442547675,-0.01111502970991066,0.0011159970184669425
0.35979553882027904,0.009017944082087882,-0.017100519981842064,-0.015857997647206575,-0.006173782257094021,-0.010082965940626774
0.35987443209049463,0.0044160668983739566,-0.019107685837757113,-0.016966817877474408,-0.0010195447696452473,-0.013780259422531261
0.35995332536071034,0.004626225470013335,-0.021042281057078217,-0.017402467292557313,-0.008870411220658273,-0.009942915158084702
0.36003221863092605,0.012217275215865896,-0.012322395872726849,-0.009890496913732475,-0.007320043513691468,-0.004429307461364565
0.36011111190114176,0.0285680224899521,-0.008135265855963183,-0.005171185800792407,-0.013014956331337738,0.0026074079850338175
0.36019000517135746,0.04900366061970066,0.01167863864477882,0.011569316279162285,-0.011365990789044263,0.015858101332497664
0.36026889844157317,0.06121982429852963,0.02396204557511627,0.02282513256730885,-0.005523939393236774,0.022231819179548522
0.3603477917117889,0.057276662477950935,0.019585640966912482,0.02194518688723663,-0.00347628344781611,0.020392177763922416
0.3604266849820046,0.04224361748744482,0.014695078371514958,0.019221426761271657,-0.004041716487238061,0.01839504938636454
0.3605055782522202,0.025185772654028733,0.002509698449313714,0.00791571533607101,-0.015291615509670547,0.014877210463514947
0.3605844715224359,0.012649716212246835,-0.0057863369662812265,0.0007377320139876057,-0.015897952037593192,0.009141896217881754
0.3606633647926516,0.007192895113970624,-0.01188342744991345,-0.006993445743374279,-0.018219052329907653,0.003857501345915887
0.3607422580628673,0.008099355579938843,-0.010058949211847235,-0.007918367612067479,-0.014843201498612549,0.0012672111646905035
0.360821151333083,0.013995636405646548,-0.008258308187475073,-0.006067226044048552,-0.016072471664783348,0.0034892626745053773
0.3609000446032987,0.023338753659791822,0.0077064323280458405,0.00935581503425701,-0.014900374042419541,0.015883318697327863
0.3609789378735144,0.03242169179118908,0.007887173526780726,0.009140355178884698,-0.011257390702928742,0.013749251700324218
0.36105783114373013,0.03435481912466764,0.006998888014536939,0.007664446584458281,-0.004193018730785346,0.00871798712305802
0.36113672441394573,0.025793486534711394,0.00014042503458323773,0.0026625054756763853,-0.001982394608125101,0.0033102382574768533
0.36121561768416144,0.012417439196091173,-0.010409860458602508,-0.0060159709078318,-0.006789684122608287,-0.0014416968987285123
0.36129451095437715,0.002725961688599698,-0.018937112267193138,-0.015863453864335315,-0.013705761053637192,-0.006052669754526476
0.36137340422459285,0.0014143396793883712,-0.010389981437267853,-0.012619852107312753,-0.019858023144969515,-1.6251092652991793e-05
0.36145229749480856,0.006714825963409149,0.003963463788382837,-0.004522210200993732,-0.019960961268325157,0.006878093984492318
0.36153119076502427,0.013006743618954446,0.011457117582770899,0.0007257145698684386,-0.02201975813992049,0.012413132805313505
0.36161008403524,0.017227987161818656,0.017202871688214556,0.005679637227892364,-0.019608326363863674,0.015303045276786956
0.3616889773054557,0.019162441380036192,0.02028785102529759,0.0063654356366235265,-0.01970503908386243,0.01593386442001135
0.3617678705756713,0.0196880381980827,0.024597545257016854,0.0081623125669418,-0.0072594900602689204,0.010781342487199566
0.361846763845887,0.017225022161876352,0.02001693449485771,0.003327395020000276,-0.001681762218616732,0.0037105497897788643
0.3619256571161027,0.009420289469134932,0.017673497552169154,0.0005298346698058853,0.009853697885750495,-0.004832492072973995
0.3620045503863184,0.0014951514725918549,-0.0043995143047907475,-0.013330735623115314,-0.005909003463979541,-0.008090478839889587
0.3620834436565341,0.0009435260187441255,-0.015870963812095608,-0.015650235929372692,-0.011349966579398138,-0.007134644304067007
0.3621623369267498,0.009063630055724997,-0.017130031317921908,-0.013895574359497521,-0.01941233689940638,-0.0013327280661879339
0.3622412301969655,0.01922788190554433,-0.0010885138356329512,0.0014879589874910624,-0.009669817582607133,0.006437664242551286
0.36232012346718123,0.022697004887002572,0.0013485019163789423,0.0011936404977591997,-0.013319647524161442,0.00814504571194223
0.36239901673739683,0.017916593620861492,0.005868912914321618,0.003836870993323235,-0.003073033583421518,0.004886166675515819
0.36247791000761254,0.009669390316203192,-0.011772579796876426,-0.010393643029248719,-0.010364300436093215,-0.003223148466244904
0.36255680327782824,0.004154091122199403,-0.013377545558733547,-0.01404257086159101,5.209439036408552e-05,-0.01188495818645413
0.36263569654804395,0.0038333990705090573,-0.009020248528519645,-0.013182528321466661,0.014462295938658842,-0.01887911521548975
0.36271458981825966,0.00613823966721796,-0.009234787157947478,-0.01551288892953726,0.011656447040882093,-0.01934303620574636
0.36279348308847537,0.010992777130636818,3.3191985612516686e-05,-0.0035216354881816994,0.006214798632905854,-0.006303404833581733
0.3628723763586911,0.02010798770319507,0.004390017522213485,0.0025036118802397,-0.003180918946925859,0.003818256764214576
0.3629512696289068,0.03318048227332917,0.00435446437091285,0.007790002984721863,-0.014897816339511233,0.01456003586798526
0.3630301628991224,0.04596912721540237,0.010781932982575472,0.013142771263049934,-0.011715873358046268,0.017373947377892534
0.3631090561693381,0.04807141558521272,0.01556556534297964,0.012853670173234055,-0.008863983162983593,0.015601868406089799
0.3631879494395538,0.035870314106177206,0.009657633818601888,0.0046849682912621935,-0.00333178462436135,0.0057408824133542416
0.3632668427097695,0.020202126068307825,-0.0019618473461774713,-0.0028689606220603705,-0.010897694317051614,0.003416847419344237
0.3633457359799852,0.012552062981326353,-0.0040538380091584844,-0.0040673280455222165,-0.009210042203988545,0.001500622534826456
0.3634246292502009,0.015597963511967563,-0.009786719498175847,-0.008278564014415155,-0.006217840920192367,-0.003658656044042667
0.3635035225204166,0.0251042097935322,-0.0060732843090817,-0.002516400461396898,-0.008347321788722124,0.0023479178964047483
0.36358241579063233,0.03649603818580501,0.0004631190014041186,0.00437644479264263,-0.01639039136891472,0.012478028797278497
0.3636613090608479,0.04656222776434099,0.011147277103940726,0.013317874347398471,-0.016239366673479017,0.0199456420585017
0.36374020233106363,0.05391134030198598,0.020742409964434865,0.020623947367925527,-0.013200032153187456,0.02448479911735045
0.36381909560127934,0.056609393710549634,0.022348659596003077,0.018500980009241667,-0.004398794246237506,0.017977977266294735
0.36389798887149505,0.05008112446487878,0.01332816301723674,0.011574955819210118,-0.0007186370397030119,0.010158391382613187
0.36397688214171076,0.03539241987325571,0.006612606215028926,0.0051128659312577075,0.0012635722722643742,0.0036400064920730836
0.36405577541192646,0.022733816450753168,-0.004876376072618856,-0.0049047316784639056,-0.005130528373147357,-0.0013923617505677212
0.36413466868214217,0.020863269595866436,-0.007439989969722635,-0.005681129076202264,-0.011384721709536551,0.001303204154447644
0.3642135619523579,0.029093230350465633,0.004383297669873608,0.006305001990933814,-0.01788934343404511,0.014909630975142092
0.3642924552225735,0.040443395233616064,0.017463752813613568,0.01812058032143756,-0.02131803446419692,0.026721328660185735
0.3643713484927892,0.049182288969317346,0.029643478202418003,0.02655847970264831,-0.017641115664366273,0.031873305304801945
0.3644502417630049,0.0524553269600994,0.03362467199106093,0.02949303222529114,-0.018450015133094005,0.034783509145580385
0.3645291350332206,0.050424017844400884,0.03634468817750562,0.03033540095998285,-0.019859381021160017,0.03624930977497777
0.3646080283034363,0.044865354873668994,0.03629471163976964,0.026369006607807877,-0.014818212790384812,0.03020140195297464
0.364686921573652,0.03457139732232705,0.024732438349207544,0.012133900859639607,-0.011154459403620521,0.01622140831239124
0.3647658148438677,0.02024529026759002,0.011670521692470045,-0.0008076489199570446,-0.01095592216003181,0.0051885642679520725
0.3648447081140834,0.010541322142277912,-0.0008534937681572056,-0.0073939657060469845,-0.014871482843732707,0.0017252270146191
0.364923601384299,0.013870833452178311,-0.012036112518603143,-0.009966294937904983,-0.01866505854752821,0.001585765544369295
0.36500249465451473,0.027990922802887792,-0.011010608088717845,-0.000899991043724984,-0.019506345002029454,0.009693115160432749
0.36508138792473044,0.041548578063668434,-0.006937269444122408,0.005345967949278697,-0.01851625086716524,0.014435981087767507
0.36516028119494615,0.047556075653732675,-0.0006344764003814468,0.009361761129927353,-0.013237585401080072,0.014997274707833606
0.36523917446516185,0.04596889419506885,0.002315651800428818,0.0072678242514536,-0.010453935364075127,0.011737801710562856
0.36531806773537756,0.03985794206507387,0.0033533072925199083,0.007277803056720306,-0.00868079305963281,0.010796111599855612
0.36539696100559327,0.0341793090641887,0.002344555779930725,0.0022558072960241855,-0.001486116190749324,0.0027009388372012714
0.365475854275809,0.028829127702803936,0.008770533090332301,0.0024909151091897937,0.007895255011966867,-0.0021272022815510315
0.36555474754602457,0.02025890332161227,0.005200335751353264,-0.005482489920560812,0.005975307400788199,-0.007830667673778286
0.3656336408162403,0.010306922107166792,0.0046329706665590034,-0.006719158118014598,0.009629974712449012,-0.010833056916857573
0.365712534086456,0.003274274214638119,-0.011504194847085073,-0.017995510395670718,-0.00356941605546083,-0.013283201446610687
0.3657914273566717,0.00042538185589567515,-0.01817252935115314,-0.018584834281983202,-0.008211322134235857,-0.011294625923498456
0.3658703206268874,3.2083786887576126e-05,-0.027275474886700266,-0.023041405563315683,-0.013784955607355182,-0.012074164718949953
0.3659492138971031,0.0002089064403738782,-0.026287660106679572,-0.022938775802295742,-0.01240270732263926,-0.012727739927135204
0.3660281071673188,0.0015153596553834025,-0.019246619100211828,-0.018651073294232164,-0.009999821878663202,-0.010392591658352164
0.3661070004375345,0.006021886236631124,-0.017351466548862614,-0.018138178789136022,-0.013647954343101988,-0.008005151760241677
0.3661858937077501,0.01348853263292475,-0.0019498939388354784,-0.003308873809429963,-0.00327486171707196,-0.001039145495021757
0.36626478697796583,0.019638474022911075,-0.004178268453839463,-0.0023660414701000055,-0.012661605359552677,0.0047867478269714775
0.36634368024818154,0.02142715311570505,-0.0048214427965352115,-0.0016711927999468372,-0.007206375164398131,0.002450220357242431
0.36642257351839724,0.019569641664373087,-0.009128564504512996,-0.00604217696777027,-0.010439705453737243,0.0004919385427163513
0.36650146678861295,0.016091894866485792,-0.014256078360941908,-0.010445226163297289,-0.00975118215342685,-0.0035952133630586963
0.36658036005882866,0.013276611003283093,-0.015120823709822716,-0.01137090677839631,-0.012113210737438365,-0.0031114182479226957
0.36665925332904437,0.012859175997334665,-0.01704670431873202,-0.014764106342331081,-0.016839593387875943,-0.0034450017797318486
0.3667381465992601,0.016688354288832072,-0.005420950194734842,-0.004498255537268069,-0.011432485386775522,0.0023276461130418134
0.36681703986947567,0.027176731106754358,-0.002165937857686754,-0.0009293779048601843,-0.013020189182917287,0.006191995615195089
0.3668959331396914,0.04458053593905239,0.005277289226941551,0.008549499599469266,-0.012782778274931019,0.014067807867153934
0.3669748264099071,0.06322936619840559,0.021969827983019576,0.025246115417662075,-0.014044763163543786,0.028839242641622027
0.3670537196801228,0.07408656314683809,0.03275407497324422,0.03838254520768383,-0.015855295795525512,0.04089811652906251
0.3671326129503385,0.07360709027785363,0.028648238508876336,0.03489736230610281,-0.016886406494338823,0.03850798362357527
0.3672115062205542,0.06403907530004486,0.02281189765548796,0.026221914693711906,-0.014194623317280747,0.029743252540953283
0.3672903994907699,0.04950382427757145,0.015549867841354181,0.016187510784239,-0.016505905030699427,0.022510899631300325
0.3673692927609856,0.03558941445975272,0.014147317522740397,0.012814476285086408,-0.012549062195471309,0.017543224008166457
0.3674481860312012,0.02639472313579926,0.008891387754171202,0.004128698845909611,-0.017710706242489098,0.012976512357759698
0.3675270793014169,0.023675101702378572,0.015843928117102935,0.005183490668391251,-0.014740261282609923,0.012275027662892997
0.36760597257163263,0.029160433743389894,0.020066487648572533,0.008863631569744458,-0.020850105750136204,0.018656650065319493
0.36768486584184834,0.04416340114966755,0.03198969340886554,0.022591396227926108,-0.019858622936362643,0.02971282350625252
0.36776375911206405,0.06565824317196493,0.031048683187980493,0.028653368250372346,-0.019413026667437216,0.03459058142139519
0.36784265238227976,0.08374061994653624,0.03347583222657512,0.0387060671017459,-0.017435942217112487,0.04201716597191995
0.36792154565249546,0.08959541822725921,0.029650825082491714,0.03826679273345933,-0.01233322774994836,0.03891558255592052
0.36800043892271117,0.08430384675690852,0.02112986175523645,0.03198845141434548,-0.015248528914522663,0.03517555555536106
0.36807933219292677,0.07299453467732378,0.016459744641616477,0.024856114185985725,-0.0191151398572215,0.031226006991350704
0.3681582254631425,0.06070979912700565,0.018198066065507265,0.021582431663352525,-0.01641104987445752,0.027014097427876863
0.3682371187333582,0.05235048039621326,0.015554551374227886,0.014802270890663088,-0.015927680815152095,0.021031700907061492
0.3683160120035739,0.05014873581193788,0.024831801772513304,0.016715531425927164,-0.007966704921985767,0.018381666983791307
0.3683949052737896,0.052776090865551774,0.041786037334619185,0.02622076331395827,0.0005994752795673852,0.02182048026540211
0.3684737985440053,0.05556455870337688,0.04664715845654765,0.024761594815677003,0.006583222498664776,0.01738405418649141
0.368552691814221,0.05250038214985065,0.04697598245874637,0.024342713539010213,0.014625306815805221,0.012723636371367529
0.3686315850844367,0.041793611639540755,0.030452326416075783,0.013515715730479218,0.009569439950636095,0.006285708985570314
0.3687104783546523,0.027268475484655313,0.013421655273768839,0.0041143135149206865,0.008525099529757864,-0.0010939302196745703
0.368789371624868,0.013738453323628759,-0.005399745514178342,-0.009416120105694778,-0.00382587955350622,-0.005900776608236688
0.36886826489508373,0.0046847979155731755,-0.014545045198769395,-0.01655672871162615,-0.007789173469341221,-0.00980777483793678
0.36894715816529944,0.0008988699292393203,-0.016528394400020418,-0.020403505439871534,-0.011481344563118424,-0.011079371404314036
0.36902605143551515,0.0001297841145095747,-0.016272174938355775,-0.018977329180221957,-0.013412038738588206,-0.00884041265430658
0.36910494470573085,0.0006512131529307269,-0.02109249346021093,-0.01932130769017172,-0.016730964100272132,-0.007353086683930238
0.36918383797594656,0.002869713489749124,-0.024973248794848982,-0.021866565185964998,-0.009802115447644196,-0.01321469348542912
0.36926273124616227,0.007110509021287938,-0.018939545696304152,-0.017142797768206812,-0.0004471395961025268,-0.014235469905897953
0.36934162451637786,0.010932656576767329,-0.008402358426363239,-0.009376225433543791,0.008306563825014338,-0.012367269356797253
0.36942051778659357,0.011753157033374782,-0.013623837404963429,-0.012159499877099696,0.0009709644125159983,-0.01078714770986726
0.3694994110568093,0.011324266643931434,-0.013650694755002397,-0.01181952625691932,-0.007182396998286743,-0.0061320739254685005
0.369578304327025,0.013060579355182633,-0.012358345776295267,-0.012226650764441262,-0.015104965872447404,-0.0022311428471992988
0.3696571975972407,0.019397816420418556,-0.005940528922181404,-0.00724308702255129,-0.01727843516194099,0.003142556283227718
0.3697360908674564,0.028564654598860477,-0.0009648474291746329,-0.003290296175779733,-0.010889988219670422,0.003056946596477429
0.3698149841376721,0.032906546074608065,-0.0012602465834467601,-0.0006897661028845802,-0.013466847129619916,0.006633681485618119
0.3698938774078878,0.028587830497559835,-0.0041440505322330465,-0.0008432938164857631,-0.014249039866852841,0.006923236929006191
0.3699727706781034,0.019272183418882247,-0.01417255232047003,-0.009603299176098517,-0.016837156379098054,0.0009127546702779411
0.3700516639483191,0.01013249451885104,-0.022653823489505932,-0.018774022530396953,-0.013139650368269605,-0.008814577031374261
0.37013055721853483,0.0046899029439837776,-0.019075151272119416,-0.019215730348945217,-0.00891517447763846,-0.011450518215358883
0.37020945048875054,0.003832259558916238,-0.010676755642491422,-0.014742772504125522,-0.008446210542234689,-0.007923777463328863
0.37028834375896624,0.006670679383315446,-0.0020162417549780395,-0.009625661245719501,-0.013980618218229723,-0.0006368718814816646
0.37036723702918195,0.01239248380331701,0.012938813108239067,2.469273340508288e-05,-0.018319413594586477,0.00983768415705038
0.37044613029939766,0.02015312817558082,0.027588426146831456,0.01055354789656346,-0.019072085541243202,0.0191302130679888
0.37052502356961337,0.028248737160117537,0.032274473385050524,0.012250004590164591,-0.015955620666749642,0.018892112893804748
0.37060391683982896,0.03445843663449613,0.02403961288995168,0.009334607056330449,-0.013487409031850703,0.015108223974866747
0.37068281011004467,0.037985027283256353,0.014250775761479213,0.006432527585898868,-0.012997739191080266,0.01239572544760183
0.3707617033802604,0.03943415730349063,0.005818765363082801,0.0033755346458764807,-0.01564938449332563,0.011235826006654494
0.3708405966504761,0.04132933910078245,0.0012176732508642095,0.0025360905208019163,-0.020836140768269697,0.013307181318041062
0.3709194899206918,0.046971031700316856,0.0071214859109599805,0.009365164707179277,-0.022391746831336358,0.019906427120152344
0.3709983831909075,0.057175303294026175,0.021233394935714488,0.019555612292739877,-0.022987623813451617,0.028827312747687392
0.3710772764611232,0.0689920889535577,0.03650080806862511,0.02905056005038336,-0.018822897431958616,0.03460974918725777
0.3711561697313389,0.07779469378171776,0.05712832112044357,0.04150838710529329,-0.015523179591399556,0.04335929068663387
0.3712350630015545,0.08216657889759933,0.07615105438209424,0.048583585427476025,-0.0013039809485075337,0.0417319332544871
0.3713139562717702,0.07878027827066143,0.0772060693664137,0.0428592813598533,0.00908732557234879,0.03133797156370155
0.3713928495419859,0.06134213974785348,0.07177498619931438,0.034143620571001856,0.019082515506805207,0.01862129863011529
0.37147174281220163,0.035389249970751296,0.05007584966835024,0.019098587114382816,0.014972315511694546,0.008107037608930789
0.37155063608241734,0.014154538840865585,0.016781611786250972,-0.0029308828647849365,0.007268829875197835,-0.006369399777004201
0.37162952935263305,0.005923992436542121,-0.005373904943410575,-0.013237601496722816,-0.006408123886591726,-0.007744439437129432
0.37170842262284876,0.011028293359621539,-0.0077029092546143955,-0.007004495323624501,-0.01860026247163139,0.004052482138712078
0.37178731589306446,0.02209230131847653,-0.007453315826281833,-0.0006815373529868551,-0.017077128491403932,0.00857552106770644
0.37186620916328006,0.03167219703583953,-0.0015426312025423677,0.006884937008520825,-0.018138119961168715,0.015532574597263414
0.37194510243349577,0.036503628962981226,0.0019042054010270052,0.007325338058457572,-0.013723318942211028,0.01353832506832712
0.3720239957037115,0.037363253134096754,-0.001246350931542694,0.002717263611665195,-0.0019301689483770274,0.0033284898374631253
0.3721028889739272,0.036438839458521055,0.0008112563612804654,0.0008929473217547525,0.007943944661306023,-0.003502553727764151
0.3721817822441429,0.030220640528741603,0.006795246592919949,0.0008246583046377251,0.01789162031787196,-0.008891224644335945
0.3722606755143586,0.017424038621306103,0.0001277676113343528,-0.008680516458383263,0.01695827202581591,-0.016416090904554575
0.3723395687845743,0.004997087450221723,-0.005239790001628904,-0.013813661025015734,0.009808039598240743,-0.016918154115654605
0.37241846205479,6.71582242841573e-05,-0.00915419136401009,-0.013355373918780607,-0.00923985613884439,-0.0063268621338577755
0.3724973553250056,0.005020472558357096,-0.01596746855812035,-0.014960926632176474,-0.015609057622740983,-0.004270582572911598
0.3725762485952213,0.014529670663197075,-0.014417590396717195,-0.011633508585906274,-0.022004136586565356,0.0019671199820727263
0.372655141865437,0.01970934550291287,-0.009764795232049933,-0.006310338755597358,-0.023371019346241508,0.007195939654883887
0.37273403513565273,0.01824134393706029,-0.01837012104716154,-0.01170867617780558,-0.021288980391444126,0.0015203249642573278
0.37281292840586844,0.012985169431814863,-0.024263556516949912,-0.01667324768230013,-0.020732709017397034,-0.002971767194865024
0.37289182167608415,0.007650191147787117,-0.0256098069276443,-0.019099625086778795,-0.017690151280725482,-0.006651931957846566
0.37297071494629985,0.004540981830875813,-0.020720868085602504,-0.018466246545121443,-0.013773236485987935,-0.008215177974531604
0.37304960821651556,0.003630719915600231,-0.007997166061498773,-0.012562475159207203,-0.013346300120274114,-0.0034571011872223073
0.37312850148673116,0.0048064223624499315,0.0031255245804207026,-0.0030293046623621365,-0.017883126468051853,0.007025067451675466
0.37320739475694686,0.008039027153414187,0.005060869163830304,0.0012382669421169999,-0.02454664073755493,0.014200616076101324
0.37328628802716257,0.011021138297704281,0.01052212163756914,0.00536828531800909,-0.01599063642821438,0.013101164854927955
0.3733651812973783,0.010043693756627971,0.007050472554111851,0.0009898473997574722,-0.019584148749004333,0.011330528234637347
0.373444074567594,0.0053180710579986785,-0.003371143813571119,-0.007350271634338392,-0.01686389407867333,0.00282987239835086
0.3735229678378097,0.0012227543835998439,-0.015433195851628436,-0.01504943418889141,-0.016515102566326316,-0.003859889962805054
0.3736018611080254,0.002520203298914894,-0.022656783994344686,-0.020223070502330742,-0.01486619851699849,-0.009113880274834188
0.3736807543782411,0.009901000563084713,-0.019676387974061134,-0.0167882982394154,-0.01692821351112731,-0.005107462756654655
0.3737596476484567,0.018025701776818184,-0.009029996156426544,-0.010201215583028904,-0.01498691271379741,-0.0005837318274154062
0.3738385409186724,0.022656925895272736,0.0030417176728019506,-0.0012363575603235634,-0.017535230554549062,0.008352574772951357
0.3739174341888881,0.023521046320012277,0.0068733505078622,0.0003018116308449865,-0.0161569568519902,0.008912643190433674
0.37399632745910383,0.021615835943728,0.012304554145897121,0.003036563854670193,-0.01682541822431154,0.011579937311598948
0.37407522072931954,0.01933599070388899,0.01674169866381429,0.0025398462969710126,-0.013923145559654952,0.009605102173271263
0.37415411399953524,0.015621208233708175,0.015977297698729947,-0.0006783670866397883,-0.005600886141672381,0.0024282487507675038
0.37423300726975095,0.00813826431568599,0.017373385827895046,-0.0025909632679749343,0.004522577441338297,-0.004610887772107466
0.37431190053996666,0.0011407047279718132,0.007774646730554187,-0.010401546679950004,0.011084202938952306,-0.014721222274367972
0.37439079381018225,0.001601500829586837,-0.005767973610241642,-0.0139969847472812,-0.003588203684808145,-0.009896379909317755
0.37446968708039796,0.01243069638215098,-0.007398946695001785,-0.00800351056783562,-0.01019850498640435,-0.0012935485221548606
0.37454858035061367,0.02723434964030515,-0.005411035885548467,-0.0017064575520576704,-0.008471084432800594,0.0030981241826024907
0.3746274736208294,0.035860582854205986,-0.008485650532727087,-0.0007342584954734954,-0.019603998866963252,0.009885401458867973
0.3747063668910451,0.03589130838054239,-0.006655812297459148,0.0007044947529456727,-0.018742685033508746,0.0106385523600702
0.3747852601612608,0.029469302742574807,-0.009699465912280695,-0.0033671656301733823,-0.015134391481543196,0.005266583359972868
0.3748641534314765,0.020119606872413903,-0.007738982513039413,-0.0058155902267932125,-0.005592879661893655,-0.0019137486822537017
0.3749430467016922,0.012087597568882077,-0.010058039813948672,-0.01182891089073895,0.003802976247797276,-0.012025207915384091
0.3750219399719078,0.006215306149737401,-0.012226551971531517,-0.015523888390111708,0.005825881243014416,-0.01622871522297414
0.3751008332421235,0.0025458819129153694,-0.017094836474266614,-0.020934153306753328,0.004416558273578248,-0.020042024185830887
0.3751797265123392,0.003066241030445814,-0.014464610637973415,-0.01759011866150094,0.0031050722357509842,-0.016515897991619937
0.3752586197825549,0.008462111090531148,-0.01143638116648387,-0.010989101228880256,-0.004803897463314186,-0.0067050744793230735
0.37533751305277063,0.016854302000337284,-0.012432771086242338,-0.0070769650165768486,-0.01641050611749397,0.0028177033089134946
0.37541640632298634,0.02539965297032442,-0.01381626931710833,-0.005144576122343831,-0.019717652831787332,0.006222101858641747
0.37549529959320205,0.030933242454874502,-0.009663397946563932,-0.0016204057882198398,-0.015689463118157842,0.007039031191639411
0.37557419286341776,0.03225455545960931,-0.01377913409237938,-0.004762410634595061,-0.018221407099183833,0.005742863071238979
0.37565308613363335,0.03189174843273724,-0.01011839006269045,-0.0023538349083349376,-0.015045043483132533,0.0060743625406063494
0.37573197940384906,0.03341619976816633,-0.005966874413840046,0.0010025116871687292,-0.018563534237054993,0.010794154798881891
0.37581087267406477,0.0389525242301642,0.0031549810460043,0.008895544673290214,-0.020383902813038028,0.01843369357377028
0.3758897659442805,0.04858938273514228,0.010492100183970563,0.014613554120782097,-0.024558528838621127,0.025498156528405178
0.3759686592144962,0.061445270405461765,0.023069105974392053,0.02580025771108287,-0.023000470327779785,0.03410444205399486
0.3760475524847119,0.07259372871874714,0.028266426909039917,0.03147214972648751,-0.01954384969945495,0.037039757091289115
0.3761264457549276,0.07211282092659115,0.025231852591018848,0.030936836617859252,-0.020436763084694977,0.037066150961313896
0.3762053390251433,0.05790459677272214,0.01632488780428373,0.022135123697656897,-0.020585166845027602,0.02971700387540054
0.3762842322953589,0.03761026703670933,0.005545541081885214,0.009847322622749724,-0.018164709724691933,0.018047706788627604
0.3763631255655746,0.018432845094035952,-0.010527525660856461,-0.007739880020524052,-0.01282775682807092,0.00033793030567153367
0.3764420188357903,0.005526809254898212,-0.019942585347111054,-0.015886025006928563,-0.011372899153092496,-0.007321516801303906
0.376520912106006,0.0012958737643672961,-0.02940169677324499,-0.024421250105401124,-0.016865685862366853,-0.011590136786090645
0.37659980537622173,0.003166878646333734,-0.031002392245207528,-0.0243743860863573,-0.018396294149992356,-0.010730750465857135
0.37667869864643744,0.007963101242058434,-0.025282667141906447,-0.020346461356824407,-0.02199682861381401,-0.0053980896948897985
0.37675759191665315,0.014360270947159677,-0.020402388923860378,-0.014253363161302303,-0.018221306531910914,-0.002273196892465923
0.37683648518686885,0.022002000928519217,-0.020125904069309915,-0.011262989020826345,-0.014313326556779605,-0.0018414173970401635
0.37691537845708445,0.027628245049510645,-0.015235222879094498,-0.005108358169139517,-0.015372429527719996,0.003923828859656303
0.37699427172730016,0.026628050970472758,-0.01056772676164324,-0.002450561194150887,-0.01392764828718781,0.005393853572546968
0.37707316499751586,0.01984760853707894,-0.008024301397818704,-0.004155007289703188,-0.007649886747816464,0.0005906033399627135
0.37715205826773157,0.011383463162305579,-0.01394016365574335,-0.013495545227687368,-0.01373725522647298,-0.004035715504063264
0.3772309515379473,0.0048453861788821774,-0.014665566916564541,-0.01524775658747111,-0.011600906791192786,-0.006660259961891721
0.377309844808163,0.0024723174083991443,-0.019924953584227332,-0.01807416415163154,-0.008924390659323237,-0.010481343484603868
0.3773887380783787,0.00327010608810587,-0.016628149284036713,-0.014190147634015857,-0.010586848907040213,-0.006310253448047007
0.3774676313485944,0.00406441959921335,-0.018954395925646107,-0.01793135180642886,-0.009320505668869555,-0.010148538110609069
0.37754652461881,0.003478907571617851,-0.01691562537376948,-0.016353856180390133,-0.010681691260655116,-0.008086953096001477
0.3776254178890257,0.0021799565458407574,-0.01899646161835635,-0.018261461861038584,-0.015177409625340803,-0.007289961302388046
0.3777043111592414,0.00106665024028428,-0.018439087633121506,-0.017180493646032854,-0.015798842881185056,-0.006043855482507385
0.3777832044294571,0.0005046930462151982,-0.016528453389197492,-0.01673362263045683,-0.009161473164287153,-0.00922207771702336
0.3778620976996728,0.0004630531480411563,-0.014642771924223018,-0.014712413133133349,-0.000913655939880994,-0.011933248232806615
0.37794099096988854,0.0006169150725907122,-0.016326375000930888,-0.014939333998886587,-0.0013574065856289258,-0.01188716129135196
0.37801988424010424,0.0004719686224004032,-0.014651280249438752,-0.013369932353241788,0.00010101110459171682,-0.011343181510100935
0.37809877751031995,0.00014028867684176828,-0.02350054759617613,-0.020490707377470253,-0.0035765971857226603,-0.015386686934753577
0.37817767078053555,0.0016062865515283462,-0.02769542781171809,-0.022983623254698098,-0.0049380114147097864,-0.016763169367542727
0.37825656405075125,0.008321699968643726,-0.022186575727069394,-0.017780779381822858,-0.002577069609018743,-0.013633379346122961
0.37833545732096696,0.021717281617230116,-0.0034215177394311866,-0.0021523223567633852,-0.005517902551851836,0.0011392465902357709
0.37841435059118267,0.03810033791789336,0.01855803921444319,0.014796767048062235,-0.002185284267337259,0.013664528644243676
0.3784932438613984,0.05270929434693533,0.032119075484550556,0.026746934335381663,-0.002790640244894678,0.024079963677315398
0.3785721371316141,0.0639865316481781,0.03333268877425907,0.03243257024120341,-0.012078711304578873,0.033853463836526335
0.3786510304018298,0.07043231905598842,0.0368767126378171,0.03752115260448906,-0.01635534560352158,0.04043857374885743
0.3787299236720455,0.07105050985627162,0.038153932448758185,0.037257964031161536,-0.0134529668219619,0.0386630358130642
0.3788088169422611,0.06921342279325894,0.031003541364556745,0.03322657244147218,-0.009877863461807055,0.033345746880532656
0.3788877102124768,0.06623347020893003,0.024326062616199212,0.02631229711775948,-0.01670224290253514,0.03116261797774841
0.3789666034826925,0.05784946624364843,0.020766150761909866,0.021345095798453905,-0.014345854445936437,0.025707391960282457
0.3790454967529082,0.04326941355083725,0.006682615279000259,0.0079825162728385,-0.014144136870615411,0.01431866350900474
0.3791243900231239,0.029269934626615944,0.004436228794085292,0.00372483425271355,-0.013155886043427798,0.010194412725259741
0.37920328329333963,0.02236929732236049,0.002009853333490145,-0.00012286955713986151,-0.011673952591391184,0.006151538237584114
0.37928217656355534,0.023098335057532147,0.00658882514111942,0.005630310793577358,-0.009546825718840416,0.009869196651358247
0.37936106983377105,0.027635415409630465,0.011014362900775908,0.012408697518423608,-0.011507854863346366,0.01664275650230083
0.37943996310398664,0.03215504034741618,0.010575817339563297,0.013152528417635428,-0.010276142039038394,0.016610785820544982
0.37951885637420235,0.03484703819935563,0.00013832097558693154,0.004813995915095721,-0.010017439842218825,0.009432163084190768
0.37959774964441806,0.036544117470322206,0.000572801840514812,0.005815036518496804,-0.006657518865765705,0.008476980673973098
0.37967664291463377,0.03859552675497094,-0.0054204493682865635,0.0021994315220195196,-0.005118002213781488,0.004599344572087663
0.3797555361848495,0.03892102840417638,-0.006359499016072788,0.002785797030059561,-0.008580744767565788,0.0069498778092573115
0.3798344294550652,0.034783249720201734,-0.0023494701317669834,0.003252652720810221,-0.017248744909462547,0.01198927299519356
0.3799133227252809,0.028500297862856228,0.0048557225762199925,0.004959957914753011,-0.017257131236601206,0.013435217075677148
0.3799922159954966,0.023190576433506395,0.001921723601843683,0.001234210888510193,-0.019231185055693892,0.011347656690554809
0.3800711092657122,0.018242202311134506,0.005253731462772564,0.002680632477425448,-0.019245458236281446,0.012576551219057592
0.3801500025359279,0.012374917579628313,0.0040265630510051015,-0.0016426692845033725,-0.016049066702567026,0.007212960390139579
0.3802288958061436,0.006514415683543374,-0.002977012714902996,-0.008780319145867917,-0.015136716902712264,0.0006965626125056285
0.3803077890763593,0.002814072759311341,-0.010339116795501414,-0.014257789294727501,-0.017894674017210118,-0.002451960725537513
0.380386682346575,0.0013202437272744495,-0.012650948738508397,-0.015294306579905374,-0.015389092806270972,-0.0046700448625850086
0.38046557561679073,0.0005798448896977531,-0.014519722697331323,-0.018081428985529894,-0.012610244182587148,-0.008513103132362093
0.38054446888700644,0.0008048288343022339,-0.013612582096054315,-0.01542345215599123,-0.014327092412986344,-0.005348123353582115
0.38062336215722214,0.0036400205397554603,-0.016375887016399988,-0.014589995392133591,-0.01327223828056975,-0.005209277305445832
0.38070225542743774,0.010264730689815283,-0.015268144267250438,-0.012609915303899788,-0.01168012648301935,-0.004389882865285544
0.38078114869765345,0.018397230584721477,-0.0144141717528756,-0.010145833758772621,-0.011417898961789233,-0.002449350917385494
0.38086004196786916,0.022001304482349222,-0.0015070550090412712,0.0014750945759628433,-0.0001928608509079253,0.0013488188208990743
0.38093893523808486,0.019667656037075227,-0.007509370478941107,-0.004214289774905722,0.004658532567429738,-0.006054355103691334
0.38101782850830057,0.015429461926188843,-0.017284323994140184,-0.012898945767069767,-0.0036416357293102145,-0.008940502718897222
0.3810967217785163,0.013718531456762613,-0.013459840511776238,-0.013262824646311105,-0.006147287431620003,-0.007905475409094745
0.381175615048732,0.018273258295385817,0.005468420652681463,-0.0012546207607286456,0.01016048184140511,-0.006503578357919898
0.3812545083189477,0.025619101423412345,0.012032686724699326,0.0018021044156652849,0.00396404808555153,-0.0006023743921645184
0.3813334015891633,0.02835554824653816,0.020798899085544987,0.009937870187859675,-0.001652604957022351,0.009276453862586777
0.381412294859379,0.026131875716484974,0.01918021748076204,0.008902272258658443,-0.0016759313503836202,0.008414538559599284
0.3814911881295947,0.021558671006286594,0.00446721288348837,-0.001507398616693579,-0.008750166451626743,0.0034157469171979403
0.3815700813998104,0.016588124615574483,-0.002151238593332216,-0.005091603269510083,-0.013404162144591647,0.0028831794708952677
0.3816489746700261,0.013076662638964254,-0.006337652978812692,-0.010133258587097179,-0.007804604978165866,-0.004374696870551754
0.3817278679402418,0.010903422397465747,-0.015340250670724847,-0.015782965720163585,-0.006378768333944852,-0.009909792175304523
0.38180676121045753,0.00918209529375922,-0.008391363048292588,-0.008754839105944443,-0.009701119729201011,-0.002194526771705211
0.38188565448067324,0.00906074435509417,-0.005411988641193103,-0.006823824743816825,-0.013414029518134018,0.0014256825157362087
0.38196454775088884,0.012441640927095396,-0.0027746776188010956,-0.007316299449431986,-0.013858370212407272,0.0012479074816561808
0.38204344102110455,0.018065537315491317,0.012942550522043704,0.004146908963882853,-0.0034226138380237634,0.005335248584008248
0.38212233429132025,0.021844389194978324,0.033143192008094104,0.019637307326511987,0.019549252392619437,0.006110216121055306
0.38220122756153596,0.02199838616440676,0.01566141944899763,0.006016049679236415,0.006576023699581392,0.0015562440793292374
0.38228012083175167,0.019645948091110373,0.0038388224853953237,-7.551837082484321e-05,-0.005524060085291644,0.0028960958839507472
0.3823590141019674,0.01662900882118271,-0.0021828991664677917,-0.0027042021833032573,0.0013977979364512044,-0.003032214851099974
0.3824379073721831,0.014719468993132125,-0.0125829121929335,-0.011688379005396538,-0.0020198303363511945,-0.008787090356159967
0.3825168006423988,0.015147970341672722,-0.014423672037244897,-0.01165060578234144,-0.009041385174126945,-0.004993459099534189
0.3825956939126144,0.018192489128728374,-0.01151743276624062,-0.008318217103763506,-0.0016303188713223528,-0.006150009806101079
0.3826745871828301,0.02324871577441438,-0.004605175834828278,-0.0023400525251394987,-0.003569475835316811,-6.325948705807979e-05
0.3827534804530458,0.028463952269971865,-0.00014849094381256617,0.0016918723227244523,-0.013541903697437647,0.008684827263413943
0.3828323737232615,0.029922597011398544,0.010681069592945203,0.009593556397934085,-0.01548721393313309,0.01639851512743509
0.3829112669934772,0.024978877104408274,0.008764863221159283,0.003915875032287024,-0.014849047150024847,0.01126310132657988
0.3829901602636929,0.01575185488527565,0.004703826351928097,-0.002436603753050699,-0.012044910791679839,0.004396687338379439
0.38306905353390863,0.0068100235848765015,0.00744033347818414,-0.000824044276260047,-0.0013136189861651063,8.071083279048157e-06
0.38314794680412434,0.0026331466296055073,-0.0055208558330798714,-0.010383742534887476,-0.001489013190196636,-0.007969823304772219
0.38322684007433994,0.0029219699048723398,-0.01869392558148347,-0.017903405077885032,-0.004134489931119373,-0.01290274885391918
0.38330573334455564,0.004896336389062262,-0.016720072886218046,-0.013912781546182322,-0.007473758332901347,-0.0077437626813556685
0.38338462661477135,0.008854805507130657,-0.01153472757064206,-0.008550607069342521,-0.002414774969233759,-0.005925951797159798
0.38346351988498706,0.016048858723888434,-0.0134624151285336,-0.008105499538125824,-0.0074935986508819835,-0.002828978565990507
0.38354241315520277,0.027142524323695495,-0.007834132966554478,-0.0013606009060381217,-0.00908906252991505,0.003721294415912562
0.3836213064254185,0.03804072351955179,0.0050890278213948465,0.00845435092195547,-0.003939346737061161,0.009249012371601384
0.3837001996956342,0.040168511484192114,0.003889497817617788,0.007431883177873383,-0.005644318289051411,0.00929922394851764
0.3837790929658499,0.03205236424797894,-0.0005643729488691517,0.0024610222198243313,-0.013918964642861962,0.009536309229001559
0.3838579862360655,0.019465611238586717,-0.005777006618856921,-0.003876001291397155,-0.012658547653317712,0.0035101005087076354
0.3839368795062812,0.008239654356634585,-0.013671268174371315,-0.010869923475876172,-0.006705274663481343,-0.005585771403796241
0.3840157727764969,0.0027419105131392114,-0.014679757917814801,-0.014553591415410287,-0.0010004722779675447,-0.011752627642053046
0.3840946660467126,0.0024184421713135044,-0.01729276771248227,-0.019215318411478367,0.0026060101964155147,-0.017620914637525298
0.3841735593169283,0.0030001896630567648,-0.016145022511487594,-0.019492429602781584,0.0003371500153904724,-0.01663972578226965
0.384252452587144,0.0026739067478606044,-0.01720158917836309,-0.019956417841776476,-0.00732473498479853,-0.012928000750848975
0.38433134585735973,0.0020149260676966835,-0.013680800627987391,-0.014429592835899788,-0.0009109075493373771,-0.011695897618919562
0.38441023912757544,0.001894090806253638,-0.02030922267228628,-0.019263539451306086,-0.0022426503186395498,-0.015064713188229453
0.38448913239779103,0.0021683488248863785,-0.0228841490989352,-0.02104395666386637,-0.01225751529778808,-0.011204689965062756
0.38456802566800674,0.002007087858778547,-0.014327772690041646,-0.015124798629598028,-0.014229434877479553,-0.005148175812110404
0.38464691893822245,0.0020048941731139565,-0.010676755298403008,-0.013414897856956464,-0.011151395368233697,-0.005353031761977992
0.38472581220843816,0.0035749174609196526,-0.008721496576408505,-0.010355012808644261,-0.019458407220831253,0.0016826276175743377
0.38480470547865386,0.006035734473482745,-0.0004906784179455353,-0.0048328141193494465,-0.014885679832332617,0.003895655569616879
0.38488359874886957,0.007424527775850441,-0.0010056277176924795,-0.005159638756398468,-0.0032391961678384404,-0.0026209741694409538
0.3849624920190853,0.00738204956251157,-0.01021372765931103,-0.013745212207793282,-0.0048704392824803315,-0.008996870098649655
0.385041385289301,0.0064597513966846674,-0.01346407612882318,-0.016377550721358547,0.002539261149597547,-0.015188938793916425
0.3851202785595166,0.005351707439991248,-0.014972642831658984,-0.01455443427691074,0.0018665471266423044,-0.01328916246611879
0.3851991718297323,0.005040475277641982,-0.021043578828962732,-0.018317416457113184,-0.007136652321284108,-0.011644380530901709
0.385278065099948,0.006515613559990839,-0.016768924724005402,-0.014206717139705642,0.00013748281928326148,-0.012069307171909915
0.3853569583701637,0.010890013976709214,-0.015489717781943397,-0.012286454795948597,0.0005737105138495767,-0.010681528683267282
0.3854358516403794,0.019490915267871816,-0.008413095673686056,-0.004765822090001632,-0.00015400915727948794,-0.003941474204541313
0.3855147449105951,0.031202251421371185,-0.007583715470156365,-0.0031763409407134895,-0.001435445274676155,-0.0019128054921953303
0.3855936381808108,0.0392774490586247,-0.0006134735990933836,0.004297476161959977,-0.00020864907288658749,0.003740337532492243
0.38567253145102653,0.038506819706041744,0.00030186157325967264,0.006384231300227969,-0.006636091200077866,0.008946076533045843
0.38575142472124213,0.0311903667364405,-0.000447751725828732,0.004600325834717311,-0.0060736726791081564,0.007138546877099973
0.38583031799145784,0.021150354744835276,-0.002174322584256003,0.0009677087725833124,-0.0009418643315053856,0.001321732836318229
0.38590921126167355,0.011826570451909017,-0.01991448165697123,-0.0149690930235413,-0.007758419119556846,-0.008483371653344396
0.38598810453188925,0.006583499720510488,-0.023741695669235806,-0.02110703249079442,-0.012525848893275293,-0.011114255152121855
0.38606699780210496,0.00478860425300463,-0.024285925897351235,-0.020683352247398774,-0.014527633673276766,-0.009684103418166695
0.38614589107232067,0.003634906972078721,-0.02495997486724588,-0.021153826316188055,-0.012284337759068498,-0.011283142459115403
0.3862247843425364,0.003145913069066634,-0.021091855063763477,-0.018690181423352985,-0.004948419618448458,-0.013131273640359657
0.3863036776127521,0.004406064098960315,-0.019979667326456476,-0.01827839807154952,-0.001348270415085153,-0.014711785579071587
0.3863825708829677,0.007916113858059971,-0.01488196419636419,-0.012972136591036302,-0.00027963770601136705,-0.010803364474920168
0.3864614641531834,0.012097903787618446,-0.01097596515810577,-0.010217729471879716,-0.004577341635061749,-0.006175074296230534
0.3865403574233991,0.013665011203928842,-0.004605000641502922,-0.00614019024609358,-0.00976393259356425,4.7069354133104215e-05
0.3866192506936148,0.011208487261034537,-0.0023556581196087175,-0.007098218581654649,-0.009275536694359893,-0.001023617763299083
0.3866981439638305,0.006558486058445418,-0.006458650494224051,-0.009975240955255605,-0.010183769016393679,-0.0029665338376091083
0.3867770372340462,0.002482875104631433,-0.0068564210377122506,-0.008709728591788604,-0.012479695800238272,-0.0006676086114444861
0.3868559305042619,0.0004386554216313687,-0.01429555630188813,-0.011382583910376812,-0.011988255410976496,-0.003188231204215571
0.38693482377447763,2.5429387816789777e-05,-0.023361570831862417,-0.020188724962292282,-0.010983680535360358,-0.011164490363839406
0.38701371704469323,0.0001228041478638407,-0.030356437440387064,-0.02615546264037587,-0.011075614351446264,-0.01615617925271485
0.38709261031490894,0.00011696856088075022,-0.02732394830357351,-0.023487484956944273,-0.008769481964266591,-0.01513701748260658
0.38717150358512464,2.697428909889449e-05,-0.02199808686321913,-0.01973793580796533,-0.009349181577876313,-0.01165915753946537
0.38725039685534035,3.1605949079535387e-05,-0.013176626171659503,-0.011511860949170298,-0.007556278387747386,-0.00567194625413573
0.38732929012555606,0.0003324606840778441,-0.015196563254273451,-0.014869273536471108,-0.007702352938093988,-0.008429102994283484
0.38740818339577177,0.0010299319818106423,-0.018563574535726483,-0.019170987675767703,-0.017829941470457467,-0.006637334091542878
0.3874870766659875,0.0019022964928465211,-0.002990058896734501,-0.004763409104183796,-0.020840760664303837,0.007145997426592149
0.3875659699362032,0.002440826759386721,-0.0028701507957034677,-0.004872920155721605,-0.015913735823185435,0.004412744012935031
0.3876448632064188,0.002065962177131589,-0.011675024651544255,-0.010838239137780443,-0.017265423916512364,9.923512741694885e-05
0.3877237564766345,0.0012481018345858698,-0.01325241257658021,-0.012087376147068979,-0.01523040864144335,-0.002046292554298607
0.3878026497468502,0.0016784746469791555,-0.015888219620171676,-0.013780845252869111,-0.0029819503281095423,-0.01003862587604335
0.3878815430170659,0.00435233708063158,-0.021427892983631035,-0.018086412464485273,-0.004028532363182978,-0.013114059783071494
0.3879604362872816,0.008569874681755853,-0.019566258528789893,-0.01599826632053422,-0.004536665874621332,-0.011078377668359002
0.3880393295574973,0.01352994108035984,-0.01065355492108285,-0.006946954728835055,0.004651391966689857,-0.008357783423475254
0.388118222827713,0.01918542548669958,-0.011654402368946826,-0.00879017833892739,-0.005030915496275163,-0.0047266032104418725
0.38819711609792873,0.025984250105632874,0.0003929209955794921,0.00032705398090627195,-0.0017138423346806683,0.0011944337426865821
0.3882760093681443,0.03522674584956353,0.013605416812214494,0.012129195322475987,0.006735716905190612,0.00663289217023132
0.38835490263836003,0.045786092719537375,0.015590314507237087,0.015023385272606025,0.005484721530821682,0.009747223639911184
0.38843379590857574,0.0514259114361611,0.010652957493044114,0.015066338114727209,-0.003005223743888461,0.014331379524118377
0.38851268917879145,0.04780701073766702,-3.4058385317351666e-05,0.008520088036756465,-0.006903581314448588,0.010892716109017016
0.38859158244900716,0.03769325232110832,-0.0035765033282217796,0.005091327128127311,-0.00918952343907197,0.009222674305773403
0.38867047571922286,0.025905849557505092,-0.011228086983819217,-0.0030648018331977376,-0.01887330412589686,0.007525816197107554
0.38874936898943857,0.015669123203590332,-0.015807118191086312,-0.009354001571841752,-0.016467465397732826,0.0009251884224085032
0.3888282622596543,0.00873249315543593,-0.025172400051157555,-0.01774363907078503,-0.020964821982612986,-0.0037517489871743415
0.3889071555298699,0.005170647969226725,-0.022454419860568373,-0.01753936054433903,-0.01349334258973912,-0.007582128822862154
0.3889860488000856,0.003930464638731502,-0.016838457599041318,-0.014248587272940661,-0.0015522067764878109,-0.011199514062314434
0.3890649420703013,0.00410519962379048,-0.022531428052363717,-0.020427857816898556,-0.007312596702707755,-0.013332709103043742
0.389143835340517,0.005445059709235602,-0.017085153105940942,-0.018650264196376113,0.00017369506343864585,-0.015840998198375776
0.3892227286107327,0.007804098960997943,-0.012334639557620495,-0.014097062686065566,0.0064038045157463076,-0.015333619818520272
0.3893016218809484,0.01005286850395017,-0.004783404779666366,-0.006514597449643719,0.003700897805075615,-0.007483463991624687
0.3893805151511641,0.010919941539637606,-0.00680592637996901,-0.008950352272435184,-0.005645333168955671,-0.0045326702555240975
0.3894594084213798,0.010829353334746506,-0.0020675719553788934,-0.006336637965410189,-0.009889130067202039,-5.173231822530925e-05
0.3895383016915954,0.010468230939029727,0.011153492434941941,0.005041702845997021,-0.005640864620350651,0.007279304325194432
0.38961719496181113,0.009561499042253336,0.0012031850533973287,-0.0005544945208461892,-0.0028502095019089383,0.0010589819387038177
0.38969608823202684,0.008030161805081617,-0.010781344646948082,-0.009716100947029732,-0.0031907350092020585,-0.0064943676509593255
0.38977498150224255,0.006864242318408682,-0.010322952642719076,-0.009367400179601602,-0.001679063478596915,-0.007009810064975765
0.38985387477245825,0.006702598631711963,-0.01680439251449744,-0.013551570719471754,-0.0023936115065050943,-0.010160187393643078
0.38993276804267396,0.006329417994454251,-0.021029409114144082,-0.0170748623781699,-0.007270273822237968,-0.010523341284499464
0.39001166131288967,0.004660819528271047,-0.018479959006554674,-0.01536985931359234,-0.010748361295306255,-0.007220120329277931
0.3900905545831054,0.0025078599956086895,-0.011772962291519634,-0.013393458250040449,-0.01142180773481669,-0.005190048354932128
0.39016944785332097,0.0012976495942797024,0.0016246426251126903,-0.003968681156449938,-0.008638657529442121,0.001277749225642873
0.3902483411235367,0.001851918722182926,0.01452100524706799,0.01090350060049036,0.0007999648439216078,0.008777856326135501
0.3903272343937524,0.0035523365621291467,-0.0035319336125766154,-0.00733725857905084,-0.00923298691212614,-0.001248271952052841
0.3904061276639681,0.0049978309389977545,-0.0014051253294270736,-0.005639894265112126,-0.012913244516604035,0.002157105946938093
0.3904850209341838,0.006215774119035078,0.024237212768571426,0.019788006692326703,0.014034672891120906,0.009191742649930987
0.3905639142043995,0.009003678369010962,0.02214893237768715,0.01966819562770024,0.03232134859222546,-0.0007084838080091738
0.3906428074746152,0.015683708832648028,-0.011329429154543703,-0.008558826041618098,0.0033604537309378877,-0.009027066951295713
0.3907217007448309,0.0247309303769,-0.01183219638339143,-0.006627469415888601,-0.008987988565746563,-0.0007801748516603586
0.3908005940150465,0.030444777070997117,0.004065046586559319,0.008076070257435293,0.014836075466362978,-0.0011302105159483706
0.39087948728526223,0.03115615292708253,-0.003893218934728065,0.0005599049215133783,0.0005710736213411235,0.0001667657487097224
0.39095838055547794,0.029067853283931428,-0.0034983326905145004,0.0003560396973623852,-0.016393347571416323,0.009085126365653036
0.39103727382569364,0.026041900777884992,0.002880685853028157,0.0033257916294238896,-0.011230195599386499,0.008825541389190918
0.39111616709590935,0.02416405863508159,0.008993139425289452,0.006886631264477739,-0.0009535379500701172,0.006325589954223325
0.39119506036612506,0.02495290727404677,0.021183249428565944,0.017892275464368616,0.008653549350948093,0.010472787569129498
0.39127395363634077,0.02704968252170172,0.014966917687816945,0.012502910211874226,-0.004811351274775081,0.013134514842474302
0.3913528469065565,0.027688357529257943,0.0162780675691684,0.01830025393328305,-0.0027990664095165164,0.016951627776008338
0.39143174017677207,0.026515845155646815,0.042031559826151504,0.04127220562158608,0.02746464860171994,0.020165297057171617
0.3915106334469878,0.02530355074818385,0.045569440548233975,0.04320587316933525,0.037028691385388404,0.016683489132957804
0.3915895267172035,0.024408528389416685,0.01892264275904878,0.022230548319800904,0.0023463051161737706,0.017514994985168102
0.3916684199874192,0.022678984457377625,0.012897105643867582,0.017886086055263605,-0.008968339132611608,0.019906518396987816
0.3917473132576349,0.019569019664610405,0.01439170933085304,0.016040798218415284,0.005508418332602799,0.010593763771232197
0.3918262065278506,0.01629048389165243,-0.00536397249017018,-0.004106062279731062,-0.007445575255388427,0.000522456482179087
0.3919050997980663,0.0144131959919545,-0.009615637539280672,-0.009468661301059353,-0.013742130978933526,-0.0006320727392771632
0.391983993068282,0.014359294937081473,0.003930590757139752,0.002365316554201535,-0.004464486760544545,0.004389241241922367
0.3920628863384976,0.015992043513501343,-0.0006986781410558413,-0.003044775988666046,-0.0054338369475386795,0.00034064935417875994
0.3921417796087133,0.018800074103140565,-0.010967122774936715,-0.010259214674388653,-0.009773279121935721,-0.0034262871496696583
0.39222067287892903,0.021904110110411948,-0.012040560299469332,-0.007511486600082593,-0.008515177895884215,-0.0017800081361165042
0.39229956614914474,0.024722089473912995,-0.002788678570467317,0.0022682008663078446,-0.006017287079344624,0.005139265994785824
0.39237845941936045,0.026308447135305467,0.011601143703424585,0.015145173184953417,-0.005361903867251858,0.01566040212472318
0.39245735268957616,0.0253201354045211,0.029740068867882413,0.029656252168021948,-0.00040441087579757754,0.025259628800332255
0.39253624595979186,0.02126811733131163,-0.0012933336885026763,0.002125405584469983,-0.0024480271415776218,0.003106233848839203
0.39261513923000757,0.01575932498370696,-0.014524515742257549,-0.009402560572699286,-0.004202658956218884,-0.005687463166743315
0.39269403250022317,0.011179694325903896,-0.002925976069156815,0.0003682096948825774,-0.0023497344609749865,0.0015698998057029595
0.3927729257704389,0.007698670317979847,-0.005214228329760893,-0.001733385607585217,-0.002783624441682337,2.7913628979147803e-05
0.3928518190406546,0.0052509875917350415,-0.020966638486274836,-0.01871205240095587,-0.008556029361501814,-0.011217445561953008
0.3929307123108703,0.005797781298563594,-0.014177583968229223,-0.012624876082165339,-0.003466802106721249,-0.008802724815655088
0.393009605581086,0.011093003163905248,-0.003150240074085927,0.0013877844226588036,0.0016257636238975544,0.0003006699086740528
0.3930884988513017,0.01971344143725628,-0.003046319023503068,0.0024605727933497573,-0.0077416002234742265,0.006225633694836323
0.3931673921215174,0.02765730570117397,-0.007590646043185687,0.0004191729213268675,-0.015090328233144263,0.008440080648583181
0.3932462853917331,0.03232623653371196,-0.00923145091284241,-0.0007078456390592111,-0.012187719683477954,0.005932932072133226
0.3933251786619487,0.03338238061619495,-0.013724707314244277,-0.0050719608725979986,-0.013045147487789257,0.0027073760297821226
0.3934040719321644,0.031944070043884075,0.0014401410022761303,0.00992636396445784,-0.007415048835875042,0.012354075197310703
0.39348296520238013,0.03136828737795081,-0.004688151094533075,0.0031919170064545663,-0.00425865712249043,0.0049768790772039455
0.39356185847259584,0.03284605451861014,-0.013612490592295504,-0.00627538699833055,-0.007548396346548317,-0.0012542250084259644
0.39364075174281155,0.03231121102477711,-0.006242178129166892,0.0006515359714633357,-0.010305940463235966,0.006072318564194736
0.39371964501302725,0.027493046947388973,-0.0009663990252332324,0.005258213472665347,0.001472595093334983,0.003650739366772359
0.39379853828324296,0.020857100754161254,-0.012911738495429391,-0.0071223144493336756,-0.002368422723061494,-0.004744757124462742
0.39387743155345867,0.014993813134594582,-0.009231258891038171,-0.005801288625987829,-0.005730954726675177,-0.0018276916685364848
0.39395632482367426,0.010834146086679602,-0.005972784921465812,-0.0056560505180264795,-0.0035467443808333598,-0.0028753484196533926
0.39403521809388997,0.008614149626921926,-0.015227413535545433,-0.014460465504132311,-0.017719041338045523,-0.0027172779121194634
0.3941141113641057,0.008647273014410681,-0.007331751871479648,-0.006771760733988553,-0.017046280911357795,0.0034161787083682392
0.3941930046343214,0.011037890281479782,-0.0024249705114036853,-0.002420689796239516,-0.008651554889707456,0.0025917540830673264
0.3942718979045371,0.014696466922999947,-0.0047107513421107165,-0.003373508552890695,-0.011707537468502319,0.0034247816372843364
0.3943507911747528,0.017606621764715107,0.011788443586182053,0.013571914393439723,-0.0027341130310567737,0.012924301168539654
0.3944296844449685,0.01857264284367588,0.009143507032847662,0.013132015082709655,0.00017948725985367974,0.01099201831438207
0.3945085777151842,0.01738661328847061,0.0010190272358546492,0.004581866397464921,-0.004983961202848543,0.006539077506460834
0.3945874709853998,0.014537084975903124,-0.002749619091164969,0.00010706593708845816,-0.01100995058255804,0.005989858405123953
0.3946663642556155,0.011190713355993243,0.008181427300216275,0.007752216820219258,0.007054565772242494,0.0027658861960485667
0.39474525752583123,0.008916438230873333,-0.0031503245457831356,-0.0039007194335412693,0.0012317530710557651,-0.00395351509424204
0.39482415079604694,0.0087331762858197,-0.014457408408262302,-0.014289673311879966,-0.01295330959927849,-0.005126482409800773
0.39490304406626264,0.010917693568880076,-0.01567628415219103,-0.013600724563740218,-0.015523191706547217,-0.0031676486994387095
0.39498193733647835,0.01504947917264121,-0.015127270396038608,-0.010452181543868096,-0.014441656548205506,-0.0010878656596523218
0.39506083060669406,0.0190231377985067,-0.009725696805433937,-0.005344554899008988,-0.004672550173921984,-0.0020091256719785575
0.39513972387690977,0.020045571951088487,-0.007441355871897953,-0.003944418937208594,0.0010944346790722097,-0.003916837337950066
0.39521861714712536,0.01761693445576719,-0.012081640866060306,-0.007317828800311131,-0.008674157330602785,-0.0015312933544477326
0.39529751041734107,0.012985394915373668,-0.0036300439515429077,-0.00043358076194914097,-0.004506117329091932,0.002048333303802064
0.3953764036875568,0.007568817582502761,-0.0006583068033743695,0.0005279255629596285,-0.005390475609302927,0.003334030738972456
0.3954552969577725,0.0030697374243154065,-0.016297268897751894,-0.015351576531547666,-0.01280427851400226,-0.0061032620199419
0.3955341902279882,0.0007208940161154432,-0.015617164132648648,-0.014749425776685372,-0.010768032272629156,-0.00668555415667195
0.3956130834982039,0.00018441968994328145,-0.006691325787339053,-0.006595068728632463,-0.0074654873456957115,-0.0015685923320229189
0.3956919767684196,0.001296987175642941,-0.0036659624799381917,-0.002344645263806029,-0.010130591948960661,0.003448507911495268
0.3957708700386353,0.005139118809851217,-0.00028000943999417245,0.0027144243894966086,-0.0024320344040234696,0.003594994932126787
0.3958497633088509,0.012654677872906656,-0.01034180722257561,-0.008067099454727554,-0.0008663908826131016,-0.006347259778648584
0.3959286565790666,0.021653632363434663,-0.0021379644649995658,0.0025134496837143448,0.00519443335970283,-0.0006610048351949711
0.3960075498492823,0.027538010625242932,0.005427862491503367,0.01321819654982314,-0.0003292534084027358,0.01133732619206019
0.39608644311949803,0.028539368007858352,0.011871482276084694,0.02227636927251485,-0.004504494780771007,0.021222488573614775
0.39616533638971374,0.025691857969750757,0.012036258551147198,0.02133587821870293,-0.007154984310269337,0.021847884854983686
0.39624422965992945,0.020519079053611278,-0.00460640541700127,0.00043603065718662067,-0.007844346105544102,0.004571302733173817
0.39632312293014516,0.01516207894499042,-0.002802488599443191,0.0006593440706514081,-0.005703077893855825,0.003612492401578592
0.39640201620036086,0.011683624570247974,0.0031483802519410692,0.008388106305915046,-0.004825094810264807,0.009667647511762975
0.39648090947057646,0.010055904959140115,0.0009991774254077116,0.00582102935735086,0.003706187122835905,0.0029292245717760135
0.39655980274079217,0.009073137780426146,0.004263998513549413,0.003939171498802971,0.013579524374530848,-0.003950301185055971
0.3966386960110079,0.008199494809714441,-0.006706055446152878,-0.005723157560851199,0.009623898135227566,-0.009988885789743744
0.3967175892812236,0.00724015646866058,-0.012544557715583488,-0.008365087044025278,0.008177946320775094,-0.011444661286338245
0.3967964825514393,0.005919034436579532,-0.01253593652360065,-0.007412685215534491,-0.007160423811407214,-0.002422458397333671
0.396875375821655,0.004290070506400646,-0.012932239624524272,-0.008843527176936036,-0.018689067903445013,0.0025469168335692915
0.3969542690918707,0.0026975707509035874,-0.020310007910424994,-0.017153394192154305,-0.01721871733595999,-0.005260249407410377
0.3970331623620864,0.001524195720922434,-0.01828347739698397,-0.015712236473815977,-0.016962146699060494,-0.0041802577451851165
0.397112055632302,0.0011708483397633856,-0.009136982874852253,-0.005599264591657898,-0.015918075304576708,0.003801699982941481
0.3971909489025177,0.001710592028539905,-0.011806293639011319,-0.0112235231594717,-0.01181110402477316,-0.0031488139559521754
0.3972698421727334,0.00267375850296144,-0.015602065735556874,-0.013707342721226758,-0.0025995433741482924,-0.010181411088878711
0.39734873544294913,0.003351753296049555,-0.008430749144593304,-0.0036805626135732144,0.009677095621233705,-0.008292823848564715
0.39742762871316484,0.0032211087836688523,-0.010393555287609225,-0.0031562361751563506,0.005059319852002717,-0.005375759733653789
0.39750652198338055,0.0024569016963084246,-0.009591170212924771,-0.003495161866010956,-0.008436702632738994,0.0015693678071824085
0.39758541525359625,0.0018055014022833298,-0.0016333412959900935,0.0005268065537491274,-0.007593814744552754,0.0045137035151088176
0.39766430852381196,0.002273149633733925,0.0038965194947249825,0.0024560299475026625,0.006225407544898236,-0.0012619044167809226
0.39774320179402756,0.004586791647344539,0.0036615369724389635,0.004037262838525546,-0.00429552805447319,0.005710384898628514
0.39782209506424326,0.008074420639076678,0.005908679627773042,0.011140285696560746,-0.01067178880561393,0.015123926560159632
0.39790098833445897,0.010849653866790283,-0.004990104278568725,0.0024658102126378654,-0.009077227697084378,0.006945746433418109
0.3979798816046747,0.011640945654397657,-0.009277226264296156,-0.0034377987043369006,-0.0014343617416802703,-0.0021341480086229654
0.3980587748748904,0.01052512862054596,-0.018492278872977032,-0.014803091025856295,-0.011555141067452515,-0.006309200235947049
0.3981376681451061,0.008542042303546285,-0.017657132119813453,-0.01346947621553159,-0.016394513371495594,-0.00258991373349781
0.3982165614153218,0.007535467512748143,-0.0032454995578337265,-0.0008164833139438556,-0.013689430525678684,0.006645970890984738
0.3982954546855375,0.008563023229131494,0.0010729966642432946,0.0027989080891607635,-0.011933736695708809,0.008757702651592411
0.3983743479557531,0.00993952961076336,-0.0038402624873120584,-0.0011353443769493922,-0.016226146301841344,0.007736242808362188
0.3984532412259688,0.009389864280041241,-0.0103873180692354,-0.008002007929806446,-0.017586878137512394,0.0026669275872855773
0.3985321344961845,0.007007011549444705,-0.012207088853691204,-0.010476425020457729,-0.018333895798378633,0.000977424783438574
0.3986110277664002,0.004139316472120541,-0.006773023371871966,-0.0077214524155125785,-0.014893342088180222,0.0014603774391828417
0.39868992103661594,0.0020300843112004935,-0.009487752440596077,-0.009941274075426757,-0.010362532750384311,-0.00284206752412137
0.39876881430683164,0.001420739169149349,-0.02366865756639165,-0.021513497726879,-0.01007658013670015,-0.012769439972640356
0.39884770757704735,0.0018499851317968113,-0.021077620977254227,-0.020823936683071448,-0.0071103165920110125,-0.01377560084252159
0.39892660084726306,0.0021974645949664074,-0.01326421299996222,-0.014354501865607635,0.0018706868267087651,-0.013122559929757326
0.39900549411747865,0.002001759801510681,-0.016663822729894254,-0.017741952701872832,-0.005030888282425863,-0.01228625895929485
0.39908438738769436,0.0014800109039080018,-0.008238305006024415,-0.010301326361126052,-0.0030486216114460883,-0.007064677345227692
0.39916328065791007,0.0011507073424774944,-0.008296291277237414,-0.008674620138279689,-0.007170448434027873,-0.003482707364943404
0.3992421739281258,0.0012562355850888138,-0.012513367053751508,-0.01150071601914501,-0.010289531726618138,-0.004198154024337812
0.3993210671983415,0.0014655948189874147,-0.011529615850276169,-0.009762053071233562,-0.009138073080169284,-0.003346775157317427
0.3993999604685572,0.0014714493173443384,-0.011583870145180718,-0.011733193624768226,-0.0012792641069783433,-0.009221673876909505
0.3994788537387729,0.0014463419525818245,-0.013428801974405618,-0.014921749338546519,-0.00274076971153506,-0.011131275104530608
0.3995577470089886,0.00193471076749422,-0.009992770333076953,-0.010232868500016838,-0.0063495624450423975,-0.005238378210979327
0.3996366402792042,0.003372438028118138,0.007954766073591342,0.00696676460206002,0.011933952281399127,-0.0005118585632853048
0.3997155335494199,0.005372919276894889,0.006750612219247694,0.00876422545341363,0.010999240358559943,0.0015069030031733517
0.3997944268196356,0.006625012269366051,0.006318748918924335,0.014084216013384323,-0.006173723184543265,0.015199512704928388
0.3998733200898513,0.006096729260039406,0.009921303250674189,0.01588843462554975,0.008104186786817819,0.00907459639241476
0.39995221336006703,0.004120219591642448,-0.015117007618117967,-0.012986252015098827,-5.5854589008905205e-05,-0.010935166390103007
0.40003110663028274,0.0018968618141562959,-0.00625976107896457,-0.00564785159247373,0.006216150811661558,-0.008099332344782327
0.40010999990049845,0.0005109984516385311,0.022465864853127297,0.02384050185441293,0.02141369911423,0.008663295151083305
0.40018889317071416,0.00035505444663527466,0.016296753808972605,0.021110503143626645,0.018152082011544175,0.00810349912152829
0.40026778644092975,0.0011562223960972192,-0.0058377264189942565,-0.0002811872519966787,0.0021005882843260276,-0.0013629284029343946
0.40034667971114546,0.0027431468388311943,-0.01636710840385458,-0.013108326808095535,-0.0031892524260575326,-0.009359662091243738
0.40042557298136117,0.005855628370272725,-0.00786826347300917,-0.008098881476767798,0.00233155513446899,-0.008087460367490801
0.4005044662515769,0.01216668946777625,0.011442609969485337,0.009314174832457608,-0.0031340741056537814,0.009543548644792295
0.4005833595217926,0.022877322549528605,0.008423595431711452,0.007538215669701841,-0.01128682688789782,0.012412393315273405
0.4006622527920083,0.03563770927094531,0.0007595454719536438,0.004781194314955271,-0.01455611630214522,0.011836689726163366
0.400741146062224,0.04503775116675422,0.010483757820532581,0.01963003353423305,-0.008173050521962745,0.020952905425656525
0.4008200393324397,0.04840424514782179,0.024435539598219074,0.0305687001464892,0.012068475245612241,0.01935388629165254
0.4008989326026553,0.04660852354913802,0.015830799893620417,0.021631284018349368,0.008827677452192829,0.013537811013178186
0.400977825872871,0.04142587417506606,0.003963499716093902,0.011774409176008794,-0.006572018181278499,0.01346270400217561
0.4010567191430867,0.03585070635334422,0.01567544581998531,0.0214830949950126,0.0023875751775045227,0.016861613847134034
0.4011356124133024,0.03270730199433992,0.021709202051028047,0.02583788006080579,0.004488547322836541,0.019414805724357057
0.40121450568351813,0.03181013991417923,0.007460790445378557,0.013207953796721416,-0.014546028938307044,0.018945447624933623
0.40129339895373384,0.030865603775359983,-0.0009664429854113871,0.003503080817463542,-0.012108147593681088,0.009445707077482048
0.40137229222394954,0.028787273533704028,-0.002737045164722641,0.000544032189702032,-0.004690154370426813,0.002972383235811114
0.40145118549416525,0.0261084284346421,0.01891878215775938,0.023180658537120157,0.012022003186540488,0.013135986029673918
0.40153007876438085,0.023268711670378247,0.04716868011914618,0.05210068906172361,0.024517833132594116,0.030908274906669125
0.40160897203459656,0.02018595193721798,0.032007978818651646,0.03919787601872065,0.00854616744466043,0.02853215211544456
0.40168786530481226,0.017088967144911243,0.0045125896912653505,0.01082059349658469,-0.004921337437610198,0.011773014794027734
0.40176675857502797,0.015009603874886406,-0.0006729851314926144,-0.0007718060438230964,-0.0036924784496268548,0.0013267941388068391
0.4018456518452437,0.015060440000027675,0.01081545161651294,0.007375079168928224,-0.0017757468544129201,0.007178532809777782
0.4019245451154594,0.01772362547917342,0.02052149304490624,0.01823144621928794,-0.006181422117119709,0.018705243485419316
0.4020034383856751,0.022644954234377002,0.018713879060180256,0.01763526435905521,-0.011320881524474946,0.020955032011561348
0.4020823316558908,0.02804964366058001,0.0034674925083402943,0.005227297343132831,-0.010632916891707605,0.010110921194246357
0.4021612249261064,0.03107504146786301,-0.0028959720186624927,0.00040322138033169024,-0.007305277683933527,0.0042547463078990025
0.4022401181963221,0.0304999913542305,0.008023722221482383,0.012368660908637067,0.0020396535539212893,0.009350915386706155
0.4023190114665378,0.027167275487063696,0.01800953642317361,0.02344506172977122,0.0028375750099294368,0.018277694404863813
0.4023979047367535,0.02255631913947802,0.006912920251647003,0.01044969036025477,-0.0010486166164273252,0.009385029369295183
0.4024767980069692,0.018536218449997907,-0.012031781041265911,-0.01003600076514564,-0.0067687664994967285,-0.004847537258655157
0.40255569127718493,0.016385546641714127,-0.01712857532439342,-0.01254998110970788,-0.008816229487047404,-0.005873630271693101
0.40263458454740064,0.015052556160513944,-0.015143909971348903,-0.011733100250324986,-0.008171957954663045,-0.0055289298141223825
0.40271347781761635,0.012258543390461205,-0.007957847173746419,-0.008642002717398154,-0.00918759016061837,-0.0023743915876167066
0.40279237108783195,0.007841679739294234,-0.009584573704188772,-0.009808692470438527,-0.012535413998220847,-0.001565843264308154
0.40287126435804765,0.003912472223578218,-0.011070532673919756,-0.010819666238971137,-0.0015543769392851155,-0.00830289935233462
0.40295015762826336,0.0025463687111402416,0.006866414122962567,0.0065224463130062246,0.015399392582433778,-0.002744124226861153
0.40302905089847907,0.004365916257720771,0.013286014816349752,0.011389643964521641,0.017874034612694635,4.0348467436222454e-05
0.4031079441686948,0.008673900677222903,-0.003710205567876665,-0.0016691843450417983,0.00873369793505983,-0.006089053594613029
0.4031868374389105,0.014354989083359696,0.0020429566645391497,0.004482940622569174,0.014476510009237617,-0.003971824641502769
0.4032657307091262,0.020736719853354492,0.006074634429921246,0.009090345287440262,0.008573427604467098,0.0030820675544018044
0.4033446239793419,0.028466114385498,0.01150472368622531,0.012084377170163713,0.0036025725384691777,0.008273566995205584
0.4034235172495575,0.03949931576214919,0.031889430144140266,0.030326788150995876,0.01169307333405811,0.01935040389438754
0.4035024105197732,0.05258605423871592,0.033843445499573126,0.03638574413448973,0.009737828276281196,0.02551763336395667
0.4035813037899889,0.06156430633419984,0.027673665880203913,0.03197751614316559,0.006814645202671262,0.023356575737286327
0.4036601970602046,0.06295128549443704,0.02584473120538514,0.032541132001647155,0.004404858888868954,0.02512252562316469
0.4037390903304203,0.058408701042034286,0.03192650151789571,0.04147483147358464,0.005337342932083962,0.032173063068141106
0.40381798360063603,0.05025958410400897,0.029408538972246257,0.03637559802964316,0.011053465926902392,0.02480510519556806
0.40389687687085174,0.04091957238641813,0.01547972401449492,0.02081126932420601,0.0005432032714206957,0.017281980263696803
0.40397577014106745,0.03354124942327588,0.009396363903560228,0.011732687276055963,-0.004550872119060093,0.012344642631104104
0.40405466341128304,0.030058213250615265,0.009473354687566648,0.009968171337434736,-0.0017695802428012344,0.009364708769634796
0.40413355668149875,0.030330402250344324,0.01744840826173962,0.016332587987512574,0.010099961584634583,0.008380619038024026
0.40421244995171446,0.033132352781656084,0.02037128915447402,0.020545449442677513,0.007031702428985811,0.01358247546478135
0.40429134322193017,0.03641581851387792,0.007164747505884988,0.010410492073621005,-0.002376873583357726,0.010063542894819493
0.4043702364921459,0.038284819705372806,0.008573621566367456,0.011073059770557524,0.008790334160437048,0.004640221188229781
0.4044491297623616,0.038658294653160806,0.017358258099815657,0.020197449681350083,0.01956390281754492,0.006575661713713304
0.4045280230325773,0.03843871938985433,0.003767377653557074,0.011299754330089886,0.002608856907435284,0.008143368411619311
0.404606916302793,0.038086771608343416,0.004325016977775871,0.011668018989631407,-0.009365567298711441,0.014869595073322722
0.4046858095730086,0.038032829064479384,0.010381091566604446,0.012776781751602052,-0.016258422675583414,0.019499076921856602
0.4047647028432243,0.03979915776602308,0.01049933365509888,0.008394363977269203,-0.010016601672302042,0.0124545726651166
0.40484359611344,0.044899981991358265,0.033434520200490314,0.031153533727895245,0.014386075567479948,0.018607526001493513
0.4049224893836557,0.052178873241120895,0.03017929381902202,0.032703842048116896,0.008497617563009614,0.023069581131254683
0.4050013826538714,0.05766914110233646,0.01570103792075294,0.022709254556008956,-0.00733669090618549,0.023104795836296953
0.40508027592408713,0.0576952881978208,0.004474754952713386,0.013106047376766971,-0.013846509349004847,0.018484584259899687
0.40515916919430284,0.05148769362465552,-7.067123402766452e-05,0.012073073361493668,-0.008925989979577706,0.014976051840153647
0.40523806246451854,0.04042897115060804,0.017476387516474973,0.029864706803839944,0.0032559353496220923,0.023476345158567984
0.40531695573473414,0.02793708058507672,0.012689806057576808,0.022842396027004535,-0.007268995339838233,0.02318095778321011
0.40539584900494985,0.01808082994877949,-0.008406392320239925,-0.002349783847855245,-0.019786448243651136,0.008619050149387405
0.40547474227516556,0.011760393317448522,-0.012539135774848414,-0.00968207361327674,-0.021262786703558394,0.003218096116722499
0.40555363554538126,0.007105765202507421,0.002411679791668382,0.0036479501085300513,-0.0076641834394156,0.007186678203981825
0.40563252881559697,0.003037392429950488,0.025619341660507628,0.027649978342646528,0.0065034166794097625,0.01986686075874971
0.4057114220858127,0.0005733158620193012,0.019985467935784307,0.022003865929075297,-0.006412999650521162,0.022014504659255626
0.4057903153560284,0.0017519969047152975,-0.0028819515336028136,-0.0034395785318063533,-0.008670639302421004,0.001741653619084869
0.4058692086262441,0.007405127099103282,-0.00856257362470101,-0.008161526860452704,-0.004890624201506853,-0.004270923958394445
0.4059481018964597,0.015084507623205042,-0.004661549122274748,-0.0011895267975087732,-0.010150979741196272,0.004434778661272177
0.4060269951666754,0.021440433458224377,0.0030233469018526803,0.01029246859121464,-0.009307274464006657,0.013677022661499129
0.4061058884368911,0.02513374645422902,-0.0037812342338124786,0.002715835421594012,-0.005717504472458211,0.005356585732004902
0.4061847817071068,0.026627383879003156,-0.006089396750902361,-0.0034357433246753727,-0.0037634441775783946,-0.0008844837017179694
0.4062636749773225,0.028029810282214934,0.014070058174665993,0.013244541193809805,0.006152231117296432,0.00788738660638262
0.4063425682475382,0.03106556596600358,0.019899302146645276,0.017796850505222214,-0.00395473966054882,0.01714557621035284
0.40642146151775393,0.03360868994647464,0.01953723034592201,0.01731764819693035,-0.010891718744084764,0.020456975635497157
0.40650035478796964,0.0320094040082528,0.014701420404164334,0.010618354158063217,-0.004880125788165439,0.011580179728407506
0.40657924805818524,0.026333322132464504,0.0004203879834637678,0.0001298185034321271,-0.0008153470396054656,0.0005464793757102271
0.40665814132840095,0.019353712963638272,0.008247986944506297,0.012741114271147247,-0.0016199767090344962,0.011625939758949459
0.40673703459861665,0.013382596100036294,0.0016793170078322332,0.005455757401730234,-0.0042784496469665005,0.006898907214975367
0.40681592786883236,0.009302996191562158,-0.01436739603280608,-0.01270985791673925,-0.00869816690127585,-0.006071902606932817
0.40689482113904807,0.007190731747722467,-0.011431728024895137,-0.011472313945237159,-0.007199599757054585,-0.005829640539886805
0.4069737144092638,0.0069604125044049345,0.0020091667942125726,0.003203224485457358,0.004812322195140921,0.00012615522912662978
0.4070526076794795,0.008497043263116667,0.025175169863072205,0.027688727765269806,0.013762230015942742,0.016013261815437822
0.4071315009496952,0.01183507701356475,0.021061588350415748,0.020756357979490547,-0.0018033899231685076,0.018492352292855663
0.4072103942199108,0.016894014227653378,-0.0008473351032704636,-0.0011809505618027856,-0.010125327793206112,0.00442827416779823
0.4072892874901265,0.022560586403699918,-0.005547080937593017,-0.005516544473931338,-0.0055140181641420895,-0.0017034914788906957
0.4073681807603422,0.02723600433737963,-0.0059633515064770005,-0.003069229009729523,-0.011886550137071775,0.0037776427181789463
0.4074470740305579,0.030479463181727805,-0.0037021736225687357,0.0019149899106602952,-0.012682497869678308,0.008412650347950038
0.4075259673007736,0.03277685716984632,-0.0015797206795230706,0.002796625313735359,-0.014554397075913217,0.010160205936685108
0.4076048605709893,0.03496747269958685,0.0009341817474891306,0.002404835821222513,-0.015293313761540805,0.01022542456663432
0.40768375384120503,0.03869343655680686,0.014488453347286866,0.01287194951582174,-0.004746128388288542,0.013411164105998158
0.40776264711142074,0.044841020589739225,0.02094013578247545,0.02073566682914291,-0.0035404821639477284,0.01940521547083446
0.40784154038163634,0.050158849995384044,0.01987559363012662,0.022351475931614257,-0.0038440492505005188,0.020932213479707446
0.40792043365185204,0.049914958773847294,0.016664897146974382,0.024056025065038192,0.002616178650389487,0.018912279940769584
0.40799932692206775,0.04359764154206386,0.006266934302722592,0.015500565693583778,0.00449448216165155,0.010680659103106914
0.40807822019228346,0.033551283420060786,-0.01088124678035108,0.0006828245115368299,-0.013421269206154567,0.007768204806960208
0.40815711346249917,0.022689336588944422,-0.012465255790060015,-0.005314939377090602,-0.015157884414569259,0.003634402244634586
0.4082360067327149,0.014308917939722126,-0.008980832654409923,-0.006045957161789128,-0.011792936510291606,0.0012138733077771047
0.4083149000029306,0.009617533650771892,-0.00737727750226011,-0.004738570577197278,-0.010980634101445192,0.0018825913312611054
0.4083937932731463,0.006663955571758621,-0.005914318358868754,-0.003109883381852499,-0.011594509729354758,0.0035868170443149865
0.4084726865433619,0.003763018577005558,-0.002155866896158165,0.0007892590808788096,-0.013815265119984693,0.008069219586076322
0.4085515798135776,0.001347871109715802,0.0025672718970533035,0.0028536649053486217,-0.014041713663998263,0.009933605766782636
0.4086304730837933,0.0008635335815587551,-0.0028100205900698397,-0.001055557454401971,-0.012927560142490427,0.0060358139376562505
0.408709366354009,0.0031650527087021384,-0.0065998919619742165,-0.0028310571881057173,-0.011556750663962044,0.0038020213479688014
0.4087882596242247,0.006980424582585079,-0.011233302293719384,-0.00788255155069067,-0.005767643151768874,-0.0035654630694946948
0.4088671528944404,0.009633301021083016,-0.01485267460535,-0.010168429403117308,-0.009637894751658323,-0.0034221566405641603
0.40894604616465613,0.009580834541247916,-0.013396495332084694,-0.009400803278261392,-0.008591311031300024,-0.0033346573669779307
0.40902493943487184,0.007424304849512128,-0.0205734945694389,-0.016715963179307795,-0.016042726941810834,-0.005520772125204582
0.40910383270508743,0.005110972652898046,-0.014383479917537335,-0.014281637734779825,-0.012951020195696872,-0.005120921844289403
0.40918272597530314,0.004163913418950378,-0.000390317668750207,-0.003201410436699484,0.0048350805659154875,-0.005293750505620313
0.40926161924551885,0.004306137150793563,0.001995425147895636,0.0015970089504963557,0.005945462399839618,-0.0018372249580649444
0.40934051251573456,0.004259139875880676,0.002258644015054674,0.005605394462359832,0.003742025803143965,0.0027279451118381163
0.40941940578595026,0.0033322715890341074,-0.003459685214998818,0.0017478606780563987,-0.001392809233858209,0.002222065245005777
0.40949829905616597,0.0017640443318870421,-0.02328520935102987,-0.02044346670121171,-0.009528148607650838,-0.01215927125491399
0.4095771923263817,0.00043570247884846863,-0.017699345381467734,-0.01595340508695918,0.007169494059394355,-0.017311137535047375
0.4096560855965974,0.00019216022135482634,-0.007386090068257423,-0.0035088550049233126,0.011734212818067814,-0.009250195937623789
0.409734978866813,0.0008897868191071858,-0.006134687689258851,-0.0008669195859734915,0.0013340706629674077,-0.0014467793313989754
0.4098138721370287,0.0015939391624782248,-0.005437405022969055,-0.0020560701388062106,-0.007340920078960003,0.00219733867561946
0.4098927654072444,0.0015975103928016227,-0.014186661146558907,-0.012882629947000051,-0.01494246987481085,-0.002872270103051777
0.4099716586774601,0.001243229659248669,-5.0858110439344566e-05,0.0008225492625730299,0.002685776517742383,-0.0007445467287839478
0.4100505519476758,0.0019704123148021934,0.017002381658222505,0.01837790113382886,0.005091119226177211,0.012791098088224283
0.4101294452178915,0.005130866513850055,0.009311916881199344,0.013316767389035132,-0.009875166475682543,0.01653461119075509
0.4102083384881072,0.010376806589361676,0.003013329125361188,0.004017562686501784,-0.012528637922244026,0.010105421894691387
0.41028723175832293,0.015738400013060636,-0.005767823646403803,-0.005128542470856297,-0.009692878948435749,0.0008632526473799389
0.41036612502853853,0.019794045049525998,0.002968872654155903,0.004108951228692695,0.01235027318068889,-0.0031481960957325536
0.41044501829875424,0.022720386547541837,0.005650174803582065,0.00801056802154991,0.006603453560788739,0.0032257471319040994
0.41052391156896995,0.02644702795680025,0.0028933394240657577,0.0045906820992558574,0.00018068048039764195,0.0037793044775195515
0.41060280483918565,0.0327652719637141,0.01915008621834249,0.0190756691491119,0.01151012053273544,0.009942267780817303
0.41068169810940136,0.039745774079230384,0.011385858475032457,0.01698515467844333,0.006549128645162637,0.010833859787605796
0.41076059137961707,0.04348910080960359,0.013735226694531283,0.026089469142189906,0.012291827272428233,0.015449187572081123
0.4108394846498328,0.042056947645045195,0.011892256601091613,0.02687836632422982,0.009414958567675328,0.017656138683970157
0.4109183779200485,0.035702477379294086,-0.011430185930507687,0.0016050237416744932,-0.012004457867753497,0.0077875799152192105
0.4109972711902641,0.0265397238839946,-0.012221937900409846,-0.004210594036969392,-0.009038658778299881,0.0012878153350954467
0.4110761644604798,0.01845881632401476,-0.005654310640919678,0.0006923952829226751,-0.010603015832634658,0.00626601136528387
0.4111550577306955,0.013523363342978809,-0.003466293993136365,0.0029249395806993646,-0.01298495538849461,0.009427455346972636
0.4112339510009112,0.010213556502990441,-0.0024941118877363864,0.00137824048822072,-0.013022774022453809,0.008141812862923453
0.4113128442711269,0.0068904636622576804,-0.016826683385196,-0.014577958566357848,-0.016595887811519782,-0.00341834063724418
0.4113917375413426,0.0036693990281235424,-0.02066199419376774,-0.016238307028707936,-0.011688522851606332,-0.007449989741277219
0.4114706308115583,0.0013025708639544866,-0.014609518299188521,-0.009848837297174713,-0.017419209362787527,0.001017299953649013
0.41154952408177403,0.0002302622704429053,-0.015426463306452642,-0.012324854370808968,-0.015341114914125323,-0.002187551936669823
0.41162841735198963,0.0003069820106034633,-0.013940975981717714,-0.012279677501211152,-0.012584405171268359,-0.0036264726138720937
0.41170731062220534,0.0007303497645676207,-0.01182781181932944,-0.01365275297625674,-0.0070147410768995905,-0.007770064298739299
0.41178620389242104,0.0008024211336859761,0.0007659800516705657,-0.0022639618829427793,0.0011794401698275972,-0.0025435055579632725
0.41186509716263675,0.0005759522086822139,-0.006278383624389419,-0.006181268307014564,-0.011126837477379596,0.000742680265304475
0.41194399043285246,0.0005980185293654805,-0.01794164371207926,-0.016979269855528473,-0.018497984182553048,-0.004427732541465188
0.41202288370306817,0.0014077864238414139,-0.01916396429953183,-0.016496519732565103,-0.011322108869074882,-0.007864382585762804
0.4121017769732839,0.002958312787564499,-0.02148809736381734,-0.016752880271203814,-0.015316736283879634,-0.005940912043495532
0.4121806702434996,0.004523992937421938,-0.015075107973833369,-0.0067164929977174504,-0.01334708385257998,0.0014804468298260406
0.4122595635137152,0.005302385228878469,-0.002731147719512504,0.0037609689804432075,-0.001228528169753382,0.0038337901768682723
0.4123384567839309,0.005275353122498951,-0.012826012035851382,-0.0071026198220372335,0.001034126313194324,-0.006551137663862419
0.4124173500541466,0.005693661093264594,-0.02236981880186433,-0.0159848371577117,-0.004749865113288359,-0.010952833403352586
0.4124962433243623,0.008326635881436536,-0.017115112696527057,-0.00906364562438294,-0.01297896881172937,-0.0006989637763565005
0.412575136594578,0.013143311715680913,-0.00035050199110671495,0.008255692610520017,-0.012247828768619866,0.013533097441979128
0.4126540298647937,0.017283012169553774,0.023664061417926947,0.027679315769935372,-0.0005149822311032267,0.023649052253507212
0.4127329231350094,0.01804618743776665,0.02451292230696903,0.026147176034292074,0.006114968805838568,0.01880526481059469
0.41281181640522513,0.01530433031702631,0.005086979577214154,0.009363890250714862,-0.00775883642495529,0.012063381471687314
0.4128907096754407,0.011265559934581748,-0.012630376201572325,-0.007736549558261561,-0.017728114318013483,0.002966811218550662
0.41296960294565643,0.009293205178946039,-0.013623826524269524,-0.010998032386869338,-0.02002765525893103,0.001444585881901433
0.41304849621587214,0.010782692328613253,-0.01909294989607226,-0.014959616142975403,-0.01785265461229221,-0.003067335015729033
0.41312738948608785,0.013838515292927319,-0.014564692669877564,-0.011092108599512585,-0.00521253402172453,-0.006573134259098956
0.41320628275630356,0.016405678398896797,-0.015308519198397671,-0.010198227816501393,-0.002349765723635322,-0.007352029880429842
0.41328517602651926,0.018204814970165916,-0.018561071436744955,-0.013232239577849624,-0.006707956564083296,-0.007579284731703671
0.41336406929673497,0.020563853401864632,-0.010512511639153474,-0.0060477840834660375,-0.009028712855627263,-0.00026885268157657126
0.4134429625669507,0.02522599560461303,-0.007852895427049072,-0.005301586572238739,-0.013186213890688536,0.002589066108938886
0.4135218558371663,0.03103761782152691,-0.0031685897814567603,0.0004094616561038324,-0.00672383479737009,0.003948457828549708
0.413600749107382,0.03385528144819467,0.00019845347551164394,0.006986653972532347,0.009170127703853682,0.0009858884940784436
0.4136796423775977,0.031440654914037525,0.021326948790430983,0.029787766999463547,0.03359214592909727,0.007167165873270016
0.4137585356478134,0.025202883972151115,0.025573883303310157,0.03696059872197745,0.03217145493721447,0.013996881684659594
0.4138374289180291,0.01804381754733695,-0.00294162293806925,0.01095641256534822,-0.0040445029923388,0.011417921663498459
0.4139163221882448,0.012248337984720066,-0.011346600543854097,-0.0037268619916226643,-0.015265775786006765,0.005033260471667349
0.4139952154584605,0.008651608755357006,0.004480845185191554,0.009580098094745531,0.003814134033473676,0.006045535023629328
0.4140741087286762,0.006804223882243775,0.06791688316907928,0.06458052709532969,0.05990257532138884,0.022580655296423016
0.4141530019988918,0.005599172449376162,0.11452219359756931,0.10419930219678897,0.08732680526749079,0.04179425864331805
0.41423189526910753,0.0043237276715339616,0.06744331855693012,0.06292401370595721,0.03455677141905617,0.0347188716628739
0.41431078853932324,0.003294154551881759,0.014999797527895825,0.0120811558217231,-0.005567003486693187,0.013183252599492353
0.41438968180953895,0.002973303938153172,-0.00827698507281828,-0.011006443486134507,-0.010075901308413718,-0.0038951877307611925
0.41446857507975465,0.003091603150420048,-0.00020669557613968136,-0.0042627759298722746,0.006552256654867043,-0.007109982827023517
0.41454746834997036,0.0035258046509387053,0.026977913846865407,0.02049594867510759,0.025764923355020328,0.0035053320796789482
0.41462636162018607,0.004328069885442145,0.021187094941265958,0.013659258057892129,0.0038297427181039727,0.009481787710950417
0.4147052548904018,0.005053235833394804,-6.018435003922576e-05,-0.0038995239660031857,-0.013365568279813328,0.003869122151314917
0.41478414816061737,0.005711975631207568,-0.006857096621838648,-0.010752207842227014,-0.014580877348863616,-0.0012666582630661638
0.4148630414308331,0.007219348790317126,-0.003525559766210896,-0.009630454376719057,-0.00927381229767751,-0.00316291458287838
0.4149419347010488,0.009848112948685017,-0.0061860039465633666,-0.005345652224973718,0.002440051078458571,-0.00582093076802896
0.4150208279712645,0.012077754981283155,-0.008604412994549738,-0.004406884773238633,0.0056909765814109085,-0.006770165374493029
0.4150997212414802,0.012307818229794027,0.002792290091910919,0.007198318244256392,0.019741861364819317,-0.00450065696379709
0.4151786145116959,0.010780585222439864,0.006398636744925634,0.012677605863481448,0.01492355060231728,0.0027092374833890464
0.4152575077819116,0.009574457319949239,-0.006429884087923883,-0.0030305609936088747,-0.010532355056445867,0.0030846221764222817
0.4153364010521273,0.01140284829803569,0.0018612681979336134,0.00016961577982533012,4.222933999321833e-05,0.00012058677629330645
0.4154152943223429,0.016770803665309166,0.03157631418054595,0.030124534986743893,0.026918794959114447,0.011026985287924496
0.41549418759255863,0.022878171647104338,0.09562906678793197,0.0942505249825685,0.07215686513764571,0.04134576671263407
0.41557308086277434,0.02655158181508249,0.14231388061729866,0.13761553910947938,0.0843277362742948,0.07219613588262487
0.41565197413299004,0.02647547739277905,0.08534808170258056,0.08527609306062355,0.03171870794904799,0.05521370523702968
0.41573086740320575,0.02376831598425091,0.019884602693297327,0.022316287469093195,-0.009689510779530295,0.024033133730087145
0.41580976067342146,0.021372547676757784,-0.00014832659878520355,0.003369999057779594,-0.007202615260981333,0.006704674967162805
0.41588865394363717,0.020800161238762393,0.017230807506573423,0.0220050866980902,0.0181067501573525,0.008883685337665596
0.4159675472138529,0.020253470517508615,0.04399966446178059,0.048305384552464886,0.03573518981443218,0.021695484307507614
0.41604644048406847,0.01757417347901707,0.02870600055686704,0.03137707576181505,0.016936818974986667,0.017430992137380728
0.4161253337542842,0.012930822949936879,0.0011057943310256943,0.0041538112325634705,6.683600271464252e-05,0.0034714306075484726
0.4162042270244999,0.00830475618167276,-0.009927504247517696,-0.009776575687523404,-0.005184298138952962,-0.005477367557320319
0.4162831202947156,0.005760456185741899,-0.002985783994155314,-0.005891521697696944,-0.0007460211674977687,-0.0045747690897579565
0.4163620135649313,0.005826319044690137,-9.115388477284287e-05,-0.0008648670928236737,0.0027380356265142253,-0.0021973029830554855
0.416440906835147,0.007168542910227674,-0.008412783949474485,-0.00814262451227128,-0.0073499456817786215,-0.00293729654884332
0.4165198001053627,0.00808700873956563,-0.018116908540153555,-0.015351443265286696,-0.00945853856117354,-0.007895538962805301
0.4165986933755784,0.007672599247590082,-0.02206144265547721,-0.016339153495033207,-0.010641691707060669,-0.008095962236587399
0.416677586645794,0.005827499177979532,-0.021821691762949375,-0.016585792937250307,-0.00996313521086726,-0.008667781123065174
0.4167564799160097,0.003386511414036579,-0.013871729149078024,-0.008135143703031995,-0.0048858161518780105,-0.004251221747732079
0.41683537318622543,0.0015396122105793646,-0.009538472392719273,-0.006305567344911703,-0.0026471012934704877,-0.003905803723306077
0.41691426645644114,0.0006752369681969945,0.006282756420893914,0.007302180015071462,0.01006697425194152,0.0007717821464233632
0.41699315972665685,0.00032076448104314945,0.03428823861494377,0.0276432893384813,0.02683700668691751,0.008972709846699681
0.41707205299687256,3.5924014244035906e-05,0.03084444839521998,0.019519389440318672,0.02340234832960497,0.003946078621715256
0.41715094626708826,0.0002573903344714405,0.003512759219555613,-0.0032326171937771915,0.003981882281150863,-0.004862944248897929
0.41722983953730397,0.002264981963792045,-0.005189429170581148,-0.01067665398336612,-0.0063224823793592115,-0.005627645178553418
0.41730873280751957,0.006823419048637552,-0.0035549058656611423,-0.004127869887960521,-0.005667284583530161,-0.0004487982443614109
0.4173876260777353,0.012510671870671007,0.012556677801647181,0.01269478636871255,0.008524654539715308,0.006152132393819575
0.417466519347951,0.016533839303796524,0.02134177987438396,0.021155389823985887,0.01858218538604423,0.007911021320018623
0.4175454126181667,0.017370479294351406,0.00554987019950652,0.008321838086913044,0.007291265905704127,0.003120071355287903
0.4176243058883824,0.015855387782170573,-0.007717364525022983,-0.004113295641695344,-0.007375284404897461,0.00047868516658957884
0.4177031991585981,0.014137020263897467,-0.01622247944839112,-0.011532778829133132,-0.013317085888557295,-0.0026030850320879787
0.4177820924288138,0.013481558275598384,-0.021005996347373396,-0.013618671966372734,-0.015541272270317593,-0.003173120420632333
0.4178609856990295,0.01297708970718504,-0.0127118691190483,-0.004745339038272213,-0.0050089842867635775,-0.0013228979056673104
0.4179398789692451,0.011020929142316931,-0.009344722613957156,-0.0015516454177241835,-0.008313044202398534,0.0031441567414844133
0.4180187722394608,0.007850971391063045,-0.020191519364026106,-0.013015228785974987,-0.016816460596662045,-0.001980127839219839
0.41809766550967653,0.006222967685369011,-0.02118053464496566,-0.0167133036050163,-0.01959762086851464,-0.003613834552861572
0.41817655877989224,0.009177836142632534,-0.015859112872069363,-0.01150607933754882,-0.018320232694449923,0.00010042017764217822
0.41825545205010795,0.017030210493269735,-0.007945572216855266,-0.00341717552769583,-0.013529754449922757,0.0043644101030977
0.41833434532032365,0.026322319229540023,-0.01424202988742333,-0.005901647144281014,-0.011355111362367724,0.0011011239336141648
0.41841323859053936,0.032040144066609766,-0.007022709740129086,-6.728998572544053e-05,0.004115954375969173,-0.0022621840045108418
0.41849213186075507,0.032043812513901156,0.00525486868542012,0.01232575945780353,0.02075482089637601,-0.0007127878894173493
0.41857102513097066,0.028639273129429498,-0.0023806352091554927,0.006120472734263141,0.00470429785683336,0.0026472886503055458
0.41864991840118637,0.025382180621801684,-0.0071974561964351065,0.0012154961614871157,-0.00573278685108119,0.004097990961068764
0.4187288116714021,0.02413167205045226,-0.011139607956628224,-0.003128886844538433,-0.014497376113145185,0.005126399336396133
0.4188077049416178,0.024740355714922148,-0.0077864491461571254,-0.0007986214974365677,-0.0017036508067962935,0.00023851849656440234
0.4188865982118335,0.025323859041028237,0.005620911097309814,0.011618805335007393,0.022448823605663637,-0.0022178842258483386
0.4189654914820492,0.0231457955013198,-0.0024033013979964336,0.004648119000129288,0.014286990146127025,-0.0037307773999377
0.4190443847522649,0.01730624605698245,-0.011661472194872357,-0.005643524317348715,-0.0012136792421787769,-0.004114804902120592
0.4191232780224806,0.010140016187625077,-0.009365004834020398,-0.00473390921482821,-0.008382206054341692,0.0004941798430960473
0.4192021712926962,0.0043656387175935625,-0.02040310061094813,-0.013318612583858382,-0.00840719894027116,-0.006741899451705664
0.4192810645629119,0.0010299747296780445,-0.012356817293041774,-0.004633607031003884,0.003503581233742667,-0.005789565567687939
0.41935995783312763,2.488122367796545e-05,-0.009299987052010954,-0.0033411927215075813,-0.0051372607946208815,-6.85445587592077e-05
0.41943885110334334,0.0002666681741614716,-0.013741745009907535,-0.011830747216033638,-0.004376319531565933,-0.007644871587297356
0.41951774437355904,0.0008561934733094475,-0.01505296887550577,-0.011701197363998656,0.003584015753694239,-0.011800068092202303
0.41959663764377475,0.0023315644174987686,-0.00827606218906691,-0.003670863000879125,-0.0003257545206497188,-0.002924926660565428
0.41967553091399046,0.00559951967132116,-0.003979769939391157,0.003996992068732952,-0.003393002457055827,0.005192803073461978
0.41975442418420617,0.009734967049276887,-0.014139995365740057,-0.006671658038663347,-0.020749492311852066,0.0054855318755544355
0.41983331745442176,0.012263298984135048,-0.01966386580740784,-0.01473073497895221,-0.011197816790535916,-0.00643951831704095
0.41991221072463747,0.012059305530898064,-0.004262941062629577,-0.0013368709307118327,0.015672061506067262,-0.009526705259601144
0.4199911039948532,0.01078203086233246,-0.001937711085918587,0.0016515536544013222,0.004937644530736198,-0.0012511600307755309
0.4200699972650689,0.0113536333444569,0.0009115486077524693,0.006325698711681908,-0.005230096622269536,0.00814331348284335
0.4201488905352846,0.014960393745381306,-0.007431630668610815,-0.0018573639177864112,-0.00890225986094135,0.0032017479179433407
0.4202277838055003,0.019711978216588977,-0.01308170792142316,-0.005871263672602326,0.007282876560269248,-0.008859532651761088
0.420306677075716,0.02241461593990183,0.003503105107827716,0.010491758895736381,0.03601688731685423,-0.01044518047656369
0.4203855703459317,0.02098056580917332,0.006315242488751353,0.01161720228233054,0.027585128184118082,-0.0049725805551661005
0.4204644636161473,0.016342563105025687,0.002194050214064862,0.0073650969492683755,0.006377238173336093,0.002801901298514681
0.420543356886363,0.011812477681012484,0.0041956333441732704,0.006910061602738741,-0.008858948472088853,0.010581091136433764
0.4206222501565787,0.009372713458355502,-0.014617927900793385,-0.012133031225379537,-0.016096043144033977,-0.0016210117307936093
0.42070114342679443,0.00828124826398055,-0.027264230683346963,-0.02076518233379816,-0.00978849132938616,-0.012291595909550297
0.42078003669701014,0.006837440680406709,-0.028973539690787097,-0.02150709882414659,-0.011842483632860975,-0.011818247105161349
0.42085892996722585,0.004578797275055472,-0.02712303833427306,-0.020337334863616597,-0.013184234003763303,-0.010111358633503919
0.42093782323744156,0.0028524528979228373,-0.02013316112887846,-0.01678161584448082,-0.006740488928641231,-0.010559452702525018
0.42101671650765726,0.0031424642929277595,-0.021493246188187962,-0.016653780497848696,-0.004834026750597216,-0.011472693388207472
0.42109560977787286,0.005727288258149563,-0.016044461917928483,-0.011766423020090878,0.003178508069500746,-0.011637894929559283
0.42117450304808857,0.009705651299141154,-0.010630387566860666,-0.0070904928485343455,0.0020260266784491577,-0.007072338933268475
0.4212533963183043,0.013990600922333408,-0.012110387890178062,-0.005346854096973715,0.002989354417862885,-0.006116260094273433
0.42133228958852,0.017974354075155404,-0.0076928325400285715,-4.5419720870633484e-05,0.009465462680272986,-0.005110167992963235
0.4214111828587357,0.020905874495232065,-0.012363094492036616,-0.0017540489848270988,-0.004270429886859467,0.0008071135687886451
0.4214900761289514,0.022263731727600006,-0.01506854135901385,-0.003802389812662781,-0.009987646653613475,0.002141011312923414
0.4215689693991671,0.02286426247521995,-0.011605551004040295,-0.0026434315312930624,-0.01635120250481392,0.006529848755157866
0.4216478626693828,0.023713600283168376,-0.012849908753434539,-0.005739479844987927,-0.012893034173424309,0.00206218104124177
0.4217267559395984,0.02444351749100849,-0.000687200170286604,0.006765435454082523,0.0010053784321190208,0.00517370922765779
0.4218056492098141,0.023435994462162112,0.00630308842012086,0.0108434789036265,0.00853517227038845,0.004583048639158183
0.4218845424800298,0.01894319715280169,0.002055713887234924,0.005185228395917234,0.01012134405530409,-0.001044975593620212
0.42196343575024553,0.011175074170585967,-0.0018869248993528787,0.0012587939884538206,0.013534600898523496,-0.006189522995487933
0.42204232902046124,0.003915583717536325,-0.007978117337036324,-0.0046800173859140246,0.00015120006018358976,-0.004032554263514933
0.42212122229067695,0.0014855115368721836,-0.024832801695326034,-0.0205333864715374,-0.013379812741125078,-0.01017222673318949
0.42220011556089265,0.004084879752007729,-0.026297726407370055,-0.021102184055376727,-0.011491777945805165,-0.011664011849019183
0.42227900883110836,0.008703263862291852,-0.021059420487234207,-0.0158576846495551,-0.010934419752982132,-0.007532478276415422
0.42235790210132396,0.013331366932129347,-0.014303549094510714,-0.011964338255806747,-0.01769497833639193,-0.0006217158886827375
0.42243679537153966,0.018264078742555763,-0.016326593120873964,-0.011802505094087246,-0.021031054558833397,0.001302830873525461
0.42251568864175537,0.02384281211578449,-0.014206557895196724,-0.009412098273156845,-0.022563891346009356,0.004143527250234655
0.4225945819119711,0.02865401898529552,-0.006747308342625449,-0.002605349230704483,-0.00961799209921252,0.0029536958495546026
0.4226734751821868,0.02971238246588314,-0.0064521549664021466,0.0012707917611849075,-0.0027844326473869556,0.002564900745126707
0.4227523684524025,0.024797090449932346,-0.01477521574924167,-0.007369203430496574,-0.0024581673549484155,-0.004905142147930229
0.4228312617226182,0.016745745891373873,-0.02216704081948495,-0.014992468731134623,-0.002134701219188613,-0.011515652314778102
0.4229101549928339,0.011568808811456032,-0.02045129816512441,-0.01564211188688861,-0.0016147788617589308,-0.012342756638266394
0.4229890482630495,0.011796412489236591,-0.0129370619387701,-0.009440544016610377,0.0032437743604410508,-0.009709020693319508
0.4230679415332652,0.01547573134881081,-0.017214771087434275,-0.01136229404347481,0.004207283486696216,-0.011847831025310547
0.4231468348034809,0.018266754564373718,-0.020353589214924143,-0.01152084307631812,0.003899131969183833,-0.011816608686398673
0.4232257280736966,0.01713326736107155,-0.008894375180751521,-0.002047489881863308,0.01466086049455368,-0.009584756593412595
0.42330462134391234,0.013516703248004145,-0.003392305168900495,0.00012438631958078714,0.01139263547263014,-0.0059995046341543784
0.42338351461412804,0.010276876046723627,0.0009779538588718046,0.0017296385877968092,0.010951867073962077,-0.004407896012423923
0.42346240788434375,0.008533210484998367,0.0032771653505226984,0.0026951020992815895,0.0015019766326456753,0.0014708242902330849
0.42354130115455946,0.008107594208413239,-0.01552503845102777,-0.014911666678211925,-0.012888588976137379,-0.005686520191679366
0.42362019442477505,0.008466166480262263,-0.017903128974417648,-0.014873242005627785,-0.007512887972342828,-0.008533950893814113
0.42369908769499076,0.008691747996870756,-0.017992235550964325,-0.014383552929970313,-0.0008684813184422585,-0.011679747252131953
0.42377798096520647,0.007638126268334518,-0.01855454759882148,-0.014273638903767896,-0.005580486783652949,-0.009062752044218922
0.4238568742354222,0.005360101714476438,-0.017789425949575922,-0.015011141516524024,-0.0056974787353192115,-0.009622912624378603
0.4239357675056379,0.002937516362294399,-0.02270079170532178,-0.020510585808020336,-0.005917960274404806,-0.014149518677727572
0.4240146607758536,0.0013459392382849224,-0.01336598344425648,-0.013580937163994205,0.008798284779066827,-0.016180683000049934
0.4240935540460693,0.001440710490309561,-0.005009068225122189,-0.006105270874709813,0.00713781718895964,-0.008979380850716605
0.424172447316285,0.0029726622375591074,-0.016669191828672297,-0.01632549553726189,-0.009919662742191956,-0.00847121316433401
0.4242513405865006,0.004400026462050482,-0.01977487429827531,-0.018756768127769493,-0.011761107854898648,-0.009538439997893298
0.4243302338567163,0.004686860917528476,-0.016818865487706242,-0.014409600851184128,-0.011204105785574405,-0.006164915187907098
0.424409127126932,0.004376584406774894,-0.006677340676864615,-0.0054412336454502,-0.0004676745381379495,-0.0043437001992040055
0.4244880203971477,0.004642622163603399,-0.005429770722100917,-0.006073992538135934,-0.007867993129134348,-0.0009129208270531739
0.42456691366736343,0.005546889313973379,-0.010006589690093768,-0.012210279558462597,-0.011607040828204292,-0.004091520097963879
0.42464580693757914,0.005785841010090592,-0.0087083711348386,-0.00902132704264042,0.00606858893314451,-0.010868532058202665
0.42472470020779485,0.003933383091387007,-0.0065324672144280085,-0.007746011032162502,0.016808802565405054,-0.015547052051416172
0.42480359347801055,0.0009427870338230954,-0.007870724626247633,-0.008195697283928672,0.018926059301729175,-0.017061471721456178
0.42488248674822615,0.0003346621551075728,-0.0026538525096722137,-0.00329751495886251,0.006246158614086351,-0.006130978165756639
0.42496138001844186,0.003725857553081163,-0.020603458935285514,-0.017353518488757175,-0.0171364084993712,-0.0054734142602971304
0.42504027328865757,0.009152321161941174,-0.022771380759011448,-0.01698805174178685,-0.01279564669313127,-0.007490188828156468
0.4251191665588733,0.013496016746993723,-0.018399823623840596,-0.01293925659679922,-0.005848890360649922,-0.007792080805755505
0.425198059829089,0.015237110651085907,-0.013189955370744542,-0.009322850259542948,-0.007712806229543945,-0.003739518899228637
0.4252769530993047,0.015538797834763744,-0.0009963385069988514,-0.0015863110087441686,-0.002732265647610959,0.0001245772134867335
0.4253558463695204,0.015876435577769552,-0.009120245045220398,-0.0092977787499286,-0.01238684859150787,-0.0012139723090638624
0.4254347396397361,0.016207785464955275,-0.0125470739597903,-0.011963475784616885,-0.004449358170922538,-0.007717825688951051
0.4255136329099517,0.015206457520189546,-0.009767170860684618,-0.007577228299969738,-0.0011823918797355865,-0.005764321948821925
0.4255925261801674,0.011614642372656794,-0.016930563474523888,-0.012259935657281961,-0.007216542467526956,-0.006485704675079361
0.4256714194503831,0.007068348330644109,-0.023754620790328487,-0.017875171497610722,-0.00879139467366845,-0.010384504231128702
0.4257503127205988,0.0047733517688313375,-0.021905927564662503,-0.016975995066825355,-0.00982728681162752,-0.00907013267621227
0.42582920599081453,0.006121024310787769,-0.010764676987587431,-0.007382627276872691,-0.004341398006433195,-0.003907481407742371
0.42590809926103024,0.010276081566597968,-0.009116035723527026,-0.007096107920308008,-0.008787659195483922,-0.001283248421284751
0.42598699253124594,0.015158667366511424,-0.012062697925634363,-0.009725644676634768,-0.00997480521647505,-0.0028677130809929897
0.42606588580146165,0.01884567587911787,-0.004303391041392577,-0.0033210141409655623,0.0013755612668887932,-0.003541099060498244
0.42614477907167725,0.020657908273758126,0.0008522691819949792,-0.0001651252493937472,0.0009327635565434612,-0.0006392028797131792
0.42622367234189296,0.021190194341033048,0.006733790659174822,0.00489318174731829,0.0021440762830761107,0.0029827462586439544
0.42630256561210866,0.021724230504744948,0.013087719059656831,0.01012671148608116,-0.00032620418779999335,0.008725285058067656
0.42638145888232437,0.022962605879588333,0.005622983523532649,0.0065182466042739,-0.005232209269757167,0.008307017275404427
0.4264603521525401,0.024785326359456596,-0.0030405690976601347,0.0009886043337234392,-0.003268451699202087,0.0025859821154534117
0.4265392454227558,0.026481091801196743,-0.009692922921132397,-0.003067468462423119,-0.005567708421878609,0.00039321915958514945
0.4266181386929715,0.02641043457615577,-0.005862170618264447,0.0005982677876923283,-0.0034879927096922,0.002374038792009245
0.4266970319631872,0.02268180439481462,0.007438341963914924,0.012205028812287964,-0.00014586294226540773,0.010383566383919322
0.4267759252334028,0.015933512981155893,0.009683482977112903,0.011234435978013291,-0.004863948443715238,0.012091685648914734
0.4268548185036185,0.009856535162203943,-0.005730091080194309,-0.005346188960356423,-0.012028807700661214,0.001931178871634625
0.4269337117738342,0.006982633975639314,-0.006343266517781344,-0.009785023461485555,-0.007921373866714921,-0.004018060709643087
0.4270126050440499,0.006940946071866822,0.003014851777284476,-0.0032974100703666207,-0.0028709387261125208,-0.0012458897383119264
0.4270914983142656,0.008614208224338957,-0.00028120584693688746,-0.005646212032885002,-0.00708661711953423,-0.0009703720126439467
0.42717039158448133,0.011540877545754806,-0.0031472733754039518,-0.005156372709624228,-0.015508824239418665,0.003956379210208294
0.42724928485469704,0.015558532924759486,-0.00529116514986353,-0.004700980757146759,-0.013210863747313428,0.003109448624269417
0.42732817812491275,0.02017706690834423,-0.004295480084114547,-0.0022471502648730986,-0.010945140317834548,0.003967317812367219
0.42740707139512835,0.02363202665077087,0.0020633133903822216,0.002408833187722531,-0.00908744039462974,0.006903111955823829
0.42748596466534405,0.02259916933813117,0.0004480543576945361,0.0011078637952786359,-0.01725018101442249,0.010179160944650139
0.42756485793555976,0.01614201145482473,0.0024675163959196156,0.0012951491144401399,-0.019146257513174447,0.01135358616395581
0.42764375120577547,0.00849020950033726,0.004783161796333934,-0.0015666280899338369,-0.012683845969967836,0.005473675264540867
0.4277226444759912,0.0033516683146606846,0.014684312584161792,0.006452777348220593,0.007509403164922515,0.0014249088069835786
0.4278015377462069,0.0011631729168878984,0.01563554565209417,0.00980831308727089,0.0213299480073602,-0.003147466857193155
0.4278804310164226,0.0007524971463816935,0.00011405090541610116,-0.0006658778489234055,-0.00016428152534073178,-0.0004742048302548685
0.4279593242866383,0.0006805494476266365,-0.009138599644812586,-0.009079763066856367,-0.0058182300974793265,-0.004549315362482671
0.4280382175568539,0.0004500569561291306,-0.004610666178295819,-0.0035479592138458645,0.008646702701607533,-0.007628728055567013
0.4281171108270696,0.0004996157859627389,0.020188842581749765,0.019530017199017934,0.03420322651976724,-0.0018342432558885334
0.4281960040972853,0.001233294121692936,0.03452813968756598,0.03254281012093686,0.045558778566463135,0.003084284484172095
0.428274897367501,0.002527660676149393,0.009249355578376056,0.010026026700243766,0.012514066482487379,0.0017608266812254253
0.4283537906377167,0.0039825985120158685,-0.008370704042420673,-0.006546466188414636,-0.01173080890458575,0.000757928001480234
0.42843268390793243,0.005343913440959386,-0.011243329328217807,-0.008871785928001788,-0.01941484821836817,0.0029120317476436764
0.42851157717814814,0.006082960850247796,-0.0044199524363888396,-0.005055106258944826,-0.012500606937584069,0.002429801499114187
0.42859047044836385,0.006213558611032262,0.009620196083304467,0.005661766311859748,-0.000692258043794443,0.005151386300823996
0.42866936371857944,0.0074636390011855545,0.007831326896908545,0.0022269409503564114,-0.00888021622850736,0.00663849454111189
0.42874825698879515,0.011718193325836977,-0.004296851258431992,-0.007820947338928337,-0.007217074780972366,-0.0027368528616391894
0.42882715025901086,0.019695291645659536,-0.00240298638345654,-0.00410854042966551,0.0017696126604169783,-0.004417171433277816
0.42890604352922657,0.029048245710774395,0.0007833099517715061,0.0021974126961103067,0.002604472858380156,0.00045987786362256824
0.4289849367994423,0.03446233674639587,0.007281396260380809,0.010231959723477749,0.017004013178919208,-0.00047121457148070804
0.429063830069658,0.03471693150010649,0.010949270234170728,0.012000435002106884,0.010819223240547947,0.00433639023229204
0.4291427233398737,0.032737583259868724,0.005819974572924523,0.006742525220503365,0.00900878288409485,0.000866189496591655
0.4292216166100894,0.030201495648694787,0.004949298223935041,0.0064417940023213886,0.008664212946582806,0.0007968709263338776
0.429300509880305,0.02683873969322513,0.005049465718177941,0.005983108237093581,-0.003567926577896981,0.006963466596980567
0.4293794031505207,0.022431595873144534,0.005689971962090458,0.008146838292457182,0.005438638134865548,0.0039649065072079655
0.4294582964207364,0.01754340663782627,0.0021017730355597703,0.004816226052975145,0.01945021134400747,-0.006356039467017167
0.4295371896909521,0.014769556217020615,0.010928032773985958,0.01090722145671776,0.03420409933069981,-0.009121775286401772
0.4296160829611678,0.018722199315557218,0.023964627564286682,0.023022970033552664,0.03210863003682245,0.002241526319864637
0.42969497623138353,0.029482848516870414,0.01096772793528077,0.014226259554498976,0.0006601091256641604,0.011658546890345768
0.42977386950159924,0.040760205147556856,0.0027125496531476994,0.00837281279935474,-0.008262042488885417,0.011496243903793349
0.42985276277181494,0.04833029290507995,0.013707040548919027,0.01725902906360754,-0.002874986962556213,0.016113084836064242
0.42993165604203054,0.053291578279556294,0.020817654013823263,0.022000112741192297,0.0037112921699402565,0.01658938711683732
0.43001054931224625,0.05656007198465974,0.039457363618136565,0.034123856575392464,0.013202620001279574,0.02175165464393523
0.43008944258246196,0.05743848013187646,0.03329579898413641,0.028011549771827446,-0.0009790229485082645,0.024178087889157467
0.43016833585267766,0.05525020505681706,0.017745385023575897,0.016348043093630308,-0.0015440390612538317,0.014630922482263409
0.43024722912289337,0.048590478431670324,0.013141460813751232,0.012956656777100454,-0.00457174650818098,0.013389263637966149
0.4303261223931091,0.03678314753397105,0.008078203022319413,0.00687441122819966,-0.011395652747500526,0.011910276168862293
0.4304050156633248,0.02442887698757678,0.01059178434849103,0.0070435819668137195,-0.014044116212305849,0.013472365575801316
0.4304839089335405,0.01618676190356562,0.011048469678985295,0.004886777455013252,-0.02119882981929002,0.015486248156530671
0.4305628022037561,0.011843051986223076,0.005779478064562666,-0.0007232461230975338,-0.01966633019925725,0.009928111267000649
0.4306416954739718,0.009471089017312403,-0.004810691574375689,-0.007911021057048467,-0.012932908727636928,0.00024974982758092107
0.4307205887441875,0.0078671345939765,-0.011495351994140169,-0.012069168732309031,-0.01078904571082305,-0.0044106076294934534
0.4307994820144032,0.0064718254743757215,-0.012586414795893494,-0.011595939240646218,-0.007148870122040122,-0.005961218904447462
0.4308783752846189,0.005019228584417714,-0.015229981686217453,-0.012350742293366928,-0.006431037085465825,-0.0069832143629864896
0.4309572685548346,0.0032738588124861428,-0.024943207663281303,-0.022458655225952678,-0.0011845583637789053,-0.018329782547847714
0.43103616182505033,0.001348673174862494,-0.02125279623609236,-0.020161179974568108,0.003237698252839055,-0.018757945170703685
0.43111505509526604,0.0007303067633464372,-0.01669911408213667,-0.015579556858611383,-0.009416503083464233,-0.008110722319658053
0.43119394836548164,0.003156232959914585,-0.015182329801598326,-0.012724418008030742,-0.02198261385271164,0.0010340603346920768
0.43127284163569735,0.00822575091032485,-0.009023679947083222,-0.007709873022003518,-0.025319762057033554,0.007058625212152078
0.43135173490591305,0.013136450443689796,-0.006331945417207924,-0.005707637080975016,-0.02063244888692875,0.006236936278468039
0.43143062817612876,0.015327370152511396,-0.0009994971403841089,-0.0019708785462204744,-0.014234697399005016,0.005963444556936109
0.43150952144634447,0.015488382763249297,0.001193311547339624,-0.0015289432127856238,-0.01003630754255039,0.004086739440514185
0.4315884147165602,0.015894057424798307,-0.009395542504617894,-0.009759039571575496,-0.010611700395323635,-0.0025546658471824898
0.4316673079867759,0.017894138017609907,-0.00598029769797738,-0.005066309374745269,0.0030544295936490396,-0.00591425402163278
0.4317462012569916,0.02143588991630226,-0.0013114321534056425,-0.001598836972140974,0.01974210946187806,-0.011929391075211314
0.4318250945272072,0.0227672696059267,-0.0064331670517858855,-0.005286403105421973,0.024868361671886507,-0.01779090397478293
0.4319039877974229,0.01845862151997242,-0.0030956897805402422,-0.0014400165171736272,0.023442752501592782,-0.013779123115903555
0.4319828810676386,0.011343291993590363,-0.0016675615846000714,0.000383284340411915,0.007544684212604468,-0.0037189480364297847
0.4320617743378543,0.005290109614401401,-0.004338596966337616,-0.005842057544482728,-0.003798554513566389,-0.0028974905800667698
0.43214066760807,0.0016944399531546447,-0.017554866463837415,-0.016526157985508515,-0.0046684541147561575,-0.011453601406083461
0.4322195608782857,0.0003990821092249817,-0.01910948613793087,-0.01778802795707265,-0.007402154396238961,-0.011055040110910335
0.43229845414850143,0.00183687115310511,-0.013863772772383473,-0.013620944994488416,-0.008957786860786594,-0.006702265303969539
0.43237734741871714,0.00804266991709013,-0.01159858759299119,-0.00987474196849565,-0.011701420265446903,-0.0020684949678073526
0.43245624068893274,0.020408108879157037,-0.010797837697853292,-0.007767854473657653,-0.012768838781473058,0.0002827347857123904
0.43253513395914844,0.038282366235545456,-0.002457497088753518,0.0016280936618277262,0.0021325041047168926,0.0002320588184301928
0.43261402722936415,0.056454583812183434,0.0077088526656185355,0.011661162312081337,0.0032352511068316813,0.008112971970753665
0.43269292049957986,0.06645622492496017,0.02094482751159712,0.02241260282819231,0.0010638702989150524,0.0183555192287463
0.43277181376979557,0.06691097729689062,0.028816723989484472,0.02734248630665629,-0.007987392969088385,0.027365330087079007
0.4328507070400113,0.060293697050037766,0.02475961523281479,0.02054774179149124,-0.007608535549221021,0.02142536453099563
0.432929600310227,0.04870399020915655,0.023799674281312327,0.016830493514755872,0.000492414053300233,0.013947492219480164
0.4330084935804427,0.03769519059003719,0.017209600466541224,0.011920305881496833,0.001782739005462417,0.009109949456621186
0.4330873868506583,0.03048052778501769,0.01759018030600217,0.01714959811178538,0.01106682942039257,0.008552767968880524
0.433166280120874,0.027286770340195353,0.020419859279888004,0.024486053793919934,0.008849096448838535,0.01593797205595435
0.4332451733910897,0.025809838360034764,0.006229536726106327,0.011510175307612976,-0.003244169009975619,0.01145670985752721
0.4333240666613054,0.023354466759713238,-0.003202580591745241,0.0010385573874523108,-0.011340373630981745,0.00695342138090503
0.4334029599315211,0.02055902494081463,-0.0029099349941547376,0.0030586631508540394,-0.014471016563358944,0.010336760583999061
0.4334818532017368,0.018171744214801926,-0.002770323446792523,0.0011166299089319634,-0.013528317465893176,0.00819185151763062
0.43356074647195253,0.015321566132779199,-0.0032343917081180296,-0.001426857904165346,-0.0012726955414984276,-0.0005228374704533132
0.43363963974216824,0.011321938713754276,-0.006118279836923205,-0.005522560442644323,-0.0069628042808794225,-0.0009323010459167586
0.43371853301238383,0.006945373405554395,-0.008168286374274258,-0.00932948305291649,-0.005538639852066123,-0.0049099834045601455
0.43379742628259954,0.003288584161204031,-0.012058851198830134,-0.010386451660464886,-0.01488151816286641,-0.0007966526610623624
0.43387631955281525,0.0007539676334166873,-0.01606355220828972,-0.01167742449753397,-0.01688125104235294,-0.0008154311479436329
0.43395521282303096,0.00044088513030460084,-0.018068678201903894,-0.014594639583387962,-0.005922326314020092,-0.009150719340973933
0.43403410609324666,0.002809403587559107,-0.017587820907675702,-0.015372246289587261,-0.010415966736543512,-0.007400205551824712
0.43411299936346237,0.006791356543390986,-0.013590387749258687,-0.01113861654345744,-0.016579642677927855,-0.0005219642093106852
0.4341918926336781,0.010075211573177452,-0.013034708241130219,-0.009496301436852362,-0.020887773946300515,0.003174004145650389
0.4342707859038938,0.010182273721801494,-0.00711222837527008,-0.004504667099031091,-0.016661079242411708,0.005124244967077042
0.4343496791741094,0.007409408861245366,-0.009328109064083372,-0.0073915999769025575,-0.0033283550161570742,-0.004457826429286881
0.4344285724443251,0.004196794670292896,-0.010365787953382185,-0.011374683387335145,-0.003993130014091434,-0.007465037617794114
0.4345074657145408,0.002389661734506237,-0.008202565804565779,-0.009208089370412174,0.004292703841977179,-0.010074735395521745
0.4345863589847565,0.0021942593195111815,0.0014850232704625786,0.0006757884993855216,0.011152570526877908,-0.005405280598430591
0.4346652522549722,0.002070782102850914,-0.008423778648533758,-0.007458239507466652,0.008793514524650308,-0.011008851682095235
0.4347441455251879,0.0017054282329211402,-0.024284186011209446,-0.0207979919601195,-0.00046690125857143166,-0.01731163149775226
0.4348230387954036,0.0020624624497853636,-0.021614043476375595,-0.017438007793236655,-0.004370525290355298,-0.012383274105271576
0.43490193206561933,0.0033930045060800835,-0.01611967984477365,-0.01020958722107128,0.0016855954191525948,-0.00952355518523889
0.43498082533583493,0.004774423746541874,-0.016592344599365417,-0.010608976647075679,-0.004344970549578624,-0.006629949846070224
0.43505971860605064,0.004383955168821486,-0.011701551600102732,-0.009517466968111543,-0.006248370554066908,-0.004688472617279382
0.43513861187626635,0.002792779328854832,-0.017643014686203568,-0.017082428761212628,-0.015858373436650294,-0.005929119410568383
0.43521750514648205,0.0028713936642459775,-0.006252700291320104,-0.009912583133133741,-0.013047409702032758,-0.001379239561390595
0.43529639841669776,0.006461798565029514,-0.004562207699726516,-0.007762519751604142,-0.013077420768364753,0.00045259535700578797
0.43537529168691347,0.013538957361185978,0.001531214228942849,-0.0040041937425048055,-0.0015528891458895392,-0.002548878125704435
0.4354541849571292,0.0206271741018559,0.00601235314597519,0.0019213648822630402,0.001577566621025355,0.0007770201566889353
0.4355330782273449,0.023735632519153206,-0.0024297151067991505,-0.002926155355199796,-0.006441559648885058,0.000980766138802811
0.4356119714975605,0.023892389104698413,0.002198411031632799,0.0006370228472867597,-0.005033033561099901,0.003234620457025754
0.4356908647677762,0.023649709348101084,-0.0007479104540879321,0.0004183697333490137,-0.008667416482543674,0.004997429745926729
0.4357697580379919,0.023684255365919612,0.0027559256867307346,0.003673115911940244,0.00080606939486125,0.002669476823114
0.4358486513082076,0.024155379781409414,-0.003294023490136888,-0.0007091538965155299,-0.0012920393566388955,9.351537323160852e-05
0.4359275445784233,0.025349655611161318,-0.004895636818323118,3.2469627089789637e-06,-0.0014176178047970987,0.0007623108668895689
0.436006437848639,0.026357582288533975,0.0031556528598862803,0.008989808353402318,-0.0016550766213921382,0.00847727671364802
0.4360853311188547,0.026019526842834623,-0.0036574146414116407,0.005111780352785474,-0.008704675037914583,0.00898014050618523
0.43616422438907043,0.024060597499501016,-0.01233581415485489,-0.003556902748832318,-0.013534942864067848,0.0042492034977153065
0.43624311765928603,0.020072373510940954,-0.01726449688701657,-0.010228460923733978,-0.01601885734984637,-5.37586166190807e-05
0.43632201092950174,0.014763305681661603,-0.015517824912970183,-0.011033668626102033,-0.021120234563059673,0.0020000562111394536
0.43640090419971744,0.009521644848276466,-0.015364156602426942,-0.012623889902129665,-0.015984803255466615,-0.002095217317490544
0.43647979746993315,0.005600076661098067,-0.01333781715651742,-0.010909018856175927,-0.014968309045018746,-0.001191494099919412
0.43655869074014886,0.0035734133505308527,-0.019434169824317015,-0.01606762700815745,-0.015843436549065667,-0.005079861477387227
0.43663758401036457,0.0031184111766079294,-0.020124180433253615,-0.014951908983771743,-0.010027148051789805,-0.007253481764820478
0.4367164772805803,0.003805529866149725,-0.021224394305366625,-0.014690228718606296,-0.013350577327061738,-0.005251968530070269
0.436795370550796,0.0050060991446083175,-0.022330404771445933,-0.014648794229525143,-0.01620858643006494,-0.0036856961679954756
0.4368742638210116,0.0058277902839909985,-0.023367814589597607,-0.016459876832475354,-0.016930820807016172,-0.004828621734369578
0.4369531570912273,0.005496642215395281,-0.020055474501129263,-0.014287016601919136,-0.02084554624385058,-0.0008953586225992437
0.437032050361443,0.0037871965207879896,-0.017061621457216642,-0.013983073300582453,-0.019997017355021834,-0.001093320982075938
0.4371109436316587,0.0018712587445948064,-0.021703004274050926,-0.019211844129966606,-0.016473036492949636,-0.007398780902646456
0.4371898369018744,0.0012906976545322038,-0.018550262381242168,-0.01609461529659975,-0.010183712003258058,-0.00813475522518229
0.4372687301720901,0.002658553813348595,-0.01864763737735367,-0.01698833688902538,-0.008372551896697927,-0.009859815669150947
0.4373476234423058,0.005089603059083854,-0.019748899436771907,-0.018597540473093685,-0.004482495168784283,-0.01330258560210339
0.43742651671252153,0.006569783617797232,-0.018924425098083,-0.017741341214046927,-0.006798857759308491,-0.011338757987942644
0.4375054099827371,0.006452045819241803,-0.023025779372325066,-0.01919635491227472,-0.008341936014345406,-0.011741189392626281
0.43758430325295283,0.005813007699588783,-0.02823575134273665,-0.023659819894067582,-0.010352099317177534,-0.01443509342872518
0.43766319652316854,0.00531338913591609,-0.02427237819813385,-0.020452804412686456,-0.010144351250438353,-0.01183712176415188
0.43774208979338425,0.005261743571780905,-0.020604148938606237,-0.017461034338623498,-0.014600931288808934,-0.006922610979151157
0.43782098306359996,0.005556034542675387,-0.021343407172619656,-0.01528066029575265,-0.018231289424588362,-0.0031356550377201805
0.43789987633381566,0.0058093846976943215,-0.02002535321381963,-0.013459166233720876,-0.018759848004892426,-0.001313735310414915
0.43797876960403137,0.005389639079010097,-0.016210410079835594,-0.012564167748333964,-0.01934388741634653,-0.0002447431576648929
0.4380576628742471,0.003663338140402165,-0.016772442601415367,-0.014518832697682494,-0.010400032482722284,-0.006687943034898838
0.4381365561444627,0.0014361197839402877,-0.006630766118316934,-0.004937309560606016,-0.01086091613110563,0.0016506212828428504
0.4382154494146784,8.46109278982771e-05,-0.014517781544946451,-0.011930261017504523,-0.02124899737882528,0.0013117217027605046
0.4382943426848941,0.0005544080846431845,-0.022168631932112805,-0.02055510149732088,-0.018147443726322928,-0.0076366964086917325
0.4383732359551098,0.003226476264132546,-0.014851996393612768,-0.015042469998759633,-0.012241201050904902,-0.006143838571632796
0.4384521292253255,0.00725719969870273,-0.015034970043269223,-0.011613413698702175,-0.0031905791828201946,-0.008096583548249629
0.4385310224955412,0.012196008787316744,-0.01694510278144468,-0.010916098870640187,-0.0019313398366379202,-0.008182374146510164
0.4386099157657569,0.018361403961493824,-0.019573339307108032,-0.012104852669828114,-0.010335459594048533,-0.0046837629942259795
0.4386888090359726,0.024705708954536623,-0.007552437713241747,-0.0019426351361914568,-0.006549952588754866,0.001869294492656605
0.4387677023061882,0.030891037066480147,-0.008345482419428495,0.0008815980390154752,-0.004250238962979368,0.003021688504352247
0.43884659557640393,0.03527846415662072,-0.005732722530791559,0.0061710633805920016,0.00028032275266631616,0.005060316655038386
0.43892548884661964,0.03392478906981179,-0.00344206423780031,0.005534607147825115,0.0025334086862221694,0.0033157420349499422
0.43900438211683535,0.025993536517769263,-0.00702936729251597,0.00023793264898180173,-0.003328946526920145,0.0019845744020243732
0.43908327538705105,0.01530156599099958,-0.011315356010273286,-0.007045313850416628,-0.006716576561608266,-0.0023500551815849703
0.43916216865726676,0.006406361337157949,-0.014897110807532003,-0.014455308352621456,-0.008297548507551036,-0.007760635774800056
0.43924106192748247,0.0022156804952195605,-0.016954339834100114,-0.016122992285097667,-0.008330500018763553,-0.009151469007104736
0.4393199551976982,0.0029180330444994393,-0.008125684320155695,-0.00740413473525512,0.0017264844234426379,-0.007176672013317585
0.43939884846791377,0.006965451102585471,-0.013549994212428721,-0.008924005220551475,-0.006530489479461509,-0.004036176753037325
0.4394777417381295,0.013148057670146455,-0.018972021169259255,-0.009764895090201996,-0.010711693539455306,-0.002506034035389043
0.4395566350083452,0.020729060701460543,-0.0052450113291722215,0.005631536029769129,-0.014081042127167901,0.012300013562355612
0.4396355282785609,0.02877695654725266,0.0009995344455216114,0.011724872086246818,-0.016453254844820825,0.01871548427382679
0.4397144215487766,0.032964806402962586,-0.0057801235736845615,0.005159907353458957,-0.014209829428118886,0.011970847782133306
0.4397933148189923,0.02944318232880333,-0.005553569673898971,0.0005691758171123035,-0.011078140787103074,0.006416579531142219
0.439872208089208,0.02162131098712135,0.003396643396734632,0.001207449870056354,-0.006642968699438421,0.004578898549435121
0.4399511013594237,0.014004250566446037,0.0041387670858302065,-0.0024928014899539973,-0.0014446081416788527,-0.0013307504513770678
0.4400299946296393,0.008586652067876932,-0.00039546489657072423,-0.00628955044545617,-0.009340901558773096,-0.00030572719674863187
0.44010888789985503,0.0064402974826909066,-0.0039466999121034315,-0.008977565803097255,-0.006072261677637899,-0.004326913068830599
0.44018778117007074,0.005511841364012194,-0.008594064492579956,-0.01147569735402315,-0.011101954480713626,-0.0037417433559334473
0.44026667444028644,0.003989525268683687,-0.008618493180997371,-0.010288283467447099,-0.014200798024010612,-0.0010785063683573979
0.44034556771050215,0.002551801808269579,-0.010156442794663753,-0.012526125303257234,-0.013337545007826128,-0.0034310910649718693
0.44042446098071786,0.001909652837616904,-0.015249764833313155,-0.013149411893231027,-0.014878355819290898,-0.003131957460902069
0.44050335425093357,0.0021676201248306388,-0.018842697748753363,-0.017127562556740146,-0.009476966715005211,-0.00938581007924491
0.4405822475211493,0.0035000372097293594,-0.02055757005253189,-0.01821783026573616,-0.01778337852999731,-0.005856987764375959
0.44066114079136487,0.0062207494433257834,-0.01765017823752851,-0.014255207854311207,-0.012341603015925181,-0.005425099869955577
0.4407400340615806,0.010364550176136973,-0.014979944694825177,-0.008279946630586212,-0.011547626971738799,-0.0008040968760216593
0.4408189273317963,0.014421172151412413,-0.008688953924513342,-0.0015662017852039497,-0.006997971501001372,0.002427200891853702
0.440897820602012,0.015298810121721173,-0.01660950193400213,-0.009501539288779373,-0.011197340097725054,-0.0020234152613325543
0.4409767138722277,0.012023247858052552,-0.019008849904616373,-0.01233484748320884,-0.010746287655495073,-0.0046578958194969594
0.4410556071424434,0.007100405787830714,-0.016692193490178933,-0.012228580298033172,-0.0129487405373282,-0.00338810748090159
0.4411345004126591,0.0030627721153970527,-0.021803671845038456,-0.017551530419871435,-0.013283600338890807,-0.007704769124624415
0.4412133936828748,0.0023749704543847977,-0.026109762871480202,-0.02227083812599343,-0.007243580422968002,-0.01492641439733046
0.4412922869530904,0.004824428592569734,-0.022623476834797977,-0.01998327289849795,-0.0011269709673206432,-0.016270081227526642
0.4413711802233061,0.00901796422813538,-0.02220865225898369,-0.018455520680361475,0.006018773744484961,-0.018807315586163977
0.44145007349352183,0.01564193172632264,-0.02082591645778396,-0.01456807244333641,0.000988165249479907,-0.012830139287803723
0.44152896676373754,0.023224147438345083,-0.013136600138150508,-0.007093188850350891,-0.008198963609049724,-0.0015962135701576734
0.44160786003395325,0.03034760197318832,-0.004871093848228838,0.00039423982020966435,-0.0083047211213812,0.004782706268408062
0.44168675330416896,0.034553789287445624,-0.004715821000630332,0.0024178128949257087,-0.004756849917541006,0.004590218607250885
0.44176564657438466,0.029198961622843213,-0.006914499992052895,-0.0006700007440351275,0.0026840259159216827,-0.0020038307332542393
0.44184453984460037,0.016651942082999357,-0.011525618642454286,-0.008818288058756838,0.0015496267975511305,-0.00827595672193192
0.44192343311481597,0.005569820846529385,-0.017613932807791863,-0.014083619666840243,-0.0068803036983621545,-0.008205961365807903
0.4420023263850317,0.0002593415620182416,-0.02103978614035659,-0.01773074215236965,-0.012346642473194763,-0.008358077677449161
0.4420812196552474,0.0017131696226317372,-0.020582664552583257,-0.016365713016660947,-0.008542946926659153,-0.009242666911862598
0.4421601129254631,0.0074094026064869065,-0.024951712175370764,-0.01912956426447493,-0.0036517806721734396,-0.01419684436474264
0.4422390061956788,0.015924915342699384,-0.012293616878652122,-0.006695387504651385,-0.00554882291239094,-0.002680252221303877
0.4423178994658945,0.026555854902992455,-0.013700775833091218,-0.004911842603397743,-0.011424549906104002,0.001974153358686426
0.4423967927361102,0.03700082873918079,-0.013250361320585512,-0.0022857030108602784,-0.018173755670847787,0.007808749911491191
0.4424756860063259,0.0469109246650536,-0.0018798910585511176,0.007257372692688363,-0.013118259800045566,0.013156699170636114
0.4425545792765415,0.04994026840155052,0.0011324934183172878,0.007461616477382197,-0.015392515291162442,0.01454791596271993
0.4426334725467572,0.0402600599769023,0.007603505663146766,0.010452856311967539,-0.010152483581110424,0.014265305436956663
0.44271236581697293,0.026144405825178144,0.009280349474094788,0.007570955800064012,-0.01369001940186886,0.013727844042379868
0.44279125908718864,0.014739205669516729,0.007656096858156464,0.0011088700769991094,-0.01206253720196991,0.007399786010278535
0.44287015235740435,0.007171282818266719,-0.0055533403764818495,-0.011080758101416883,-0.009210048025704883,-0.004421851992494186
0.44294904562762005,0.003214701040399679,-0.010767343994209498,-0.01347896099105386,-0.008932801774424804,-0.006595737875798908
0.44302793889783576,0.0018562352381771981,-0.011552361277009817,-0.013485371800740008,-0.005389554493180669,-0.008499343795933463
0.44310683216805147,0.0017446085954015312,-0.014591803096587036,-0.013449004989564946,-0.012376962643026805,-0.0047252237768933515
0.44318572543826706,0.00209028242592487,-0.016391768905155785,-0.013821684476973493,-0.017816056106710106,-0.0021257020403234114
0.44326461870848277,0.0023247523224722974,-0.02369990831537173,-0.01894692283643274,-0.018197313772623163,-0.006251207469303158
0.4433435119786985,0.0024610732865653177,-0.02008591972005416,-0.015787649345357875,-0.01717304680354966,-0.004130963029831638
0.4434224052489142,0.003688196896064903,-0.01003576650151523,-0.006847935242920082,-0.01479750595315274,0.002146702494321836
0.4435012985191299,0.0070351439882524675,-0.010533623984907991,-0.010385499164038805,-0.01492528893630276,-0.0007723934760267457
0.4435801917893456,0.012937289262338982,-0.011778029815901179,-0.010035063044178259,-0.015259784961839691,-0.0002971833251665444
0.4436590850595613,0.01941352237289017,-0.01074973958987068,-0.008012147661174657,-0.008659088147867864,-0.002125680063170993
0.443737978329777,0.02080008834168886,-0.014642600090773669,-0.008967642938680635,-0.013619867523065833,-0.0002744639788306741
0.4438168715999926,0.016003513229092232,-0.022573829377244937,-0.014328548424669373,-0.01771479171441613,-0.0026081211117328367
0.4438957648702083,0.00947442090594044,-0.026194123436272577,-0.01765304410192817,-0.018907695787765987,-0.004777442860217499
0.44397465814042403,0.003987385263520017,-0.023963123067287616,-0.01904586254532442,-0.015861384329607993,-0.007586220718195024
0.44405355141063974,0.001618774550719804,-0.024697221744513033,-0.022225132865653502,-0.006836480534763165,-0.015105822371387757
0.44413244468085544,0.00173207848595517,-0.013125667300908698,-0.012438710886058395,-0.0027172420621435524,-0.00904707131833849
0.44421133795107115,0.0028789326265934983,-0.019173337371714973,-0.018508599191779468,-0.0029745493394422646,-0.014035140215639867
0.44429023122128686,0.00587220770105039,-0.019934263367142043,-0.017543308053372602,-0.004245122176246566,-0.012539374377079915
0.44436912449150257,0.01082357305700468,-0.016397108904887533,-0.014530386317153997,-0.007034477877743951,-0.008500678270808446
0.44444801776171816,0.01769204111453682,-0.007229948664071388,-0.007908587915409365,-0.007203457652591355,-0.002818155290189114
0.44452691103193387,0.02271998397279074,0.003552637269948375,0.0061752756886671424,-0.011115849965810413,0.011170074298349498
0.4446058043021496,0.02070821590152743,0.0010221736128278934,0.006488375147814766,-0.010375276815805383,0.011037577453647527
0.4446846975723653,0.01431090195013021,-0.009947912158592082,-0.004337957882605859,-0.016676569869589063,0.0052733244824725856
0.444763590842581,0.007615259034723716,-0.01458608213936295,-0.009159200153625398,-0.01675808736142618,0.0012454543537578258
0.4448424841127967,0.003042144388643839,-0.014605053965432296,-0.009248465056062399,-0.009496767495920225,-0.0027208738829089525
0.4449213773830124,0.0029310315394908857,-0.01579288196337244,-0.01152038549792723,-0.00755000336721641,-0.005682507028898996
0.4450002706532281,0.00558523127413022,-0.01581981267524328,-0.012149259276323624,-0.00944858568387151,-0.005196421357311732
0.4450791639234437,0.00885244112568169,-0.0184231181050096,-0.015366331098908798,-0.007727300731517397,-0.008835534048167103
0.4451580571936594,0.01288213064440495,-0.017666189620552636,-0.016058643791606764,-0.0095918731485462,-0.008421418427208787
0.4452369504638751,0.01693025554170627,-0.01076300323071462,-0.007175115134155611,-0.012068346940992214,0.00040792932401883224
0.44531584373409083,0.021406672888713785,-0.007220167795070173,-0.0024522318866748377,-0.014967785293195741,0.005949871557433406
0.44539473700430654,0.026985181164388205,-0.0032462188606996014,0.001756361103346677,-0.015331756911621955,0.009698507933254125
0.44547363027452225,0.03018767342469647,-0.00706701559704117,-0.0006854967485142179,-0.013926062502526494,0.0068833856746512
0.44555252354473796,0.02691486208110535,-0.0034339336701736905,0.0006514611094526642,-0.011463677091053566,0.006692657476230813
0.44563141681495366,0.020217181557853077,-0.009444164744099346,-0.005137405049938345,-0.0182330731597636,0.005432443241684005
0.44571031008516926,0.01410781814606446,-0.013131318044733562,-0.009236259586837884,-0.014822855790556696,0.00014331390567216763
0.44578920335538497,0.009254919934961766,-0.012644385466946746,-0.010264199946467052,-0.009293536806467684,-0.0036875367668360555
0.4458680966256007,0.0058751605992744,-0.018886023439749624,-0.016020289427432537,-0.011900436206428085,-0.007152313524139566
0.4459469898958164,0.00433851207028758,-0.016151892897472857,-0.014322803948346763,-0.012275944733030892,-0.005517370053411757
0.4460258831660321,0.0035884112503328704,-0.010248470807771687,-0.00830421827801903,-0.009995865996261146,-0.0016560632014633798
0.4461047764362478,0.0024718489618208474,-0.01181687486904807,-0.011153413250650916,-0.011509714546316052,-0.0032510867467357356
0.4461836697064635,0.0017436927200399452,-0.013581309583587357,-0.013597776218644213,-0.015591727083563153,-0.0031284360968466883
0.4462625629766792,0.0022522635029174833,-0.012452671503384262,-0.013607804737001593,-0.010812398471666162,-0.005697576685493362
0.4463414562468948,0.004162523253245613,-0.00429393975714331,-0.0047874275892252,-0.005944649573526055,-0.000857100084194015
0.4464203495171105,0.007010877107715892,-0.007866476678497155,-0.006418066514807536,-0.004256793508960401,-0.0031383427302754865
0.4464992427873262,0.00859634247881291,-0.011282130794227092,-0.008390293639428248,-0.005099949430261783,-0.004351946387827494
0.44657813605754193,0.0073414345711935785,-0.02479198616550707,-0.018765784462945353,-0.00944698560572417,-0.010785606651701083
0.44665702932775764,0.004645328782241463,-0.028663776770837663,-0.02161254705941194,-0.012087555057311744,-0.011776073000672882
0.44673592259797335,0.0022000616541146033,-0.02395056611537158,-0.01953214693821184,-0.013416816205968093,-0.009306553742965277
0.44681481586818905,0.0007331116642241006,-0.02403810035658133,-0.020254546146777748,-0.016821533321329633,-0.00809304318784186
0.44689370913840476,0.00031014155834711425,-0.023280976533626346,-0.020663780253809518,-0.01501483000128401,-0.00940660079348691
0.44697260240862036,0.0007232935000559003,-0.021420968618419762,-0.021543227464470585,-0.01159405501564919,-0.011981824696871488
0.44705149567883606,0.0020365976839916778,-0.01969787518971064,-0.020567048613464516,-0.004984109776941151,-0.014697349595662412
0.44713038894905177,0.004496851010212232,-0.01770013267801907,-0.018090811620414735,-0.0043132920954604935,-0.012965252043649067
0.4472092822192675,0.008269376109332387,-0.00888004093080233,-0.006398585936870449,-0.007310310581354046,-0.0014858243763860583
0.4472881754894832,0.012885836791005445,-0.00905267732161787,-0.005281479109806881,-0.017137809790914477,0.00472375961701459
0.4473670687596989,0.01657082580211391,-0.008837418198657424,-0.005482947802140595,-0.017485820267430792,0.0047401406614915225
0.4474459620299146,0.01808191344825919,0.0022753502276900484,0.004323613701512122,-0.017607735009625185,0.013085884179570656
0.4475248553001303,0.017374575031383066,-0.0021835339586808032,3.353697635740848e-05,-0.015696413113377057,0.008439295381319456
0.4476037485703459,0.0153522000691974,-0.013415200898184498,-0.010713561666314582,-0.018092820898775078,0.0006479395278361819
0.4476826418405616,0.012346624992999006,-0.003533945283237977,-0.002702781092023047,-0.014128923847615611,0.0052887458757188525
0.4477615351107773,0.009413804605459472,0.0008022157363669636,-0.0007118867076241667,-0.003765602431336398,0.001416567569308875
0.447840428380993,0.00883130484589275,-0.01623472050616071,-0.012243354443549065,-0.001918100786605602,-0.009310221732406601
0.44791932165120873,0.009301219724414184,-0.02248092219192451,-0.016483724061660526,0.0012683824197148186,-0.014597836081767289
0.44799821492142444,0.009307118150600273,-0.014540674396020565,-0.010988257445883371,0.0028212423696737485,-0.010789449332414488
0.44807710819164015,0.011214405826364127,-0.008812021065726693,-0.007169737895769345,-0.003661851133149761,-0.004091807725898234
0.44815600146185586,0.015295892738910424,-0.009709751236353236,-0.006078428933470026,-0.008242254037699926,-0.0007161317158221236
0.44823489473207145,0.02124441939574152,-0.004712404854190425,-0.00113392933566831,-0.004644965450173094,0.0015313937734602677
0.44831378800228716,0.029435899610597074,0.0025479474233686033,0.00672467631413335,-0.0016776192507927544,0.006576793409686356
0.44839268127250287,0.03397116591942192,0.008669235701524116,0.014657549890849655,-0.006431017228499643,0.01582142473273173
0.4484715745427186,0.03066312893874631,-0.003386627359709751,0.003793441680182627,-0.010812971211413934,0.00899680243699945
0.4485504678129343,0.024165090456462215,-0.008377683483283695,-0.0028474280828598942,-0.01803238699667192,0.007258648960779184
0.44862936108315,0.016856142648264773,0.006776120182801094,0.007178659233678726,-0.0159284243866607,0.014596240817006816
0.4487082543533657,0.009917568731984992,0.019165190774524516,0.015357204186828831,-0.01390688825028145,0.020417362300183015
0.4487871476235814,0.006048176673323417,-0.0012969283980186687,-0.0032208672427438373,-0.015281221806773104,0.005468810343920128
0.448866040893797,0.0033626115118459477,0.0017972583365174122,-0.002987074263105924,-0.010437052846295534,0.003070273097076246
0.4489449341640127,0.0018022744114844947,0.0090324611851041,0.0004667761465381906,-0.008896725889053405,0.005161176938220638
0.4490238274342284,0.0029686838687404417,-0.0002388903494885445,-0.007744636851726203,-0.010734112098601024,-0.0007879477517726245
0.4491027207044441,0.006547170710652968,-0.0021055088962581227,-0.004272758319379205,-0.01202467520357444,0.0028353950311632583
0.44918161397465983,0.01142299389498668,-0.0037959200962415923,-0.004227231486833672,-0.0026953817821331804,-0.002125055977332924
0.44926050724487554,0.013071482660924023,-0.007341245046094201,-0.00936474298886851,0.0012406393096539737,-0.008571815828743936
0.44933940051509125,0.009444076111746766,-0.013427332397726269,-0.013075332513228328,-0.004140489205392858,-0.008822212360877603
0.44941829378530695,0.004513305422081609,-0.02194559469075159,-0.01851464840150824,-0.010885449054069865,-0.009802969499543939
0.44949718705552255,0.0010974988262397226,-0.015081218042422675,-0.012570649284170208,-0.011767954039354277,-0.004309663747282686
0.44957608032573826,1.9080981850784958e-05,-0.006737640961385962,-0.005028452100947436,-0.015256041050032467,0.003928931198213961
0.44965497359595397,0.00043815920391560486,-0.0049354979614467534,-0.008890593811668695,-0.016911326503527856,0.001554430378082553
0.4497338668661697,0.0010782302971976852,-0.008412071335940578,-0.013930341500779202,-0.0174802194505411,-0.002397442387260879
0.4498127601363854,0.001528839265630799,-0.0023487624985587003,-0.009457667998172868,-0.012839041492451728,-0.001106701561792535
0.4498916534066011,0.0017666312655074709,0.0038375458232881962,-0.004887713078476223,-0.00782925528588883,6.802264189236719e-05
0.4499705466768168,0.0018917862006820043,-0.0019220167798652745,-0.009395362525086362,-0.003850430874615357,-0.005870094975690542
0.4500494399470325,0.002074297317954403,-0.011113537368706653,-0.014325815081869003,-0.0012370749486789072,-0.011433540586872883
0.4501283332172481,0.0037257037592991218,-0.01660836123356492,-0.01634826798190334,-0.006168721020956295,-0.010499735510977031
0.4502072264874638,0.008823169116757092,-0.01390966566724041,-0.010878418288132153,-0.005703184226182959,-0.006129817819565151
0.4502861197576795,0.01616002775132892,-0.012428457687367134,-0.006656257914394977,-0.012232335297789198,0.0009339589217078888
0.4503650130278952,0.021901773063997525,-0.0176443516890959,-0.007373247287985325,-0.019180292440454532,0.004051933785060658
0.45044390629811093,0.025642950610824323,-0.0179167260987998,-0.006873744821369413,-0.018951497993871257,0.004351154821469059
0.45052279956832664,0.028292794454911608,-0.014702860243908955,-0.003258618427369789,-0.01699095383988527,0.006353252582585999
0.45060169283854234,0.028521807384896822,-0.008845274940304416,1.8319118163728523e-06,-0.017770833863215603,0.009524346433505474
0.45068058610875805,0.02893985938427871,-0.005069024068521575,0.00047475560835772335,-0.00664466977353887,0.003961168956254681
0.45075947937897365,0.03091634594125424,-0.00040942746136915254,0.006977535667909023,0.005931284776011094,0.002713578709265902
0.45083837264918936,0.027415784008300425,-0.014014140241804045,-0.005858716844322067,0.005207907252780247,-0.007737142426658702
0.45091726591940506,0.021040345333165643,-0.0061317686145869865,-0.001582497689864999,0.009971700454124733,-0.006679253713766304
0.45099615918962077,0.018812814546013214,-0.004866168881543261,-0.0008859469997065982,0.0058669397908905525,-0.0038916232738010065
0.4510750524598365,0.020108962236127265,-0.00039159439502641896,0.0030852361698972763,0.007402771522989107,-0.0013614855915641266
0.4511539457300522,0.02706224791223183,0.0007864454017761995,0.006765402799935432,0.010051211786351292,0.00032694882497282245
0.4512328390002679,0.03313229171603867,-0.0074559603185228255,-6.8152646840233e-05,0.007736077289094089,-0.004202672903922533
0.4513117322704836,0.02955540717847104,-0.004128683340621936,0.0022538740743191826,0.0005655041893636406,0.0016000401482269657
0.4513906255406992,0.02168174409778669,-0.007091869812389,-0.0020809744725474966,-0.008123877520684159,0.0025958474636516332
0.4514695188109149,0.013039147782515347,-0.00390712009391905,-0.002203802672525781,-0.010235552139008694,0.003623675908876266
0.4515484120811306,0.006093347563394371,-0.007876160507268056,-0.009050454327743766,-0.0166235038283367,0.0012651734667684792
0.4516273053513463,0.0034124010677474,0.003440580164362744,-0.0019168193255731508,-0.009973221342621285,0.0037254240694987962
0.451706198621562,0.0024968117612361013,-0.002932108663496249,-0.007902617727199999,-0.007743358131342015,-0.002523837479359479
0.45178509189177773,0.003478252627121418,-0.005717327399835837,-0.00891253384975508,-0.01221856189143145,-0.000978803308128187
0.45186398516199344,0.006847531435774257,0.0010082722898846004,-0.0010148463618101235,-0.008189318677940446,0.0035311095948303618
0.45194287843220915,0.01217477590503028,-0.010901402421586251,-0.010157593938057215,-0.005948435613681367,-0.005389720607370642
0.45202177170242475,0.018203443902722164,-0.008953493367089133,-0.00811116600379841,-0.005268934166401737,-0.004025708220159609
0.45210066497264045,0.019383072834555953,-0.006378763692526933,-0.004679821086103895,-0.004034567453548487,-0.0017896716773759065
0.45217955824285616,0.015114924672357857,-0.0006101738151665579,-0.0008885982017379799,-0.00781710102131224,0.0034382579256752245
0.45225845151307187,0.009532000122463176,0.0018688133522395318,-0.0003844662354856428,-0.017987285407757406,0.00931418608185755
0.4523373447832876,0.004793031098564889,-0.00429839761909265,-0.008820801446564108,-0.020353953771627166,0.0034584231509560215
0.4524162380535033,0.001914481046641613,0.002571626783943413,-0.004239244288033227,-0.014935558002326745,0.004423619417169049
0.452495131323719,0.0009273624624394148,0.005289524660338671,-0.0014813951065233975,-0.021852301685445757,0.010459726278622123
0.4525740245939347,0.000978235842118596,0.007065087508557484,0.0005046628775793093,-0.020200643656418243,0.011251326704801229
0.4526529178641503,0.0015064680064438762,-0.0009049019681485632,-0.006385290595860737,-0.018901317818231646,0.004736769815004792
0.452731811134366,0.0020162838159752685,-0.008540415774651092,-0.013310303933723202,-0.016185415539073787,-0.0025675063599482815
0.4528107044045817,0.0014907401310120503,-0.002183318899137946,-0.005742341227816554,-0.0008115542003870512,-0.004413695573121665
0.4528895976747974,0.00025497080497893906,-0.01756716145096125,-0.018458931887910913,-0.007870318540467248,-0.011370935281869912
0.4529684909450131,0.0006364199788081872,-0.022549116530673693,-0.020869549828852092,-0.012484966631140754,-0.01093552423295995
0.45304738421522883,0.005095691797340446,-0.019743710887337798,-0.015666983585304273,-0.017393469973269546,-0.003910925820740618
0.45312627748544454,0.014233678978654985,-0.01484202338755756,-0.008266908472824956,-0.01663598170582223,0.001933603572799801
0.45320517075566025,0.023700324299534153,-0.014788752199969028,-0.006649283356196488,-0.02210860561268147,0.006232950635556803
0.45328406402587584,0.03056400086732233,-0.009915091925772227,0.0005464693071561989,-0.017654614531908766,0.00992192099201806
0.45336295729609155,0.036099639071552406,-0.005931024225301117,0.005191431453610745,-0.018152498479939005,0.014110542840665333
0.45344185056630726,0.03642492189391797,-0.0036367224389967858,0.005689947056121868,-0.016517575540119008,0.013655145886837184
0.45352074383652297,0.03401658077563046,-0.0002166411384520563,0.010154420956486995,-0.009110863815240969,0.013455234328498577
0.4535996371067387,0.03278891120309001,-0.01085191493072394,-0.0023104176090121783,-0.003534920269138924,-5.675236170176328e-05
0.4536785303769544,0.026324985387593744,-0.014089606224169129,-0.00449511133761777,0.0020467451267666397,-0.004892055350992987
0.4537574236471701,0.01605038303906004,-0.01954925863547879,-0.011664648187660527,0.002975917243490681,-0.011443425855989816
0.4538363169173858,0.00903498296501096,-0.014700394173927567,-0.01259719803802222,0.004618438707360279,-0.013110774848540382
0.4539152101876014,0.006391941386652616,-0.014261725129268045,-0.014962500660057703,0.008208702837640755,-0.017031243931369216
0.4539941034578171,0.008776204908060322,-0.011443112764124293,-0.012653381043434579,0.014720532029732511,-0.01857078722414815
0.4540729967280328,0.012407725872001937,-0.010486304999425856,-0.008569673830007637,0.010923623004699772,-0.013088598737207136
0.4541518899982485,0.012011312156480592,-0.01613482991485951,-0.012741796165869974,0.006766652483723344,-0.01438374946537864
0.4542307832684642,0.00899582886242082,-0.010586460680369482,-0.006933840669667722,0.004085615334982189,-0.008043571535435662
0.45430967653867993,0.00543486401825498,-0.016238645442955026,-0.012138683604800587,-0.011404271329038977,-0.004139692838932179
0.45438856980889564,0.0025963052720057982,-0.02496671405451236,-0.02093854288601331,-0.01853365405347357,-0.007753790606059642
0.45446746307911134,0.0017611856463037856,-0.027900018246273483,-0.021891301600609172,-0.01842781414172972,-0.00861555168697974
0.45454635634932694,0.0015138505841492587,-0.023074486462979802,-0.017513767111726152,-0.01595071385712298,-0.006244034202034797
0.45462524961954265,0.0015104628924160431,-0.0245292187759712,-0.019237777162174667,-0.013692637465599823,-0.00891012531776268
0.45470414288975836,0.002818124428346187,-0.023580417620677464,-0.017964265785817043,-0.012120522560346606,-0.008676467588582457
0.45478303615997406,0.005943577478129992,-0.01124920127622596,-0.006877070846289497,-0.0028120248590372933,-0.004300005174749748
0.45486192943018977,0.011390187944468253,-0.003699841179763263,0.00042957405253884367,0.003068976357610973,-0.0012816753992825258
0.4549408227004055,0.0174152254997235,-0.003516193737920978,8.671157332135287e-05,-0.0003065971000309943,0.0002374908336363311
0.4550197159706212,0.02025823933199156,0.0003974165500127794,0.004234428430120953,-0.004863297954133287,0.006181074351397602
0.4550986092408369,0.019384196760396828,0.0004941153904348693,0.0008170317290907012,-0.007973903949363995,0.004962419399638129
0.4551775025110525,0.01716230087732894,0.0018501989125760468,0.00035971665960383693,-0.006928424962056873,0.004016082348608526
0.4552563957812682,0.014195124636625565,0.00036248670001092273,-0.0006254632327451103,-0.01125000049749399,0.005499983579691924
0.4553352890514839,0.011372813446600103,-0.008857544934004832,-0.006522283657155169,-0.017118950594804214,0.003665809364889418
0.4554141823216996,0.009911563016835339,-0.013430403279668764,-0.00856962076860636,-0.01982274437071098,0.0033858539824617915
0.4554930755919153,0.009593364546352408,-0.010388738030130726,-0.0067402755848131385,-0.017250516130319252,0.003552225008331613
0.455571968862131,0.008158148320661456,-0.01223610349139656,-0.010341359623904244,-0.021064737486006634,0.0025550819495429775
0.45565086213234673,0.004670951589814369,-0.00882767765352724,-0.008384473213640138,-0.016887063750657245,0.0019688728883892445
0.45572975540256244,0.0014315901710596597,-0.00267724677702112,-0.001981296133180633,-0.01586890244634932,0.006830468718987409
0.45580864867277804,0.00027125017198391307,-0.012303940543888489,-0.01494346760006958,-0.020767470924011072,-0.001491763802536873
0.45588754194299375,0.002192835140979206,-0.006035407977256078,-0.0102755232388197,-0.01632830975581142,7.232162135797729e-05
0.45596643521320945,0.006820593406966456,-0.0032341250415837642,-0.006401659322856809,-0.014471405656367056,0.0023488190320340094
0.45604532848342516,0.010924118605803446,-0.0036944961999473727,-0.006985314378855751,-0.012464226522819482,0.0007803434478679807
0.45612422175364087,0.012949997188438374,-0.006492700686393782,-0.008498620087505973,-0.009371286774620164,-0.0021548847051221487
0.4562031150238566,0.0137905412980855,-0.008197914432773514,-0.008899215880970526,-0.007850122447525124,-0.0033082063784221397
0.4562820082940723,0.013154753205862953,-0.0014968541929276076,-0.0021913268186578086,-0.010793715188245992,0.0039333098973182165
0.456360901564288,0.01198812002232003,5.266683710563294e-05,-0.0017360958674703492,-0.005188512035127372,0.0013141959930391756
0.4564397948345036,0.011993123192809412,-0.0014457605528248212,-0.002970377276379503,-0.0011782196763436641,-0.0018767221599894468
0.4565186881047193,0.011750914649846027,-0.00017009574683558948,-0.0034891119057266014,0.0046622459288163725,-0.005444057556771032
0.456597581374935,0.008870955409489411,0.005676938095935369,0.0016156566615375327,0.008365957228611727,-0.003118461238928749
0.4566764746451507,0.00458988195456146,-0.0006970045617904665,-0.007562825597891217,0.006640552086376343,-0.009943563410627066
0.4567553679153664,0.0013611793957462898,0.0019550191690761807,-0.008346648624625584,0.005006664274266414,-0.009729926135946887
0.4568342611855821,0.0002478789287924071,0.010604300815553415,-0.0005624640208667885,0.017396698210088248,-0.009797187210174554
0.45691315445579783,0.0016534806966554995,-0.00012054917314680614,-0.00832056878289534,0.019305318575848298,-0.017370170176898594
0.45699204772601354,0.003932273916837132,0.002562675899338697,-0.005737241239108984,0.023948325327735734,-0.01767824209802305
0.45707094099622914,0.005140425605760145,0.0131177017664275,0.006293752911272994,0.026158035697732077,-0.008704115481032011
0.45714983426644484,0.005497679665369323,-0.0019123742091868923,-0.0033713699361071813,0.004429257998725991,-0.00521980661030395
0.45722872753666055,0.005225426234796677,-0.009294470176136823,-0.006235559246951322,-0.0070804140018409486,-0.0014713433447516306
0.45730762080687626,0.005276268702856054,-0.01707107912836133,-0.013102833081118025,-0.013844749295556206,-0.0036464258866894398
0.45738651407709197,0.006219776803217688,-0.014501914137953606,-0.013316127545981424,-0.007964228095264262,-0.006977113724065954
0.4574654073473077,0.005636826829254037,-0.00977218624236724,-0.010779750169963142,-0.007319897316519125,-0.005180333072314045
0.4575443006175234,0.00353780443947238,-0.011487457724788737,-0.01141702417044953,-0.0009171107556493329,-0.00914871507535094
0.4576231938877391,0.0029472335762013623,-0.0181663942394988,-0.018784586249567768,0.0003428056883898237,-0.016045004881060358
0.4577020871579547,0.00618661700767589,-0.0010896852162625152,-0.004635129603809449,0.017117163186512446,-0.013085954648616385
0.4577809804281704,0.015621569957886819,0.02185882496428127,0.017634118711914826,0.032857639905736105,-0.0027152699374199743
0.4578598736983861,0.027055286530614685,-0.002750352936718507,0.00138589051576963,0.01762984367649665,-0.00827702197929968
0.4579387669686018,0.03372151538607176,0.0056859175417544325,0.012645429710147801,0.015312853488065955,0.0024734629868135996
0.4580176602388175,0.03682201340832457,0.006496265808352708,0.01143807166097473,0.0017202117063193337,0.008736241703710866
0.4580965535090332,0.03631504994606359,-0.002822531502300428,0.0004372265967952239,-0.005054311283939627,0.003077325681204979
0.45817544677924893,0.02917506830358659,0.003588730013275051,0.006450972044296945,-0.004501298435018421,0.007858594151921163
0.45825434004946464,0.022124949568344425,-0.00104241293342432,0.0014814092221230354,-0.006172343271611992,0.004558036547443327
0.45833323331968023,0.01725570944121549,-0.0015268505707426634,-0.0020575806157268053,-0.006251259122483794,0.0016121914327217946
0.45841212658989594,0.010725418405777077,0.0035154775453481424,0.001614525919283687,-0.004655843501753863,0.0038578560657752323
0.45849101986011165,0.004624186901167178,0.007382792448514224,0.003979835444050102,-0.0015436926786243164,0.0041874529595154674
0.45856991313032736,0.0012619441629244344,-0.00796068584185805,-0.009837324658285166,-0.008199986326576094,-0.003912952736134285
0.45864880640054306,0.0004978946317540627,-0.004285577470757361,-0.004102444886804942,-0.009731388226820804,0.0017503300193428535
0.45872769967075877,0.0011530474155398516,-0.007346831943527905,-0.008421843913876332,-0.013977930870753592,0.0003783437411652036
0.4588065929409745,0.001547703238166684,-0.014592867308310957,-0.016917671588155058,-0.01273429181847307,-0.007463606908625876
0.4588854862111902,0.0010640181682716225,-0.004139400165292574,-0.009308570990170824,-0.008150836931954437,-0.003492770717024181
0.4589643794814058,0.00030647503751041736,-0.004511848697504964,-0.009969674877381695,-0.009663018915456557,-0.0032408482487453513
0.4590432727516215,5.469385657818119e-05,-0.003258126904186946,-0.00929876218246318,-0.005430739911592129,-0.004941851033038184
0.4591221660218372,0.00027726068641205316,-0.0017091402826646736,-0.007159984313530782,-0.00939958240732049,-0.0010093091499502114
0.4592010592920529,0.000861529340796288,0.003955165103234196,-0.003265615166988498,-0.004575840971916801,-0.0003055449477118474
0.4592799525622686,0.0019951248040731406,-0.0045401395102258706,-0.00884433504623469,-0.006032282879807652,-0.004235828199306015
0.4593588458324843,0.004011000853239472,-0.009316360699426674,-0.010477527380838755,-0.010112812042752987,-0.0034287349275819237
0.4594377391027,0.006009728526734295,-0.00537363971724112,-0.007083236875427747,-0.004595289083430743,-0.0035186459234255235
0.45951663237291573,0.005854843490301885,-0.007366963235905111,-0.010502965319606778,-0.010776296133945146,-0.003094727402875661
0.45959552564313133,0.0035982319546641055,0.0003228709314290469,-0.0069759967004499384,-0.006385625351581562,-0.002468845655202335
0.45967441891334704,0.001268333929658778,0.003257706135509843,-0.00759230300251712,-0.0008344931710927929,-0.005963445385227747
0.45975331218356275,0.0011188790171816887,0.0035820139279024864,-0.010382753227857536,0.005415944548332246,-0.01166832985904256
0.45983220545377845,0.004447041424540765,0.009079215581950295,-0.00285855349662742,0.010429106556088998,-0.008001764972984556
0.45991109872399416,0.00857532320338403,0.004132897919283304,-0.00501578947165316,0.012213735711546096,-0.010779465392429594
0.45998999199420987,0.012701098020713753,0.003299441483725804,-0.0018934559448442845,0.005864894243745098,-0.004741201511913058
0.4600688852644256,0.016224198676268776,-0.0006033146137798385,-0.0010568194216944615,-0.005447037880059245,0.0020262677052537027
0.4601477785346413,0.017147976263411788,-0.00022341408394753465,0.0002852195570215787,-0.000552782052488822,0.000537006727069109
0.4602266718048569,0.018378184837905553,-0.0037458997465198746,-0.0027837573322506675,-0.008032791054664087,0.001953631568633558
0.4603055650750726,0.01766866947433873,-0.007168796513134096,-0.00699682583209508,-0.006392782475723828,-0.0024825992633289748
0.4603844583452883,0.011556494911889932,-0.002185077156560318,-0.005352446625809275,-0.0024096729963975633,-0.0032282281509174483
0.460463351615504,0.0068928612871990225,-0.002784783238777934,-0.006413210715050307,-0.0006245530671820324,-0.005080342873320112
0.4605422448857197,0.0069202515697552305,-0.006179087803359093,-0.00918075942241397,0.0028566066856096396,-0.009282243015044728
0.4606211381559354,0.014277082477126508,-0.006686567811056725,-0.009362005781475613,0.008965514702997118,-0.012708335336365914
0.4607000314261511,0.027518675024524087,7.993689069368267e-05,0.00025807320206158485,0.014067609724051647,-0.00732014267777288
0.46077892469636683,0.03484503514557036,-0.0018738693206773475,0.0028350409480187183,0.009394929954442247,-0.002640221045973553
0.46085781796658243,0.03620425713376564,-0.0003196972547091395,0.005457976229489063,0.007994994619023211,0.000324701405913921
0.46093671123679814,0.03481629286750863,0.0038062685675449262,0.007425013578673492,-0.0024945833510280923,0.007605832484933652
0.46101560450701384,0.027957035811444243,0.0035044510315905535,0.004761263683400252,-0.007800254883464824,0.008199575665147792
0.46109449777722955,0.02146869614187184,-0.0012870764947400398,-0.0007454249527097244,-0.0071698092988133665,0.0032123032433709416
0.46117339104744526,0.016963625915826553,-0.0033283241832334303,-0.004311679304576266,-0.004812895727551848,-0.0010617917920893389
0.46125228431766097,0.01090423645558386,-0.004557288562116044,-0.00617980531495711,-0.005285339780903499,-0.002386068914498212
0.4613311775878767,0.005547606616600673,-0.007453502131873678,-0.009552375042461382,-0.005897062418483767,-0.00490617038457165
0.4614100708580924,0.004005381294058986,-0.014440541280613969,-0.01448075641650698,-0.012413531338502889,-0.0055770686990376725
0.461488964128308,0.00613676246917785,-0.019403253067599643,-0.01637452101800311,-0.015386196529927162,-0.005584080981876943
0.4615678573985237,0.008780508649503783,-0.017674057003522942,-0.014094222437670743,-0.012780388561836113,-0.005054043086611919
0.4616467506687394,0.009715761696083692,-0.014882425735809864,-0.012646314654764314,-0.011173085418709795,-0.004692283638000263
0.4617256439389551,0.008440152101802673,-0.014600443447312162,-0.012443609810018566,-0.013288929445140884,-0.0033874467907563212
0.4618045372091708,0.005806988377677723,-0.018656207085532985,-0.01530836656562339,-0.013915642133937926,-0.005471350628484486
0.4618834304793865,0.004103489880290047,-0.017239255325491976,-0.014033435913442041,-0.010994622321078389,-0.005959434552864519
0.4619623237496022,0.0026946999747349057,-0.021529930489719518,-0.018362596927726706,-0.007731329685774436,-0.011364014299575545
0.46204121701981793,0.0008752209229196366,-0.02442332043140624,-0.0205744546475118,-0.007475598136787032,-0.013369234971352308
0.4621201102900335,0.00012886658029383362,-0.020614510613060414,-0.01710274611839277,-0.008172328532443415,-0.010063699264479626
0.46219900356024923,0.0015385530684599213,-0.017933536633315962,-0.013229470230666588,-0.010899765136622924,-0.00533123584538918
0.46227789683046494,0.004239532268194998,-0.025335811515229557,-0.018845532447134893,-0.012591562306327471,-0.009168579919989952
0.46235679010068065,0.005397532310839075,-0.024293493045295825,-0.018230032373618272,-0.012998488354471639,-0.008430657605834687
0.46243568337089636,0.0046735327920311934,-0.01494988341874115,-0.012505509999631953,-0.01826128774513334,-0.0007753515201938342
0.46251457664111206,0.003278830071593118,-0.00602815290523755,-0.007800396741559242,-0.017382242921306256,0.0027275261676074783
0.46259346991132777,0.003358673644094142,-0.007222849195003183,-0.013525620663521375,-0.01083622524257677,-0.005615400205283923
0.4626723631815435,0.006838660765025041,-0.0040938576006843,-0.010770074599725012,-0.00378294671054666,-0.007067087965211539
0.4627512564517591,0.010072141108374772,0.0003509151211792331,-0.006142708612275357,0.005813965543258529,-0.008301652075669314
0.4628301497219748,0.011621025484108097,-0.00794254252489666,-0.008776952527054804,0.0008440384802270268,-0.007863025822132146
0.4629090429921905,0.012373008302242132,-0.010577371352912441,-0.008460724305182315,-0.004951306530707167,-0.004491058407817315
0.4629879362624062,0.011324608924856556,-0.016170601387930708,-0.012883825696215613,-0.015380959677419065,-0.002638328394274675
0.4630668295326219,0.011717887227574357,-0.01573698151983085,-0.012221643452906153,-0.016549963314378403,-0.0014526234844596262
0.4631457228028376,0.012435594300505526,-0.010668233570510673,-0.008747399707369444,-0.02079555133003457,0.003757107421517954
0.4632246160730533,0.009452926919684764,-0.011541511951405303,-0.010033236070824998,-0.020156985143527272,0.002328812422172465
0.463303509343269,0.005652878408583297,-0.009834394128786264,-0.010544773867531117,-0.01859390283157392,0.0010590376207093375
0.4633824026134846,0.0033923533613666526,-0.007504378210331655,-0.011286889721862666,-0.017083320537971788,-0.00037729042764615695
0.46346129588370033,0.00490069520708025,-0.008116797462612901,-0.011796542893116083,-0.009777922806267776,-0.004722094791477618
0.46354018915391604,0.011075874596215299,-0.007590314213071794,-0.009577783054577117,0.0019973363827646886,-0.009157104293655172
0.46361908242413175,0.01649464936758273,-0.0001506495737316532,0.0013251968136060814,0.0074819400479310075,-0.002890021883403164
0.46369797569434745,0.01945714317194271,0.0004511882430088629,0.0041448621383008335,0.004120944106688312,0.0012916878101076504
0.46377686896456316,0.021212425862992785,-0.00424192641627197,-0.001556428398907594,-0.0004667854931713877,-0.0010640504673759361
0.46385576223477887,0.01967347602079098,0.0017339289643124682,0.0013983782471273802,-0.0007940110810279889,0.001606143705464758
0.4639346555049946,0.01573967316358541,0.006580431793896105,0.003262427217901167,-0.002339992481746335,0.0040083770253978
0.46401354877521017,0.013126856506926281,0.00469076413790868,0.0003824183792374216,-0.002545344553401507,0.0016867065972048408
0.4640924420454259,0.010898068344378913,0.00903615793368927,0.004727192384498428,-0.001781478023980757,0.004945880926110315
0.4641713353156416,0.009018818108840847,0.003500719952330546,-0.0002775173227661638,-0.008432752065621791,0.004284116839836969
0.4642502285858573,0.009675219592151391,-0.0023477879696705605,-0.005164737071367248,-0.007491901266349293,-0.00034665714818574183
0.464329121856073,0.012052218574717749,-0.004302359178328894,-0.0051934642709467104,-0.010518424181278069,0.0012507947846837743
0.4644080151262887,0.013763381960138819,-0.012328034882933965,-0.009614236719217161,-0.015594308779051476,0.00023749246734295745
0.4644869083965044,0.014520698860787128,-0.011575982272583574,-0.007047349758296451,-0.01277495019289536,0.0008944605783030603
0.4645658016667201,0.014220884047094868,-0.013466215579871444,-0.008794531530717471,-0.010721034313927022,-0.001681564035052258
0.4646446949369357,0.01249709592356649,-0.0167362477844335,-0.01308720367456894,-0.010956877781448267,-0.005180482380300611
0.46472358820715143,0.010413234767016076,-0.015657373738018336,-0.011433795596246757,-0.0018431510683590239,-0.008666768521569258
0.46480248147736714,0.009512620744994479,-0.008484962698022102,-0.0026418468341686103,0.0009273297581076996,-0.0027274872348625827
0.46488137474758284,0.009315792792565936,-0.020373136675819407,-0.014242776788982395,-0.009304914368704157,-0.007041474938237153
0.46496026801779855,0.00914320909785677,-0.01469430341106013,-0.010019921867422068,-0.005796472928333716,-0.005354879409135434
0.46503916128801426,0.009326149657374922,-0.009955533799642756,-0.006020095437033034,-0.009632792813838671,7.821177172787189e-05
0.46511805455822997,0.009158178869974493,-0.008863118957231018,-0.00657157053340116,-0.011710800200007327,0.0007260068765541056
0.4651969478284457,0.008079923269603462,-0.010057335719060128,-0.008633860317203639,-0.01012073450854667,-0.001867529954564637
0.46527584109866127,0.006345966773431449,-0.012395061871098054,-0.012763103981374048,-0.011580419419281,-0.004572682901910579
0.465354734368877,0.004124487368411191,-0.005297897830169095,-0.007922522517220842,-0.012838269999682617,0.00018932444011320393
0.4654336276390927,0.002339020091964295,-0.0019414839122583838,-0.007627497913338928,-0.006653017400183922,-0.002875717308834006
0.4655125209093084,0.0017600618794202081,0.00022524607868073705,-0.0088203862187345,0.001026531212056101,-0.0079974724341395
0.4655914141795241,0.0016456654973091439,-0.005139973950511305,-0.012236372805579663,0.002551941488578801,-0.011699026871058293
0.4656703074497398,0.0011349435026538942,-0.008226881633944598,-0.014197621136601366,0.007315632002450045,-0.015907015307224513
0.4657492007199555,0.0006476914325908602,-0.012383787949595576,-0.015247798205468588,0.0016878639695587403,-0.013778915297627705
0.4658280939901712,0.0007353740391259011,-0.017705332496879646,-0.01736636505929617,-0.008607925067692417,-0.010053025279285211
0.4659069872603868,0.0019169695233612512,-0.02013291722289606,-0.017958276745768498,-0.015025549741532153,-0.007115188397194489
0.4659858805306025,0.003961631670888989,-0.02093626698058831,-0.015899104718579436,-0.015789595936466616,-0.004966350650664847
0.46606477380081823,0.004861432630658605,-0.020993692851688332,-0.016576875380193968,-0.015196896172049293,-0.0058564368950341904
0.46614366707103394,0.0038959007370059115,-0.021423122788814055,-0.018058359394170786,-0.017933484944698246,-0.005641837306307303
0.46622256034124965,0.0023058022121858913,-0.014944716135598713,-0.015682565861135714,-0.01782435667413639,-0.0036932153577390434
0.46630145361146536,0.0010747860876806376,-0.00849085468556094,-0.01169065352926291,-0.014482028542413669,-0.00211222303540446
0.46638034688168106,0.0015844431776590253,-0.003335721305647979,-0.009521307130907737,-0.007865044094602964,-0.0038255416725595766
0.46645924015189677,0.003973145884661888,-0.004235600730308961,-0.011578001852642131,0.0030039628124791154,-0.011385291051891068
0.46653813342211237,0.006058428822542612,-0.00327249727835782,-0.008012848354141325,0.0004560077215125537,-0.007009952603608095
0.4666170266923281,0.007303169537195593,-0.006692813919758143,-0.009636419889713987,-0.006031032398741058,-0.004905364633786804
0.4666959199625438,0.008108048718203384,-0.009507827239980083,-0.010550255325797958,-0.007373025448901475,-0.004958066291839896
0.4667748132327595,0.0077282235008245175,-0.007596437904947653,-0.0070922460200320515,-0.009443667464966074,-0.0009284864564162052
0.4668537065029752,0.007392843828681151,-0.00431726792897252,-0.004755716106504075,-0.012997984982399189,0.002949149956564551
0.4669325997731909,0.007682638268195141,-0.007464148314681909,-0.00754762684671305,-0.015031092829321519,0.0016809931508369588
0.4670114930434066,0.006647838920324608,0.0007442321712171488,-0.002881216994340652,-0.018757098734944366,0.007618554710739435
0.4670903863136223,0.004518365896794652,0.00546230967761402,-0.0004035448279471578,-0.02025167896581784,0.010511826167852002
0.4671692795838379,0.0036344283122620447,0.00557190001283472,-0.0010701763463081466,-0.016884882114694813,0.008144325802711681
0.4672481728540536,0.005282692920699385,0.008255200123240564,0.0024595085239352706,-0.01848847037233152,0.011984099512979258
0.46732706612426933,0.008805277078511996,-0.00027733307372819466,-0.0022896286650828605,-0.02261267581561425,0.010184861882184142
0.46740595939448504,0.013346359475918853,-0.0008107793255819159,0.0017708173121934998,-0.02232952692576064,0.013461617368922442
0.46748485266470075,0.018049890751192486,-0.004282147546837998,0.002779994843056111,-0.013831016467250493,0.009758489008519633
0.46756374593491645,0.020720061334030166,-0.014403084939583593,-0.005312980518812417,-0.011578401433332441,0.0017178652210276281
0.46764263920513216,0.021435092965133563,-0.01778029714852959,-0.008281833628744288,-0.009336128248303915,-0.0019906550740912
0.46772153247534787,0.023162543822040048,-0.008960453020119026,-0.003434447418715215,-0.008264095095135352,0.0015281446617912732
0.46780042574556346,0.02366683048792888,0.007085898961969351,0.007115135781884473,-0.016626066577194044,0.014916507889153868
0.46787931901577917,0.01901640159478125,0.019777224996414038,0.01329248801867381,-0.015462887722012986,0.019508116829486197
0.4679582122859949,0.012095265258570534,0.02609280749090298,0.012342335257266348,-0.018195637152663407,0.02017050693480382
0.4680371055562106,0.006681993377247009,0.027428067896567074,0.010876041968681735,-0.015457389692639179,0.017465221321108608
0.4681159988264263,0.0037558906988724985,0.016683841449963526,0.00280386670319941,-0.010153733294060937,0.007808028846759354
0.468194892096642,0.0031079422601209593,0.011353246479017136,-0.00020285691562857568,-0.007557652226487012,0.0038782401090929307
0.4682737853668577,0.003719269145746289,0.007043104452916245,-0.0019338206949811893,-0.004404881599609813,0.0007273640630770159
0.4683526786370734,0.0043262044099319705,-0.0024647032993470506,-0.008115695554735623,0.00057929946736932,-0.007162848634945855
0.468431571907289,0.004480526547286794,-0.00991550827583278,-0.012734541179915872,0.004843477578744721,-0.013347299092638551
0.4685104651775047,0.005012248605561804,-0.016986313852655293,-0.017332988569653943,0.005376061791681386,-0.01751524333072266
0.4685893584477204,0.005011409927547044,-0.016233963835153208,-0.014763804677960233,0.0006056268008662077,-0.012790496609516849
0.46866825171793614,0.0029465982789136733,-0.012960805531142604,-0.010891709742378396,-0.007501588269000606,-0.005177537585047863
0.46874714498815184,0.000662010647054253,-0.01272013015673679,-0.010778390722511048,-0.011842015656892949,-0.002756318335098102
0.46882603825836755,0.0003212278028373029,-0.014639177644670136,-0.013122014766399723,-0.011539678678279406,-0.004897639799220483
0.46890493152858326,0.0024387644163977843,-0.014446876259060932,-0.010867133112316858,-0.010974179020721073,-0.003296250588415233
0.46898382479879897,0.004995752366920898,-0.011403803842560576,-0.008115277706876258,-0.004554643666140827,-0.004411881271098189
0.46906271806901456,0.0062047762743621835,-0.012151148742826799,-0.011748037441325767,-0.004604158217563791,-0.007452966538439959
0.46914161133923027,0.006079823080045679,-0.005810590757915704,-0.009789492328753776,-0.003317187368623667,-0.006488592847771348
0.469220504609446,0.004680355692992238,0.005598895102480628,-0.0038311018881530684,0.0012458051873177713,-0.0039022632702890537
0.4692993978796617,0.004090867429669881,-0.003464197760180972,-0.0101676640364661,-0.0017204450777152038,-0.007663378401754356
0.4693782911498774,0.004713736879921702,-0.00858947102664048,-0.013558214906840477,-0.006541895048967626,-0.007943536477525204
0.4694571844200931,0.0040168034144539184,-0.013816749497190573,-0.015140139398936363,-0.00873764735085796,-0.008103258627407765
0.4695360776903088,0.003015108776230748,-0.015919474183498854,-0.018357140926008302,-0.005289875730319086,-0.012667107107541866
0.4696149709605245,0.0026914686535411047,-0.015470173341854956,-0.015215742253231015,-0.006566721404377162,-0.009330063186066828
0.4696938642307401,0.0033934725375080943,-0.01202973608580302,-0.013239033076857924,-0.005754217746515879,-0.008095957570232026
0.4697727575009558,0.005072674040795162,-0.005572527702004521,-0.008020927339274633,-0.00808706329432081,-0.002439586057229245
0.4698516507711715,0.004503902259197107,-0.010531307501801878,-0.01210408477800728,-0.013791197848844574,-0.0028315667476968846
0.46993054404138723,0.002007874625988446,-0.005476863746304295,-0.009644969413582593,-0.014221312169174211,-0.0005242022772901454
0.47000943731160294,0.00030092150200955226,-0.00235110265436721,-0.007432395164100905,-0.013929500227888435,0.0011879826076396341
0.47008833058181865,0.0016435054029957932,-0.00125470697884987,-0.004883014076435865,-0.014984419393146134,0.0039061801773386524
0.47016722385203435,0.006624505436653268,-0.003195937886778017,-0.004054097734038921,-0.016028082624661277,0.005165476497101744
0.47024611712225006,0.01245193979837948,-0.011168103016398569,-0.007978412522001987,-0.01600872686277029,0.0018410982376713013
0.47032501039246566,0.019009431512590155,-0.010098996733423645,-0.004368993567016115,-0.012934330965714395,0.003241597377877668
0.47040390366268137,0.024397848565583156,-0.009913297349135345,-0.00401454590821369,-0.007530115314010811,0.000645030254841324
0.4704827969328971,0.025258193584198726,-0.0045864910854158435,-0.000289292321201185,-0.0005662600360420492,5.9144466718123216e-05
0.4705616902031128,0.02611266738874723,0.0008540133934210792,0.0014652582443422152,-0.001631707518260731,0.0021114562245233702
0.4706405834733285,0.026149386193458725,0.013321600461289832,0.007926057981197245,-0.004922770043514893,0.00932986355085186
0.4707194767435442,0.01963978086554456,0.017135685921889066,0.008804556079745694,-0.012758496727527064,0.014270127749099087
0.4707983700137599,0.010689446544964017,0.019213219912421774,0.006893627806629248,-0.012411365342242249,0.012470790248286876
0.4708772632839756,0.004498728778098772,0.013363335923811313,0.0005681567860034602,-0.010713006847751717,0.006220052959220015
0.4709561565541912,0.002740452656773712,0.013254001016248912,0.0013416216518464714,-0.0033584017374519394,0.0029322442381607794
0.4710350498244069,0.005032018687842461,0.0012281219273502608,-0.00610626891620018,0.00563095301050239,-0.008172825899602049
0.4711139430946226,0.009056049332553417,-0.006201596129884467,-0.008844128086300035,0.00680639454193161,-0.011114231631309467
0.47119283636483833,0.012385131853816424,-0.015777266994550263,-0.013378949695420646,0.004033885619422208,-0.013457677287172735
0.47127172963505404,0.01287677799027217,-0.019654597792946565,-0.014795880763650461,-0.0006829862392969923,-0.012127296408459828
0.47135062290526974,0.01304957112560853,-0.019697915186309003,-0.014140619209728304,-0.005165679636542041,-0.0091726279846422
0.47142951617548545,0.013830863284956337,-0.025489745567801297,-0.01983418869883166,-0.006369432432016363,-0.013336411704487187
0.47150840944570116,0.010823095063091925,-0.01714895752723426,-0.012773866525353686,-0.010301386183353673,-0.0052670342494650114
0.47158730271591676,0.005256146908144149,-0.01633525605279731,-0.012952087543480269,-0.01637539745353923,-0.0021631349719922785
0.47166619598613246,0.0014192950761102502,-0.018987692337824845,-0.016795553728103024,-0.016680403655187886,-0.005246362044892235
0.47174508925634817,0.0011694097359730715,-0.02093473496020058,-0.02030729371007944,-0.009374535853025764,-0.012126518058364755
0.4718239825265639,0.0034051555186208416,-0.015825441210295,-0.013665414165381121,-0.0003180142479470621,-0.011368216451601349
0.4719028757967796,0.005446516293409597,-0.021001501560378156,-0.01725574549712744,-0.0032666926316742423,-0.012820599713442607
0.4719817690669953,0.006217707264635454,-0.016835634440846507,-0.01389874455529873,-0.003289226549393955,-0.009973580184819598
0.472060662337211,0.005307417479447363,-0.01611866648811275,-0.016196322299654585,-0.010076425652946218,-0.008278132862395723
0.4721395556074267,0.00406560385668295,-0.013443443968895158,-0.01598145332871949,-0.010485540259719265,-0.007877485520490717
0.4722184488776423,0.0037423050394940842,-0.014571018560193364,-0.018282903428102994,-0.008564122985406502,-0.010850629217479212
0.472297342147858,0.0025830527075010688,-0.00764086216223156,-0.011743108355377731,-0.004137506677654462,-0.007698804493265678
0.4723762354180737,0.0007662990153862563,-0.008014983437316697,-0.013145536164692457,-0.005345621513749661,-0.00823589183975738
0.4724551286882894,8.08760380968989e-06,-0.0027749471989636384,-0.00867341969277151,-0.004770838917478224,-0.004767351615351784
0.47253402195850513,0.0011680087870746213,-0.008071021002335551,-0.013827631386891864,-0.007210873075811034,-0.007812682381393508
0.47261291522872084,0.0033903355936705467,-0.007811088359272311,-0.012480683071705993,-0.009266859082029351,-0.005573680906796848
0.47269180849893655,0.004357295242899163,-0.00397743017921428,-0.007790479140027224,-0.009888215581192345,-0.001279910965456347
0.47277070176915226,0.003966260011865962,-0.0007074920650716708,-0.001194039734440841,-0.012407918587404315,0.005640410217371493
0.47284959503936785,0.002955171351602193,-0.01093581888647669,-0.00934466059074196,-0.01517258732590689,0.00023917485806294279
0.47292848830958356,0.00313726286383306,-0.012871380280985261,-0.012402148637940787,-0.008701951355424115,-0.005810006060485133
0.47300738157979927,0.006311567627743177,-0.009723724511372588,-0.008480312049760741,-0.009715389849532656,-0.0019550510714855668
0.473086274850015,0.009589283227232733,-0.013321005510386874,-0.012681928353814096,-0.005038746558694613,-0.008008782941803209
0.4731651681202307,0.012373844920666677,-0.009695226204216667,-0.009919560019637967,-0.004009489915002625,-0.006227520323522362
0.4732440613904464,0.015326430212514664,-0.009510657429095452,-0.009834636959859403,-0.005284624750141394,-0.005472645507884599
0.4733229546606621,0.015820532485929243,-0.006237484307083672,-0.007937376869110137,-0.00783982997014019,-0.0025014999913578135
0.4734018479308778,0.01546432516605119,-0.004492456544901582,-0.003473827840309547,-0.008384358722150518,0.001559334111945202
0.4734807412010934,0.016322608001268713,-0.011472000573731716,-0.008934621836533135,-0.013175958051011454,-0.0004844456749374789
0.4735596344713091,0.01427946824444292,-0.012072652184176058,-0.008736927012089881,-0.013874813097371453,5.699421911513666e-05
0.4736385277415248,0.009007167372288403,-0.014684658668423433,-0.012153293197765338,-0.013960429083542274,-0.002782451850346734
0.4737174210117405,0.004776234212589465,-0.014357140080816719,-0.012115611356604297,-0.010705285672148393,-0.004494707153424829
0.47379631428195623,0.0037474195834131985,-0.012730780025593197,-0.010511437664304655,-0.006623862580371533,-0.005326659271106236
0.47387520755217194,0.005878717380806753,-0.01167504253526592,-0.010576187815959695,0.00016575775262454005,-0.009018854046011649
0.47395410082238765,0.009811789224260535,-0.00982356732078154,-0.009217335818010767,0.0014375773915478779,-0.00855286284005066
0.47403299409260335,0.01415441442404085,-0.009859443397890386,-0.010448468132522527,-0.003967559634451766,-0.006696608306815248
0.47411188736281895,0.016503814723163666,-0.003616910926311357,-0.005253406461808784,-0.006190850020745469,-0.0011186500752319944
0.47419078063303466,0.016728043077965094,-0.0006708851469728188,-0.0002349534723763246,-0.009467426093503765,0.004874487807319845
0.47426967390325037,0.018184794876040872,-0.007030968384732576,-0.004487845910038351,-0.00818069352358205,0.0005939785196354211
0.4743485671734661,0.019081350030279293,-0.013436099055550163,-0.00979164463448426,-0.010791091565944719,-0.00248608219600202
0.4744274604436818,0.016017630689937893,-0.017107522348337074,-0.01306595183266651,-0.012264199093310469,-0.004462112478324879
0.4745063537138975,0.011379040654901786,-0.01785238664985411,-0.014865441298185879,-0.011859423862596436,-0.00619884700208464
0.4745852469841132,0.0079267328314643,-0.015917403361865052,-0.013435260143305611,-0.007566535593257419,-0.007290778933961873
0.4746641402543289,0.005931893600089026,-0.020730513247439332,-0.017324125200269783,-0.004628196282231007,-0.012149077726196389
0.4747430335245445,0.0046567278113225745,-0.023862154434363732,-0.017563900181034157,-0.006491966899681079,-0.011353275702701709
0.4748219267947602,0.003564672558188088,-0.024446239049756752,-0.019768609409003195,-0.009812446473459685,-0.011436936869610987
0.4749008200649759,0.0027542809498268535,-0.019694052276278746,-0.018698116001140023,-0.012000565117633468,-0.009360626953517096
0.4749797133351916,0.002375904658057613,-0.012673983580252849,-0.016953713843971516,-0.01578632744984541,-0.00585898378079821
0.47505860660540733,0.002500544603073094,-0.0010713486562395863,-0.009209835089642161,-0.017367550024698662,0.001529304776078739
0.47513749987562304,0.0029808492883291893,-0.00012571739820795884,-0.010067712505390018,-0.009203174907158128,-0.0035700194277022484
0.47521639314583874,0.003425060996464574,-0.0013259970426040425,-0.012084630272354197,-0.012587176187144165,-0.003460254967931272
0.47529528641605445,0.0037097321831717654,0.00766510196370786,-0.004647127933123314,-0.014111930148027349,0.003637799306988772
0.47537417968627005,0.004228161026308333,0.012176082321004129,-0.0018540367155252425,-0.013141023327900821,0.005475994353933776
0.47545307295648576,0.004940920992848139,0.011407870809526132,0.000140884726621758,-0.010760992428046977,0.005885002842455854
0.47553196622670146,0.005430320267981675,0.0029374935905882994,-0.0034089048554320537,-0.011990169054819293,0.0035463484016090645
0.47561085949691717,0.0054301494240534005,-0.007803769267198049,-0.009871942682933758,-0.010891870050441375,-0.0024998965926249198
0.4756897527671329,0.004649088547852004,-0.01246602933129462,-0.01171929208024208,-0.01351030036979469,-0.002657083267798668
0.4757686460373486,0.003969457601001213,-0.013387499004095155,-0.012951248303356136,-0.014193993120606936,-0.003331268848230233
0.4758475393075643,0.004756822449559028,-0.011987394405267304,-0.014136432571493296,-0.00688778999871356,-0.008246552834933729
0.47592643257778,0.005950675445792156,-0.006550139375053325,-0.011474688906276351,-0.004570940558569824,-0.007239932647222606
0.4760053258479956,0.005625728672948251,0.0019664812971543952,-0.007511692523755165,-0.0024398725765429727,-0.00503525930482595
0.4760842191182113,0.004768312638336108,0.00793279376780824,-0.0032985827240957282,-0.006388335382797022,0.0006377810332482146
0.476163112388427,0.004384597380322014,0.006885675145537979,-0.004231911936918754,-0.009873438621481935,0.0017171253429530684
0.4762420056586427,0.004463293938620157,0.006767783350227659,-0.002778699509547317,-0.013438985724992617,0.004854898097734577
0.4763208989288584,0.006309171906481335,0.00027064418935381356,-0.0031659446547614256,-0.016144334015854418,0.005977761022405286
0.47639979219907413,0.008740976509102412,-0.006550261929346826,-0.006586134595190729,-0.01798920109586368,0.004078293251371846
0.47647868546928984,0.008008422973610627,-0.014336212480835976,-0.01050589150203721,-0.020978193979304494,0.0023697239982164026
0.47655757873950555,0.004807527548292918,-0.015566974816940103,-0.012755452929510417,-0.020766915632880873,0.0003562984319296409
0.47663647200972115,0.0020237061243396767,-0.01235646979983225,-0.012734141180803462,-0.014584095478363722,-0.002938874474844674
0.47671536527993685,0.0013351089647752185,-0.0023908363966411426,-0.00749508792466859,-0.012094183186080278,0.000151566060718549
0.47679425855015256,0.00301223917414192,0.010927130290509719,0.00040519151012770587,-0.011793632426702463,0.006661539709010419
0.47687315182036827,0.006501343880493166,0.012439804113451103,-0.0014542272729087399,-0.01350020387083615,0.006006070723829018
0.476952045090584,0.01140256796620009,0.019201824985991323,0.004626207091892838,-0.012814209924975326,0.01077233323978995
0.4770309383607997,0.016008425720705464,0.011869099373639374,0.002343314076502045,-0.015041643548587606,0.010038600875117513
0.4771098316310154,0.020070349201811173,0.0160648322030865,0.012345091318305475,-0.01301684485551373,0.01739760925693624
0.4771887249012311,0.02598848668068922,0.0012507967985941953,0.004785491933026955,-0.013614495091168641,0.01133568923058144
0.4772676181714467,0.02884675836684255,-0.00745362763201277,-0.0005396957375899624,-0.009210144811912471,0.004479312936089764
0.4773465114416624,0.024586433183400817,-0.01056577967058639,-0.00439249536614009,-0.01081532330770809,0.002086238626457893
0.4774254047118781,0.01801686458660643,-0.008128491489019582,-0.004576557652270448,-0.010913713328061835,0.0019835373944784756
0.4775042979820938,0.011846249520499964,-0.010060935993939162,-0.006935176776847588,-0.012425777899533228,0.0008020800123028512
0.4775831912523095,0.006224415694205341,-0.014265019315518419,-0.01203188679575413,-0.012880446666160138,-0.003258575172578108
0.47766208452252523,0.0021408541946910495,-0.014936962833976278,-0.01652497751832617,-0.013752772277549568,-0.006586274482382713
0.47774097779274094,0.0006298724492244334,-0.008821916496340352,-0.013048658487012416,-0.019726760593424205,-0.0004488147191413723
0.47781987106295665,0.001173590459999894,-0.0019595844611097826,-0.010027221349964312,-0.01893629888116327,0.0016796720486578272
0.47789876433317224,0.002831032429962113,0.0009510300033595279,-0.009445808288223535,-0.01693801466069324,0.001099817379063629
0.47797765760338795,0.005216959878792638,0.0017409450106663663,-0.00823663374103133,-0.012592144344368127,-0.00020782625519880625
0.47805655087360366,0.008400226774251089,-0.00204556182667209,-0.009785079265374516,-0.015269585043316032,-8.08045981373207e-05
0.47813544414381937,0.009941321903081685,0.003251320026280217,-0.0034848918094151347,-0.01337598699567402,0.004224826209720244
0.4782143374140351,0.00898085871188853,0.0035564364033846213,-0.003041183687256282,-0.00899416183524756,0.0022514079520163485
0.4782932306842508,0.007495335234168426,0.0018762333255727052,-0.0035050090390987172,-0.009653283787322818,0.002212949098451423
0.4783721239544665,0.006467816074595864,-0.004538522890330373,-0.008090531237546354,-0.014613830374442902,0.0009989014692165156
0.4784510172246822,0.005912424236436305,-0.013160827050998762,-0.012256699967124583,-0.01449282822293809,-0.0025845214496243835
0.4785299104948978,0.0055342096031857115,-0.013102744823053895,-0.0097530386280793,-0.015252520160802209,-6.288887601686706e-05
0.4786088037651135,0.005037797103374914,-0.014731105433635627,-0.011869506358409382,-0.014227653869273672,-0.002399581991092251
0.4786876970353292,0.004830389342227878,-0.012624904052852428,-0.01180551187025402,-0.012753402041554715,-0.0031354547423937404
0.4787665903055449,0.005853249393865656,-0.008681625995830538,-0.010957627013279413,-0.013696020010962283,-0.001914287400767166
0.4788454835757606,0.006522139256771758,-0.0057470789004524445,-0.009953242617706802,-0.014331826870795254,-0.0007253343025963029
0.47892437684597633,0.004407698465509961,-0.000423366619215586,-0.005878423003462239,-0.015593987647307947,0.003392273985069594
0.47900327011619204,0.0016727602728314047,-0.0006312893127733609,-0.005802478407758311,-0.01712165988219681,0.0042751316937559595
0.47908216338640774,0.0003657365151150921,-0.005204806767744174,-0.011236607496405633,-0.01462508129230219,-0.0016520868931433736
0.47916105665662334,0.001707672916559812,-0.010251733326174768,-0.01358552280192424,-0.011860528788360913,-0.005117215284865543
0.47923994992683905,0.005152944284683169,-0.014374545726562013,-0.01419501024207112,-0.015538684407348064,-0.0036613244262441494
0.47931884319705476,0.007322829453058393,-0.013560972349041177,-0.010304150913583793,-0.019196388484595525,0.0015851618425674157
0.47939773646727046,0.007127808812604738,-0.014826778899659361,-0.01215045138191472,-0.020085784702225853,0.0005023149173447755
0.47947662973748617,0.005333971589340881,-0.01254604134236478,-0.011763613358509326,-0.01742853261656996,-0.0005949562517320921
0.4795555230077019,0.002535953395554368,-0.0075486671543119445,-0.009751316334406233,-0.016778813473496454,0.0007564769443716605
0.4796344162779176,0.0016911086981029684,-0.007985934855110031,-0.01129711685789088,-0.01958518041812282,0.0009548231595323834
0.4797133095481333,0.0023690702330725626,-0.006763375122333823,-0.010778978110948412,-0.02156838602477837,0.0024553842928994496
0.4797922028183489,0.004567335504034356,-0.0029112349291345635,-0.00751905271869501,-0.020757998337226153,0.004774421289445277
0.4798710960885646,0.008827454086098788,-0.009302456890421083,-0.01049805695356069,-0.01514035490765141,-0.0007522126234882829
0.4799499893587803,0.013365661422360306,-0.013919071502813228,-0.012272209185161087,-0.013068134821995292,-0.0033609846063769543
0.480028882628996,0.020115093487381386,-0.013341233981183854,-0.006656150846553574,-0.013195283983763203,0.0014500587076745845
0.4801077758992117,0.026877439421451394,-0.014086945911952593,-0.0053122002659347495,-0.014735487413582403,0.0034103489400273096
0.4801866691694274,0.026266080906864657,-0.011191172105876456,-0.0033420948296184957,-0.01420275364721721,0.00478847238122803
0.48026556243964313,0.021050747102748967,-0.00832157908303265,-0.003535238496697467,-0.017924095022690836,0.006619799505883249
0.48034445570985884,0.015545299469901144,-0.009870678159139133,-0.00644971545984115,-0.018657019836292296,0.004551425474637741
0.48042334898007444,0.00845299294545953,-0.013461812460338889,-0.010459369795227763,-0.016982877179458292,0.00026781786480595417
0.48050224225029015,0.003295044872956125,-0.01786179931568681,-0.01492847935739841,-0.018613383512326043,-0.0026334053615671644
0.48058113552050585,0.0010871774277592108,-0.022794342781626762,-0.020286392365909248,-0.013978885698752424,-0.00964267160510828
0.48066002879072156,0.00018429504882046726,-0.025622052842851777,-0.02310957767651061,-0.012364077522153152,-0.012892733674609004
0.48073892206093727,0.00042040016401952753,-0.027214684183583485,-0.023247424495024163,-0.012265641343913825,-0.013061914320750276
0.480817815331153,0.0016186675773416143,-0.023703180061523138,-0.019926099853144124,-0.014006267322335918,-0.00932362154832799
0.4808967086013687,0.004075732155524532,-0.020804057299548654,-0.01778571191570356,-0.0152935332350667,-0.006825843901126189
0.4809756018715844,0.006408497182789652,-0.02172000436297286,-0.019326339393374036,-0.016904754124696837,-0.007264235636509572
0.4810544951418,0.005593994941768686,-0.01747101294146767,-0.016828605107871777,-0.020301578553957714,-0.0033340424950616615
0.4811333884120157,0.0035163513682893045,-0.012748238176911621,-0.013743593274837212,-0.02321686866695793,0.0008345998678743025
0.4812122816822314,0.0027250457800557766,-0.003162374668714906,-0.004760295135526422,-0.026011543049966085,0.009920664412392354
0.4812911749524471,0.0031981007980670995,-0.007763250735852877,-0.006914198354271862,-0.02353557589211921,0.006774155155052401
0.4813700682226628,0.0036292491744201994,-0.01905722047045961,-0.01747808176859525,-0.013654628787017283,-0.0074439620818422874
0.4814489614928785,0.0034430964404909975,-0.02444555513334787,-0.021217215768481092,-0.013340091152472032,-0.010771221813822047
0.48152785476309423,0.002727770163037369,-0.028491573904718553,-0.02286798621100393,-0.014614664728861653,-0.011483262538931883
0.48160674803330994,0.0020917207951044996,-0.030182196190401658,-0.023140660404729035,-0.016122391205749077,-0.01090612542432227
0.48168564130352554,0.001805911386509167,-0.028329627616915827,-0.0223262647092956,-0.013050983009856113,-0.01186305142403594
0.48176453457374124,0.00090331387061792,-0.02448626123490976,-0.021055243253392513,-0.007753595059136107,-0.013626461573389452
0.48184342784395695,0.00011469045027110057,-0.015839758130846947,-0.01573644227113604,-0.005248500372413448,-0.010475955177227452
0.48192232111417266,0.002367878400497122,-0.008164048564433948,-0.012569948094366424,-0.0027716865679993374,-0.00912872607646591
0.48200121438438837,0.009339743387908562,-0.0015547373287326442,-0.009699084399641613,0.001653104921084511,-0.009075101162127786
0.4820801076546041,0.016974750516046102,0.003863353481384727,-0.0048359568601861885,0.004178289147025763,-0.006321926742904198
0.4821590009248198,0.021716617578791543,0.0012581852373407187,-0.0036532794609318267,0.0009840293425465605,-0.0036118610634756788
0.4822378941950355,0.023689509667875263,-0.0025258485702311256,-0.0029176926089744238,-0.002742594535700971,-0.0009940408583516166
0.4823167874652511,0.023241983957529768,-0.010213109222633451,-0.008508160626899288,-0.007349354026718707,-0.0032462866219691113
0.4823956807354668,0.01680646441441589,-0.01588004007951154,-0.012796913479020695,-0.010884392635810206,-0.004974146584375944
0.4824745740056825,0.008969689186049776,-0.020951312916200258,-0.01577411792258678,-0.014950858801710832,-0.005310141032524521
0.4825534672758982,0.004945692195947905,-0.020315217859038205,-0.015159317180016223,-0.017538446659208187,-0.0034043922709886295
0.4826323605461139,0.0014132103600412605,-0.017053708064102883,-0.012291690162508551,-0.01484340715137128,-0.0024262266663178573
0.4827112538163296,0.00023012339978793555,-0.018822918590201708,-0.013121810220689445,-0.012419063500423112,-0.004426317606968882
0.48279014708654533,0.0031370909707837172,-0.027175206790372646,-0.021338552639818834,-0.0076360541778203355,-0.013928722132208958
0.48286904035676104,0.010990393774192291,-0.026321113019894288,-0.019417677671240408,-0.004150235427499572,-0.014173205155885235
0.48294793362697663,0.021071154501758605,-0.017530398305365014,-0.009596256760807241,-0.00662871635908226,-0.004551228292221949
0.48302682689719234,0.028049030249199126,-0.010118743295199425,-0.0018576382541999048,-0.00536616346103103,0.0013067602222465375
0.48310572016740805,0.03284981874408747,-0.002989041431241837,0.005065050512931436,-0.012715592782751705,0.01108999519056668
0.48318461343762376,0.036176548648213,-0.0029711421409603727,0.002326686294287351,-0.014976080951314577,0.009989424384086981
0.48326350670783946,0.03124732354119246,-0.0027063357767309554,-0.001063954291159381,-0.014166503320105215,0.006692685184403483
0.48334239997805517,0.02292335375167004,-0.009999094858398692,-0.006788028395100321,-0.017961790778990273,0.003893100539222239
0.4834212932482709,0.01808048430046822,-0.014242284381467935,-0.010223373902879607,-0.018979115916375026,0.001536944819820218
0.4835001865184866,0.014549973542040484,-0.01889700099569127,-0.01334096841440232,-0.015392558276065161,-0.003018238544762697
0.4835790797887022,0.010263617660364224,-0.024346610025914688,-0.018459755590270688,-0.011088416397131292,-0.009647880606021633
0.4836579730589179,0.0057940912038822335,-0.02524105502455382,-0.020054979667073623,-0.012939332282543611,-0.010004003552239356
0.4837368663291336,0.0028215994891510163,-0.023864025264129486,-0.019284409475170475,-0.012453165949804761,-0.009613457252078659
0.4838157595993493,0.001697994524142859,-0.019148599235871054,-0.01853300400081021,-0.0175060233602327,-0.006271857366209284
0.483894652869565,0.0016714996709191318,-0.004724208581735731,-0.009504210141947885,-0.020312585037570486,0.0028590373658514663
0.4839735461397807,0.001570879068389023,0.01345515447390589,-0.00036025113698826954,-0.02009714552760272,0.010465546301274917
0.4840524394099964,0.0009485776878059466,0.02553350920340249,0.006699076609635898,-0.020435657635697622,0.01660716618973341
0.48413133268021213,0.0002988512487676787,0.03185675457063983,0.011543743474648408,-0.02188110244735382,0.021471730118802795
0.48421022595042773,0.0001872913122942111,0.020711583510666917,0.0031133671480545245,-0.018278101883053326,0.012423397590666687
0.48428911922064344,0.00047431051543061163,0.006814971764375779,-0.0038538561606660795,-0.014957533182455997,0.004760829296461664
0.48436801249085915,0.0008328309856158643,-0.003913689573450316,-0.008661040882031653,-0.016461365668486373,0.0015071638495421076
0.48444690576107485,0.0011295172696365486,-0.009080175865400691,-0.009701521353961524,-0.01385983145993245,-0.0007656621714016746
0.48452579903129056,0.0015076172606178842,-0.011292371211374726,-0.010440356402635626,-0.008349044235558548,-0.004342338220924345
0.48460469230150627,0.0021970117486559064,-0.008873288794599251,-0.010276819113155703,-0.00502210837083182,-0.0059866863189525455
0.484683585571722,0.0035201473229519655,-0.0037559350937290395,-0.010156223497160615,-0.00195923931507884,-0.007525784703752853
0.4847624788419377,0.00659790427248064,0.015363860210854355,-0.0022432217556149956,-0.0011084185662636168,-0.0013001503535361573
0.4848413721121533,0.013694420840331697,0.04465057934121836,0.01476600736357944,-0.0020605181966100606,0.013571720012680949
0.484920265382369,0.023276209178737937,0.061404996844749815,0.024830629372753855,0.001670677317334888,0.020072803694112476
0.4849991586525847,0.027788778271678447,0.06812210804602821,0.031004068769429773,-0.00036064283737646374,0.026374650343327664
0.4850780519228004,0.02693967030787447,0.05493136195832668,0.02461285619916348,-0.004848458036627765,0.023379654603176484
0.4851569451930161,0.025006730171981652,0.03283639411712579,0.012542467968839701,-0.009264864993252036,0.015553911291488162
0.4852358384632318,0.021102766404106243,0.010254009712282674,-0.0013106966975522142,-0.009492649488925024,0.0039796950379026785
0.4853147317334475,0.013668555657136544,-0.0027612343627132037,-0.008281128254249644,-0.007252127035928241,-0.0031066646415547584
0.48539362500366323,0.007263734668515302,-0.013748850634356073,-0.014613089149849285,-0.0019164575126655158,-0.011312192014393508
0.48547251827387883,0.0034663544893479697,-0.018447168394131925,-0.01804341269179453,0.0060881814638206536,-0.018496535574749777
0.48555141154409454,0.0018870678488194408,-0.013377183294305425,-0.01541972673359966,0.008587863024507656,-0.01762039930500468
0.48563030481431024,0.006090459118133709,-0.003942477709487142,-0.00908299356653703,0.012057953736059196,-0.01412980482319398
0.48570919808452595,0.016543837383952723,0.0036315402871133864,-0.004777225773538789,0.011014412121350705,-0.009935358290800863
0.48578809135474166,0.02701253720893138,0.015539393102106997,0.0062268905857595334,0.004238427882691843,0.002986756355756337
0.48586698462495737,0.034541019017904157,0.020212712083727324,0.01416337975074705,-0.004053640395525306,0.014130591313699769
0.4859458778951731,0.0421919954888386,0.027919237971290815,0.024356605648104216,-0.01099297087378699,0.026453822170922462
0.4860247711653888,0.049821693540334916,0.033862786725545775,0.031989051800647386,-0.020361188248186498,0.03791373543298239
0.4861036644356044,0.054161475650677283,0.02760807536691214,0.026056291077339887,-0.022523656865415805,0.03406504821091015
0.4861825577058201,0.04721832558496099,0.017825797166063077,0.0170538348880875,-0.01841708925405518,0.024266308045088808
0.4862614509760358,0.039169132583706016,0.0065674506366313916,0.008709349913821681,-0.017362573664571286,0.016657117731762566
0.4863403442462515,0.03531035569309703,0.0005966880297719435,0.004342716106608076,-0.01678884744142623,0.01266310953024569
0.4864192375164672,0.028396124371843114,-0.004324561836609211,-0.0008910716349506887,-0.011377050922596095,0.005343798489480157
0.4864981307866829,0.021830709989191777,-0.00918875543026478,-0.006538353346553287,-0.00954263478076284,-0.00040772985358924525
0.4865770240568986,0.016546013062939152,-0.010747573127977916,-0.012366321857133643,-0.005794506007866364,-0.007337380832390071
0.48665591732711433,0.012017378470523952,-0.0026496635685356504,-0.008525438355541344,-0.00899312219473269,-0.002380153838236943
0.4867348105973299,0.010526207722479383,0.010487603539328138,-0.0026710514253116204,-0.01782659850433006,0.007297286154581311
0.48681370386754563,0.014056162012444008,0.03614342550423714,0.012121040807027042,-0.017689228041626745,0.01971229816697189
0.48689259713776134,0.0205068477014917,0.05184233998889999,0.022807514409876262,-0.013275604572261934,0.026368633589432384
0.48697149040797705,0.022155039816406073,0.05578997463785263,0.025437505006586023,-0.013938163484171996,0.02894371586460068
0.48705038367819276,0.01803077348697101,0.04762726682362025,0.023110310976324138,-0.015198278895010076,0.0276541430103899
0.48712927694840846,0.015928319903026504,0.02550005475418819,0.009684546007427321,-0.013497836632051403,0.015409243378788764
0.48720817021862417,0.01479037698534507,0.007963343321885764,0.0009261671269927747,-0.012888824459348015,0.007688327881905267
0.4872870634888399,0.01416211359777684,-0.004056981562924026,-0.005048631986263892,-0.008630022073882321,0.000361214568757502
0.4873659567590555,0.01348009053448473,-0.0041449757874278265,-0.004560450411858754,-0.007865305156675693,0.0003636780214402816
0.4874448500292712,0.01053432404643682,0.0030449613078284326,0.00012442310756379733,-0.010779633298473274,0.00588109268123078
0.4875237432994869,0.007752792807485685,0.01591401928212396,0.0023821876720902147,-0.01581082896116165,0.010483662691734898
0.4876026365697026,0.005474195897393598,0.038249218407837765,0.010461816549107755,-0.018380193660517366,0.018681944323506238
0.4876815298399183,0.005718249927272086,0.06754423262660343,0.028067738984713396,-0.022657160160407766,0.035834106834806305
0.487760423110134,0.010075931201962264,0.08317979196241566,0.03702546849973545,-0.02250852759325555,0.04331407540086243
0.4878393163803497,0.014414867224788047,0.08601889615148163,0.039218701355660066,-0.019797330180536404,0.043713733522253856
0.4879182096505654,0.016207254765648858,0.06383906508051908,0.025828422794926816,-0.01914583292816102,0.032063116969212366
0.487997102920781,0.017067224242804428,0.03849396759678241,0.013217516094922289,-0.016956832570122333,0.02024540502623474
0.48807599619099673,0.016977023528288303,0.011827744708873588,2.3832944678144722e-06,-0.012192284766826903,0.0065350634685428744
0.48815488946121244,0.012447243967537342,-0.00575178836389293,-0.01082610927937767,-0.008609641476783158,-0.004528481693612688
0.48823378273142815,0.005739821762589454,-0.011825718385482938,-0.015255464738821157,-0.004564138973122174,-0.010436356042425888
0.48831267600164385,0.0022285325052428646,-0.010606779421516997,-0.01684771787970804,-0.00423088529535891,-0.011959551387345224
0.48839156927185956,0.0012401246385479508,0.004413726885883815,-0.007221846960053115,-0.005827233082754527,-0.0029756274832721053
0.48847046254207527,0.002778233634392401,0.02013740241411901,0.0018746299195663487,-0.008642334483390173,0.006213560120726536
0.488549355812291,0.008330313605085524,0.031616194897895376,0.009598187827098105,-0.010208685060994968,0.01357385134800206
0.48862824908250657,0.017921087609943636,0.030485573169442125,0.011003932860861904,-0.011154131509889935,0.015267258340714959
0.4887071423527223,0.0283086298127227,0.027640785749759485,0.014362793026148585,-0.010815577092837229,0.017921569365097187
0.488786035622938,0.03735835460213203,0.022222668819436794,0.01649437936693928,-0.007671200287933393,0.018036647760948432
0.4888649288931537,0.04409116373784372,0.01841555488479412,0.018667320146335813,-0.01109799058619664,0.02170692383525314
0.4889438221633694,0.049165528539674375,0.014902919591972244,0.017999345524060895,-0.013181397440611359,0.02225914057847864
0.4890227154335851,0.04742610782104197,0.007965522191019836,0.011847859464313897,-0.012513857366232254,0.016708315071594614
0.4891016087038008,0.03917678321767099,0.0036272054409442153,0.00684472580595833,-0.013557563428683557,0.01304373609097414
0.4891805019740165,0.035365693879627305,-0.000409368055879178,0.0018233382552227738,-0.013904632562164372,0.008990219281499796
0.4892593952442321,0.03155496483825683,0.0019521176783848856,0.0017097054171419741,-0.01672947601745845,0.0104082304114947
0.48933828851444783,0.02124004673386233,0.0007034276314461785,-0.0024402436236528077,-0.01659178178846751,0.006830361329380343
0.48941718178466354,0.014573070999358709,0.0012500431166092563,-0.003322762559420152,-0.012902647008820451,0.004108069354267416
0.48949607505487924,0.015052017130182116,-0.005230260277030736,-0.007481964282693937,-0.010485122123269058,-0.0006995468607838241
0.48957496832509495,0.018834155015175852,-0.002376374955508006,-0.005631237273440746,-0.011793920698134551,0.0015646068772158903
0.48965386159531066,0.02378334272290371,0.006483774675656476,0.001997911770875915,-0.01389800090707816,0.009134061696698803
0.48973275486552637,0.029833499437018025,0.020018844946271905,0.01260995812093683,-0.012371517376058771,0.01727543191401578
0.4898116481357421,0.03460449182331938,0.02215822689461683,0.015057266876356641,-0.014118259638879253,0.020277412752645992
0.48989054140595767,0.03385927497572825,0.016613907399402945,0.012329250519286303,-0.018065411424459252,0.02008966896668925
0.4899694346761734,0.03172520112034995,0.007842199157799577,0.0065195565651349485,-0.01875642430054405,0.015555512574485763
0.4900483279463891,0.030556739479058556,-0.002242554268469476,0.0003514453665712791,-0.01852797282473093,0.01022536798104547
0.4901272212166048,0.024982781663686646,-0.007069649168939529,-0.0027999047063061505,-0.01400173805211709,0.00513857448011795
0.4902061144868205,0.021056841727252803,-0.005694333239532226,-0.004239146663186917,-0.010394615908555744,0.0019902891786367986
0.4902850077570362,0.0202758959548332,-0.004336629664465351,-0.006791168699254326,-0.00921853887737003,-0.0007948740759629388
0.4903639010272519,0.017596760678211185,-0.005320459224895656,-0.008316079306788847,-0.012953202776618902,-8.144520189978753e-05
0.4904427942974676,0.012682317528043217,0.0022454639414264854,-0.004049256789574408,-0.01603957650460067,0.0051757243594182075
0.4905216875676832,0.00650800041843523,0.014499263752866687,0.0001543611005066111,-0.018051598741985544,0.009803622980930085
0.4906005808378989,0.0026119540206047086,0.026474914525125917,0.007393635520541925,-0.019643686396758422,0.01676901099434684
0.49067947410811463,0.0012224244417577417,0.029298058226471323,0.007483410850115826,-0.018946043702725707,0.01647086104086812
0.49075836737833034,0.0013379226779521689,0.02657058036063893,0.00563509196489717,-0.02007607548738457,0.015516164199123664
0.49083726064854605,0.0013990269340069326,0.017671594094753114,-0.00041371814919840215,-0.014491168800458008,0.007415717493468191
0.49091615391876176,0.001085904417737597,0.0054667134897024095,-0.007869147374523816,-0.005977899264938722,-0.003441492209553118
0.49099504718897746,0.0004888812437123453,-0.006267023145811616,-0.013615833260148279,-0.004092953826962197,-0.00930411385274499
0.49107394045919317,0.00044488598920744383,-0.011596036873399817,-0.015396294678144178,-0.003442950123672443,-0.011155878201157885
0.49115283372940877,0.0015531616069564466,-0.009583342850507964,-0.012026576374477342,-0.007789496023404155,-0.005981676083089883
0.4912317269996245,0.0019946739051072927,-0.00898811603383434,-0.012284663151435409,-0.011361796525658156,-0.004285738718078233
0.4913106202698402,0.0015857059450700654,-0.008116981399594382,-0.011820207110121326,-0.014665933347113816,-0.002123102468024081
0.4913895135400559,0.0011661013784616623,-0.0030241891751970505,-0.008474617154327466,-0.014563921170311678,0.000647789390094873
0.4914684068102716,0.0038711423505663938,0.0050511653427764225,-0.0014953884141297089,-0.015626121068556063,0.007110646154982795
0.4915473000804873,0.01045383770813995,0.01041331290760031,0.003739796924799995,-0.013010898311650386,0.010129346451387845
0.491626193350703,0.015846198472859077,0.011792607923404818,0.004936425239528419,-0.010619025823661457,0.009857895641394228
0.4917050866209187,0.020935390762546222,0.007196439444472981,0.0014620708517336144,-0.005965274095220892,0.004430755180198673
0.4917839798911343,0.026239736023748822,0.002026996776442275,-0.0008102428191238994,-0.005969032555590087,0.0025141617349071035
0.49186287316135,0.027922601970528,-0.0015907868704745228,-0.002002746263862182,-0.009105164226111044,0.00318771793361595
0.49194176643156573,0.020368947646846138,-0.003571990686195798,-0.0038982475719559623,-0.011269862685478298,0.0027471547431429403
0.49202065970178144,0.013813049835657247,-0.00662767872188235,-0.0067068598803742925,-0.013354511248243767,0.001492561847345862
0.49209955297199715,0.010021456732076947,-0.012416746705240752,-0.012004006528009176,-0.014010749845806247,-0.0026294018572098846
0.49217844624221285,0.0053213213983138675,-0.014709462817006837,-0.014045111383623665,-0.01719890859250993,-0.002645126483999095
0.49225733951242856,0.004776602733162065,-0.015571910373741138,-0.01482052203095294,-0.01656902543893121,-0.003637630789713603
0.49233623278264427,0.009208984535812802,-0.016515719113401498,-0.013858757751675317,-0.014107525620477903,-0.004144112349570239
0.49241512605285986,0.01487954186249616,-0.016204685326188444,-0.010829807401579294,-0.012136856855688256,-0.0026417638783951393
0.49249401932307557,0.020627735303793936,-0.01191640289929579,-0.006538981970136861,-0.011367201982170705,0.0005694094624531582
0.4925729125932913,0.026297179234771033,-0.006267585223158371,-0.002969995831467797,-0.011988396166250494,0.003916011714030212
0.492651805863507,0.030635066487802492,1.5016834427497535e-05,0.0016428001914265303,-0.012850903232293162,0.008273082179176501
0.4927306991337227,0.029185261881313467,0.0005856360139081462,0.0020714981514648387,-0.01043012143997533,0.007337782276457866
0.4928095924039384,0.02381957387158808,-0.0015756895793036523,0.002200494819003285,-0.009121788804761275,0.006745612671914642
0.4928884856741541,0.020909907883256664,-0.0036213429655373853,3.98399546693845e-05,-0.0047051955012478745,0.0025547325935251727
0.4929673789443698,0.019525551841138813,-0.004551084815556388,-0.0002907758671311444,-0.004040238459633675,0.0019192840537810396
0.4930462722145854,0.019085470157746323,-0.011793382710098266,-0.00723470113862049,-0.0030032023884922878,-0.004499552927895991
0.4931251654848011,0.018726986250580734,-0.013724271733795559,-0.010752771014662807,-0.00271690355157541,-0.0076236006211881395
0.4932040587550168,0.016133473971827374,-0.013234023457474962,-0.01015421535204819,-0.006878549196796409,-0.004888546786674108
0.49328295202523254,0.012576947961976599,-0.019629428476394376,-0.014909891710031379,-0.011924762144094332,-0.00620138695870825
0.49336184529544824,0.009369135829374192,-0.018480526748048533,-0.015238070495032542,-0.013994261907961277,-0.005369851566243315
0.49344073856566395,0.006976188762534888,-0.010549274880939648,-0.012488597384710226,-0.010508374374300184,-0.004915212200827065
0.49351963183587966,0.00482665264876722,-0.0006978774192053769,-0.009246707199556323,-0.007343261390395585,-0.0038732146982569703
0.49359852510609536,0.0025951919107298402,0.0064126709697143675,-0.00588170405787669,-0.004513794191319815,-0.002547746379539491
0.49367741837631096,0.001397923239822215,0.004474452988014605,-0.0065368314519549,-0.001984103255503472,-0.004456300793370368
0.49375631164652667,0.001517151233528513,-0.0065344196646207504,-0.013273981961979877,-6.0497844222949435e-05,-0.011175639395147275
0.4938352049167424,0.0028446148295735623,-0.011610954115065448,-0.014763001887525948,0.0015736401464709342,-0.013308368171513738
0.4939140981869581,0.006143144593498449,-0.01663264723993841,-0.016753034060802537,-0.0008798389360108725,-0.013674559327260862
0.4939929914571738,0.011449276393892026,-0.01933421041485068,-0.017310142916929956,-0.0070075726228758265,-0.01086277373130934
0.4940718847273895,0.01434632524358115,-0.021346067149072265,-0.016908772583105417,-0.01246590808445151,-0.00759986537982234
0.4941507779976052,0.012918042548412362,-0.019931632077463426,-0.016145460172853187,-0.01402702502278801,-0.006118765198559842
0.4942296712678209,0.009292588123453287,-0.013902050847140565,-0.013127685084040726,-0.012609980461013536,-0.0043289903706865245
0.4943085645380365,0.0044551909190039,-0.0037625965059455177,-0.00892183840635613,-0.008048690119481857,-0.003220919724049011
0.4943874578082522,0.0006637098638073859,0.008570184943757306,-0.002434756773406661,-0.004279859666722209,0.00023740798293404595
0.4944663510784679,0.0002956518717641982,0.008022238093500602,-0.005738200579972667,-0.0011694992053249943,-0.004218416924904008
0.49454524434868363,0.001904982851133687,0.0029634757864869343,-0.008599790001235882,0.0035596745546312473,-0.00916839168875458
0.49462413761889934,0.0034181769607924766,-0.008413114201857955,-0.014787380960811199,0.004153900033326204,-0.014711176085763812
0.49470303088911505,0.0037310701450592692,-0.01391565116547259,-0.017160241076015912,0.002305916044722522,-0.015724848002338837
0.49478192415933075,0.003427097201855109,-0.021624845629277037,-0.021181715853260438,-0.0014154938084567303,-0.01712767459402085
0.49486081742954646,0.003950052600950693,-0.020855471650229267,-0.020158685716963855,-0.005416990088702897,-0.014120601801284561
0.49493971069976206,0.0049164856885789785,-0.015855493904014726,-0.01689016034497712,-0.008695253306261612,-0.009604033841383561
0.49501860396997777,0.0045079937205996,-0.01338941999744747,-0.01517850705205888,-0.013439453073585664,-0.005616782676698802
0.4950974972401935,0.001892216598646613,-0.011316743829690813,-0.013065129929679,-0.014664980671650644,-0.0031750983209231295
0.4951763905104092,7.98438231982176e-05,-0.005499493797307661,-0.007964684435305432,-0.01623611710984335,0.001974551303026623
0.4952552837806249,0.0023395059587439757,-0.005240944730339479,-0.00673353613576123,-0.015449956752412472,0.0025929590462445296
0.4953341770508406,0.0057700363810322605,-0.00809433404213207,-0.007408349950549663,-0.014409759530010693,0.001465648855531151
0.4954130703210563,0.008463479615882053,-0.012748693993571255,-0.010220541767721926,-0.009754540465681309,-0.0034036678848294224
0.495491963591272,0.011543529707010485,-0.012250778722262212,-0.011231534800604305,-0.004157775682203504,-0.007255950237411995
0.4955708568614876,0.014381790824840035,-0.004879486655677631,-0.006178532147713837,-0.0034652172003961737,-0.0033602019736128715
0.4956497501317033,0.013373432393135145,-0.0003487519598367917,-0.0036364770220567344,-0.0052017840136483985,-0.00028330066439243826
0.495728643401919,0.011028274504269209,-0.003722984546529316,-0.006330864174040662,-0.0054668665637358825,-0.0024163608598992805
0.49580753667213473,0.01135278725042163,-0.0017548169045511796,-0.005869311206522205,-0.00963643149572299,0.00020748743366100404
0.49588642994235044,0.010072598813228712,0.011521139763021666,0.002657165676582968,-0.01522392768245,0.010401282998932662
0.49596532321256614,0.008055577614818508,0.010789341990423336,0.0020793355205425677,-0.01835129094597365,0.011589585313131088
0.49604421648278185,0.008036623446870412,0.00030009456535316217,-0.004238916112236896,-0.017069896640644962,0.005567763749682155
0.49612310975299756,0.007548137173515478,-0.006589464955080601,-0.008445341304539581,-0.014051308146783726,0.00039782014408429973
0.49620200302321316,0.00621566988415347,-0.012297856505072206,-0.01057654841913399,-0.008015701259550288,-0.004635945781485671
0.49628089629342886,0.006249806334786322,-0.014420360607353336,-0.01238696214017948,-0.003733300454704512,-0.008459050148032969
0.49635978956364457,0.007994794141175307,-0.008266077386131178,-0.010641719284700054,0.003609688702988356,-0.01091926156333508
0.4964386828338603,0.007984892026772683,0.0019825595389087285,-0.005985220977917234,0.0069177302573974345,-0.008760095008729209
0.496517576104076,0.00511251934021854,0.007280323848082932,-0.0037266943583605843,0.008334911007249979,-0.007612565076200129
0.4965964693742917,0.003346721464331655,0.007799467333218546,-0.00036338497027543683,0.0030037296609071278,-0.0019162436736006746
0.4966753626445074,0.003682649771839929,0.002508515488528814,-0.0038181642932362822,-0.005098948327067269,-0.0004918123809468342
0.4967542559147231,0.0062817499555513495,0.0021442529127597056,-0.005238903734101158,-0.013321738022197256,0.0027146231670797266
0.4968331491849387,0.011105939516189737,0.005003764868889619,-0.002464475548158197,-0.02175788014206373,0.009578977356404856
0.4969120424551544,0.013699675939212124,0.0005711163905248156,-0.0015648050991022371,-0.020689764595366197,0.00976610392706262
0.4969909357253701,0.012512549515661203,-0.009274512794334971,-0.00619677620397828,-0.014797540645192477,0.0026966117130533987
0.4970698289955858,0.01130427402209883,-0.009183213760388931,-0.007125084404917372,-0.007360526325204035,-0.0020723865150624426
0.49714872226580153,0.01057176301730935,-0.005503731915175793,-0.007717306528979972,0.0027235728431307224,-0.007975314899315267
0.49722761553601724,0.00848630495417993,-0.0036503062951049924,-0.009331816866344425,0.008755910419570601,-0.012570539071312004
0.49730650880623295,0.0046864005416842654,-0.003501392673560278,-0.010920860446179296,0.007168802676099251,-0.013061790362461845
0.49738540207644866,0.002511516823075181,-0.006038922228378201,-0.012340227872643,0.001432996075618965,-0.01118727156985422
0.49746429534666425,0.002403507132502281,-0.013152991252333122,-0.015743624375042176,-0.0014530708903205442,-0.012515100800765209
0.49754318861687996,0.003244900202933111,-0.014320647759944292,-0.01535493460549282,-0.006972400338299856,-0.009230300867317817
0.49762208188709567,0.005160746979998646,-0.016859255893386445,-0.015562825623596354,-0.00899615204270214,-0.00832177289632655
0.4977009751573114,0.007963003160818858,-0.016326743861261865,-0.015644088817722997,-0.010114888434773766,-0.0077910991139476474
0.4977798684275271,0.010450784274957351,-0.01252820034321654,-0.012765323293705338,-0.009553039838539978,-0.005660749088164273
0.4978587616977428,0.011797690476804928,-0.007179214626647459,-0.010475677135971261,-0.002471645927563854,-0.007521013679869349
0.4979376549679585,0.010775508139746313,-0.0057395967470481495,-0.007909590123506713,0.006532966244711368,-0.010178694222847966
0.4980165482381742,0.007357348249345678,-0.008802735411389722,-0.009206288255585558,0.006755869932700256,-0.011392933805900304
0.4980954415083898,0.002159486188003655,-0.008857013541601086,-0.010668596584239238,0.00198807182588956,-0.010073174910711967
0.4981743347786055,5.760512921100511e-06,-0.01823640352267524,-0.016906803638244775,0.0002663760021004659,-0.014418372789108245
0.4982532280488212,0.0013916134495996857,-0.020011928963576474,-0.016151902837563275,-0.004383702954772475,-0.011290062821432438
0.4983321213190369,0.00353890113269024,-0.015979148731463798,-0.012203759750206272,-0.008091333725141703,-0.005969600183466402
0.49841101458925263,0.005432569592210977,-0.010344152739478151,-0.00879770859075554,-0.010010936301644008,-0.002064726769494365
0.49848990785946834,0.006081227763090886,-0.008162310290249837,-0.008383198234483427,-0.011291850405833513,-0.0010283439000400804
0.49856880112968405,0.005254197183006364,-0.010290949528614418,-0.009970619803954943,-0.013235519613305692,-0.0013274580684204949
0.49864769439989975,0.00537142220370883,-0.01093507411946111,-0.010196174877379956,-0.017886313435711912,0.000974263403443975
0.49872658767011535,0.006168474893330954,-0.011054755758710946,-0.0094222920568188,-0.02237656797000758,0.004034507993506434
0.49880548094033106,0.005794216450919393,-0.00912441658598725,-0.007966793658109046,-0.01929777625810151,0.0036136198949483444
0.49888437421054677,0.004772169421705396,-0.013989687631112614,-0.011864655319927817,-0.015537328494900448,-0.001693719118265142
0.4989632674807625,0.005255757403975591,-0.015656602563653598,-0.011073133808314489,-0.011693792683075245,-0.003084658791305519
0.4990421607509782,0.007245546419166772,-0.016407879293075033,-0.013387320538043968,-0.008917143877721216,-0.0065267315442987415
0.4991210540211939,0.009168789926821823,-0.016718801905664292,-0.014453898328113212,-0.006435354172982211,-0.008757032710263426
0.4991999472914096,0.00999597028816996,-0.009269172760308452,-0.010688331371568697,-0.00547854534579506,-0.006089648586732288
0.4992788405616253,0.009593643427543576,0.0007418730126817607,-0.00599609616273296,-0.0010960545763433103,-0.004475524561501532
0.4993577338318409,0.008377189944526613,0.0006289047084437921,-0.005806120981960854,-0.002250180847780884,-0.0036967503012224324
0.4994366271020566,0.007394757117643939,-0.004121180456150611,-0.00985216662318931,-0.0069236419094954186,-0.0046093197359001
0.4995155203722723,0.007416154078707361,-0.005975161380936053,-0.008705062892051012,-0.01294003398222134,-0.0004169995868521817
0.499594413642488,0.005659925699974184,-0.005605748026633766,-0.008183262311711032,-0.011528566431057766,-0.0007326619600002181
0.49967330691270373,0.004526831087410998,-0.007466233100422692,-0.008628378491632083,-0.0033768147726220173,-0.005476193394098969
0.49975220018291944,0.006817422166351177,-0.008156744748140607,-0.008781907704619316,-0.0020388489370106134,-0.006322667504483589
0.49983109345313514,0.00992243015462378,-0.012534509865951216,-0.01001962704987435,-0.0021472754476129234,-0.007309702407458858
0.49990998672335085,0.012215687980031227,-0.012000601502183452,-0.00791805087113615,-0.0027296146150306844,-0.005223146289319428
0.49998887999356645,0.009067037075361344,-0.010657008574888039,-0.007320734808295018,0.0007126921516108584,-0.006563086313881317
