wave,flux
4450.003811362098,30473.337053907147
4450.026953690486,33876.72999732778
4450.050096139227,38482.93237173022
4450.073238708321,42952.26517939383
4450.096381397769,47552.90358522131
4450.119524207569,51960.73985584627
4450.142667137726,55777.56288837657
4450.165810188237,59103.23033499878
4450.188953359103,62132.43480838245
4450.212096650326,64952.474394390876
4450.2352400619075,67463.37151525328
4450.258383593846,69911.91877847425
4450.281527246142,72162.05210267041
4450.304671018797,73796.37044340205
4450.327814911813,75257.01282035113
4450.350958925188,76676.51896359205
4450.374103058924,78503.52673726657
4450.3972473130225,81158.29058282966
4450.420391687483,83060.83434684278
4450.443536182305,85173.73021479636
4450.466680797492,87173.61363918982
4450.489825533042,89177.301781962
4450.512970388957,90745.65037379376
4450.536115365237,92157.65962989964
4450.559260461882,93601.82670793803
4450.582405678895,94226.80515071412
4450.605551016274,95158.07360823062
4450.628696474022,94931.99772054097
4450.651842052138,95440.96001203405
4450.674987750623,95368.83646723577
4450.698133569476,94544.94199103113
4450.721279508702,94648.53309977426
4450.744425568297,94086.95831226956
4450.767571748264,93174.4075366716
4450.790718048604,91912.99063990617
4450.813864469315,90196.34014863722
4450.837011010401,88430.81860148978
4450.86015767186,85870.24141140813
4450.883304453694,82787.54911071065
4450.906451355903,78742.75510962967
4450.929598378489,74096.04324937442
4450.95274552145,69578.10253153219
4450.975892784789,64496.408303942924
4450.999040168505,59676.541953013875
4451.022187672601,57273.81284432643
4451.045335297074,56745.76706097429
4451.068483041929,57326.18298061357
4451.091630907163,59784.62637415391
4451.114778892777,63529.832836608846
4451.137926998774,67843.12736274813
4451.161075225153,71866.85945656116
4451.184223571914,75450.28931763564
4451.207372039059,79280.93197324986
4451.230520626587,82602.5622306089
4451.253669334501,85059.0123473131
4451.2768181628,87079.04564324593
4451.299967111485,88699.2040038875
4451.323116180556,89305.68653254486
4451.346265370014,89759.5292310336
4451.369414679861,89026.7046561457
4451.392564110095,89353.75202366062
4451.415713660719,88749.6095985846
4451.438863331732,87726.80738428743
4451.462013123136,87223.83077871671
4451.48516303493,87394.99396789088
4451.508313067117,88128.31037425516
4451.531463219695,88495.53117699272
4451.554613492666,88802.64918410085
4451.577763886031,89528.29051927928
4451.60091439979,90517.29010218481
4451.624065033943,91462.6162752857
4451.647215788492,92325.73376400494
4451.670366663436,93192.71181046715
4451.693517658777,93851.73318743115
4451.716668774516,94619.95342636727
4451.739820010652,95226.38814844425
4451.762971367186,95567.3901631104
4451.78612284412,95991.80728020179
4451.8092744414525,96418.66870404415
4451.832426159187,96126.39986348947
4451.855577997321,96098.82136727765
4451.878729955857,95819.68622723885
4451.901882034796,95229.68551249888
4451.925034234137,95132.58056631577
4451.948186553881,94229.62457890702
4451.97133899403,93087.83255749066
4451.994491554583,91672.23937482617
4452.017644235542,90679.26427373725
4452.040797036907,89198.64040637932
4452.063949958678,88222.1267559426
4452.087103000857,87472.85381354064
4452.1102561634425,86468.89091931407
4452.133409446437,85157.09230766309
4452.156562849841,84514.46439794045
4452.179716373655,84189.13841336213
4452.202870017878,83837.0918751785
4452.226023782513,84382.14444010134
4452.24917766756,85021.55099431225
4452.272331673018,86575.55821130738
4452.29548579889,87148.5039293281
4452.318640045174,87526.28800932139
4452.341794411874,87658.23354303461
4452.364948898987,87300.63831239095
4452.388103506516,87123.20596143595
4452.4112582344615,86167.65716009047
4452.434413082823,85505.96729170553
4452.457568051602,84753.87862442552
4452.480723140799,84603.6964720371
4452.503878350413,84517.44162518567
4452.527033680448,84757.53013891613
4452.550189130902,85397.69561677653
4452.5733447017765,85919.80338165142
4452.596500393071,86451.13611046216
4452.619656204789,85797.5462776116
4452.642812136928,85178.523377038
4452.66596818949,84348.8857129609
4452.689124362475,82671.4122589862
4452.7122806558855,80908.23344392063
4452.735437069719,78884.5226976267
4452.7585936039795,77067.92683343135
4452.781750258665,76340.0377590073
4452.804907033777,76771.49022827523
4452.828063929317,78127.39589369118
4452.851220945285,80002.35622758242
4452.87437808168,81800.0246730537
4452.897535338506,83575.49578406407
4452.92069271576,85712.21925082606
4452.943850213445,87493.58255553487
4452.967007831562,88575.51018133502
4452.99016557011,89337.60721970673
4453.01332342909,90281.19152985586
4453.036481408502,91020.38503065977
4453.059639508349,91174.01358110325
4453.08279772863,90661.08907298383
4453.105956069345,90299.54586780183
4453.129114530496,89645.88117302279
4453.152273112083,88965.1380945988
4453.175431814107,89218.79587543862
4453.198590636567,89162.13276522749
4453.221749579466,89732.19718546767
4453.244908642802,90230.83081379045
4453.268067826579,90639.10005452608
4453.291227130795,91267.78916306129
4453.314386555451,92201.74555276029
4453.337546100549,93073.39244597159
4453.360705766087,93543.67100289022
4453.3838655520685,93670.0933068268
4453.407025458493,94389.34518155816
4453.430185485361,95014.74805182763
4453.453345632673,95529.72311252572
4453.476505900429,95107.98632049997
4453.4996662886315,94481.00559850445
4453.52282679728,94995.18959919132
4453.545987426375,94384.45950669824
4453.569148175917,93756.55094904068
4453.592309045907,92918.22433739291
4453.615470036346,91607.12371593184
4453.638631147233,90194.27084420457
4453.661792378571,88184.01092415322
4453.684953730359,85715.15498685013
4453.708115202598,82255.63572596965
4453.731276795288,77694.82870900135
4453.754438508431,72621.45879560862
4453.777600342027,67705.46087723256
4453.800762296077,62644.54745328317
4453.82392437058,58359.82716089088
4453.847086565538,56332.67633331298
4453.870248880952,55863.54915405829
4453.8934113168225,56331.468315064754
4453.916573873149,58121.893218340345
4453.939736549933,60245.0041799764
4453.962899347174,61971.823697276755
4453.986062264875,62924.93565231448
4454.009225303034,62769.091530760066
4454.032388461654,61764.22089606985
4454.055551740734,59709.77713654415
4454.078715140275,56811.360795184744
4454.101878660277,53173.54109148862
4454.125042300742,49278.38609501616
4454.14820606167,44789.804165779424
4454.171369943061,40505.81092111309
4454.194533944917,36701.01534633378
4454.2176980672375,34064.83389558366
4454.240862310024,33035.24452960433
4454.264026673275,33047.94390700529
4454.287191156994,34587.04501595596
4454.31035576118,37436.717838214354
4454.333520485834,40629.47897801411
4454.356685330957,44272.87338085358
4454.379850296548,47294.66984822571
4454.40301538261,49623.29795641604
4454.426180589142,51168.538459089476
4454.449345916145,52622.853583132586
4454.4725113636205,54161.13078957649
4454.495676931568,56353.03397084722
4454.5188426199875,58927.73203246359
4454.542008428882,62154.38182464096
4454.565174358249,65424.39019814738
4454.588340408092,67684.32109768906
4454.611506578411,69003.65105942848
4454.634672869205,69853.61928516749
4454.657839280476,69254.64928309103
4454.681005812225,67974.45272897449
4454.704172464451,65839.00319961211
4454.727339237156,64065.77128091011
4454.750506130341,63029.17770844025
4454.773673144005,63246.69628864561
4454.79684027815,64730.00250543795
4454.820007532776,67533.86968735374
4454.843174907884,71151.918603623
4454.866342403473,74033.60494785948
4454.889510019546,77426.11791400932
4454.912677756102,80847.34556429436
4454.935845613144,82831.98222933807
4454.959013590669,84733.40932392213
4454.982181688681,86374.27228728514
4455.005349907178,87301.71205778912
4455.028518246162,87479.08522582299
4455.051686705633,87382.43417463379
4455.074855285593,86990.07624615986
4455.098023986041,85770.86262687384
4455.121192806979,83968.05315995193
4455.144361748406,81355.66439242107
4455.167530810323,78292.79538184163
4455.190699992732,75083.40444351456
4455.213869295633,70657.09545344138
4455.237038719026,65694.116344108
4455.260208262912,60597.45108647478
4455.283377927292,55486.33416376997
4455.306547712166,51087.578408031535
4455.329717617535,48241.68150445323
4455.352887643399,47081.20148949061
4455.37605778976,47818.920130858605
4455.399228056617,50512.268858445284
4455.422398443972,54354.28354078889
4455.445568951825,59263.31102803705
4455.468739580177,64123.81148886755
4455.491910329028,68333.58665069463
4455.515081198378,72257.60518216506
4455.538252188229,75954.68751704627
4455.561423298582,79422.52589207861
4455.584594529436,81775.45135721698
4455.607765880793,83655.4231705879
4455.630937352652,85383.3088748094
4455.654108945016,85783.17049247173
4455.677280657883,85377.46401859178
4455.700452491255,84950.09788036028
4455.723624445134,83275.06224672237
4455.746796519518,81123.07400658033
4455.7699687144095,79419.10172684208
4455.793141029808,77739.37743375666
4455.816313465714,76620.6945109808
4455.83948602213,76138.94697269436
4455.862658699055,76221.01559308733
4455.885831496489,76266.33718360485
4455.909004414434,76438.2143443477
4455.932177452891,76478.41313150978
4455.955350611858,75885.2244622588
4455.978523891339,75124.564018875
4456.001697291333,72950.80963264905
4456.024870811841,70433.69718631772
4456.048044452862,67720.74100579979
4456.071218214399,65381.53923351052
4456.094392096451,63575.190143190106
4456.117566099019,63439.12505956232
4456.140740222105,64389.17700095801
4456.163914465707,67115.16868557366
4456.187088829828,69849.0511635385
4456.210263314468,73243.16462499328
4456.233437919626,76161.74761254386
4456.256612645306,79581.7446567266
4456.279787491505,81540.0865833235
4456.302962458226,83512.2430620298
4456.326137545469,84661.82475949007
4456.349312753233,85550.07134947414
4456.372488081522,86165.95056938268
4456.395663530333,86648.12830723521
4456.41883909967,87011.30434329962
4456.442014789531,87043.63691932167
4456.465190599917,87323.95472596254
4456.488366530831,86174.14952478498
4456.5115425822705,86234.44175382456
4456.5347187542375,86807.58590516073
4456.557895046733,87307.92958152996
4456.581071459757,87500.91320263973
4456.604247993311,88883.81476167962
4456.627424647395,89287.87927752627
4456.650601422009,88718.49918995374
4456.673778317154,88602.43641537968
4456.696955332832,87558.14384047224
4456.720132469041,86664.48719631815
4456.7433097257845,84724.40662875163
4456.766487103061,82336.71613248558
4456.789664600872,78852.51763350413
4456.8128422192185,74830.79825706295
4456.8360199581,70389.25607532385
4456.859197817518,66566.03806075727
4456.882375797473,63811.72165248979
4456.905553897966,61617.94708175415
4456.928732118997,60645.072608369956
4456.951910460566,61237.4802670661
4456.975088922674,61956.370143420085
4456.998267505323,63325.72591977295
4457.021446208513,65684.30996918371
4457.044625032244,69191.70467548049
4457.067803976516,72715.92508274878
4457.090983041332,75943.69425097374
4457.1141622266905,79111.07954210452
4457.1373415325925,81997.60438695163
4457.160520959039,84276.23068148328
4457.183700506031,86064.67509788953
4457.206880173568,87312.90412242577
4457.230059961651,88158.59360694299
4457.2532398702815,88952.30680366981
4457.27641989946,89428.80966351164
4457.299600049186,90039.3688443224
4457.322780319461,90355.8813408002
4457.345960710286,89312.1865905427
4457.36914122166,88427.61034208367
4457.392321853586,87603.2183370667
4457.415502606062,85843.21075575746
4457.43868347909,83564.82010193466
4457.461864472672,80742.72650297609
4457.485045586805,77742.0780680676
4457.508226821494,74646.62644444176
4457.5314081767365,71823.39999421901
4457.554589652534,70157.58102328201
4457.577771248887,69155.62467856143
4457.600952965797,68788.29990536922
4457.624134803263,68466.12419095136
4457.647316761288,67756.5780758098
4457.67049883987,67271.64257881587
4457.693681039011,67027.28462855937
4457.716863358712,67631.15320797986
4457.7400457989725,69325.45679092532
4457.763228359793,71340.51045858294
4457.7864110411765,73741.13249528653
4457.809593843121,76121.28996540967
4457.832776765628,78488.84416791356
4457.855959808699,80204.46641239118
4457.879142972333,80440.18134788692
4457.902326256532,80902.24891858897
4457.925509661296,80678.95411134788
4457.948693186626,79736.32164585142
4457.971876832522,79481.10104876754
4457.995060598985,79438.7917856635
4458.018244486016,80244.81797409357
4458.041428493615,81942.74077402249
4458.0646126217825,83678.66392312029
4458.08779687052,84957.23373666394
4458.110981239827,86697.76396508933
4458.134165729705,88182.75364870716
4458.157350340155,88728.31947393324
4458.180535071177,89589.09158686924
4458.203719922771,90384.50437255825
4458.226904894938,90170.24196928964
4458.2500899876795,89158.72920491925
4458.273275200995,87947.05339902855
4458.296460534886,86052.23519862391
4458.3196459893525,83561.43247382018
4458.342831564396,80917.38201474633
4458.366017260016,77442.95299870096
4458.389203076214,72756.66957134272
4458.4123890129895,67351.91327504072
4458.435575070344,61710.0131189117
4458.458761248279,55729.349102731045
4458.481947546794,49440.22672830745
4458.505133965889,44183.2869404894
4458.528320505566,40142.54235839722
4458.551507165825,37746.30707265889
4458.574693946666,36661.36986755465
4458.597880848091,36518.308291896596
4458.6210678701,38521.01300267774
4458.644255012693,41820.0731199336
4458.6674422758715,45263.385904101204
4458.690629659636,49132.666702790266
4458.713817163986,52703.09422737409
4458.737004788924,55343.87800654528
4458.76019253445,57232.64546359211
4458.783380400563,58949.31913700925
4458.8065683872655,60637.372958877306
4458.829756494558,62968.34811532742
4458.85294472244,66238.3912019744
4458.876133070914,70220.6930875287
4458.899321539979,74098.75282295831
4458.922510129635,77589.9144535544
4458.945698839884,81143.59209809494
4458.968887670727,83667.40050791873
4458.992076622164,85663.5742891998
4459.015265694195,87395.89336107529
4459.0384548868215,88485.8830524799
4459.061644200044,89683.59541646497
4459.084833633862,90096.21126579483
4459.108023188278,90176.23063391211
4459.131212863292,89814.17360163206
4459.154402658904,89180.15002624439
4459.177592575114,88493.0280072453
4459.200782611925,87919.55085450197
4459.223972769336,87638.8489506711
4459.247163047347,87677.37062387439
4459.27035344596,88736.66164589458
4459.293543965176,89404.04829069578
4459.316734604993,89919.43717581684
4459.339925365414,90456.95476748659
4459.363116246439,91030.91392535852
4459.386307248069,91771.20795172114
4459.409498370304,91679.69543419634
4459.432689613145,91658.41861292256
4459.455880976592,91456.20865572913
4459.479072460647,90201.50219865753
4459.502264065309,88686.20482011912
4459.52545579058,86624.59311128357
4459.5486476364595,84043.28207606135
4459.571839602949,80611.2045585208
4459.595031690048,76397.37564531364
4459.618223897759,72393.92245472847
4459.641416226081,68602.73045564805
4459.664608675014,65746.30349314044
4459.687801244561,64134.09813911228
4459.710993934721,64120.47992902808
4459.734186745496,65238.310027020976
4459.757379676885,67464.43949103076
4459.780572728889,69725.96378557308
4459.803765901509,72230.18921929598
4459.8269591947455,75218.49424673284
4459.850152608599,78082.91556975034
4459.87334614307,81065.37663743542
4459.89653979816,83457.79770891418
4459.91973357387,85762.94678235191
4459.942927470198,87851.0348482591
4459.966121487147,89644.55649452232
4459.989315624717,91219.1696223651
4460.0125098829085,91998.62152248733
4460.035704261722,92562.20830767772
4460.058898761158,93427.66104875474
4460.082093381218,93833.08784579362
4460.105288121902,93988.40530132373
4460.12848298321,94345.84900418275
4460.151677965145,94043.98840141986
4460.1748730677045,93606.39851192007
4460.198068290891,93465.67790657384
4460.221263634704,93418.9321176429
4460.244459099145,93019.21880918293
4460.267654684215,92534.26545282162
4460.290850389914,92398.55984932739
4460.314046216243,92166.22781180489
4460.337242163202,91704.68665196518
4460.360438230791,91035.24985173144
4460.383634419013,89831.80899212955
4460.406830727867,88234.37235444084
4460.430027157354,85988.1274066327
4460.453223707474,83334.00358571994
4460.476420378228,80323.616797143
4460.499617169617,76300.86017696741
4460.522814081641,72350.4847460656
4460.5460111143,68163.12343769001
4460.569208267598,64025.677123018715
4460.592405541532,60527.00530253227
4460.615602936104,57599.56082487301
4460.638800451314,55236.21168916527
4460.661998087163,53324.235828056655
4460.685195843652,52503.99148189406
4460.708393720782,53035.798566133264
4460.731591718552,53665.52494334291
4460.754789836965,53891.12851112649
4460.777988076019,53627.41580124491
4460.801186435716,52505.228024887765
4460.824384916057,50690.1197552586
4460.847583517042,48621.53802152575
4460.870782238671,46879.725371670516
4460.893981080947,45408.21017573488
4460.917180043868,45021.952177510466
4460.940379127435,45471.09919891656
4460.963578331651,45504.78906423645
4460.986777656513,45129.53370627371
4461.009977102025,44072.569792276365
4461.033176668186,42066.66957875774
4461.056376354995,39781.77033334791
4461.079576162457,37627.49789917152
4461.102776090568,36716.72012717518
4461.125976139332,37008.51387396442
4461.149176308748,38643.42340135985
4461.172376598816,41544.14969166302
4461.195577009538,45597.99203448639
4461.218777540915,50219.35007042591
4461.241978192946,54897.7494712441
4461.265178965633,58144.85315852986
4461.2883798589755,60990.728354752406
4461.311580872974,63075.9202745138
4461.3347820076315,63656.54449307722
4461.357983262946,62957.82184453994
4461.381184638919,60535.255405094125
4461.404386135551,58411.95306214423
4461.4275877528435,56119.1113264088
4461.4507894907965,54545.57767925505
4461.4739913494095,54434.62527141966
4461.497193328685,56230.26764559279
4461.520395428623,58709.46444523919
4461.543597649224,62120.96265692545
4461.566799990488,66152.72749449436
4461.590002452416,69377.51617375315
4461.61320503501,72189.13205634887
4461.636407738269,74952.81302669593
4461.659610562193,77230.21802318067
4461.682813506784,79032.63025734959
4461.706016572044,80868.61599511889
4461.729219757971,81328.5532607435
4461.752423064566,82060.89905882192
4461.775626491831,81661.33682314701
4461.798830039766,80310.14226410516
4461.82203370837,78411.8635290919
4461.845237497647,75872.66722944239
4461.868441407595,73794.32438867274
4461.891645438215,71853.65756089876
4461.914849589509,71239.9060035663
4461.938053861475,71972.46033152082
4461.961258254117,73256.72463780377
4461.984462767433,75430.81643709762
4462.007667401424,78124.2069009115
4462.030872156092,80550.18665088408
4462.0540770314365,82706.56920199582
4462.077282027459,84391.5870266313
4462.100487144158,85740.76424938839
4462.123692381537,87182.68543887792
4462.146897739594,87843.09524842755
4462.170103218332,88768.78949085441
4462.19330881775,89374.88868510883
4462.21651453785,89511.39963493096
4462.239720378631,89553.55797701339
4462.262926340095,89353.94814649147
4462.286132422241,88482.11608544562
4462.309338625071,87537.78916829458
4462.3325449485865,86243.27579638734
4462.355751392785,84387.09047529033
4462.3789579576705,82111.04526648727
4462.402164643242,79683.52384884917
4462.4253714495,77762.75885209226
4462.448578376446,76681.65774052459
4462.471785424079,76421.36064067064
4462.494992592401,77062.70766272336
4462.518199881412,78156.71614074372
4462.541407291114,79985.43988884009
4462.564614821506,81578.27189328326
4462.587822472589,82291.75685054518
4462.611030244365,83634.45899374521
4462.634238136832,85078.29381763552
4462.657446149992,85906.0248936449
4462.680654283847,86473.75697978372
4462.703862538396,86693.79869598878
4462.727070913639,86726.76640111624
4462.750279409578,85892.2226535616
4462.773488026214,84442.97319537052
4462.796696763546,82370.91672844742
4462.819905621575,80447.87825335943
4462.843114600304,78534.65522913847
4462.86632369973,77596.24330321832
4462.889532919856,77332.49868303718
4462.912742260682,77763.743399207
4462.935951722208,79455.49550707481
4462.959161304436,81030.39573404606
4462.982371007366,82898.31965076586
4463.005580830998,84675.79720708677
4463.028790775334,85839.71948432873
4463.052000840372,87847.62195425421
4463.0752110261155,88993.78571855737
4463.098421332564,90663.07755117027
4463.121631759718,91606.6519099754
4463.144842307578,92480.79280199355
4463.168052976145,93176.07247516769
4463.19126376542,93538.4317176304
4463.214474675403,93745.08646070764
4463.237685706094,93709.73420640464
4463.260896857496,93510.48408290446
4463.2841081296065,92855.80591432612
4463.307319522429,92772.89952469875
4463.330531035961,92043.59750142599
4463.353742670206,92338.75987387836
4463.376954425164,91767.53608480701
4463.400166300834,91765.08765462339
4463.423378297219,91630.90351623516
4463.446590414317,92067.4936196775
4463.469802652131,91692.19032329743
4463.493015010661,91973.1324442675
4463.516227489907,91263.10426659508
4463.5394400898695,91084.28707460355
4463.5626528105495,90329.23085682908
4463.585865651949,88455.8203303646
4463.609078614066,86782.27160977178
4463.632291696903,84642.56140875297
4463.655504900459,81859.52223101619
4463.678718224737,78009.6762733564
4463.701931669736,73945.42605829582
4463.725145235457,69807.57391071506
4463.7483589219,64475.50630643227
4463.771572729067,58611.99227520094
4463.7947866569575,52975.213185979774
4463.818000705573,47107.52879244856
4463.841214874912,41492.024152030375
4463.864429164978,37225.81331526946
4463.88764357577,33613.26576553823
4463.91085810729,31591.17612807683
4463.934072759536,31376.72318405942
4463.957287532511,32267.649651928823
4463.980502426215,34547.773529719394
4464.003717440648,37358.59119675745
4464.026932575812,40318.746339738376
4464.0501478317055,43021.75540081182
4464.073363208331,45257.59751213967
4464.096578705689,46835.522493292454
4464.119794323779,48127.6119389422
4464.143010062603,49337.325483607296
4464.16622592216,51075.48788984551
4464.189441902452,53382.56727723406
4464.212658003479,56508.71113829004
4464.235874225242,60150.75377587712
4464.259090567741,63891.370463540276
4464.282307030977,67337.7244424263
4464.30552361495,71430.39680986665
4464.328740319663,75103.26703082821
4464.351957145114,77954.54999975109
4464.375174091305,80186.66150008925
4464.398391158235,82558.96843862341
4464.421608345907,84200.7494914419
4464.444825654319,85797.4746460844
4464.468043083474,86675.99370359411
4464.491260633372,86705.43411132536
4464.514478304013,87627.5121816841
4464.537696095398,87711.25188050096
4464.560914007528,87946.61410226392
4464.584132040402,87760.64972361585
4464.607350194023,88417.66502187628
4464.630568468389,88899.10067960684
4464.653786863503,89115.84104162942
4464.677005379365,88693.0851221357
4464.700224015975,88607.47883348043
4464.723442773334,87964.02182578995
4464.746661651443,87971.24298783344
4464.769880650301,87614.49749628517
4464.793099769911,87667.82722771393
4464.816319010272,88043.32261372478
4464.839538371385,87946.12290663837
4464.862757853251,88263.79346051418
4464.8859774558705,89029.635642531
4464.909197179243,89222.83875039479
4464.932417023371,89496.13317011084
4464.955636988255,89597.74329007941
4464.978857073894,89999.51413377708
4465.002077280289,89586.07390834652
4465.025297607442,89194.82603539493
4465.048518055351,89067.35468720722
4465.07173862402,88760.96951308605
4465.094959313448,88334.37864312355
4465.118180123635,87879.07625958615
4465.141401054582,87183.55093988149
4465.164622106291,86763.45420399621
4465.187843278761,85804.9627363612
4465.211064571993,84805.25784398915
4465.234285985988,84000.63628354493
4465.257507520746,83932.52294742128
4465.280729176268,84109.07338642224
4465.303950952555,84973.60154887721
4465.327172849607,86014.52995967545
4465.350394867426,87243.12272853585
4465.37361700601,88159.21767442294
4465.396839265362,89314.89176746449
4465.420061645482,90329.56895245379
4465.44328414637,91397.29490298625
4465.466506768027,92457.01505310519
4465.489729510454,93470.8767319027
4465.512952373651,92596.5797482194
4465.536175357619,92617.1202208786
4465.559398462358,93184.35193627005
4465.58262168787,92760.58578945143
4465.605845034155,92929.25933644733
4465.629068501214,93107.5671429709
4465.652292089046,92201.23627290825
4465.675515797652,91215.50167372933
4465.698739627034,89906.50605590567
4465.721963577193,88391.23459695894
4465.745187648127,86497.44067939886
4465.768411839839,84197.46261866282
4465.791636152329,80744.59138265537
4465.814860585598,76915.76316260165
4465.838085139645,72244.30831563937
4465.8613098144715,67276.63114343234
4465.884534610079,62501.39327761931
4465.907759526468,57115.285570675165
4465.930984563638,51735.27509670693
4465.95420972159,46786.878245542444
4465.977435000325,42746.347978744605
4466.000660399844,40268.740305763
4466.023885920146,39452.79430776686
4466.0471115612345,40504.80706553708
4466.070337323107,42933.248308448325
4466.093563205766,46465.19797950898
4466.116789209212,51178.91340460207
4466.140015333444,56155.96737521258
4466.163241578465,61216.70742346287
4466.186467944274,65800.96265142152
4466.209694430873,69986.90398743872
4466.232921038261,73210.32041803075
4466.256147766439,75416.09729583215
4466.279374615409,77370.22199950447
4466.302601585171,77873.76820995439
4466.325828675725,78198.6880638095
4466.349055887071,78145.23671348592
4466.372283219211,78059.31011055071
4466.395510672145,77521.93229176325
4466.418738245874,78034.86749956624
4466.441965940398,78880.03658616968
4466.465193755719,80632.3702160614
4466.488421691836,82301.08937986342
4466.511649748751,83799.67659962489
4466.534877926463,85115.79887331887
4466.558106224975,86155.49173132514
4466.581334644285,86927.5313369825
4466.6045631843945,87349.42455781289
4466.627791845305,87417.13720523042
4466.651020627017,86959.22604143304
4466.67424952953,86384.54978517746
4466.697478552846,85095.74696956755
4466.720707696965,83191.8344734066
4466.743936961887,81033.13855451974
4466.767166347614,79128.0640979086
4466.790395854145,78338.77792100384
4466.813625481482,78182.27018569404
4466.836855229625,78363.759488535
4466.860085098575,79228.94864528331
4466.883315088332,79586.8728678095
4466.906545198896,80242.46403992274
4466.929775430271,81118.94767102152
4466.953005782453,81122.01845363906
4466.976236255447,81548.81383057548
4466.99946684925,82281.58323860941
4467.022697563864,83391.75351289124
4467.0459283992905,84101.86375136465
4467.069159355529,85763.80910306182
4467.092390432581,87126.34600633202
4467.115621630446,87379.56467245684
4467.138852949126,88402.13291807364
4467.16208438862,89261.29139546477
4467.18531594893,89290.59801071326
4467.208547630056,89281.0704070808
4467.231779432,88749.33249527129
4467.2550113547595,89032.21308029935
4467.278243398338,88760.1931911836
4467.3014755627355,88311.1283561562
4467.324707847952,88344.04152520806
4467.347940253989,88075.21813198437
4467.371172780845,88168.15045641088
4467.394405428524,88524.11331103001
4467.417638197024,89078.47209995102
4467.440871086346,88907.9826917014
4467.464104096492,89120.56995467418
4467.487337227461,89642.85356871682
4467.510570479254,89471.46396467244
4467.533803851873,88584.60732595687
4467.5570373453165,87959.3125557681
4467.580270959587,86636.18201246737
4467.6035046946845,85147.95659631924
4467.626738550609,83076.63774869575
4467.649972527362,79650.53758510305
4467.673206624943,76534.64494951066
4467.696440843354,72147.46094376946
4467.719675182595,67556.72154707873
4467.742909642667,62407.863886593164
4467.766144223569,56499.894546483454
4467.789378925304,50273.24552803735
4467.812613747871,44044.49108986238
4467.835848691271,38160.88558342701
4467.859083755505,33010.838076903645
4467.882318940573,28217.37570909593
4467.905554246477,24674.697023365115
4467.928789673216,22077.961365960582
4467.952025220791,20091.99261213803
4467.975260889203,19668.821297102433
4467.998496678453,19826.472397115333
4468.0217325885405,21626.713046401004
4468.044968619467,24671.70330904087
4468.0682047712335,28789.008648890664
4468.09144104384,33833.056536808836
4468.114677437286,39579.5236941663
4468.137913951575,45820.97171720738
4468.161150586705,52057.98696770079
4468.184387342677,58133.6103881873
4468.207624219493,63159.36214123392
4468.230861217153,68013.2382048837
4468.254098335657,72252.296986561
4468.277335575006,75619.59774978194
4468.300572935201,78344.5296990984
4468.323810416241,80432.33791818372
4468.3470480181295,81748.44926217457
4468.370285740865,81562.60038648586
4468.393523584449,80909.55132068357
4468.416761548881,79771.9229099899
4468.4399996341635,77747.08376965515
4468.463237840297,73985.09825304351
4468.486476167279,69486.66254979833
4468.509714615114,64338.21947989402
4468.5329531838,59129.99551801484
4468.556191873339,53709.50997259182
4468.5794306837315,49106.104974860034
4468.6026696149775,45238.940762863094
4468.625908667078,42857.98138035882
4468.649147840034,41789.150612774196
4468.672387133845,41592.98831195809
4468.695626548513,42125.20587578093
4468.7188660840375,42468.988530714305
4468.74210574042,42076.157676936265
4468.765345517661,41496.95089745655
4468.78858541576,40789.22582087403
4468.81182543472,40535.4253048015
4468.835065574539,41376.68160893206
4468.85830583522,43345.656768763634
4468.881546216761,46812.92902894649
4468.904786719165,51351.92218427146
4468.928027342431,56084.85657695107
4468.95126808656,60730.852283613334
4468.974508951554,65005.97073094056
4468.997749937412,68806.08412719631
4469.020991044135,71908.93822726251
4469.0442322717245,75259.97624690246
4469.06747362018,77671.38289824041
4469.090715089502,79741.24918251795
4469.113956679692,81832.30354402872
4469.137198390751,83998.40458856226
4469.1604402226785,85681.34111727866
4469.183682175475,86874.09079149319
4469.2069242491425,88779.1611004717
4469.230166443681,89800.4184292143
4469.25340875909,90338.76041836015
4469.276651195372,90948.74527777772
4469.299893752526,91054.66198784509
4469.323136430555,91633.63181961059
4469.346379229456,92452.11262590761
4469.369622149233,92543.30845707588
4469.392865189884,92575.11911326289
4469.416108351412,91773.50938540061
4469.439351633816,91142.07851474392
4469.462595037097,91051.84017065374
4469.485838561256,89681.37166609587
4469.509082206293,88040.27699618966
4469.532325972209,86566.06084875457
4469.555569859005,85163.82355342776
4469.578813866681,84055.12272396934
4469.602057995238,83206.31001084656
4469.625302244677,82645.06222283692
4469.648546614998,83570.42486948265
4469.671791106201,84132.80755663164
4469.695035718289,84984.04724784984
4469.7182804512595,84992.85501413558
4469.741525305115,84746.0950732802
4469.764770279856,84576.38727732286
4469.788015375483,83828.6330043943
4469.811260591997,82510.5030399821
4469.834505929397,79823.36854577594
4469.857751387685,76866.97609921584
4469.880996966863,73318.05180097837
4469.904242666928,69746.35216566223
4469.927488487884,67320.75526895656
4469.95073442973,65850.69527102992
4469.9739804924675,65561.81497024058
4469.997226676096,66396.61580108812
4470.020472980616,67850.97394119062
4470.0437194060305,69133.15833731781
4470.066965952337,70152.59281866006
4470.090212619539,69592.98830829775
4470.113459407635,68885.13581686911
4470.136706316625,66952.66691438614
4470.159953346513,64154.77104211126
4470.183200497297,60473.165072572905
4470.206447768978,56258.902726770095
4470.229695161557,50887.984329920284
4470.252942675034,45859.086899432245
4470.276190309411,42052.950746970324
4470.299438064687,39415.42672986725
4470.322685940864,38173.26241750258
4470.3459339379415,39018.530866982
4470.369182055922,41774.11631832666
4470.392430294803,45374.16553464752
4470.415678654587,49446.82613971204
4470.438927135276,54283.09998641365
4470.462175736868,59142.20814541609
4470.485424459365,63808.15035694286
4470.508673302767,67668.30060667759
4470.531922267076,70575.19200612906
4470.555171352292,72483.79491678753
4470.578420558414,73139.20638559527
4470.601669885445,72971.8210641431
4470.624919333383,72078.42927769937
4470.648168902231,71016.81519445714
4470.67141859199,68898.57223536578
4470.694668402658,68212.80643407442
4470.717918334238,68871.2193308528
4470.741168386729,69476.5535529539
4470.764418560133,71183.61854703735
4470.787668854449,73777.48927317813
4470.810919269679,76166.53542305555
4470.834169805824,78026.34712399797
4470.857420462883,79477.49885409631
4470.880671240858,81109.11118195618
4470.903922139749,83195.41830583596
4470.927173159556,84655.77914076412
4470.950424300281,86201.55836764189
4470.973675561924,87138.16783000653
4470.9969269444855,87721.7045741016
4471.020178447966,88304.5620743372
4471.043430072366,88440.82508120683
4471.066681817688,88893.1644624517
4471.08993368393,89356.16992134096
4471.1131856710945,89098.95670493686
4471.136437779181,89371.85759529338
4471.15969000819,89240.6970288743
4471.182942358124,89400.49287442004
4471.206194828981,89484.05143752623
4471.229447420763,90245.98987597783
4471.252700133471,90349.74866103579
4471.275952967105,90575.32633992578
4471.299205921666,91064.90803982892
4471.322458997154,91260.53840466391
4471.345712193571,91076.66403099187
4471.368965510916,90869.50580057237
4471.3922189491905,91220.67294806034
4471.4154725083945,91785.38376393178
4471.4387261885295,91361.65544797186
4471.461979989595,90724.40597954942
4471.485233911593,90832.57195742246
4471.508487954524,90610.1453093465
4471.531742118387,90416.27642205352
4471.554996403184,90715.03506560677
4471.578250808915,90263.48569018608
4471.601505335582,91257.35641902022
4471.624759983184,92001.38243647045
4471.648014751722,91569.02953731854
4471.671269641198,91750.20783758219
4471.69452465161,91617.36940543722
4471.717779782961,91663.2100225591
4471.74103503525,91636.33825357475
4471.76429040848,91418.84603794012
4471.787545902648,91251.81476251784
4471.810801517758,90455.36595809303
4471.834057253808,89705.22271822524
4471.857313110801,89669.9866611823
4471.880569088737,89336.75902848862
4471.9038251876145,89270.57065386296
4471.927081407437,89302.066298517
4471.950337748203,88454.96080605312
4471.973594209915,87479.5902450048
4471.996850792572,86980.08485680318
4472.020107496176,85403.04730191316
4472.043364320726,83172.48797786202
4472.0666212662245,80865.60654446419
4472.08987833267,78039.31270368089
4472.113135520065,74792.5453611815
4472.13639282841,70964.70066729048
4472.159650257704,67391.91341795494
4472.18290780795,64003.6124263616
4472.206165479146,61119.71592863758
4472.229423271295,58070.4732441622
4472.252681184395,55042.72899580999
4472.27593921845,52097.18620947832
4472.299197373458,48801.75997337721
4472.322455649421,45556.12423975241
4472.345714046339,42438.290551239275
4472.368972564212,40690.00166779805
4472.392231203042,40387.02534172977
4472.415489962828,41896.894647105255
4472.438748843573,44757.071281791206
4472.462007845275,48488.846228737544
4472.485266967937,53103.783607262034
4472.508526211558,58593.880057349816
4472.53178557614,63532.398139926
4472.555045061681,68418.77846779473
4472.5783046681845,73227.31155725717
4472.60156439565,76828.86682328237
4472.624824244078,79998.17394318573
4472.648084213469,83253.07570001429
4472.671344303824,85814.7408345501
4472.6946045151435,87992.2606821176
4472.717864847428,88970.11950495419
4472.741125300679,90195.65443874415
4472.764385874896,91079.55143584058
4472.78764657008,91527.99308962283
4472.810907386232,92093.97135422411
4472.834168323353,92381.14158750746
4472.857429381442,93025.83388387189
4472.880690560501,93689.05116193669
4472.90395186053,93096.3904121282
4472.927213281529,93761.47031991744
4472.9504748234995,93585.5760058628
4472.973736486443,93272.90566828387
4472.996998270359,93299.6710701999
4473.020260175248,93882.32928506992
4473.043522201112,93610.42586394724
4473.06678434795,93263.74142141573
4473.090046615763,93536.56813777586
4473.113309004551,93097.40659712249
4473.1365715143165,93012.5606720043
4473.159834145059,92933.83744850573
4473.18309689678,92851.07848457865
4473.206359769479,92787.40786384279
4473.229622763156,92321.24628831004
4473.252885877813,92256.77125548055
4473.276149113451,92972.25984126952
4473.29941247007,92492.53193958713
4473.322675947669,92579.3019557609
4473.345939546251,92434.314219982
4473.369203265816,92468.03025430473
4473.392467106365,92681.67746673309
4473.4157310678975,92497.49319770471
4473.4389951504145,92266.39100019378
4473.462259353917,92698.32027386068
4473.485523678405,92093.62676048765
4473.50878812388,91271.12238691744
4473.5320526903415,91479.50472567228
4473.555317377792,90709.25634431936
4473.57858218623,90020.18655108502
4473.601847115658,89549.91214130532
4473.625112166074,88953.5702417683
4473.648377337482,88736.14393829803
4473.67164262988,89038.26758203362
4473.69490804327,89440.7580034329
4473.718173577652,89937.38610367171
4473.741439233027,90188.18926359608
4473.764705009396,90500.07523234819
4473.787970906758,90563.81706798576
4473.811236925116,91004.1075646145
4473.834503064469,90688.3903501569
4473.857769324817,90248.70174307197
4473.881035706162,90244.41340992415
4473.904302208505,90205.50900125179
4473.927568831845,89930.85133877258
4473.9508355761845,89689.11187056608
4473.9741024415225,88931.77778918063
4473.997369427861,88942.58212002218
4474.020636535199,88162.61190040168
4474.043903763538,88776.81016162028
4474.067171112879,88549.90508554321
4474.090438583222,88297.41143496397
4474.113706174568,88460.43033247856
4474.136973886918,87982.73739114332
4474.160241720271,87201.01015707414
4474.18350967463,87233.98458460585
4474.206777749994,86843.23991200939
4474.230045946365,86551.53770322302
4474.253314263741,86566.96058701442
4474.276582702126,86267.14813662566
4474.299851261518,86429.1250410023
4474.323119941919,86805.60430002445
4474.346388743328,87410.35195474685
4474.3696576657485,87811.59638816098
4474.392926709178,88860.64108020948
4474.4161958736195,89481.74184332433
4474.439465159073,90295.25694755289
4474.462734565538,90841.77229815007
4474.486004093017,91614.89063267657
4474.509273741509,91940.20506684543
4474.532543511015,91668.0440934857
4474.555813401536,92253.68966517036
4474.579083413073,92741.14793126684
4474.602353545625,92745.06967740573
4474.625623799195,92394.27963739085
4474.648894173782,92025.17162157604
4474.672164669387,92145.80417011149
4474.69543528601,92099.84017859782
4474.718706023653,91369.73909353605
4474.7419768823165,91214.99861836147
4474.765247861999,91236.5746251535
4474.788518962704,90747.71243282223
4474.81179018443,90869.5923414654
4474.835061527179,90962.35998660559
4474.858332990951,91190.25755282721
4474.881604575746,91429.1110269027
4474.9048762815655,92027.3820919348
4474.928148108411,92361.27689091628
4474.951420056281,92238.36618525503
4474.974692125177,91486.21189647437
4474.997964315101,91321.18502779554
4475.021236626051,91082.93738310519
4475.044509058031,90868.0314541058
4475.067781611037,89983.51443137006
4475.091054285074,89324.54518174862
4475.114327080141,89071.39130000917
4475.137599996239,88261.73682688376
4475.160873033368,87144.52544613686
4475.184146191528,86403.72878631299
4475.207419470722,85133.9362142403
4475.230692870948,83673.89879099933
4475.253966392208,82087.90706125578
4475.277240034502,80386.46622129048
4475.300513797832,77364.38601802044
4475.323787682197,73432.93719748754
4475.347061687598,69294.1244754587
4475.3703358140365,64192.72934731526
4475.393610061512,58862.37624551451
4475.416884430026,53653.17290651824
4475.440158919579,48114.59604679715
4475.463433530171,44005.690143732194
4475.486708261803,40652.563726078224
4475.509983114475,38858.91864962595
4475.5332580881895,39217.71416488233
4475.556533182946,41371.57302482735
4475.579808398745,44835.234989959274
4475.603083735587,49259.35392914387
4475.626359193472,54674.90213663468
4475.649634772402,60217.65936892905
4475.672910472377,65425.83892121162
4475.696186293399,70724.50695062566
4475.7194622354655,75308.73626863843
4475.74273829858,78474.18352248383
4475.766014482741,82375.47437599693
4475.789290787951,84809.0429493904
4475.8125672142105,87268.44008003816
4475.835843761519,88783.92589889064
4475.859120429877,90076.29019408888
4475.882397219287,90993.6693073488
4475.905674129748,91611.47319858389
4475.928951161261,92165.21212790166
4475.952228313826,92638.36235425723
4475.975505587445,92609.00836534749
4475.998782982117,92997.60868051239
4476.022060497844,92972.93402007088
4476.045338134626,93299.68660405175
4476.068615892465,93449.89024216085
4476.091893771359,93477.988738822
4476.11517177131,93425.26204778183
4476.138449892319,93527.91441133033
4476.161728134387,93790.58685725671
4476.185006497513,93962.40192456133
4476.208284981699,94237.58776314663
4476.2315635869445,93828.11579103011
4476.254842313252,93523.44159473061
4476.278121160621,93953.80009931688
4476.301400129051,93947.93482056953
4476.324679218544,93588.99440224179
4476.347958429101,93433.42081848008
4476.371237760721,93503.51660630589
4476.394517213406,93272.27915904978
4476.4177967871565,93694.27634124551
4476.441076481972,92964.98282408004
4476.464356297855,92827.41593400255
4476.487636234805,92979.9215117372
4476.510916292823,92598.13852231385
4476.534196471908,92287.6295260703
4476.557476772064,92408.38287440079
4476.580757193288,92279.60006206503
4476.604037735583,92063.47951395912
4476.627318398949,91667.30026707334
4476.6505991833865,91337.35894963691
4476.673880088895,91602.34305953623
4476.697161115478,90846.11583486514
4476.720442263133,90959.50004472825
4476.743723531863,91043.49828658611
4476.767004921668,90405.13383314919
4476.790286432547,90047.21835665022
4476.813568064503,89193.9643163891
4476.836849817535,87797.33878149136
4476.860131691644,86545.35032277525
4476.883413686832,85355.02527101437
4476.906695803097,83937.42634381373
4476.929978040442,83035.18310880772
4476.953260398866,82948.82929464073
4476.976542878371,82708.7006819281
4476.999825478957,83816.22937212737
4477.023108200624,84601.12974249426
4477.046391043374,85621.83232219532
4477.069674007206,86910.10703034794
4477.092957092122,88334.17705731918
4477.116240298122,88947.3728341567
4477.1395236252065,89544.72950767653
4477.162807073377,90157.0040365381
4477.186090642633,90930.42900772141
4477.209374332976,91816.97338926353
4477.232658144406,92533.26066651769
4477.255942076924,92394.1023010195
4477.27922613053,92648.7200371472
4477.302510305226,93381.34223029563
4477.325794601012,93014.35403033058
4477.349079017888,93242.69566077206
4477.3723635558545,93039.90528857331
4477.395648214913,92591.59850081133
4477.418932995064,92125.61548004294
4477.442217896308,91905.35920493392
4477.465502918645,91461.76580319877
4477.488788062077,91736.47605686376
4477.512073326603,91719.47675129166
4477.535358712225,91691.1203140926
4477.558644218943,91549.79667957565
4477.581929846758,91665.1674876277
4477.60521559567,91371.1801936691
4477.62850146568,91227.25500589717
4477.651787456789,91159.53460876536
4477.675073568997,90551.42173635363
4477.698359802304,90299.94840114398
4477.721646156712,89558.8966904172
4477.744932632222,88369.24868425867
4477.768219228833,88013.42367845218
4477.791505946546,87158.1078293598
4477.814792785362,87081.99941701855
4477.838079745283,86968.6704164762
4477.861366826307,87063.75458548531
4477.884654028437,87083.19351635293
4477.907941351671,86495.58569449821
4477.931228796012,86038.55582833133
4477.95451636146,85084.98542933122
4477.977804048015,83676.03957691751
4478.001091855679,82429.07136703379
4478.0243797844505,80641.65403076337
4478.047667834332,79042.41299106843
4478.070956005323,77886.49146418655
4478.094244297425,77054.95906447642
4478.1175327106375,77220.98713056339
4478.140821244962,77656.02811795135
4478.1641099004,77823.9918186966
4478.18739867695,78479.76513249165
4478.210687574614,78563.61398579608
4478.233976593393,78642.9386848131
4478.257265733286,79095.19713325484
4478.280554994295,79324.58032050007
4478.30384437642,80482.48345079555
4478.327133879662,81633.49910411202
4478.350423504022,82879.99293483986
4478.3737132495,84130.3606980131
4478.397003116096,85318.10894542787
4478.420293103812,86556.31897092453
4478.443583212648,87407.9444965894
4478.466873442604,88150.42334305888
4478.490163793683,89331.2795509779
4478.5134542658825,89768.92337201243
4478.536744859204,89981.10959879681
4478.56003557365,90392.09123609445
4478.583326409219,90243.0542962261
4478.606617365913,89869.45243957204
4478.629908443731,89230.17910334648
4478.653199642676,88769.56881221548
4478.676490962746,87590.46522580102
4478.6997824039445,86164.32901070858
4478.723073966269,84250.36101869191
4478.746365649723,82903.3657765463
4478.769657454305,81170.2410978344
4478.792949380017,78972.145069565
4478.816241426859,77284.54315232005
4478.839533594832,75923.73923413455
4478.862825883935,75294.4905306494
4478.886118294171,75287.56536794122
4478.909410825539,75621.22331854743
4478.932703478042,75814.7310255451
4478.955996251678,75536.14142460604
4478.979289146448,74625.49288194285
4479.002582162353,73701.63530969855
4479.025875299394,71888.12310557201
4479.049168557572,70600.95077670677
4479.072461936886,69998.20110948823
4479.095755437338,70260.42058520552
4479.119049058929,71586.95614077718
4479.142342801658,73729.53201762438
4479.165636665527,75622.32817412188
4479.188930650536,78024.22551066775
4479.212224756686,79451.23418044
4479.235518983977,81043.94681255124
4479.258813332411,82125.40395767218
4479.282107801987,82772.1201190232
4479.305402392706,82896.86664150607
4479.328697104569,82619.66800894181
4479.351991937578,81707.17291055169
4479.375286891731,80231.01873062784
4479.39858196703,78594.09295484074
4479.421877163475,77083.05633560006
4479.445172481068,75837.98501307625
4479.468467919808,75072.8995831402
4479.491763479697,74465.71799895573
4479.515059160734,73365.8462605137
4479.538354962922,71370.74957123627
4479.5616508862595,69773.24292777831
4479.584946930748,69727.46277191112
4479.608243096388,69336.52715811397
4479.63153938318,70250.65575825007
4479.654835791125,71436.66810868913
4479.678132320223,72735.53318224291
4479.701428970476,74355.47169925272
4479.724725741883,76079.10868688795
4479.748022634445,77875.35529100403
4479.771319648164,79644.55308032376
4479.794616783038,81048.99738025319
4479.81791403907,82540.82334583478
4479.84121141626,84428.51191696513
4479.864508914608,85138.29539817096
4479.887806534116,85274.10285161369
4479.911104274783,85485.57871373184
4479.9344021366105,85492.27246946772
4479.9577001195985,84815.5658561564
4479.980998223748,83782.35773340354
4480.00429644906,82761.5241759145
4480.027594795536,81371.34533316697
4480.050893263174,80163.85975332215
4480.074191851977,79029.75955763989
4480.097490561944,78296.8708926782
4480.120789393077,77448.84371517083
4480.144088345376,76304.98634258857
4480.167387418841,75349.52172707097
4480.190686613474,74434.12676414478
4480.213985929275,73361.00842638497
4480.237285366244,72708.73200851801
4480.260584924382,71501.80363172453
4480.28388460369,69693.65023638183
4480.307184404169,68312.9659127748
4480.330484325818,67035.46964285507
4480.353784368639,65532.45379338946
4480.377084532633,63250.65204567899
4480.400384817799,60418.550070781
4480.423685224139,57019.62728773813
4480.446985751653,52884.32082521329
4480.470286400343,48771.031072366364
4480.493587170207,43954.00736831872
4480.516888061248,39273.14774822769
4480.540189073465,35210.924086888714
4480.56349020686,31315.57541316847
4480.586791461433,28164.79883570369
4480.610092837183,25927.179676873093
4480.633394334114,24265.844734307593
4480.656695952225,23041.457866478246
4480.679997691515,21910.17196077523
4480.703299551988,21361.72706576911
4480.726601533642,21015.147589555163
4480.749903636478,21110.644785263117
4480.773205860497,21525.180363869214
4480.7965082057,23124.58660141805
4480.8198106720865,25523.553436274306
4480.843113259659,28935.565949850403
4480.866415968417,33513.332586548524
4480.88971879836,38033.60855647284
4480.913021749491,43297.93405224031
4480.936324821809,48189.28018406364
4480.9596280153155,52410.195205038384
4480.98293133001,56257.57997857152
4481.006234765894,59173.56030361375
4481.029538322969,61371.817291946005
4481.052842001232,63218.1752336496
4481.076145800689,65784.92248830339
4481.099449721337,68377.63615991373
4481.122753763177,70921.31238757214
4481.14605792621,74405.56526103604
4481.169362210437,77240.33163211575
4481.192666615859,79733.69732479828
4481.215971142475,81909.89429347299
4481.239275790287,83117.29640038572
4481.262580559295,84199.07037721034
4481.285885449501,85475.08089632804
4481.309190460903,86457.61270564533
4481.332495593504,86306.48511880306
4481.355800847304,85965.94643208498
4481.379106222303,84364.20139457578
4481.402411718502,82766.83240689519
4481.425717335902,80795.43246440677
4481.449023074502,78029.31195719418
4481.472328934306,74511.56964717305
4481.495634915311,70154.40307589839
4481.51894101752,65678.11270232884
4481.542247240933,60008.38413176038
4481.565553585549,54537.65547729744
4481.588860051372,48940.1514127456
4481.6121666384,43917.78776896105
4481.635473346633,39963.54882251825
4481.658780176074,37018.10710460393
4481.682087126724,35308.97959526438
4481.7053941985805,35286.34426418314
4481.728701391647,36878.73091951896
4481.752008705921,39837.674745868026
4481.775316141407,44016.33104359503
4481.798623698103,48767.84238733287
4481.821931376011,54373.63491793727
4481.845239175131,59935.355546738574
4481.868547095462,65008.382004393236
4481.891855137008,69306.60253666583
4481.915163299767,73238.75594598676
4481.938471583741,76868.26224333701
4481.961779988931,79466.55934467056
4481.9850885153355,81254.49209123752
4482.008397162957,82424.5423112789
4482.031705931796,82717.73648580744
4482.055014821852,82585.53246079053
4482.078323833126,81387.88825706765
4482.1016329656195,79830.14396009914
4482.124942219332,78046.3230003097
4482.148251594266,75196.66363200806
4482.171561090419,72912.64966614831
4482.194870707795,71520.45512918719
4482.218180446393,70670.67047420317
4482.241490306214,71964.19811948833
4482.264800287257,73120.29503966392
4482.288110389524,75308.53858880742
4482.311420613017,76990.29625678313
4482.334730957735,78867.58284432506
4482.3580414236785,80610.63317678715
4482.381352010848,82694.29839116202
4482.404662719246,84548.44210716465
4482.42797354887,86275.36631689509
4482.451284499723,87764.5208916013
4482.474595571805,88803.2513693874
4482.4979067651175,89497.69193744854
4482.52121807966,89868.84842194048
4482.544529515433,90357.0255871276
4482.567841072439,91257.83179325677
4482.591152750675,91083.45362092007
4482.614464550145,91523.87943640827
4482.637776470849,91537.38528049317
4482.661088512786,91084.90309755864
4482.6844006759575,90757.66648082397
4482.707712960365,90460.63075771795
4482.731025366009,89698.76664322888
4482.7543378928885,89492.31352319597
4482.777650541006,88774.60396429469
4482.800963310361,88585.57566716196
4482.824276200954,88502.20216340627
4482.847589212787,88717.1112453479
4482.87090234586,89015.85624363116
4482.894215600172,89004.23535507484
4482.917528975726,89477.159033016
4482.940842472522,90016.13148536107
4482.964156090559,89862.00037420311
4482.98746982984,89858.61773410847
4483.010783690364,90630.19503126515
4483.034097672133,90733.26214032542
4483.057411775146,91018.67685536973
4483.080725999404,90843.63769844241
4483.10404034491,90474.81329475934
4483.127354811661,90326.47145033392
4483.15066939966,89651.94872105132
4483.173984108907,89097.95246254261
4483.197298939402,87902.49309301566
4483.220613891146,85675.04285712985
4483.24392896414,84677.8840250189
4483.2672441583845,82678.23028099637
4483.29055947388,80518.585475825
4483.313874910628,78352.63492991889
4483.337190468628,76588.12898778018
4483.360506147881,75881.80011700609
4483.383821948388,76116.47667345793
4483.407137870149,75855.27223233052
4483.4304539131645,76922.64212937585
4483.453770077436,77443.81317280613
4483.477086362964,77636.22399420022
4483.500402769748,77024.7593313702
4483.523719297789,75986.56066037064
4483.547035947089,73885.54328018945
4483.570352717647,71096.75090309746
4483.593669609465,67579.53025724598
4483.616986622543,63359.25729664318
4483.640303756881,60109.72070601618
4483.66362101248,57795.24277449505
4483.686938389341,56122.24904098292
4483.710255887465,56777.307542651615
4483.733573506851,59114.23937996294
4483.756891247502,62383.29169296764
4483.780209109416,65911.86072796409
4483.803527092597,69974.45609922962
4483.826845197042,73708.6417774863
4483.850163422753,76576.48077775104
4483.873481769731,79489.00068183614
4483.896800237978,81905.03889776253
4483.920118827492,84669.78626655693
4483.943437538274,86177.968021023
4483.966756370327,87758.54822577175
4483.990075323649,88798.41412175549
4484.013394398242,89120.33726594718
4484.036713594106,89710.90566821049
4484.060032911242,90353.20108911608
4484.083352349651,90640.01408589074
4484.106671909333,91018.86904818479
4484.129991590288,90976.74989824301
4484.153311392519,90737.3240565646
4484.176631316024,90065.95910305873
4484.199951360804,89667.31693222809
4484.223271526862,89437.35760643175
4484.246591814196,89105.1648885707
4484.269912222808,88440.11762142448
4484.293232752698,88292.95233544643
4484.316553403866,88738.44606381889
4484.339874176315,88822.95584337474
4484.363195070044,88491.23537357422
4484.386516085053,89003.71534722579
4484.409837221343,90041.60778216578
4484.433158478916,90210.39491316669
4484.456479857771,90391.16319932514
4484.479801357909,90459.48201195548
4484.503122979332,90852.70104160167
4484.526444722039,91397.99181055736
4484.54976658603,91531.40508315615
4484.573088571308,91467.52438244104
4484.596410677873,91896.04620852234
4484.619732905724,92223.28124511853
4484.643055254864,92281.55116963603
4484.666377725291,92020.00812060139
4484.689700317007,91678.96075788407
4484.713023030013,91494.12966931207
4484.7363458643085,91081.95987355648
4484.7596688198955,91190.5983717784
4484.782991896774,91165.03638905646
4484.806315094945,90289.63823926086
4484.829638414408,89401.70243090035
4484.852961855164,87960.63401154353
4484.876285417215,86864.97424244141
4484.89960910056,85836.98588332695
4484.9229329052005,83931.95872164326
4484.946256831136,82306.01728925732
4484.969580878369,81394.24384201076
4484.992905046899,79759.28332946973
4485.0162293367275,77459.28170941523
4485.0395537478535,75279.99484797363
4485.062878280279,72611.25197218513
4485.086202934003,69420.3913761521
4485.109527709028,67223.25880521779
4485.132852605355,65444.79130845664
4485.156177622982,65613.45030004263
4485.179502761912,67216.83761560942
4485.202828022145,69544.95940171836
4485.226153403681,72340.15360311489
4485.249478906521,75058.77228684393
4485.272804530666,77594.16164318238
4485.296130276116,80074.1053651705
4485.319456142873,82039.29318463817
4485.342782130935,83401.18721747251
4485.366108240305,84981.61114830569
4485.389434470983,85261.82751815426
4485.41276082297,86280.42402674313
4485.436087296265,86638.45108375853
4485.459413890871,87381.9659428169
4485.482740606786,88043.5512059831
4485.506067444013,89069.46867960763
4485.529394402552,89848.6962859629
4485.552721482402,89706.41879793323
4485.576048683566,89979.56105737321
4485.599376006043,90405.0709603184
4485.622703449834,91425.10503939692
4485.6460310149405,91447.2558622696
4485.669358701362,92002.183712698
4485.6926865091,91624.29393223679
4485.716014438154,91735.0281223415
4485.739342488526,91873.86699487938
4485.762670660216,91785.59940551515
4485.785998953224,91756.3147564959
4485.809327367551,91699.0321948
4485.832655903198,91957.41511001956
4485.855984560167,92332.64949730078
4485.879313338455,92561.57185062685
4485.902642238067,92593.41872649551
4485.925971258999,92301.04825395778
4485.949300401256,92570.41501585266
4485.972629664835,92714.25972125366
4485.995959049739,92623.81096187659
4486.019288555968,92442.36591739187
4486.042618183523,92242.62905238886
4486.065947932403,92282.48055447434
4486.089277802611,92367.03132372463
4486.112607794145,91959.17462293014
4486.135937907008,91275.4948642207
4486.1592681412,90010.12404422385
4486.182598496721,89627.41870688356
4486.205928973572,88234.70967229594
4486.229259571754,86461.89530048789
4486.252590291266,84372.43471749792
4486.275921132111,81418.3031633732
4486.299252094287,78362.1262185683
4486.322583177797,75852.49402326705
4486.345914382641,73498.32758422104
4486.369245708819,72235.33734183197
4486.392577156333,71908.38238476314
4486.415908725182,73096.44962746711
4486.439240415367,74568.85310817548
4486.462572226888,77136.1173040734
4486.485904159748,79259.65667572815
4486.509236213946,81285.95846943161
4486.532568389483,83165.64487664952
4486.555900686358,84609.65459005543
4486.579233104574,86145.31668069265
4486.602565644131,87250.30559625891
4486.625898305028,88250.93006276028
4486.649231087268,89298.01703868282
4486.672563990851,88980.37574015444
4486.695897015777,89237.62145342832
4486.719230162046,89152.67635024471
4486.74256342966,88960.44254896842
4486.765896818619,89269.34030984611
4486.789230328924,89436.17694818371
4486.812563960575,89474.10785488332
4486.835897713573,89591.78277765868
4486.859231587919,88961.00543225318
4486.882565583613,88831.40039914561
4486.905899700655,88953.23438077592
4486.929233939048,88465.96965975968
4486.9525682987905,88519.32630425999
4486.975902779884,88510.65645787773
4486.999237382328,89110.06924902998
4487.022572106125,89426.01481111399
4487.045906951274,89207.46405024428
4487.069241917777,89380.87638552106
4487.092577005634,89791.98362249987
4487.115912214845,89669.29354934809
4487.139247545411,89333.05235538013
4487.162582997334,89080.0319731404
4487.185918570612,89691.3189816849
4487.209254265248,89147.00045263692
4487.232590081241,89277.32658628093
4487.2559260185935,89519.869532122
4487.279262077303,89597.74035960129
4487.3025982573745,89398.09275821992
4487.325934558805,89181.46323388162
4487.349270981596,89216.39760211362
4487.372607525749,88844.32409709513
4487.395944191265,87889.06535796978
4487.4192809781425,87300.67709412795
4487.442617886384,85504.74512299604
4487.46595491599,83671.1570002004
4487.489292066959,80796.36704784374
4487.512629339295,77897.32799212624
4487.535966732996,74809.94004552653
4487.559304248064,71190.53018862409
4487.582641884499,67592.07577181105
4487.6059796423015,64012.07965407035
4487.629317521472,60360.5496103181
4487.652655522013,57110.018901231466
4487.675993643923,52760.131224014905
4487.699331887204,48624.47137247483
4487.722670251855,44705.13505763005
4487.746008737878,41406.22046983128
4487.769347345273,38983.11688933991
4487.792686074041,38919.38581431251
4487.816024924183,40446.78186163784
4487.839363895699,43168.52203084719
4487.862702988588,47219.44015316813
4487.886042202855,52122.98069779997
4487.909381538497,57434.59382886825
4487.9327209955145,62265.49281407241
4487.956060573911,67171.64805699546
4487.979400273684,71861.6188648754
4488.002740094837,75521.41729950078
4488.026080037368,78700.8376414352
4488.049420101279,81508.11189798126
4488.072760286571,83818.96649770113
4488.096100593244,85831.98129635553
4488.119441021298,86759.23974716215
4488.142781570735,86934.695029626
4488.166122241555,87568.89020733052
4488.189463033758,87479.02302679456
4488.2128039473455,86670.24294323499
4488.236144982318,85755.06729110857
4488.259486138676,84336.11067706326
4488.28282741642,82327.88162681313
4488.306168815551,79411.25386172776
4488.329510336069,77045.1281747645
4488.352851977976,74054.26456366676
4488.37619374127,70929.6844643746
4488.399535625954,68272.1036613795
4488.422877632028,65521.34684344127
4488.446219759493,62534.05556609116
4488.4695620083485,58096.537242173494
4488.492904378596,54061.70649164832
4488.5162468702365,48815.14715692174
4488.539589483269,44038.987102721934
4488.562932217696,39448.57063264647
4488.586275073517,35977.347118692654
4488.609618050733,33305.93608718204
4488.632961149345,31957.507856273547
4488.656304369352,32107.998379582576
4488.679647710757,33727.55859823345
4488.70299117356,36886.48040659838
4488.72633475776,40952.8444909148
4488.749678463359,45954.58206698035
4488.773022290357,51327.69945072923
4488.796366238756,56148.275972476615
4488.819710308555,60978.40013484819
4488.843054499755,65461.75837450729
4488.866398812357,69674.5281478346
4488.889743246363,72870.60931851437
4488.91308780177,75388.55263274303
4488.936432478582,77473.15878115677
4488.959777276798,78846.00502688448
4488.98312219642,79871.79692962095
4489.0064672374465,80615.69145303995
4489.02981239988,80115.41767475964
4489.05315768372,78235.77563083742
4489.076503088968,76506.81175678752
4489.099848615624,73333.88733927287
4489.123194263689,69750.29667932268
4489.146540033164,65974.31722788113
4489.169885924048,62926.11422172194
4489.193231936343,60589.976670210475
4489.21657807005,59794.51211776992
4489.239924325168,60929.24347883093
4489.263270701699,62896.03759645287
4489.286617199644,65590.01012914829
4489.309963819002,68406.9730210571
4489.333310559775,71142.33717810508
4489.356657421963,72733.479631162
4489.380004405567,74023.00980654027
4489.4033515105875,74364.46609484826
4489.426698737025,73739.43863161671
4489.45004608488,72441.0798986794
4489.4733935541535,70151.04716928456
4489.496741144846,67439.71702920436
4489.520088856958,65670.92851258909
4489.54343669049,65001.38685381806
4489.5667846454435,65096.75827992558
4489.590132721817,66668.35984031692
4489.613480919614,68969.61748117325
4489.636829238833,72085.8218984685
4489.660177679476,75066.4838261227
4489.6835262415425,77841.70183810577
4489.706874925034,80708.7701302981
4489.730223729951,82822.65965017209
4489.753572656294,84595.39070862484
4489.776921704062,86412.05439141017
4489.800270873258,87875.33556011398
4489.823620163883,88637.39656843309
4489.846969575935,88826.32352929059
4489.870319109416,89425.3241194513
4489.893668764328,89696.90496473857
4489.917018540669,88929.78205036985
4489.9403684384415,88432.62379954885
4489.963718457646,87067.53829342214
4489.987068598281,86545.09877301518
4490.010418860351,85910.1132293115
4490.033769243853,84755.014541426
4490.05711974879,83557.32704809967
4490.080470375162,82237.47855330832
4490.103821122968,80317.08652085807
4490.1271719922115,78008.63146603452
4490.150522982891,76008.16555552506
4490.173874095007,73284.57162366879
4490.197225328562,70994.67570302928
4490.220576683555,68897.70050258737
4490.243928159987,68368.97666792685
4490.267279757859,69102.02738138444
4490.290631477172,70724.35772105498
4490.313983317925,73160.33971976946
4490.33733528012,75714.79330798384
4490.360687363758,77892.4652294856
4490.3840395688385,80092.0030728619
4490.407391895363,82302.78976523178
4490.430744343331,83903.62130718015
4490.454096912744,85168.67592547159
4490.4774496036025,85860.51561228563
4490.500802415907,85763.21000563852
4490.524155349659,85569.68065405781
4490.547508404858,84171.04762747187
4490.570861581504,82491.12323630211
4490.594214879599,80300.77664134835
4490.617568299144,77560.24015886734
4490.640921840139,73830.81919298373
4490.664275502584,69249.83085502674
4490.687629286481,64552.68657820629
4490.710983191829,59360.23083454834
4490.734337218629,53750.69746978709
4490.757691366883,48394.08238732746
4490.78104563659,42782.582099020736
4490.804400027751,37778.72965742027
4490.827754540368,34294.900227397375
4490.85110917444,31823.067210680252
4490.874463929968,31016.48347472156
4490.897818806953,31903.671057642405
4490.921173805396,34466.80209993479
4490.944528925297,38322.060236795274
4490.967884166656,43025.08412050624
4490.991239529475,48133.89938135338
4491.014595013754,52876.3315283231
4491.037950619494,57794.03808562334
4491.061306346694,62938.895993785794
4491.084662195357,67320.78585518333
4491.1080181654825,70443.16827524091
4491.131374257071,74089.84419090583
4491.154730470123,77106.2576710746
4491.178086804639,79860.81657429856
4491.201443260621,82126.65148010636
4491.224799838068,83998.50156287546
4491.248156536982,85800.05500766238
4491.271513357363,86893.39139250266
4491.294870299211,87547.50721849175
4491.318227362527,88659.40815232955
4491.341584547312,88831.45165094752
4491.364941853567,89989.87868945429
4491.388299281291,90582.43752401763
4491.411656830487,90939.67119694257
4491.435014501154,91425.33437393329
4491.458372293293,91725.9985689163
4491.481730206905,91846.5118873061
4491.50508824199,91859.28919542974
4491.528446398548,91849.96878773105
4491.551804676582,91880.67981705254
4491.57516307609,91806.46578151925
4491.598521597074,91613.94937415773
4491.621880239535,91551.04877487713
4491.645239003473,91245.96699210447
4491.668597888888,89948.80151346502
4491.691956895782,89330.03522690096
4491.715316024154,88784.88265311599
4491.738675274007,88190.8137921867
4491.76203464534,87007.61938380182
4491.785394138153,87163.982963748
4491.808753752447,87680.61525654506
4491.832113488224,87452.68606010759
4491.855473345484,87697.86465677772
4491.878833324227,88194.54514247314
4491.902193424454,88272.41748356285
4491.925553646166,88915.44606519605
4491.948913989363,88473.060524834
4491.972274454046,88878.44137237678
4491.995635040215,88283.78928245825
4492.0189957478715,87493.53548268213
4492.042356577016,87348.08133523633
4492.065717527649,86562.89328611773
4492.089078599771,85723.61611703124
4492.112439793383,84697.13372689238
4492.135801108484,84237.16074306374
4492.159162545077,84269.25172941481
4492.182524103161,84253.63858596301
4492.205885782738,85225.56678808524
4492.229247583808,86698.25859155037
4492.25260950637,87011.72187664207
4492.275971550428,88060.39737703734
4492.29933371598,88917.95911856406
4492.322696003027,88936.39445005449
4492.34605841157,89287.58950137401
4492.36942094161,89554.81470382627
4492.392783593147,89714.33237820836
4492.416146366182,89861.45527689322
4492.439509260716,90437.84989558035
4492.462872276748,90696.01721864066
4492.4862354142815,90302.51131808311
4492.509598673314,90401.16227764593
4492.532962053849,91016.20337136518
4492.5563255558845,91245.4710451007
4492.5796891794225,91101.34792104975
4492.603052924464,90762.05473198209
4492.6264167910085,90309.92628205413
4492.649780779057,90192.11827433736
4492.673144888611,89470.04513497354
4492.69650911967,88880.67159691671
4492.719873472235,87562.4131889045
4492.743237946308,86117.35105200902
4492.766602541888,84457.62345344853
4492.789967258975,82357.13665960879
4492.813332097571,79610.90987310684
4492.836697057676,75865.3628263999
4492.860062139292,72285.81213062294
4492.883427342418,68301.21184032416
4492.906792667055,63149.45138558383
4492.930158113204,59214.335523069254
4492.953523680865,55733.9888734539
4492.976889370039,53481.63474961275
4493.000255180727,53077.68352576145
4493.02362111293,54886.70253567722
4493.046987166647,58006.54827150783
4493.070353341881,61534.00122224327
4493.09371963863,65379.34224374655
4493.117086056896,68941.44051989031
4493.14045259668,72225.52025734803
4493.163819257981,75917.07514607297
4493.187186040802,78965.32492330195
4493.210552945142,81365.7553319988
4493.233919971002,83450.14061068564
4493.257287118383,84808.66400640506
4493.280654387285,85615.66250205769
4493.304021777708,86311.02674970483
4493.327389289655,86601.60337206215
4493.350756923124,85899.56479715007
4493.374124678117,84941.23419596358
4493.397492554635,84179.40810874941
4493.420860552678,83139.32221408132
4493.444228672247,81767.60139127563
4493.467596913342,80744.57746756912
4493.490965275964,80026.90230026578
4493.514333760113,78968.59444404775
4493.537702365791,78458.55599279594
4493.561071092998,78600.94333457535
4493.584439941734,78189.45990847753
4493.607808912,77848.43442631715
4493.631178003798,77449.0119726791
4493.654547217126,77027.15357801689
4493.6779165519865,76302.42046248003
4493.70128600838,75400.92071465812
4493.724655586306,74654.44937593801
4493.748025285767,73276.77736404305
4493.771395106762,71090.05913447797
4493.7947650492915,68394.44954674265
4493.818135113357,64769.354002821776
4493.84150529896,60837.35254631497
4493.864875606099,56609.738076718946
4493.888246034777,52110.846087045735
4493.911616584993,48365.56187053868
4493.934987256747,44527.88056127731
4493.958358050041,40533.19657575998
4493.981728964875,37531.77563832975
4494.005100001251,35953.08651076875
4494.028471159168,35454.07757315169
4494.051842438626,36819.04728224095
4494.075213839628,39830.973667954175
4494.098585362173,44037.152515942435
4494.121957006263,49029.06995906782
4494.145328771897,54057.745288295104
4494.168700659076,59551.39581875155
4494.192072667801,64607.00927898098
4494.215444798073,68953.07548836748
4494.238817049892,73064.20611948473
4494.262189423259,76944.33716949675
4494.285561918174,80068.19265291076
4494.308934534638,82469.10119806
4494.332307272652,84074.81697562344
4494.355680132217,85817.17109677379
4494.379053113332,87123.58188877565
4494.402426215999,88129.10883379148
4494.425799440218,89081.41478691169
4494.44917278599,89461.430178679
4494.472546253316,89631.30776754927
4494.495919842196,90297.65789590255
4494.51929355263,90896.63314489042
4494.5426673846205,90268.10314125258
4494.5660413381665,90985.75006170663
4494.589415413269,91270.62793362774
4494.61278960993,90438.17706856475
4494.636163928148,89723.255875353
4494.659538367924,89239.67969075454
4494.68291292926,88713.59134318233
4494.706287612156,87998.37349683455
4494.729662416612,86708.162559197
4494.75303734263,84753.47993215165
4494.776412390209,82440.8659273036
4494.79978755935,80058.14964715221
4494.823162850054,77773.41458079791
4494.846538262323,75290.77895229025
4494.869913796155,72335.87390168774
4494.893289451552,70224.06487242163
4494.916665228515,69664.09263849186
4494.9400411270435,69490.9735799475
4494.963417147139,70441.42725404084
4494.986793288803,71999.62028506145
4495.010169552033,73356.99235727469
4495.033545936833,75150.59593566474
4495.056922443203,77517.09551167967
4495.080299071142,79475.94985798384
4495.103675820652,81373.67811530048
4495.127052691732,83231.01865242599
4495.150429684386,84896.67731297434
4495.173806798611,86614.6359894371
4495.1971840344095,87114.44205801477
4495.220561391782,87437.99700846439
4495.243938870728,88105.22740154178
4495.26731647125,88051.19261614367
4495.290694193347,86935.17769849378
4495.314072037021,86189.68941761661
4495.337450002271,85067.8287719334
4495.360828089099,83658.12752709349
4495.384206297505,81886.48188682027
4495.407584627491,80199.84049966038
4495.430963079055,79678.87125208501
4495.4543416522,79504.97565406607
4495.477720346925,79748.36172842019
4495.501099163232,80476.11919553185
4495.524478101121,80349.98810702808
4495.547857160592,80143.93779795997
4495.571236341646,79592.9877845019
4495.594615644284,79557.72800877957
4495.617995068507,78828.71559647756
4495.641374614315,79125.63451369807
4495.664754281708,79639.86858471831
4495.688134070689,80067.4262523461
4495.711513981256,80855.35605303342
4495.734894013411,81572.29578364485
4495.758274167154,82171.1835375131
4495.781654442486,83062.55824863797
4495.805034839407,83559.88066675446
4495.828415357919,83901.894388034
4495.851795998022,84663.24132631134
4495.875176759716,85427.50989452723
4495.898557643001,86047.74732122265
4495.921938647881,86053.44723217888
4495.945319774353,86445.85997357217
4495.968701022419,86557.86376959344
4495.99208239208,86918.4912495662
4496.015463883336,86647.65244926722
4496.038845496188,86565.18088097803
4496.062227230636,86194.22164903833
4496.085609086682,85230.70240882949
4496.108991064326,83674.42547881082
4496.1323731635675,82491.31075905355
4496.155755384409,80585.29434591348
4496.179137726849,77554.64778054324
4496.20252019089,73812.61105575661
4496.225902776531,69472.7815605942
4496.249285483775,64625.30041565825
4496.27266831262,58751.5966417668
4496.296051263069,53615.86861602996
4496.319434335121,49108.76928926284
4496.342817528776,45014.907781537324
4496.366200844038,42533.088385259725
4496.389584280903,41112.04543859405
4496.412967839376,40845.59484472619
4496.436351519455,42721.78418730281
4496.45973532114,45899.49890790904
4496.483119244434,49972.8568273344
4496.506503289337,54779.438224605205
4496.529887455848,60032.440246286285
4496.55327174397,64992.291429159566
4496.576656153702,69462.2919076346
4496.600040685044,73578.98631968713
4496.623425337999,76855.17968854842
4496.6468101125665,79635.50725661695
4496.670195008746,82325.03552278018
4496.693580026539,83887.24868909255
4496.716965165947,85174.70211342062
4496.74035042697,86755.95051828348
4496.763735809608,88045.6365184464
4496.787121313862,88388.66160226284
4496.810506939733,89314.77773945326
4496.833892687221,89685.26386556325
4496.857278556327,89309.99126851543
4496.880664547052,89220.83173405065
4496.9040506593965,89349.44977372524
4496.927436893361,89227.5408393558
4496.950823248946,88748.93160875676
4496.9742097261515,88194.6067686102
4496.997596324979,87490.85255312876
4497.02098304543,86361.37947943187
4497.044369887502,85590.54054135701
4497.0677568512,83602.83771323464
4497.091143936521,83120.21740610448
4497.1145311434675,82198.78315610591
4497.137918472039,81207.59632913084
4497.161305922237,81158.19427171163
4497.184693494062,81101.57161012127
4497.208081187515,80897.87064225484
4497.231469002596,80828.053641208
4497.254856939305,81355.08173378809
4497.278244997644,81036.80424185537
4497.3016331776125,80595.38440498293
4497.325021479212,81042.0524313643
4497.348409902443,81810.36418088575
4497.371798447306,82642.6808645577
4497.3951871138015,83252.69308661958
4497.41857590193,84371.37347451078
4497.441964811692,85593.8159534696
4497.465353843088,86857.12106117551
4497.488742996121,87718.10111817555
4497.512132270788,88724.11964835021
4497.535521667092,89043.9491562218
4497.558911185033,89731.44008420475
4497.5823008246125,90545.50930992604
4497.605690585829,90627.35852580777
4497.629080468685,90244.82765551847
4497.65247047318,90647.68236862622
4497.6758605993155,90687.9267506712
4497.699250847092,90124.68158805602
4497.722641216509,90038.16137807706
4497.746031707569,90069.189746611
4497.769422320272,90137.31395373281
4497.792813054618,90505.19489393877
4497.816203910607,90570.68364070378
4497.839594888242,90847.33687402011
4497.862985987521,91027.86585237758
4497.886377208446,91033.59921090923
4497.909768551018,90784.38045087564
4497.933160015237,90826.84315373912
4497.956551601104,91278.76861468784
4497.979943308619,90932.4886481435
4498.003335137783,90617.53452578904
4498.026727088597,90556.11300618047
4498.050119161061,89979.06335845076
4498.0735113551755,89775.05016527195
4498.096903670942,89506.46713834193
4498.120296108361,88643.02808183512
4498.143688667433,87571.26235949807
4498.167081348158,86140.93232528424
4498.190474150537,85266.46373804845
4498.21386707457,84760.62683698832
4498.237260120259,83481.18322594296
4498.260653287604,82119.06637538428
4498.284046576606,80925.4145671747
4498.307439987265,78927.10813018649
4498.330833519582,78360.69334261991
4498.354227173557,77365.1672403526
4498.377620949191,77410.40588947479
4498.401014846485,77992.54460693698
4498.42440886544,78972.70977908019
4498.447803006055,79724.55460364075
4498.471197268333,80504.7874758901
4498.494591652272,80337.55068501172
4498.5179861578745,79605.28824710561
4498.541380785141,79281.48325733752
4498.564775534071,78320.23101220034
4498.588170404666,77497.1278439368
4498.611565396926,78092.82463482319
4498.6349605108535,79040.17800806384
4498.658355746446,80443.51241238814
4498.681751103707,81372.61406778372
4498.705146582636,82521.38339038266
4498.728542183233,83940.5995456843
4498.7519379055,85012.99376789558
4498.775333749437,86215.45841350888
4498.798729715044,86397.8769747196
4498.822125802321,86921.0529475782
4498.845522011272,87260.88371197552
4498.868918341894,87320.85241935577
4498.89231479419,87234.36814494718
4498.915711368159,87101.01971979642
4498.939108063802,87151.78778405253
4498.96250488112,87366.06325398709
4498.985901820115,87495.0102195192
4499.009298880785,87757.01924777505
4499.032696063132,88128.79760107415
4499.056093367157,87664.73801387816
4499.079490792859,88404.30203653942
4499.1028883402405,87741.79594407872
4499.126286009301,88069.75549146863
4499.149683800042,87515.41602608075
4499.1730817124635,87809.72755125948
4499.196479746566,88168.78752137284
4499.219877902351,88860.84972832279
4499.243276179818,89441.08820545494
4499.266674578969,89569.38733080053
4499.2900730998035,89927.3703892937
4499.313471742322,90506.84815960331
4499.336870506526,90929.76036327184
4499.360269392415,90936.38338757328
4499.383668399991,91102.21293996356
4499.407067529254,91601.41574832523
4499.430466780204,91534.89451591937
4499.453866152843,91216.38297191035
4499.4772656471705,90831.32473817682
4499.500665263187,90466.62742489092
4499.524065000895,90373.29885020333
4499.547464860293,89425.68609928554
4499.570864841382,89123.52662472305
4499.594264944163,87595.17186010486
4499.617665168637,86517.39520847419
4499.641065514805,84966.34216644596
4499.664465982666,82246.70451851023
4499.687866572222,79141.1339774471
4499.711267283474,75667.68270155191
4499.73466811642,71840.9875119873
4499.758069071064,68554.85666151319
4499.781470147404,65887.53280628117
4499.804871345443,64094.21282206333
4499.828272665179,63750.558254328396
4499.851674106615,64588.865573360476
4499.87507566975,66551.65385196784
4499.898477354585,69186.92455247701
4499.921879161122,71469.83986984735
4499.94528108936,73760.23770012447
4499.9686831393,75926.70265747151
4499.992085310943,77425.38997302645
4500.01548760429,78644.88162822707
4500.03889001934,80505.85447108059
4500.062292556095,81528.6523633644
4500.085695214556,82208.1916077133
4500.109097994722,83105.80679706408
4500.132500896595,83634.04299743072
4500.155903920176,84567.113488939
4500.179307065463,85083.22807210742
4500.20271033246,85504.36998751354
4500.226113721165,85622.65605314971
4500.249517231581,85987.96517893623
4500.272920863707,86349.7568139187
4500.296324617544,85728.22182193244
4500.319728493093,85251.22150333962
4500.343132490354,84496.79717780842
4500.366536609327,83400.6722864971
4500.389940850015,81522.87723769946
4500.413345212416,79410.16030509034
4500.436749696532,75714.5572568503
4500.460154302365,71477.03819464963
4500.483559029913,67414.91585559452
4500.506963879177,62573.79344883542
4500.530368850159,56702.91556020621
4500.553773942859,51188.223872720315
4500.577179157278,45360.971280184516
4500.600584493416,39852.31490240649
4500.623989951274,34816.09176925333
4500.647395530852,30145.632610844787
4500.6708012321515,26211.34642354567
4500.694207055173,23397.0227825602
4500.717612999916,21662.42500772389
4500.741019066383,20736.079411342438
4500.764425254573,20906.94171927634
4500.787831564488,22436.985154372178
4500.8112379961285,25041.461868199396
4500.8346445494935,28970.03707546128
4500.858051224585,33779.47149939557
4500.881458021403,39361.29512315804
4500.904864939949,44958.2004645475
4500.928271980223,51102.34994098735
4500.951679142226,57074.43281312321
4500.975086425958,61972.71143099995
4500.99849383142,67016.39175169125
4501.021901358613,71246.52217298522
4501.045309007537,74454.08601691666
4501.068716778193,77011.90868410436
4501.092124670582,78902.80704328472
4501.115532684704,80118.89073442327
4501.138940820559,80805.41667791919
4501.1623490781485,80924.57097554093
4501.185757457474,80721.53207078099
4501.209165958535,80515.09281034528
4501.232574581332,80265.81733826315
4501.255983325866,79878.54768827243
4501.2793921921375,79900.3596730734
4501.302801180148,80942.37967552793
4501.326210289897,81714.30415447138
4501.349619521385,82303.10403875285
4501.373028874614,83512.74650951083
4501.396438349583,84399.26946885571
4501.419847946294,85462.20816923908
4501.443257664746,85768.0196649621
4501.466667504942,86231.29075703335
4501.49007746688,86401.19289547154
4501.513487550564,85841.89218315216
4501.53689775599,85667.29244417953
4501.560308083163,85342.85924095812
4501.583718532082,83716.1492688968
4501.6071291027465,82113.33797872561
4501.630539795158,80706.74493194753
4501.653950609318,79051.72610588801
4501.677361545226,78163.25719200473
4501.700772602883,78600.92728234736
4501.724183782289,79590.0755296819
4501.747595083447,80635.05213215985
4501.771006506355,81904.37653568518
4501.794418051014,83197.82167052139
4501.817829717425,84271.63613191598
4501.84124150559,84746.44041732926
4501.864653415508,85532.45578044187
4501.88806544718,85971.80710831945
4501.911477600607,86474.64282566126
4501.934889875789,86523.95872849514
4501.9583022727265,86619.91470113856
4501.981714791422,86286.60958815317
4502.005127431873,85881.13712769699
4502.028540194083,85522.84685871823
4502.051953078051,85593.8966769749
4502.075366083779,85752.98455965907
4502.0987792112655,85946.77804393513
4502.122192460513,86534.94125210977
4502.145605831522,87247.97708648158
4502.169019324292,88039.13337919142
4502.192432938825,88455.87953129222
4502.215846675121,88936.03042528505
4502.23926053318,89556.31763206444
4502.262674513003,89678.51605901655
4502.286088614591,90468.19174852947
4502.309502837945,90847.00137714138
4502.332917183065,90890.34595411192
4502.356331649951,90816.06092545752
4502.379746238605,90809.56426879793
4502.403160949027,90518.42586391472
4502.426575781217,90949.0745163647
4502.449990735177,91179.31329586971
4502.473405810907,90671.26680630662
4502.496821008407,91294.44961053837
4502.5202363276785,90895.11223330881
4502.543651768721,90634.5424446685
4502.567067331537,90611.53138872502
4502.590483016126,90509.80105002271
4502.613898822488,90779.90500697593
4502.637314750625,90339.64563162795
4502.660730800537,89760.25785365104
4502.684146972224,89986.7533411994
4502.707563265688,89964.72332400506
4502.730979680929,90018.5788701654
4502.754396217946,90291.93590587642
4502.777812876742,90349.62945693941
4502.801229657317,90988.5275140886
4502.824646559671,91092.03381868025
4502.848063583806,91108.58436450905
4502.871480729721,91443.9224377974
4502.8948979974175,91033.24202347585
4502.918315386895,91349.18207947553
4502.941732898156,91442.9207484032
4502.9651505312,91370.63070174286
4502.988568286029,91787.22803835593
4503.011986162641,91756.17872021598
4503.035404161038,91474.55781079843
4503.058822281221,91477.38231388303
4503.082240523191,91420.01681924859
4503.105658886948,91291.201617532
4503.129077372491,90647.42150163229
4503.152495979824,90534.33989835667
4503.175914708946,90904.39073652671
4503.199333559856,90809.87751211923
4503.222752532558,90314.3902330325
4503.24617162705,90277.79801946475
4503.269590843333,89957.19477542503
4503.293010181408,89730.32049429644
4503.316429641277,90013.17905644624
4503.339849222938,89819.50390468945
4503.363268926394,90281.71920075742
4503.386688751643,90762.4991194772
4503.410108698689,90950.1140235037
4503.43352876753,90527.93814057857
4503.456948958168,91165.42409365944
4503.480369270603,91290.98014163774
4503.503789704835,91198.52211049768
4503.527210260866,91078.30254814199
4503.5506309386965,91343.09214406543
4503.5740517383265,91404.48013734011
4503.597472659756,91508.00277115147
4503.620893702987,91707.1228014261
4503.64431486802,91044.04855189072
4503.6677361548545,90884.28289545914
4503.691157563492,90961.3737815639
4503.714579093933,90952.0635953574
4503.738000746179,90596.7543525113
4503.761422520229,90463.7669048841
4503.784844416084,90510.20681821821
4503.808266433745,90437.40369614417
4503.831688573213,89916.33793302368
4503.855110834488,89721.20840941319
4503.878533217571,90146.10667503985
4503.901955722463,89949.42696117613
4503.925378349164,89595.62505107318
4503.948801097675,89375.68673695785
4503.972223967996,88902.9986332867
4503.995646960128,88602.26450732813
4504.019070074072,88329.52298910865
4504.042493309828,87661.92905709994
4504.065916667398,87768.04868636555
4504.08934014678,87638.49765690046
4504.112763747978,87401.3514794095
4504.136187470989,86264.48446743232
4504.159611315817,86251.0757883948
4504.183035282461,85042.82156551421
4504.206459370921,83920.93077396078
4504.229883581199,83145.58768872614
4504.2533079132945,82089.27635137914
4504.276732367209,81777.65141164645
4504.300156942943,82099.7075363661
4504.323581640497,82031.50194236492
4504.347006459871,82696.65401831959
4504.3704314010665,83623.83379404507
4504.393856464084,84618.94571816301
4504.4172816489245,85680.82553714534
4504.440706955587,86435.7733742409
4504.464132384074,87234.23961064073
4504.487557934385,87498.36266021524
4504.510983606521,87730.76513042896
4504.534409400483,88717.23425253067
4504.557835316271,89219.06416387952
4504.5812613538865,89675.40206013553
4504.604687513329,89754.91717556464
4504.6281137946,90407.83576380038
4504.651540197699,90524.59897747479
4504.674966722629,90881.36498578006
4504.698393369387,90607.89314112
4504.721820137977,90816.60506451009
4504.745247028398,90987.53159982791
4504.768674040652,91120.05099056568
4504.792101174738,90602.64178645688
4504.815528430656,90860.73898624524
4504.838955808409,91209.24522960113
4504.862383307996,91553.40427523623
4504.885810929419,91178.5969887195
4504.909238672678,90902.3608606132
4504.932666537772,91039.66390307722
4504.956094524704,91480.18937105853
4504.979522633474,91234.95018316447
4505.002950864082,91083.29758553057
4505.026379216528,91105.89228128224
4505.049807690814,90860.21847349516
4505.073236286941,90920.32497847339
4505.096665004909,90877.28220109863
4505.120093844717,90663.9691168541
4505.143522806368,90693.39135284955
4505.1669518898625,90276.4477736056
4505.1903810952,89653.32452266272
4505.21381042238,89524.2660029022
4505.237239871407,89603.85350891302
4505.2606694422775,89629.57522400771
4505.284099134995,89833.9778829703
4505.307528949559,89698.14293393199
4505.330958885969,89721.03603421805
4505.354388944228,90439.07458538323
4505.3778191243355,90108.00473749093
4505.4012494262915,90411.43232127858
4505.424679850097,90240.18712350464
4505.448110395754,90459.34380712306
4505.471541063261,90705.5390358553
4505.4949718526195,91315.80641373477
4505.518402763832,90755.98113951249
4505.541833796895,91031.91487020074
4505.565264951812,91201.84603065754
4505.588696228585,91011.1128270869
4505.6121276272115,90713.0781629259
4505.635559147693,90532.17142555593
4505.658990790032,90347.09572968185
4505.682422554226,90113.34363654866
4505.705854440278,89791.99686156803
4505.729286448188,89231.72402657483
4505.752718577956,88605.37552221154
4505.776150829584,88188.00335351264
4505.799583203072,87740.58499730822
4505.82301569842,87480.63329808658
4505.8464483156295,87851.64017374003
4505.869881054701,87921.84397643204
4505.893313915634,87702.81861340479
4505.9167468984315,87589.68494450227
4505.940180003091,86666.8708315189
4505.9636132296155,85676.01473957777
4505.987046578005,84925.94919986675
4506.01048004826,83610.81467869543
4506.033913640382,82220.5257341686
4506.05734735437,80572.30835417214
4506.080781190225,79430.62031748814
4506.104215147949,78071.08728438466
4506.127649227541,75979.89220979046
4506.151083429003,74149.5518192351
4506.174517752334,72568.01496284122
4506.197952197537,71676.0307031299
4506.2213867646105,71605.54026830097
4506.244821453556,72629.45712880613
4506.268256264374,74463.16805436365
4506.291691197066,76009.78560256028
4506.31512625163,77567.99428743456
4506.3385614280705,79088.54051388953
4506.361996726385,80860.72863012666
4506.385432146575,82185.05071371386
4506.408867688642,83133.64024828532
4506.432303352585,83785.77015292182
4506.455739138407,84190.83719460104
4506.479175046106,84765.7458751749
4506.502611075684,84485.00797345286
4506.526047227142,83875.72619202705
4506.54948350048,83925.20447075566
4506.5729198957,83739.61124275043
4506.5963564128,83470.97128716127
4506.619793051782,83120.71532508629
4506.6432298126465,83390.11208210075
4506.666666695395,83335.94097471276
4506.690103700027,83600.84557053815
4506.713540826544,84406.78203744527
4506.736978074946,84968.03715387749
4506.760415445234,85916.4489194165
4506.7838529374085,86206.75919106958
4506.80729055147,86797.79492169076
4506.830728287419,86991.48222467556
4506.854166145256,87805.61778208571
4506.877604124983,88048.74968998719
4506.901042226599,88730.33226601766
4506.924480450106,88897.01525305376
4506.947918795503,89239.79414701556
4506.9713572627925,89245.20922059176
4506.994795851973,89842.87278208487
4507.018234563047,90043.58164252779
4507.0416733960155,89806.57705979838
4507.065112350877,90055.72817323107
4507.088551427633,90117.93531038334
4507.111990626285,90144.71932188954
4507.135429946832,89851.48048202226
4507.158869389277,89372.45707085352
4507.182308953618,89334.07250396909
4507.205748639858,88941.15721407972
4507.2291884479955,88446.72837322255
4507.2526283780335,88222.78966875543
4507.27606842997,88250.42954848355
4507.299508603807,87951.10362498964
4507.322948899546,87187.7886637287
4507.346389317186,86529.58268228284
4507.369829856729,85027.71994480217
4507.393270518174,83589.15702609792
4507.416711301523,81738.76332828589
4507.4401522067765,79141.65378705907
4507.463593233934,75951.51442495335
4507.487034382998,72620.67071599534
4507.510475653968,68603.00297321493
4507.533917046844,64032.851308440666
4507.5573585616285,59189.12962604235
4507.5808001983205,54157.71196866243
4507.604241956921,48717.9120019576
4507.627683837431,43025.36047762831
4507.6511258398505,38010.468010223354
4507.674567964181,33473.636501760564
4507.698010210423,29703.42432472667
4507.721452578577,27207.462701716566
4507.744895068642,25860.612714529558
4507.768337680622,26072.573590940698
4507.7917804145145,27685.375807656743
4507.815223270321,30546.26079137265
4507.838666248044,34707.23999824481
4507.862109347681,39775.05776765066
4507.885552569236,45397.34815715845
4507.908995912707,50982.51878167711
4507.932439378095,56780.559331645185
4507.955882965402,62133.9828229125
4507.979326674628,67004.58613752954
4508.002770505773,70974.97306560473
4508.026214458839,74627.08305762078
4508.049658533824,77635.06716560645
4508.073102730731,79769.42463273514
4508.09654704956,81261.69489663189
4508.119991490313,82547.77788845409
4508.143436052987,83644.94882867047
4508.166880737586,84455.69389501182
4508.19032554411,85408.87396143019
4508.213770472559,86196.36002683065
4508.237215522933,86876.11253004905
4508.260660695234,87363.97208422379
4508.284105989462,88330.41115627704
4508.307551405618,89122.6581859209
4508.330996943701,89556.8753047386
4508.354442603714,89082.95394185757
4508.377888385658,89318.98695139318
4508.40133428953,89625.94431341813
4508.424780315334,90015.66930441462
4508.448226463069,89827.5876835884
4508.471672732736,89618.56648621742
4508.495119124336,89251.2387082929
4508.518565637869,88718.05989428736
4508.542012273337,88127.12550534772
4508.565459030739,87255.1036639775
4508.588905910076,86597.04123185102
4508.612352911349,86153.68036549115
4508.63580003456,85771.39267452715
4508.6592472797065,85007.12308732817
4508.682694646792,84973.99141307133
4508.706142135815,84856.54302950212
4508.7295897467775,84280.45648767172
4508.75303747968,84911.99221788053
4508.7764853345225,84951.74313915453
4508.799933311306,85005.79060695038
4508.823381410031,85758.34053752782
4508.846829630699,86476.80819904804
4508.870277973309,86897.28496930821
4508.893726437864,86937.54683688367
4508.917175024362,86933.99924448597
4508.940623732805,87052.92020069005
4508.964072563193,87162.44791900844
4508.987521515528,87584.11654903424
4509.010970589809,87941.04335263018
4509.034419786038,87856.38253060257
4509.057869104215,87396.48982460907
4509.081318544339,86427.9099450288
4509.104768106414,85309.55216651974
4509.128217790439,84321.61014595389
4509.151667596413,83041.54631029913
4509.17511752434,81988.25719303105
4509.198567574217,81696.27530733068
4509.222017746048,81788.6476654266
4509.245468039831,82569.10009927955
4509.268918455568,83436.12886358159
4509.2923689932595,84047.7447291884
4509.315819652906,85007.43466534847
4509.339270434508,86024.33114219169
4509.362721338066,86813.48290154396
4509.386172363581,87124.61474089738
4509.409623511054,87560.52182074277
4509.433074780484,88181.09307843202
4509.4565261718735,88042.7517914004
4509.479977685222,87650.79852720055
4509.503429320531,87570.04430653114
4509.526881077801,86608.03563044722
4509.550332957031,86876.47247192194
4509.573784958224,86944.36387067834
4509.59723708138,86698.69537214102
4509.620689326498,86697.66775872496
4509.64414169358,86333.00460996054
4509.667594182627,86710.79384087163
4509.6910467936395,86835.8204767499
4509.714499526617,87403.57778675409
4509.737952381561,87946.21649599902
4509.761405358472,88134.78792628094
4509.784858457351,88407.28547022048
4509.808311678198,89267.97550512073
4509.831765021014,89012.35891473017
4509.855218485799,88965.52383525594
4509.878672072555,89247.19549107342
4509.902125781281,89380.82752430452
4509.92557961198,89388.0571583556
4509.94903356465,89284.24317532212
4509.972487639292,89334.79782440589
4509.9959418359085,89689.92535309959
4510.019396154498,90213.72541299823
4510.042850595063,90052.25438642802
4510.066305157603,89961.44639245866
4510.089759842119,90284.76012452166
4510.113214648612,90193.46371915987
4510.136669577081,89937.74254320037
4510.160124627529,89950.28607097527
4510.183579799954,90033.50224864377
4510.207035094359,89484.95154073683
4510.230490510744,88979.73166562979
4510.253946049108,88794.53340173955
4510.277401709454,88393.15641542242
4510.300857491782,88464.46643872927
4510.324313396091,88764.96761878872
4510.347769422384,88614.12283822654
4510.3712255706605,88452.32723442433
4510.39468184092,88717.57697007777
4510.418138233165,88874.48127247348
4510.441594747395,88855.83990430663
4510.465051383612,89007.28067990542
4510.488508141815,89238.15369913091
4510.511965022006,89737.66221688729
4510.535422024184,89899.84837568832
4510.558879148351,89444.4509824241
4510.582336394507,89775.41896684607
4510.605793762653,89612.9710730243
4510.62925125279,89455.7356424235
4510.652708864917,89916.20266070441
4510.676166599037,89784.12776849046
4510.699624455148,89852.53570171949
4510.723082433253,90372.30197882882
4510.746540533351,90255.12597580573
4510.769998755444,90523.46487918952
4510.793457099532,90437.46388873253
4510.816915565615,90587.23250507125
4510.840374153695,90711.30415517707
4510.863832863771,90555.60449954933
4510.887291695844,90526.34338045484
4510.910750649917,90727.12376275596
4510.934209725987,90706.62392074948
4510.957668924057,91019.92220880407
4510.981128244127,90453.93353954321
4511.004587686197,89960.28008012603
4511.028047250269,89078.09823641025
4511.051506936343,88805.75335545016
4511.074966744419,87993.86178730604
4511.098426674498,87015.89571856824
4511.121886726582,86437.65134983102
4511.145346900669,85208.93636093808
4511.168807196762,84282.60086978944
4511.192267614861,83239.56336833943
4511.215728154965,81657.98412812104
4511.239188817077,80451.06293189913
4511.262649601196,79393.32284906443
4511.286110507323,78257.89707603228
4511.30957153546,77910.40403142724
4511.333032685607,77834.45192037511
4511.356493957763,77827.18796594304
4511.379955351929,78736.95781682394
4511.403416868108,79870.56260804579
4511.426878506299,80679.27009141124
4511.450340266501,82075.18993299847
4511.473802148717,83213.41158336544
4511.497264152948,84575.50054773704
4511.520726279193,85425.56170004857
4511.544188527453,86004.5250561652
4511.567650897729,86575.53527620448
4511.591113390022,87479.1417954565
4511.614576004332,87899.64659512206
4511.63803874066,87846.27369083713
4511.6615015990055,87560.57519892242
4511.68496457937,87088.41460951221
4511.708427681755,86608.0006657183
4511.73189090616,86170.35403189174
4511.755354252586,86653.2799540924
4511.778817721033,86943.37575895972
4511.802281311502,87028.52532863597
4511.825745023995,87638.70506531712
4511.849208858511,87961.6317719985
4511.872672815051,87990.83215017007
4511.896136893616,88020.45036703825
4511.919601094206,88356.37585754185
4511.943065416822,88445.43798946579
4511.9665298614655,88294.971742399
4511.989994428135,88029.86340573001
4512.0134591168335,87425.1846191984
4512.03692392756,86287.91838369379
4512.0603888603155,85028.13523619629
4512.083853915101,83393.49754311141
4512.107319091917,81465.05055800267
4512.130784390764,79477.34238537386
4512.154249811643,77669.59607176996
4512.1777153545545,76145.28146812548
4512.201181019499,75446.01263532312
4512.224646806477,75837.45569974293
4512.248112715489,76502.55949070936
4512.271578746536,77978.31880381274
4512.295044899619,79552.22854293679
4512.318511174737,80500.93055066493
4512.341977571893,82330.35126062995
4512.365444091086,83375.23453683437
4512.388910732317,84083.3313708189
4512.412377495587,84590.11132332744
4512.435844380896,85112.10162925707
4512.459311388245,85429.58520922689
4512.482778517635,86640.7963953308
4512.506245769066,86785.55591840664
4512.529713142539,87513.00031800893
4512.553180638054,88520.32548221678
4512.576648255613,89234.07410449041
4512.600115995215,88780.50967342702
4512.623583856862,89344.68906641487
4512.647051840553,89018.01136141659
4512.67051994629,88746.23355316414
4512.693988174075,88342.80101694328
4512.717456523906,88243.09816309376
4512.740924995784,87786.10387581815
4512.76439358971,87010.57474127706
4512.787862305686,86619.69067254923
4512.811331143711,86537.54836046195
4512.834800103786,86091.49214893083
4512.858269185911,85813.48346358673
4512.881738390089,85671.01010120599
4512.905207716318,85922.645863354
4512.9286771646,85718.87523049036
4512.952146734935,86207.85536489038
4512.975616427324,86794.98814783288
4512.999086241768,86923.09059895658
4513.022556178267,87383.7554218471
4513.0460262368215,87735.86813196707
4513.069496417434,87580.22452708875
4513.092966720102,87790.97232903737
4513.116437144828,87753.98395121393
4513.139907691612,88712.19913240451
4513.163378360456,88851.46632962413
4513.18684915136,88737.59895307614
4513.210320064322,89095.09220063718
4513.233791099347,89362.38626910979
4513.257262256433,89490.69878353416
4513.280733535581,89925.01752796744
4513.304204936792,89756.93890340267
4513.327676460067,90261.16194995547
4513.351148105406,90157.46131610195
4513.374619872809,89881.40208763216
4513.3980917622775,89805.42578427907
4513.4215637738125,89603.78150842871
4513.4450359074135,89012.3200056557
4513.468508163082,88359.68442105372
4513.491980540819,87488.6372930119
4513.5154530406235,86074.51764137323
4513.538925662498,84318.58611269435
4513.562398406441,82414.07560153588
4513.585871272457,80163.38279888863
4513.609344260542,77996.01816057153
4513.632817370699,76394.429442342
4513.6562906029285,75327.53433965734
4513.679763957231,75432.27670510465
4513.703237433608,76205.63238725015
4513.726711032058,76859.37801370169
4513.750184752584,77123.89228053043
4513.773658595184,77335.4146091399
4513.797132559861,76626.96556890251
4513.8206066466155,75698.86859621837
4513.844080855446,74780.04887105164
4513.867555186356,74093.77995826628
4513.891029639344,73285.62906831587
4513.914504214411,73003.63964325756
4513.937978911558,73406.15066311155
4513.961453730786,74387.32549259801
4513.9849286720955,76027.04504006363
4514.008403735486,77714.36932076239
4514.0318789209605,79544.87976636595
4514.055354228517,81323.10079053041
4514.078829658158,83099.92808313454
4514.102305209883,84632.77008529191
4514.125780883693,85501.04506759201
4514.149256679588,86778.84645518006
4514.17273259757,87542.62426540011
4514.196208637639,88016.68170633902
4514.219684799796,88755.15161549037
4514.24316108404,88985.76241034115
4514.266637490374,88956.59785179605
4514.290114018797,89206.13413107683
4514.31359066931,89273.56468064792
4514.337067441914,88969.15501370654
4514.360544336609,88620.96753697102
4514.384021353397,87561.55926251056
4514.407498492276,86597.718329805
4514.43097575325,85385.37743848452
4514.454453136317,83105.08715978336
4514.477930641478,80577.54865874078
4514.501408268736,77866.59649620911
4514.524886018089,74621.17119106403
4514.548363889538,70665.58491898669
4514.571841883085,66322.23139774898
4514.595319998729,61466.82542724385
4514.618798236472,56386.957648033596
4514.642276596313,51158.83379466143
4514.665755078255,45889.91024943073
4514.689233682296,40868.62017473035
4514.712712408438,36055.1866717835
4514.736191256682,31925.623849150572
4514.759670227028,28915.96337637525
4514.783149319478,27107.061810694988
4514.80662853403,26775.91898728347
4514.830107870687,27685.43400255167
4514.853587329449,29805.749777208846
4514.877066910315,33534.224107400645
4514.900546613288,38048.19196255756
4514.924026438367,42841.52644863886
4514.947506385553,48284.53170571028
4514.970986454849,53533.735511770596
4514.994466646252,58011.41399736377
4515.017946959763,62368.40293860649
4515.041427395386,66302.62149309147
4515.064907953118,69430.21315201282
4515.088388632962,72643.00150333573
4515.111869434917,75458.79292994435
4515.135350358984,77592.8100177444
4515.158831405165,79576.04155660486
4515.18231257346,81074.1654698624
4515.205793863868,81860.3589268789
4515.2292752763915,82310.54667312057
4515.252756811031,82818.11195626672
4515.276238467785,83176.8339607464
4515.299720246658,83556.33339453927
4515.323202147647,84089.02856304825
4515.346684170754,84828.1659959155
4515.37016631598,85384.59944372863
4515.393648583326,86015.53909158832
4515.417130972791,86570.30539319658
4515.4406134843775,87016.41219215482
4515.464096118084,87469.33889278285
4515.487578873914,87503.90672638918
4515.511061751865,88103.12179110407
4515.53454475194,88586.36495326631
4515.558027874138,88453.58347769544
4515.581511118461,88432.31520395319
4515.604994484909,88270.44907416789
4515.628477973483,87922.52401027095
4515.6519615841835,87752.15785991745
4515.675445317011,87422.86946618286
4515.698929171965,86292.16743859205
4515.7224131490475,85502.13009398406
4515.745897248259,84620.79912951554
4515.7693814696,84036.4644906773
4515.792865813072,83594.93662485288
4515.816350278674,83552.30765536189
4515.839834866408,83897.45311253412
4515.863319576273,84010.54374121566
4515.886804408271,84559.35584227798
4515.910289362403,84735.10051277098
4515.9337744386685,84992.50355278773
4515.957259637068,85311.09534772532
4515.980744957604,84969.37558010462
4516.0042304002745,84206.01858282175
4516.027715965082,83762.68088852985
4516.051201652027,83328.58874391827
4516.0746874611095,82710.61485483464
4516.098173392331,81974.77418368979
4516.121659445691,81815.88081086891
4516.14514562119,82290.53318312851
4516.16863191883,83083.69147651187
4516.192118338611,83703.56161262273
4516.215604880533,84766.63349357112
4516.239091544598,85488.5922070222
4516.262578330805,86066.76786126269
4516.286065239156,87064.73120827177
4516.309552269651,87588.96990929339
4516.33303942229,87836.89726381269
4516.356526697075,88083.18145785145
4516.380014094007,88638.05275909285
4516.403501613085,88684.34029075193
4516.42698925431,88215.76690628377
4516.450477017683,88295.11396227802
4516.473964903204,87729.00814526119
4516.497452910875,86925.6076354468
4516.520941040695,86378.60100876004
4516.544429292667,85278.2312543869
4516.567917666788,84007.6804076453
4516.591406163063,83446.15668589792
4516.614894781489,83170.49800513803
4516.638383522068,83578.47067908212
4516.6618723848005,83852.74365080957
4516.685361369688,83887.41454180209
4516.70885047673,84522.68214962997
4516.732339705927,84963.36570341802
4516.755829057281,85245.67548386651
4516.779318530792,85235.8613556106
4516.802808126459,84981.21764595559
4516.826297844285,84212.11066517669
4516.84978768427,83163.05018207007
4516.873277646415,81612.94431257313
4516.896767730719,79566.63944469746
4516.920257937183,77098.77067814076
4516.9437482658095,74583.49720851054
4516.967238716597,72700.47586173262
4516.990729289548,71490.35287388218
4517.014219984661,71461.59427806218
4517.037710801939,72480.07195849341
4517.0612017413805,74351.60785603756
4517.084692802988,76521.45577102224
4517.10818398676,78324.92914650112
4517.1316752927,80161.00403894689
4517.155166720805,81560.81564773062
4517.178658271078,83186.88900837976
4517.20214994352,84846.76272387028
4517.225641738131,85253.29254204019
4517.249133654911,86123.06325866109
4517.272625693862,86494.97408416956
4517.296117854983,86585.91522553716
4517.3196101382755,86389.85121017393
4517.34310254374,85398.91866332693
4517.366595071378,83617.38480690843
4517.390087721188,82086.94872115862
4517.413580493173,79634.05652117256
4517.437073387332,77343.89924039105
4517.460566403666,74615.04141896371
4517.4840595421765,72860.58000767166
4517.507552802864,72118.51735812877
4517.531046185728,72180.83212036568
4517.554539690769,72047.60128660455
4517.57803331799,71404.05281728372
4517.601527067389,70421.88541421696
4517.625020938968,68727.2474620813
4517.648514932727,65365.82762695878
4517.672009048667,61863.91719194603
4517.695503286789,57672.14284448581
4517.718997647093,53310.92848956759
4517.74249212958,49463.82701763082
4517.76598673425,46313.907629313966
4517.7894814611045,45189.86009210083
4517.812976310144,45524.70272805579
4517.836471281369,46889.9153142893
4517.85996637478,50133.45185603913
4517.883461590377,54243.11925629444
4517.906956928162,58699.80547123235
4517.930452388135,62479.16959681141
4517.953947970295,66586.46561526318
4517.977443674646,70508.79285903226
4518.000939501187,73545.07636962671
4518.024435449917,76258.40135917663
4518.0479315208395,78263.10669418811
4518.071427713952,80608.47926041263
4518.094924029258,82505.62367799622
4518.118420466758,83999.15283417323
4518.141917026451,84933.7519837701
4518.165413708338,86157.37742992223
4518.18891051242,86851.35238675962
4518.2124074386975,87431.81910217564
4518.235904487171,88204.95236099503
4518.259401657841,88959.0409621487
4518.28289895071,88611.36438355866
4518.306396365776,88380.7208050475
4518.329893903041,88652.44967469414
4518.353391562505,88835.31434907067
4518.376889344169,88649.65836048956
4518.400387248034,88223.81238575075
4518.423885274101,88384.9273677653
4518.447383422369,88525.8092729903
4518.47088169284,88714.97218668793
4518.4943800855135,88935.94749512181
4518.517878600392,88894.55063942933
4518.541377237474,89008.56557327847
4518.564875996762,89208.98789330531
4518.588374878254,89263.74900597223
4518.611873881954,89485.8411172147
4518.635373007861,89362.69681983907
4518.6588722559745,89446.50509578253
4518.682371626297,89497.44071748357
4518.705871118828,89595.04902470135
4518.729370733569,89640.36303291722
4518.75287047052,89662.61877284851
4518.776370329682,89503.75672418263
4518.799870311055,89305.4371283082
4518.823370414641,89011.58835244934
4518.846870640439,88785.33519131407
4518.870370988451,89033.17284498847
4518.893871458677,88833.62820550427
4518.917372051116,87682.75742603361
4518.940872765772,87017.67877211205
4518.964373602644,86115.29311008507
4518.987874561732,84903.78498381971
4519.011375643036,83931.79476790693
4519.034876846559,82858.1405114483
4519.058378172301,81906.41404753225
4519.081879620261,81515.52957480878
4519.105381190441,81959.51751005968
4519.128882882842,82167.31219705097
4519.152384697463,82664.54430286081
4519.175886634307,83812.3854122666
4519.199388693372,84454.72460629241
4519.22289087466,84565.79667432791
4519.246393178172,84367.51715504752
4519.2698956039085,84765.50801297504
4519.293398151869,84400.74236541952
4519.316900822056,83438.01107496787
4519.3404036144675,82234.13037562877
4519.363906529107,80616.03837039277
4519.387409565973,77983.98270436387
4519.410912725068,74723.78945846792
4519.43441600639,71290.64877824139
4519.457919409943,67092.45771385143
4519.481422935725,62953.08648722524
4519.504926583738,58167.611556204676
4519.528430353982,53229.583832090975
4519.551934246458,48066.43399928651
4519.575438261165,42179.88265626649
4519.598942398106,37764.47919589784
4519.622446657281,33275.244563233624
4519.64595103869,30048.715410473775
4519.669455542335,28199.873002818393
4519.692960168214,27962.843904660298
4519.716464916331,28973.756939466337
4519.739969786683,31427.002284145743
4519.763474779274,35215.384544443805
4519.786979894103,39791.75308310564
4519.81048513117,45035.210946561296
4519.833990490477,50268.05218289203
4519.857495972024,56128.359542278646
4519.881001575811,61326.15167435785
4519.904507301841,65990.34787711286
4519.928013150111,70031.4510029751
4519.951519120625,73444.22799910863
4519.975025213381,76858.08839687571
4519.998531428382,79228.31174816194
4520.022037765627,81260.9067434845
4520.045544225117,83781.62605645624
4520.069050806853,85402.66908203352
4520.092557510836,86246.97121405747
4520.116064337065,87523.8444137317
4520.139571285543,87781.33494685883
4520.163078356268,88291.47408700951
4520.186585549242,88675.31788006122
4520.210092864467,88874.1343443722
4520.233600301941,89308.92046371297
4520.257107861667,89333.14890176935
4520.280615543643,89356.64408007864
4520.304123347872,89598.0275490673
4520.327631274354,89635.50896600609
4520.351139323088,89545.15554159645
4520.374647494077,89143.23697851798
4520.398155787321,89258.86166123275
4520.4216642028205,89454.54225822893
4520.445172740576,89444.46629545931
4520.468681400587,89075.48905758162
4520.492190182856,88757.47286479342
4520.515699087383,88645.83146094785
4520.539208114168,88195.06733559872
4520.562717263212,87966.8745460141
4520.586226534517,87576.35333126016
4520.609735928081,87623.07434636785
4520.633245443907,88258.45546366718
4520.656755081994,88087.76689772756
4520.680264842344,88475.12530194022
4520.703774724956,88957.37344924941
4520.727284729832,88922.87467885048
4520.750794856973,89302.28024291282
4520.774305106378,89399.34783710254
4520.7978154780485,89682.8532657006
4520.821325971985,89619.73335018267
4520.844836588189,89867.0425022041
4520.86834732666,90025.7234430283
4520.891858187399,90138.90812163019
4520.915369170407,90428.20167376498
4520.938880275684,90130.61355009237
4520.962391503231,90687.06235131239
4520.985902853048,90854.50769193778
4521.009414325137,90734.02736715935
4521.032925919498,90522.69501757379
4521.056437636131,90818.749010759
4521.079949475037,90987.5916653421
4521.103461436217,90918.63955515074
4521.126973519671,90990.17313732086
4521.1504857254,90074.93329720222
4521.173998053406,90137.45004101195
4521.197510503687,90371.10855138418
4521.221023076246,90508.0087670185
4521.244535771081,90151.50975291737
4521.268048588196,89975.7258605953
4521.291561527588,89954.66251266036
4521.315074589261,89686.8321638314
4521.3385877732135,89265.59695694907
4521.362101079447,89154.69538813469
4521.385614507962,88823.88656876306
4521.409128058758,88654.72725104468
4521.432641731837,88470.57298441036
4521.4561555272,88177.64685554088
4521.479669444847,88019.5662460553
4521.503183484778,87634.9403421607
4521.526697646994,87615.36180675308
4521.550211931496,87715.40148340762
4521.573726338285,87058.73949562389
4521.597240867361,86448.3293365938
4521.620755518725,85370.96723976926
4521.644270292377,84124.89668357377
4521.667785188318,82716.5827101985
4521.6913002065485,79912.36007283103
4521.714815347069,77131.70504148277
4521.738330609881,73448.43477389739
4521.7618459949845,69273.01712741157
4521.7853615023805,64989.92177729236
4521.808877132068,61066.71677138828
4521.832392884051,57222.13958465377
4521.855908758326,54019.46898459579
4521.879424754898,50276.827239288825
4521.902940873763,46528.9767723056
4521.926457114926,42738.91056437979
4521.949973478385,38582.55096526289
4521.973489964141,34326.62295370971
4521.997006572195,30987.95577251979
4522.020523302547,27425.68731427956
4522.0440401552,24739.270004879316
4522.067557130151,22886.607694387396
4522.091074227403,21853.261243385678
4522.114591446956,22081.52550179763
4522.138108788811,23104.42019686908
4522.161626252969,25044.26161421589
4522.185143839429,27671.577479267304
4522.208661548193,30925.572188923794
4522.232179379262,34948.5409949418
4522.255697332635,39516.51140917182
4522.279215408314,44412.97509804776
4522.302733606299,49425.49940377476
4522.32625192659,54313.708898478486
4522.349770369189,58901.26465266377
4522.373288934097,62283.777760944235
4522.396807621313,64921.65439866389
4522.420326430839,66233.81797995977
4522.443845362674,66518.06533195225
4522.467364416821,66788.64465516908
4522.490883593277,66950.90149274922
4522.514402892047,66686.19149130899
4522.537922313129,67504.87536425126
4522.561441856524,68510.61338798335
4522.584961522233,70979.0643459848
4522.608481310256,73113.5348401789
4522.632001220595,75333.85542540804
4522.655521253249,77368.717981475
4522.67904140822,79056.16528620968
4522.702561685507,79828.5066246574
4522.7260820851125,81439.54915329721
4522.749602607036,81296.60411037461
4522.773123251279,81442.65756779538
4522.796644017841,81123.10778382934
4522.820164906722,80424.42041358576
4522.8436859179255,79778.21953769542
4522.86720705145,80004.09431053739
4522.890728307297,80444.71607802153
4522.914249685466,80601.10972999099
4522.937771185959,81733.57988259514
4522.961292808775,83110.03562024342
4522.984814553916,84249.70541629591
4523.008336421383,84632.75880059347
4523.031858411176,85302.22947538353
4523.055380523295,86209.95540287145
4523.078902757741,86624.04705792402
4523.102425114515,86756.92197142162
4523.125947593618,87471.53139749891
4523.14947019505,88052.25718754614
4523.17299291881,87785.76621139048
4523.196515764902,87573.88406690887
4523.220038733325,87414.4389801056
4523.24356182408,86758.22391698517
4523.267085037166,86383.04328935384
4523.290608372586,85540.2612922384
4523.314131830339,84688.28457411529
4523.337655410426,83776.07508815335
4523.361179112848,83281.46790759581
4523.384702937606,83430.8028173443
4523.4082268847,83502.21942888158
4523.43175095413,83992.87676538917
4523.455275145898,84663.04521189757
4523.478799460003,85760.74508401225
4523.502323896448,86635.3124116032
4523.525848455231,87142.18598533876
4523.549373136355,87379.72159756247
4523.572897939819,88112.62046442786
4523.596422865624,88834.17039877582
4523.619947913771,88515.25330287787
4523.64347308426,89295.72102094951
4523.6669983770935,89960.03058264898
4523.69052379227,89689.76246658231
4523.71404932979,89654.99067903988
4523.737574989656,89796.49661535138
4523.761100771868,89711.57393339786
4523.784626676425,89221.14319679538
4523.80815270333,89118.540201854
4523.831678852582,88453.55023284323
4523.855205124182,88187.37377498139
4523.878731518132,87618.75182903974
4523.90225803443,86560.75502645421
4523.925784673079,85354.15350700186
4523.949311434078,83394.15730986779
4523.972838317429,81770.8657021748
4523.996365323132,79193.49387946239
4524.019892451187,76409.9380741841
4524.043419701596,72871.86142210486
4524.066947074358,69342.78928237116
4524.090474569475,65607.56621096245
4524.114002186947,62525.45155769083
4524.137529926776,60580.452759644184
4524.16105778896,59818.83325942452
4524.184585773502,60517.120715828714
4524.208113880401,61338.956212537516
4524.231642109658,63092.30247268643
4524.255170461275,63478.47340742246
4524.278698935252,63697.21735809738
4524.302227531588,63413.85698170885
4524.325756250286,61581.973911811874
4524.349285091344,60322.38904692901
4524.372814054766,58880.44480735036
4524.39634314055,57778.60228750126
4524.419872348698,57200.589790519654
4524.443401679209,56103.79421675034
4524.466931132086,55087.23543169386
4524.490460707327,53415.967259591256
4524.513990404935,51432.302893707936
4524.537520224909,48763.076712742004
4524.561050167251,46072.38245212278
4524.58458023196,43971.185082261094
4524.608110419038,43221.93806643584
4524.631640728486,43354.85938723112
4524.655171160302,44554.66851745599
4524.67870171449,46893.98905657459
4524.702232391049,49688.56788689193
4524.725763189979,53413.95858444714
4524.749294111281,57593.14365220476
4524.772825154957,61686.3675367283
4524.796356321007,65817.86739518864
4524.81988760943,69716.15254419971
4524.843419020229,73300.94139651443
4524.866950553403,76667.42439024177
4524.890482208953,79631.43890041905
4524.91401398688,81612.6249996178
4524.937545887185,83968.42001524681
4524.961077909867,85450.633014122
4524.984610054928,86882.95301887077
4525.008142322369,87933.18067503226
4525.03167471219,88179.85569456012
4525.055207224391,88665.87894562572
4525.078739858974,89462.14836573548
4525.102272615938,89525.25964667155
4525.125805495285,89714.39974796207
4525.149338497015,89558.89916185955
4525.172871621129,89252.22116895534
4525.196404867627,89145.85085680641
4525.219938236511,88580.37662756832
4525.24347172778,88327.0273378684
4525.267005341436,88041.52534496745
4525.290539077479,87194.74466206983
4525.314072935909,87035.26275379844
4525.337606916727,86763.97629044826
4525.361141019935,85969.10727772678
4525.384675245532,85425.0790614507
4525.408209593519,84425.08744887632
4525.431744063897,83687.66923313352
4525.455278656666,82371.13398320123
4525.478813371828,80774.40459894158
4525.502348209382,79485.45366270852
4525.52588316933,78171.33639038698
4525.549418251671,77095.38764128093
4525.572953456408,76389.82479321903
4525.59648878354,77033.00869020807
4525.620024233067,77515.67755247102
4525.643559804991,77908.41747174886
4525.667095499312,78403.85885662709
4525.690631316032,78369.98766752149
4525.714167255149,77569.05746742176
4525.737703316665,76480.46405599634
4525.761239500582,74383.49213470683
4525.784775806898,71676.23943970067
4525.808312235616,68436.74491868951
4525.8318487867355,65090.23859055383
4525.855385460257,61722.53766875927
4525.878922256182,59648.08234247138
4525.902459174509,57851.744244524765
4525.925996215242,57488.867177690074
4525.949533378379,57971.4569647529
4525.973070663921,58637.5656517576
4525.99660807187,60442.80088410259
4526.020145602225,62460.40946155182
4526.043683254988,65090.863755229686
4526.067221030158,67552.11058989789
4526.090758927738,70642.26180753483
4526.114296947727,73202.08917483153
4526.137835090125,75888.13961674811
4526.161373354934,77655.1600801012
4526.184911742154,78806.45797062734
4526.208450251786,79323.71047723977
4526.231988883831,78995.92522135947
4526.255527638289,77908.89202938098
4526.279066515161,75920.06714971502
4526.302605514446,73193.10560440853
4526.326144636147,70232.91917946718
4526.349683880263,67727.59937627746
4526.373223246796,65534.60348861713
4526.396762735746,64997.141921508504
4526.420302347113,66093.76471852917
4526.443842080898,67560.73738410806
4526.467381937103,69573.09183182447
4526.490921915726,72492.33370886176
4526.51446201677,74885.38311767601
4526.538002240234,77224.89797561822
4526.561542586121,78635.21437404832
4526.585083054428,79755.95196133704
4526.608623645158,79667.25888871471
4526.632164358312,79353.99860879827
4526.65570519389,78219.51031256795
4526.679246151893,76312.42840145342
4526.70278723232,73663.16596359009
4526.726328435174,70395.38115000472
4526.749869760453,67515.70623509928
4526.77341120816,64918.161771346764
4526.796952778294,63640.09554897623
4526.820494470858,63746.49153694448
4526.84403628585,64844.05619556413
4526.867578223271,66576.26840741995
4526.891120283123,68678.81113478128
4526.914662465407,71444.92723964743
4526.938204770121,73707.18273777424
4526.961747197268,76301.50607730275
4526.985289746847,78648.82272728583
4527.00883241886,80748.5375393191
4527.032375213307,82582.73052460939
4527.055918130189,83860.35146190664
4527.0794611695055,84979.70750806069
4527.103004331259,85588.98499381522
4527.126547615449,85997.51349737438
4527.150091022077,86380.64321967991
4527.173634551142,86185.21137179098
4527.197178202645,85734.02044029947
4527.220721976588,85501.0473720898
4527.244265872971,85393.23142552737
4527.267809891794,85510.48424280103
4527.291354033058,85589.1982498914
4527.314898296764,85965.52886321733
4527.3384426829125,86329.49567640013
4527.361987191503,86551.07757958201
4527.385531822539,87407.75066369888
4527.409076576018,87805.78324351547
4527.432621451942,87853.18835657746
4527.456166450313,87541.73039195905
4527.479711571129,88399.04287802597
4527.5032568143915,88343.23035137847
4527.526802180102,88953.67445908753
4527.550347668261,88547.28433419282
4527.573893278868,88844.90210915696
4527.5974390119245,87937.07321630302
4527.620984867432,87109.04535907613
4527.6445308453885,86277.23424471
4527.668076945797,85661.92274235857
4527.691623168658,84048.41260227424
4527.715169513971,82138.69228294835
4527.738715981737,79787.3188225559
4527.762262571958,77053.7634183975
4527.785809284633,73487.3256495719
4527.809356119762,69482.77490006658
4527.8329030773475,64391.067252393004
4527.85645015739,58671.913686469336
4527.879997359889,53504.94656336332
4527.903544684846,48109.34346883247
4527.92709213226,42405.96344896365
4527.950639702134,38204.70944199421
4527.974187394468,34217.18885753868
4527.997735209262,31239.580899146033
4528.021283146517,28847.367825819092
4528.044831206233,27424.670968001345
4528.068379388411,27040.07373093368
4528.091927693052,27986.38522182497
4528.115476120156,29715.411806993518
4528.139024669725,32535.033448673952
4528.162573341758,36108.29197407791
4528.186122136256,40072.942325809854
4528.2096710532205,44049.8250029194
4528.233220092651,48466.15203799339
4528.25676925455,52916.01131045136
4528.280318538916,57456.783039597125
4528.30386794575,62045.71424796909
4528.327417475054,66520.43068584766
4528.3509671268275,70322.53429641643
4528.374516901071,74230.7537624079
4528.398066797786,77583.08527976474
4528.421616816972,79703.52704434768
4528.4451669586315,81670.26418110987
4528.468717222763,83289.66331180574
4528.492267609368,84565.6236526593
4528.515818118448,85097.4647628423
4528.539368750003,85697.83521109248
4528.562919504033,85800.84652405423
4528.586470380538,85470.80025664417
4528.610021379522,85011.67924366248
4528.633572500982,84060.66300627122
4528.657123744921,82331.36305821617
4528.680675111337,80904.6228421784
4528.704226600234,78223.94155909853
4528.72777821161,74899.91510264545
4528.751329945467,71427.95868024392
4528.774881801805,67130.0658675489
4528.798433780626,62254.892017974555
4528.8219858819275,56436.897573368464
4528.845538105714,50701.76350407566
4528.869090451983,45168.90342619098
4528.892642920737,40900.70002313732
4528.916195511976,36933.295319849065
4528.939748225701,34575.57843512959
4528.963301061912,33950.15114469705
4528.98685402061,34634.10531955821
4529.010407101795,36255.5531973522
4529.033960305469,38994.229833870726
4529.057513631631,42159.111456667786
4529.081067080284,45929.9801025149
4529.104620651426,49750.527467425265
4529.128174345059,53705.53699963547
4529.151728161184,57877.751407675816
4529.1752820998,62392.955981541454
4529.198836160909,66229.22721299742
4529.222390344512,69896.89548787719
4529.245944650609,73525.00000437329
4529.2694990792,75944.65811324625
4529.2930536302865,77997.52185517407
4529.316608303869,80322.38195074162
4529.340163099948,82119.17681219897
4529.363718018524,83689.50945233696
4529.387273059598,84967.4099197286
4529.41082822317,85791.84498735465
4529.434383509241,86594.5170562504
4529.4579389178125,87680.40942415017
4529.4814944488835,88586.75669783914
4529.505050102456,88438.98979719156
4529.5286058785305,88692.99391279995
4529.552161777106,89432.2385133062
4529.575717798186,89834.31002084231
4529.599273941769,90098.53509680656
4529.622830207855,90112.83283988482
4529.646386596447,89799.18870185436
4529.669943107544,90057.0390317969
4529.693499741147,90016.41896229683
4529.7170564972575,89936.8031888914
4529.740613375874,89780.38252239382
4529.764170377,89896.17635086385
4529.787727500633,89673.47338267177
4529.811284746776,89254.42702104157
4529.83484211543,89279.18833700343
4529.858399606594,89125.74050022304
4529.881957220268,88601.75059436976
4529.905514956455,88189.77987015872
4529.929072815154,87761.95896413153
4529.952630796365,87621.68237414476
4529.976188900091,86924.26805564086
4529.999747126331,85984.77864244566
4530.023305475087,84946.52480015939
4530.046863946358,83192.15152729372
4530.070422540145,80870.71897870312
4530.093981256448,78140.7560745945
4530.11754009527,75376.53358565689
4530.14109905661,72414.71860269264
4530.164658140468,70192.7344499217
4530.188217346847,68746.43036443129
4530.211776675745,67849.4985973881
4530.2353361271635,67893.72634601302
4530.258895701104,68367.26976240534
4530.282455397566,68781.97481573216
4530.306015216551,68686.45588260822
4530.329575158059,68600.833986942
4530.353135222091,67351.69754977059
4530.376695408648,66129.3674409118
4530.400255717729,64423.04686053742
4530.423816149337,62847.41036557354
4530.447376703471,60881.54461356369
4530.470937380132,58481.27928433353
4530.4944981793205,55645.81711124567
4530.5180591010385,51983.35023280615
4530.5416201452845,48792.38942525922
4530.56518131206,45314.5908214719
4530.588742601367,43420.59076137422
4530.612304013204,43476.480436456266
4530.635865547572,44788.54173446045
4530.659427204474,47785.966354741715
4530.682988983907,51712.92599334837
4530.706550885875,56233.5678327653
4530.730112910376,61189.2483550269
4530.753675057413,65910.88818502153
4530.777237326984,69770.7679084424
4530.800799719092,73171.70696723304
4530.824362233736,76218.8503519621
4530.847924870917,79035.87517409131
4530.871487630637,80669.26838529036
4530.895050512895,82194.4446389734
4530.918613517692,82863.87036045872
4530.942176645029,82893.68976289002
4530.965739894907,82244.30126141646
4530.989303267325,80884.57323082788
4531.012866762286,79367.02036830552
4531.036430379789,78313.13130698077
4531.059994119834,76765.79856370136
4531.083557982424,75630.26969463022
4531.107121967558,75954.48509606597
4531.130686075237,76480.61644142015
4531.154250305462,77869.04561451475
4531.177814658232,78932.22073716849
4531.201379133549,80643.94723202895
4531.224943731415,82417.5656120092
4531.248508451828,83807.48584939874
4531.272073294789,84232.52735935613
4531.295638260301,85934.78517509364
4531.319203348362,87049.58054284603
4531.342768558974,87776.63496926903
4531.366333892138,87878.4877158021
4531.389899347852,88501.37170955299
4531.4134649261205,89273.46992539706
4531.437030626942,89533.13142054531
4531.460596450317,89279.80602690918
4531.484162396247,89133.5918971962
4531.507728464731,89000.01270229732
4531.5312946557715,88797.86183590439
4531.554860969369,88131.97666678096
4531.578427405522,88326.80810249365
4531.601993964234,87116.17512464487
4531.625560645504,87064.26790397704
4531.649127449333,86778.52963073303
4531.672694375721,86693.56180088714
4531.69626142467,86487.89432513149
4531.7198285961795,85883.23467396156
4531.743395890251,85601.37224554589
4531.7669633068845,85244.80499000206
4531.79053084608,85348.06064727466
4531.81409850784,85466.5712857481
4531.837666292164,85605.4386830847
4531.861234199052,85413.4990963141
4531.884802228506,85902.3648807004
4531.9083703805245,85807.10130480595
4531.9319386551115,85965.91551125386
4531.955507052265,85855.61402673535
4531.979075571986,86671.11778345967
4532.002644214276,86791.67611907453
4532.026212979135,87282.18319846923
4532.049781866564,87366.38190250032
4532.073350876563,87558.93178317726
4532.096920009134,88164.57029828057
4532.120489264276,88360.47609102323
4532.14405864199,88666.14969435828
4532.167628142278,88000.37738430631
4532.191197765139,87406.75093101445
4532.214767510574,87296.23326434055
4532.238337378584,86342.71158240698
4532.26190736917,85758.56484780615
4532.285477482333,84937.08925043358
4532.309047718071,82969.66077142823
4532.332618076388,80974.79253268249
4532.356188557282,78537.39824996992
4532.379759160755,75736.82874200231
4532.403329886807,72850.99857956791
4532.42690073544,70032.42474043767
4532.450471706653,67884.83926318727
4532.474042800447,66865.68707216287
4532.497614016824,66005.18863512724
4532.521185355782,65113.436030631216
4532.544756817325,64509.91015906715
4532.56832840145,62654.9646379511
4532.591900108161,61157.47200942816
4532.615471937456,58882.49609587534
4532.639043889338,56126.994723955795
4532.6626159638045,53445.545503828056
4532.686188160859,52690.55911351987
4532.709760480501,53244.6274901288
4532.733332922732,54789.25270196634
4532.756905487551,58172.35540090723
4532.780478174961,61606.2131727535
4532.80405098496,65279.90147506348
4532.82762391755,69484.76812615726
4532.8511969727315,72587.90799452583
4532.874770150505,75699.26167948301
4532.898343450872,78585.9009683825
4532.921916873831,80312.59255291891
4532.945490419385,82119.979040486
4532.969064087533,83017.86978997715
4532.9926378782775,83696.17493286345
4533.016211791617,83968.66533661885
4533.039785827554,82878.97908703264
4533.063359986087,81568.28984109014
4533.086934267219,79426.73112093746
4533.110508670949,76616.20755101799
4533.1340831972775,73205.083040521
4533.157657846206,69089.5813059422
4533.181232617735,64119.010203789956
4533.2048075118655,58702.692219839504
4533.228382528597,53088.859022122946
4533.2519576679315,47448.09851341154
4533.275532929869,41543.019622944186
4533.29910831441,35879.67031974898
4533.322683821554,30877.92202387034
4533.346259451304,26778.525216803253
4533.36983520366,23196.513793050235
4533.393411078621,20405.57248596366
4533.416987076189,18601.42008814041
4533.4405631963655,17407.650978485377
4533.464139439149,16692.2424938325
4533.487715804541,16851.000535422434
4533.511292292543,17196.135353197027
4533.534868903154,17791.016262908503
4533.558445636377,18996.61471665853
4533.582022492211,20487.234833144037
4533.605599470657,22581.595571704656
4533.629176571714,25925.3957885725
4533.652753795385,29908.305148497802
4533.676331141671,35220.00342519176
4533.69990861057,41086.47194505186
4533.723486202084,47033.05403247888
4533.747063916215,52678.35973527878
4533.770641752961,58578.7057139878
4533.794219712325,63687.48858993382
4533.817797794305,68160.0896303089
4533.841375998905,71914.92275950007
4533.864954326124,75384.6607253976
4533.888532775961,77791.63180434113
4533.912111348419,80326.47594892452
4533.935690043498,82230.02813780894
4533.959268861198,83044.03734168274
4533.982847801521,83264.33257589757
4534.0064268644655,83334.74839977149
4534.030006050034,82736.30953911843
4534.053585358226,81854.70503780941
4534.077164789043,80178.295949869
4534.100744342485,77866.01286726513
4534.124324018553,74879.79222538523
4534.147903817248,71473.05674615543
4534.17148373857,67517.98657412993
4534.19506378252,64032.811404317035
4534.218643949098,61685.33787090119
4534.242224238305,60911.76881731213
4534.265804650143,61646.292558814406
4534.28938518461,63635.14582866052
4534.312965841708,66241.72141880245
4534.336546621438,69599.1208807299
4534.360127523801,72377.41939506252
4534.383708548797,75334.62339239247
4534.407289696425,78136.30869194068
4534.430870966688,79767.33229977306
4534.454452359586,81089.77016721797
4534.47803387512,82580.53955738284
4534.501615513289,83252.89509594339
4534.525197274095,83455.96834137806
4534.548779157539,83341.20710464427
4534.57236116362,83132.50045266634
4534.595943292341,83613.76880721054
4534.619525543701,83500.04347267057
4534.6431079177,83545.8045900833
4534.66669041434,83916.50428318049
4534.690273033621,84327.54500531286
4534.713855775545,84003.11464646997
4534.737438640111,84273.71812853368
4534.76102162732,84288.74514522022
4534.784604737172,83497.54788659015
4534.808187969669,83109.30382810076
4534.831771324812,82378.64091602879
4534.855354802599,81292.80463293297
4534.878938403033,79925.79924230327
4534.9025221261145,77738.98850344666
4534.926105971843,74992.18585370903
4534.949689940219,71620.4038085339
4534.973274031246,68292.36904765537
4534.996858244921,64988.89116333984
4535.020442581246,62270.03199719555
4535.044027040222,60883.05224180057
4535.06761162185,59727.897075648114
4535.09119632613,59465.61369925229
4535.114781153062,59405.982743615124
4535.1383661026475,59297.36152191859
4535.161951174887,60260.284149130996
4535.185536369781,61403.75606204699
4535.209121687331,62632.75763186358
4535.232707127537,63966.41984817604
4535.256292690398,64430.47465252025
4535.279878375917,64423.475728953796
4535.303464184094,63949.893777515696
4535.32705011493,62538.35606639294
4535.350636168424,61057.40630222244
4535.374222344578,59839.94476702078
4535.397808643393,59488.831350162756
4535.421395064868,59220.6200990716
4535.4449816090055,59677.91576613695
4535.4685682758045,60452.112281127134
4535.492155065267,61617.33218383882
4535.515741977392,63469.63243502037
4535.539329012183,66229.64544913048
4535.562916169637,69269.729027326
4535.586503449757,72600.92862603437
4535.610090852544,75884.07153905516
4535.633678377997,78706.64492435365
4535.657266026117,81091.90626632117
4535.680853796906,82973.57686276702
4535.704441690363,84753.03616093763
4535.728029706489,85925.22366885057
4535.751617845286,86582.88326952807
4535.775206106752,87779.3338658227
4535.798794490891,88203.82815249759
4535.8223829977005,88391.90749732917
4535.845971627183,88275.67848071046
4535.8695603793385,88518.39112094569
4535.893149254168,87681.202668151
4535.916738251672,87338.66374344063
4535.94032737185,86794.4795317685
4535.963916614704,86739.88266845566
4535.987505980234,86340.00295092489
4536.011095468442,86591.92892469183
4536.034685079328,87417.49053897314
4536.058274812891,87444.44965456438
4536.081864669133,87604.64632512437
4536.105454648055,88000.13586186749
4536.129044749657,88340.86751551756
4536.152634973939,88265.50380262913
4536.176225320903,88593.61315744145
4536.199815790549,88970.1340774927
4536.223406382877,88975.80286058049
4536.24699709789,88938.82376079717
4536.270587935585,89101.33203799912
4536.294178895966,88543.1781285794
4536.317769979032,88228.43309522403
4536.341361184784,88086.10355978015
4536.364952513221,88362.84311954974
4536.388543964347,88409.86478853114
4536.41213553816,88294.01311973049
4536.4357272346615,88791.47449359977
4536.459319053853,88877.09924352713
4536.482910995733,88954.25413997634
4536.506503060304,89506.05617026545
4536.5300952475645,89656.28137283993
4536.553687557518,89666.39855651361
4536.577279990163,89976.34561798371
4536.600872545502,89481.09212807122
4536.624465223534,89414.79400251873
4536.64805802426,89889.60872730255
4536.671650947681,89700.36740243918
4536.695243993797,89950.12480858328
4536.718837162609,89704.34720884249
4536.742430454118,89992.85741815
4536.766023868325,89946.81699901352
4536.789617405229,89311.6488411712
4536.813211064832,89510.41583105747
4536.836804847135,89448.41948603874
4536.8603987521365,89905.0604103827
4536.88399277984,89650.79494147148
4536.907586930243,89789.39961051825
4536.931181203349,89630.00977768909
4536.954775599158,89728.91047563162
4536.978370117669,89410.29818518192
4537.001964758884,88821.68063249573
4537.025559522804,88700.81194482153
4537.049154409428,88662.86008029513
4537.072749418759,88027.97183320398
4537.096344550795,87603.81437793755
4537.119939805538,87575.94140978309
4537.143535182989,86973.43779462832
4537.167130683148,86542.96843189346
4537.190726306016,86588.13925563151
4537.214322051594,86547.13479522723
4537.237917919881,86274.44235925435
4537.261513910879,86189.14235024736
4537.285110024589,85518.8075511023
4537.308706261011,84773.80829822845
4537.332302620145,83976.72382147334
4537.355899101993,83632.60008130876
4537.379495706555,83440.02902537852
4537.40309243383,83069.09549043042
4537.426689283822,83627.91558290829
4537.45028625653,84164.53393639071
4537.473883351953,84400.28859549093
4537.497480570094,85383.22341883939
4537.521077910953,86450.91573005708
4537.54467537453,87225.94828971032
4537.568272960826,87426.62744340845
4537.591870669842,88347.78361931493
4537.615468501579,88749.99927771772
4537.639066456036,88633.33817927848
4537.662664533214,89201.93241958463
4537.686262733116,89674.75479711394
4537.70986105574,89623.68706557463
4537.733459501087,89653.59472846938
4537.757058069159,89680.2697095431
4537.7806567599555,89816.66554998155
4537.804255573477,89747.68174657645
4537.827854509725,89618.79741965889
4537.851453568699,89687.73261174567
4537.875052750402,89435.477547201
4537.8986520548315,88994.21554170766
4537.92225148199,88650.91652852739
4537.945851031878,88457.55756057042
4537.969450704496,87857.55117716035
4537.993050499844,87649.67989281958
4538.016650417923,87312.4927114164
4538.040250458735,86523.17999436715
4538.063850622279,86153.32481447802
4538.087450908555,85697.66609806723
4538.111051317566,85033.29665015684
4538.134651849311,84114.54722675253
4538.158252503791,82943.40309973253
4538.181853281007,82070.64238138885
4538.205454180958,81251.11366122912
4538.2290552036475,80268.40310244233
4538.252656349074,79358.53262120046
4538.276257617238,78833.30887894059
4538.2998590081415,78922.13081473495
4538.323460521784,79191.14681863048
4538.347062158167,79909.14670409317
4538.370663917291,80772.1510265811
4538.3942657991565,81305.8182725706
4538.417867803763,82455.09080490106
4538.441469931113,82786.30221431024
4538.465072181207,83318.87819486257
4538.488674554043,83572.33082053548
4538.5122770496255,84033.86537253753
4538.535879667952,84491.98267100568
4538.559482409025,84468.41996005469
4538.583085272844,85291.25104237966
4538.6066882594105,86047.67613925677
4538.630291368725,86131.88287738294
4538.653894600787,86358.12560608213
4538.6774979555985,86720.61118788664
4538.70110143316,86533.66924702318
4538.724705033472,86277.44953800754
4538.748308756534,86048.10046628192
4538.7719126023485,86079.83499514256
4538.795516570915,85595.41029796799
4538.819120662234,85041.31733241402
4538.842724876307,84282.5344978475
4538.866329213134,82915.95196449221
4538.889933672716,80891.0229142105
4538.913538255053,78596.96437574127
4538.937142960147,76116.10235260159
4538.960747787996,72749.06723144934
4538.984352738604,68595.54251004633
4539.007957811969,65018.296149608446
4539.031563008093,61185.531484915184
4539.055168326977,58493.337688682186
4539.07877376862,57369.87976399917
4539.102379333024,56541.629508673504
4539.125985020189,55771.71094961687
4539.149590830115,55303.00559522405
4539.173196762805,55552.16257352706
4539.196802818256,55834.303920241364
4539.2204089964725,57882.72313145324
4539.244015297453,60866.72406394611
4539.267621721198,63840.98985727261
4539.29122826771,67519.1748632718
4539.314834936987,71210.9636520763
4539.338441729031,73931.4487438564
4539.362048643843,77117.29770578706
4539.3856556814235,79539.96651881994
4539.409262841772,81193.59401984565
4539.4328701248905,82807.83325153
4539.456477530779,84112.07506148888
4539.480085059438,85106.86610993456
4539.503692710869,86160.37548265904
4539.5273004850715,86897.71191656703
4539.550908382047,87321.02914961989
4539.574516401795,87702.62606506457
4539.598124544318,87500.87477852608
4539.621732809615,86765.36655983655
4539.645341197687,87202.19487409487
4539.668949708535,87413.28743540472
4539.692558342161,87503.09576947679
4539.716167098562,87353.67617631782
4539.739775977742,87166.63043141237
4539.7633849797,86698.45780853658
4539.786994104437,85565.75875395432
4539.810603351954,83985.92844498373
4539.834212722251,82962.39166215032
4539.85782221533,80873.19348223455
4539.88143183119,78799.99060204167
4539.905041569832,76923.60268506248
4539.928651431256,75525.10457327608
4539.952261415465,74759.86691676834
4539.975871522458,74580.69437706313
4539.999481752235,74652.5910289603
4540.023092104798,74791.17575056682
4540.046702580147,74771.9824040647
4540.070313178283,74345.18853076894
4540.093923899206,73446.38041629987
4540.117534742917,72617.3317465504
4540.141145709416,72493.62964950321
4540.164756798706,72516.26551779726
4540.188368010784,73505.38413769
4540.211979345653,74842.66771098715
4540.235590803314,76423.13572924788
4540.259202383767,78382.8439967377
4540.2828140870115,79701.27293530169
4540.30642591305,81064.81551029789
4540.3300378618815,82100.46763643892
4540.353649933508,83878.02372891299
4540.377262127929,84401.86153813117
4540.400874445146,85013.83208136019
4540.424486885158,85176.70755543231
4540.448099447969,84592.64054237012
4540.471712133576,84420.343885336
4540.495324941982,84205.46694198759
4540.518937873187,83395.09912250417
4540.542550927191,83370.2136935875
4540.566164103995,83163.66133997032
4540.5897774036,82985.35361770533
4540.613390826007,82163.40971765843
4540.637004371216,80818.70769675027
4540.660618039226,79058.42026758156
4540.684231830041,76886.58619384815
4540.70784574366,73976.93263355616
4540.731459780083,70802.4224429648
4540.755073939311,68230.25509475243
4540.778688221346,64542.38810605533
4540.802302626186,60769.75994831199
4540.825917153834,56391.64224864813
4540.84953180429,51733.461208483
4540.873146577554,46897.24314422651
4540.8967614736275,42492.73370565971
4540.9203764925105,38400.5056252514
4540.9439916342035,35143.04539296435
4540.967606898707,33705.62025641168
4540.991222286024,33889.69778754786
4541.014837796151,35236.33259905566
4541.038453429092,37760.96829374353
4541.062069184847,41883.28383199135
4541.085685063416,46498.458468934274
4541.1093010648,51697.863056892566
4541.132917188998,57039.94619898259
4541.156533436014,62053.32184994492
4541.180149805846,66537.95530449023
4541.203766298495,70600.65953682174
4541.227382913962,74305.21948592887
4541.2509996522485,77653.3282050607
4541.274616513354,80307.50446284392
4541.2982334972785,82271.44140513585
4541.321850604025,83713.78858586676
4541.345467833591,84940.75086590236
4541.36908518598,85806.34739102902
4541.392702661192,86052.30357428206
4541.416320259225,86330.92405163363
4541.439937980084,86639.23252951413
4541.463555823767,86115.4797539475
4541.487173790274,85848.72828500337
4541.5107918796075,86954.14264382154
4541.534410091767,86691.36604028814
4541.5580284267535,86939.1170389785
4541.581646884568,87193.69256414108
4541.60526546521,87026.98451959598
4541.628884168681,87154.7610159101
4541.652502994982,87472.76563032415
4541.676121944113,87266.66431783853
4541.699741016075,87034.05606089931
4541.723360210867,87033.37149409358
4541.746979528492,85914.77646961427
4541.77059896895,85426.88429476373
4541.794218532242,84006.4971921846
4541.817838218367,82548.94169563462
4541.841458027327,81347.86726646226
4541.865077959122,79822.9055683122
4541.888698013753,78787.8959832247
4541.912318191221,78389.52376227175
4541.935938491525,78120.94831771523
4541.9595589146675,77915.22365467383
4541.983179460649,77310.63511931285
4542.0068001294685,76994.4415096524
4542.030420921129,76846.67927114083
4542.054041835629,76691.93843645621
4542.07766287297,76774.69731175962
4542.101284033153,76966.66074376034
4542.124905316178,77847.53182067153
4542.148526722046,78851.85177856786
4542.172148250757,79405.24527262853
4542.195769902313,80255.6568740089
4542.219391676714,81488.22699224178
4542.2430135739605,82125.92445394359
4542.266635594053,83660.3386282139
4542.290257736991,84198.06755721082
4542.313880002778,84782.69474806367
4542.337502391412,85423.77200587677
4542.361124902895,86492.9797866118
4542.384747537228,86931.81023291493
4542.40837029441,87216.9388599444
4542.431993174443,88148.92213124565
4542.455616177327,88634.70931758429
4542.479239303064,88603.47037607155
4542.5028625516525,89099.9932255989
4542.526485923094,88640.58308314579
4542.55010941739,88270.98633764044
4542.573733034539,89245.9430112341
4542.597356774544,89386.67938321666
4542.620980637405,89158.12680126695
4542.644604623122,89094.21096939736
4542.668228731696,89012.90557091872
4542.6918529631275,88921.2672642441
4542.715477317418,89081.4006071775
4542.7391017945665,89789.12819707894
4542.762726394575,89115.60350341068
4542.786351117444,89644.30711780018
4542.809975963173,89926.62246311016
4542.833600931764,90047.83821658157
4542.857226023217,89837.87167322554
4542.880851237532,89338.93112502965
4542.904476574711,89408.94823414682
4542.928102034754,89759.38695465546
4542.951727617662,89650.07010928361
4542.975353323434,89522.81301277141
4542.998979152074,88972.66395230195
4543.022605103579,88918.36281009846
4543.046231177952,89490.67224030316
4543.069857375192,89133.77686962084
4543.093483695301,88555.86232395604
4543.11711013828,87432.97922497914
4543.140736704127,86630.0116003125
4543.164363392845,85688.82829503668
4543.187990204435,84481.44445650939
4543.211617138895,83427.73278052149
4543.235244196228,81415.32303762599
4543.258871376435,79870.44973933428
4543.282498679515,77054.11260086765
4543.306126105469,74026.3932967507
4543.329753654298,70568.92918821325
4543.353381326003,65882.10300327404
4543.377009120583,61212.77451737979
4543.40063703804,56752.491337023916
4543.424265078375,52577.812892408394
4543.447893241588,49699.99955007033
4543.47152152768,48539.12317874445
4543.495149936651,48816.13040125423
4543.518778468501,50798.087097868236
4543.542407123233,54684.34956760261
4543.566035900846,58496.472819908224
4543.58966480134,62432.65361990126
4543.613293824718,66335.12501726559
4543.636922970978,70121.30892122707
4543.660552240122,73502.61633019982
4543.684181632151,76568.08687528521
4543.707811147065,78990.72711067788
4543.731440784864,80782.4380988786
4543.755070545551,82996.39732837112
4543.778700429123,84180.64011663818
4543.802330435584,85253.63590392102
4543.825960564933,85623.01676634418
4543.849590817171,86349.76084606578
4543.873221192298,86331.21710562758
4543.896851690316,85767.09319937782
4543.920482311224,84444.50498872387
4543.944113055024,83077.67990133325
4543.967743921716,81755.88462066888
4543.991374911301,79408.84039510817
4544.015006023779,76837.3042865748
4544.038637259151,74272.58163854001
4544.062268617418,71852.31059346045
4544.08590009858,69590.00598975804
4544.109531702638,68814.03365200521
4544.133163429594,68493.4160981734
4544.156795279446,68705.98347696727
4544.180427252196,69812.1448599446
4544.204059347844,71318.60260800754
4544.2276915663915,72836.21086985759
4544.251323907839,74268.29590641675
4544.274956372187,75205.82526003047
4544.298588959436,75718.71133438213
4544.322221669587,75023.10002861697
4544.34585450264,74586.82906879252
4544.369487458595,73336.16189970789
4544.393120537456,71066.32831858764
4544.4167537392195,68535.83840516495
4544.440387063888,65570.45814713827
4544.464020511462,61628.954457617845
4544.487654081943,57327.25539948519
4544.51128777533,53021.6079855411
4544.534921591625,48568.14248774648
4544.558555530828,45707.5450696983
4544.582189592939,43934.65363972047
4544.605823777961,43636.12557044835
4544.629458085892,45159.51817248509
4544.6530925167335,47862.64043396896
4544.676727070487,51516.724729294976
4544.700361747152,55302.16100168404
4544.723996546729,58965.974023452196
4544.74763146922,62776.47040006259
4544.771266514625,66406.97269810952
4544.794901682943,69405.28896606933
4544.818536974178,72049.29821523523
4544.842172388328,74543.65667849506
4544.865807925395,76869.97972960121
4544.889443585378,79330.304845213
4544.91307936828,80983.77935842137
4544.936715274099,81920.39496026316
4544.960351302838,82891.26972949867
4544.983987454496,83853.28002870466
4545.007623729074,84766.47040289857
4545.031260126573,85647.31032294905
4545.054896646994,86171.33849682566
4545.078533290337,86447.17362883572
4545.1021700566025,86610.26959504545
4545.125806945792,86866.56986248975
4545.1494439579055,86743.46503145002
4545.173081092943,86218.25860341091
4545.196718350907,85600.11173292747
4545.220355731796,84265.27009213615
4545.243993235612,82378.16714951121
4545.267630862356,80396.11812063953
4545.291268612027,78002.20148375677
4545.314906484627,75123.14959906739
4545.338544480156,72268.90908971563
4545.362182598615,69273.07210210992
4545.385820840004,66639.49384315996
4545.409459204325,65134.18724477765
4545.433097691576,65345.2893305707
4545.456736301761,66389.70475458843
4545.480375034879,68960.7576636431
4545.50401389093,71590.33417612646
4545.527652869916,73894.99374710696
4545.551291971837,76281.88548921024
4545.574931196693,78708.86736501967
4545.5985705444855,80975.86478017516
4545.6222100152145,82657.17883315774
4545.645849608881,84090.2237628211
4545.669489325486,84561.86692020352
4545.69312916503,86651.76505412828
4545.716769127513,87531.05104347199
4545.740409212936,88042.55930282462
4545.7640494213,88372.06659541183
4545.787689752606,88349.5644998926
4545.811330206853,88397.63818327837
4545.8349707840425,88494.67038740446
4545.8586114841755,88446.65120333285
4545.882252307253,88550.27394165224
4545.905893253274,88508.65566312049
4545.929534322241,88248.74236625814
4545.953175514154,87896.57590271931
4545.976816829013,88126.69190883075
4546.00045826682,88150.04196097414
4546.024099827573,87447.90193802388
4546.0477415112755,87245.49880532117
4546.071383317927,86917.03593868029
4546.095025247528,86643.94506660347
4546.118667300079,86537.66576778909
4546.142309475582,86219.94835435788
4546.165951774035,86236.06575184375
4546.189594195442,85538.87271238047
4546.2132367398,85139.62865186087
4546.236879407113,84393.2671681422
4546.260522197379,83064.32320143408
4546.2841651106,81184.15774592086
4546.3078081467775,79437.29781501213
4546.3314513059095,76936.58195157802
4546.355094588,74303.55785690076
4546.378737993046,72427.71527400096
4546.402381521051,70905.683946652
4546.426025172014,69972.34768524814
4546.4496689459365,70450.82970024704
4546.47331284282,71229.38627612052
4546.496956862662,71204.28856736278
4546.520601005466,73165.61452197937
4546.544245271232,75279.71711457359
4546.567889659961,75971.75029107807
4546.591534171653,76289.82874023553
4546.615178806308,76797.00388232738
4546.638823563928,77172.64001051203
4546.662468444512,77577.92102617212
4546.686113448062,78360.15102221144
4546.70975857458,79105.25117163458
4546.733403824062,79860.76860762273
4546.757049196513,81640.93085277788
4546.780694691933,82843.66281943278
4546.804340310321,83743.98671119969
4546.827986051679,85011.91568568759
4546.851631916006,85865.74536818948
4546.875277903305,86422.90445690359
4546.898924013575,86786.73041723722
4546.922570246817,87150.68235488434
4546.946216603032,87398.10004793663
4546.9698630822195,87796.18150225037
4546.993509684381,87970.02922630416
4547.017156409518,87272.73642732091
4547.04080325763,87348.26918479022
4547.064450228717,86320.1043416556
4547.088097322781,84540.52857746264
4547.111744539822,82884.35578238692
4547.135391879841,81253.368049488
4547.159039342839,79058.94740461506
4547.182686928815,75588.4115089917
4547.206334637772,71918.89296213281
4547.229982469708,68039.25490367007
4547.253630424626,63861.54988069724
4547.277278502525,60623.04702363086
4547.300926703407,58962.81689439405
4547.324575027272,59019.412945717304
4547.34822347412,60264.69667305867
4547.371872043952,63132.87213570071
4547.395520736769,66787.20818410927
4547.4191695525715,69874.3775448213
4547.4428184913595,72652.60218288464
4547.466467553135,75538.19279818625
4547.4901167378985,78233.94797109895
4547.5137660456485,80318.58113389259
4547.537415476389,81943.97544074267
4547.561065030117,83622.39182647424
4547.584714706836,85316.13505685535
4547.6083645065455,86484.47010237139
4547.632014429246,87411.55688637511
4547.655664474938,88375.7483450202
4547.679314643623,88441.74474169241
4547.702964935301,88892.17063764864
4547.726615349973,88960.59796533742
4547.750265887639,89312.22958789258
4547.773916548301,89162.91953626277
4547.797567331958,88907.92741865697
4547.8212182386105,89088.14166709736
4547.844869268261,89251.41452861528
4547.86852042091,89047.04517688735
4547.892171696555,88661.38756684796
4547.915823095201,88757.72064095177
4547.9394746168455,88578.74413571577
4547.96312626149,88230.87229918466
4547.986778029136,88007.70885005048
4548.010429919783,87006.50179031982
4548.034081933432,85859.51723375375
4548.057734070085,84812.92602781873
4548.08138632974,83761.62416844635
4548.1050387124,82248.12332365512
4548.128691218063,80380.97181368907
4548.152343846733,78712.83385679711
4548.175996598408,76796.7896469656
4548.19964947309,74605.21587046511
4548.223302470779,74206.84598267241
4548.246955591476,74032.86485761385
4548.2706088351815,74431.2691819489
4548.294262201896,76129.03103214195
4548.31791569162,76969.91224976256
4548.341569304355,77776.70373786152
4548.365223040101,78681.56759303872
4548.388876898858,78775.89545198914
4548.412530880629,78874.24065489824
4548.436184985411,78931.07747486193
4548.4598392132075,77862.06175429524
4548.483493564018,76378.65458766588
4548.507148037844,74506.66039880089
4548.530802634686,71810.51533064824
4548.554457354543,68672.99290553387
4548.578112197417,64380.90917894302
4548.601767163308,60205.3575676411
4548.625422252218,55439.12157825025
4548.649077464146,51209.300167012596
4548.672732799095,47912.124417442814
4548.696388257063,44481.23871109189
4548.7200438380505,41038.58340250737
4548.74369954206,38066.10854381709
4548.767355369092,34928.923746683635
4548.7910113191465,31436.598005402244
4548.814667392224,28008.06526143383
4548.838323588326,24968.886625454295
4548.861979907451,22367.012718153346
4548.8856363496025,19671.744727114634
4548.909292914779,17692.40496087327
4548.932949602982,15984.435761661292
4548.956606414212,14616.317178204461
4548.9802633484705,13667.759488508511
4549.003920405757,12938.137152397612
4549.027577586072,12347.394159990103
4549.051234889416,12111.420100142028
4549.074892315792,12174.453274586087
4549.098549865197,12344.264094245314
4549.1222075376345,12982.949043509241
4549.145865333105,13817.785591561722
4549.169523251607,14600.336765523667
4549.1931812931425,15882.219801290854
4549.216839457713,17444.256016598392
4549.240497745318,19343.758491020333
4549.264156155958,22193.9617535379
4549.287814689634,25929.768523745435
4549.311473346346,30657.488561431186
4549.335132126096,36146.05633986355
4549.358791028884,41860.65234028585
4549.382450054711,47715.15454472003
4549.406109203577,53503.12559311448
4549.429768475482,58590.25366486946
4549.453427870429,62832.000670454756
4549.477087388415,67333.14156511259
4549.500747029445,70766.00411535398
4549.524406793516,73702.75532175781
4549.548066680631,75966.78416421152
4549.571726690789,77814.85175315024
4549.595386823991,79563.65388166036
4549.6190470802385,81088.64006592547
4549.642707459531,82032.19285407287
4549.6663679618705,82617.59553047178
4549.690028587257,83289.27040222642
4549.71368933569,83975.84514371493
4549.737350207172,84424.23321629538
4549.761011201703,84373.07245364223
4549.784672319283,84495.52740015142
4549.808333559913,85659.92019725111
4549.831994923594,86231.94735415207
4549.855656410326,86524.98024543081
4549.879318020111,86570.58327059454
4549.902979752947,86974.39775423074
4549.926641608838,87075.62905556634
4549.950303587782,87026.18608098934
4549.973965689781,86721.27303018814
4549.997627914835,86191.0770877098
4550.021290262945,85500.92249042758
4550.044952734111,83741.73125162658
4550.068615328334,82416.32209757123
4550.092278045615,80373.44365616314
4550.115940885955,77467.51018839837
4550.139603849353,74094.31683640352
4550.163266935811,71096.13433193573
4550.18693014533,67884.44354063345
4550.21059347791,65831.03648557034
4550.234256933551,65343.53676482665
4550.257920512255,65905.46586065792
4550.281584214021,67824.55042282253
4550.305248038851,70559.29099984177
4550.328911986744,72841.25754153595
4550.352576057703,74832.40355049825
4550.376240251728,77080.22797172231
4550.399904568818,79604.46818260053
4550.4235690089745,81125.02025371105
4550.447233572199,82767.79292595993
4550.470898258492,83856.59393031742
4550.494563067853,85008.64858339913
4550.518228000283,85738.90385419427
4550.5418930557835,85812.41017672642
4550.565558234354,85707.859360487
4550.589223535996,85058.9020989865
4550.61288896071,84193.33339586094
4550.636554508496,83064.880138916
4550.660220179356,81493.97961213994
4550.68388597329,80639.55976975898
4550.707551890297,79937.91847891585
4550.73121793038,79372.8471255607
4550.754884093538,79944.6231310237
4550.778550379773,80796.30887007261
4550.802216789085,81224.45328900176
4550.825883321474,81912.98534629744
4550.8495499769415,83231.02836788111
4550.873216755488,84242.93149174009
4550.896883657114,85257.40715431969
4550.92055068182,85963.02662767215
4550.944217829607,86113.37838069479
4550.9678851004755,86370.84332198929
4550.991552494425,86417.62411799289
4551.015220011459,85724.6967902886
4551.038887651575,85300.79541479085
4551.062555414776,85312.03336203392
4551.086223301061,84902.89447734947
4551.1098913104315,84335.11642980172
4551.133559442888,84603.41484218695
4551.157227698432,84985.03673005234
4551.180896077061,85702.42591665135
4551.204564578779,86112.21822994552
4551.228233203587,86349.05966788768
4551.251901951482,86694.6724103475
4551.275570822468,87087.31924399188
4551.299239816543,87647.16349852354
4551.32290893371,87842.37587342033
4551.346578173969,87388.19304068577
4551.370247537319,87660.94902783539
4551.393917023764,87939.22080583668
4551.417586633301,87249.75349658338
4551.4412563659325,86626.02562217243
4551.464926221659,86476.60485039353
4551.488596200481,84731.26833129725
4551.512266302399,83143.65705176519
4551.535936527415,81337.4014391794
4551.559606875528,78838.30302723391
4551.583277346738,75706.22685835342
4551.606947941047,72328.10671469006
4551.630618658456,68458.02826841817
4551.654289498965,63969.44330320427
4551.677960462574,59776.63958099721
4551.701631549286,55964.0060352097
4551.725302759098,52400.37233207756
4551.748974092013,50283.65295758327
4551.7726455480315,49228.71316975294
4551.796317127154,49556.58515547674
4551.81998882938,50536.15036333463
4551.843660654713,51268.05468682585
4551.86733260315,52058.77104564481
4551.891004674694,53147.48356291608
4551.914676869345,53841.123949099005
4551.938349187104,54803.99262009586
4551.962021627972,56581.56034685845
4551.985694191948,58543.5877262338
4552.009366879033,60612.374795824224
4552.03303968923,63255.765259804946
4552.056712622536,66536.70962127266
4552.080385678955,69559.81911525244
4552.104058858486,72275.83250003865
4552.127732161129,75032.40405563604
4552.151405586886,77823.21930123438
4552.175079135757,79944.20062911419
4552.1987528077425,81965.58796246293
4552.222426602843,83474.18809411666
4552.246100521061,85137.65400797056
4552.269774562395,86391.29815519477
4552.293448726846,87098.63927585015
4552.317123014414,87741.54010193447
4552.340797425102,88127.16615150982
4552.364471958909,88408.78920587298
4552.3881466158355,88723.261090141
4552.411821395883,88662.12607744317
4552.435496299051,88609.71047376301
4552.459171325341,88862.62303265854
4552.482846474753,88111.89153466624
4552.506521747289,88327.91457204706
4552.530197142948,87905.93045177922
4552.553872661732,87451.49447644432
4552.5775483036405,87186.29143476597
4552.601224068675,86883.93982002616
4552.624899956835,86474.0788456137
4552.648575968123,86526.3753287891
4552.672252102538,86790.84524459291
4552.695928360081,86969.15580754567
4552.719604740752,87281.15150782351
4552.743281244554,87189.1378482219
4552.766957871485,87389.68589581623
4552.790634621548,87630.11258670782
4552.814311494741,87626.35794139688
4552.837988491066,88433.93725122239
4552.861665610525,88328.03430417847
4552.8853428531165,88369.59855635387
4552.909020218842,88275.47524058756
4552.932697707703,88552.49085820495
4552.956375319697,88290.35134374781
4552.980053054829,88142.4529017906
4553.003730913097,87963.39039118374
4553.027408894502,87822.44307213504
4553.051086999044,87527.15478921802
4553.074765226725,86360.93653401411
4553.098443577545,85537.36743954061
4553.122122051505,83912.94561988451
4553.1458006486055,81860.84370991348
4553.169479368847,80026.97993956109
4553.193158212229,76360.94359535152
4553.216837178754,72901.02163205032
4553.240516268423,68929.74356570892
4553.264195481233,63586.66267207578
4553.28787481719,58001.8855955493
4553.31155427629,52354.46006305898
4553.335233858536,46177.01647059127
4553.358913563929,40134.94376300828
4553.382593392467,34648.4679112924
4553.406273344153,29851.120053513074
4553.429953418988,25864.08521868738
4553.45363361697,22693.191901624334
4553.477313938103,21017.743789970278
4553.500994382385,20099.28812690549
4553.524674949818,20533.312709599915
4553.548355640402,22470.581614140898
4553.5720364541385,25973.033919138343
4553.5957173910265,30300.69031843669
4553.619398451068,35377.55105383653
4553.643079634264,40945.83398369906
4553.666760940614,47045.2173937887
4553.690442370119,52947.486954993976
4553.714123922779,58096.21324984401
4553.737805598596,62866.67982086604
4553.761487397571,67080.8440877186
4553.785169319702,70254.72676576307
4553.808851364992,72730.54576123685
4553.832533533441,74569.51137574716
4553.85621582505,75725.17266334058
4553.879898239818,77039.27223626414
4553.903580777747,77895.2939346642
4553.927263438839,79124.29974384396
4553.950946223092,79889.79235690902
4553.974629130507,80591.27466179573
4553.998312161087,81471.4346984207
4554.02199531483,82295.83771207162
4554.045678591738,82976.07800714261
4554.069361991811,83429.38039131286
4554.093045515051,83327.72281102362
4554.1167291614565,82836.69166256957
4554.1404129310295,82137.44644087346
4554.164096823771,81122.69116286915
4554.18778083968,79682.10937465675
4554.211464978759,77719.11891000923
4554.235149241008,75392.62152505356
4554.258833626426,72254.6437221848
4554.282518135016,68895.958701012
4554.306202766778,64521.8079835279
4554.329887521712,59879.993082698435
4554.35357239982,55472.782783258874
4554.377257401101,50359.45882881654
4554.400942525556,46247.491986601606
4554.424627773186,43498.79094568712
4554.448313143992,42047.97026826408
4554.471998637973,42419.15610327341
4554.495684255132,44595.636976799855
4554.519369995469,47917.919482640835
4554.543055858982,51947.16091900738
4554.566741845676,56209.603783191356
4554.590427955549,60462.08783417756
4554.614114188601,64996.332955352074
4554.637800544834,68975.43898592403
4554.661487024249,72334.71454985665
4554.685173626845,75242.42787701244
4554.708860352625,77772.60331466919
4554.732547201587,79406.77386686741
4554.756234173734,80406.03593156984
4554.779921269065,81111.68298641768
4554.803608487581,81251.82165000672
4554.827295829283,80788.34949838213
4554.850983294172,79344.1613686385
4554.874670882247,77999.29285502192
4554.89835859351,76505.34034361178
4554.922046427962,74994.70403509215
4554.945734385603,74301.70374963517
4554.969422466434,73466.7297746108
4554.9931106704535,72667.83009266331
4555.016798997665,72203.45228635498
4555.040487448069,72062.61788387477
4555.064176021664,70150.13079116934
4555.087864718453,68186.81968372352
4555.111553538434,65027.259682502525
4555.1352424816105,61340.489675298035
4555.158931547981,57269.59144923073
4555.182620737547,52761.666822875195
4555.20631005031,47621.6376565765
4555.229999486269,42543.59391126699
4555.253689045425,37543.718609678544
4555.277378727779,33085.219091367006
4555.301068533333,29409.832929162425
4555.324758462085,26609.26537141538
4555.348448514037,25127.16395338533
4555.372138689189,24722.028222388453
4555.395828987544,25217.371489296627
4555.4195194091,26536.32378398117
4555.443209953858,28304.28864309704
4555.466900621819,30090.2671270608
4555.490591412984,31611.23027320189
4555.514282327354,33156.5960365126
4555.537973364929,34725.523133042305
4555.561664525709,36438.08173302905
4555.585355809696,39296.156065530195
4555.609047216889,43520.22136197638
4555.63273874729,47921.67476332235
4555.6564304009,53183.21794224262
4555.680122177719,58808.95331742449
4555.703814077746,63707.61643315432
4555.727506100984,68109.38915155236
4555.751198247433,72034.49166283375
4555.774890517094,75286.35596492248
4555.798582909966,77991.98961411201
4555.8222754260505,80241.02435169391
4555.84596806535,82284.66169419956
4555.869660827862,83497.12957266683
4555.893353713589,84717.22856239464
4555.917046722531,85665.71780898311
4555.94073985469,86775.36800110145
4555.964433110065,86945.04158879815
4555.988126488657,87457.89720056063
4556.011819990467,88285.50710057897
4556.035513615496,88004.14161751095
4556.059207363744,87984.13317036317
4556.0829012352115,87839.34945948978
4556.1065952298995,87750.43513842502
4556.130289347808,87927.61992395746
4556.153983588939,87254.2315678487
4556.177677953292,86470.33447402497
4556.201372440868,86342.62311997703
4556.225067051668,86128.64249117697
4556.248761785691,86176.1676660152
4556.272456642941,86251.68430498909
4556.2961516234145,85872.70728858716
4556.319846727116,85088.57063489486
4556.343541954043,85197.01377036095
4556.367237304198,84700.43597989298
4556.390932777581,84678.66840550184
4556.414628374193,84980.87195365917
4556.438324094033,85271.85073639257
4556.462019937105,85286.84046395958
4556.485715903406,85566.33083116048
4556.50941199294,86178.90220434146
4556.5331082057055,86526.22337645381
4556.556804541703,86261.67521551086
4556.5805010009335,85888.11681586779
4556.604197583399,85706.08664014099
4556.627894289098,85252.02939767133
4556.651591118032,84351.87995903444
4556.675288070203,82982.88102031236
4556.69898514561,82245.73789267828
4556.722682344253,81708.1646876797
4556.746379666135,81412.89175884974
4556.770077111255,81301.31088569794
4556.793774679614,81540.51983376828
4556.817472371213,82133.23676766954
4556.841170186051,83159.38499661486
4556.864868124132,83849.31833489673
4556.888566185453,84324.21656263057
4556.912264370017,84971.40318227906
4556.935962677823,85770.38002481435
4556.959661108873,86506.60193985372
4556.983359663167,87093.9296769649
4557.007058340706,87545.80290455882
4557.0307571414905,87926.72493382865
4557.054456065521,88409.05400007423
4557.078155112798,88825.13986155704
4557.101854283323,88838.58449213424
4557.125553577095,89015.50723036457
4557.149252994116,89252.79310874458
4557.172952534386,88725.95244574899
4557.196652197907,88853.36240533966
4557.220351984677,88655.13785213137
4557.244051894699,88636.68779002965
4557.267751927972,89114.38142995872
4557.291452084499,88743.23983184257
4557.315152364278,88298.34403363567
4557.338852767311,87965.48751939101
4557.3625532935985,88062.03907679192
4557.386253943141,88236.25005377857
4557.409954715939,88133.96429339818
4557.433655611994,87474.79964954572
4557.457356631306,86632.426598392
4557.481057773874,85865.31355874741
4557.504759039702,85055.04035664722
4557.528460428788,84545.50381533106
4557.552161941134,83621.0772076246
4557.57586357674,83593.52734032545
4557.599565335606,83561.00316602443
4557.623267217734,83337.7585048371
4557.646969223124,83087.6106654081
4557.670671351777,82988.52974923456
4557.694373603694,82550.45169548741
4557.7180759788735,81791.2026327958
4557.741778477319,80692.9334630108
4557.765481099029,79351.47888792097
4557.789183844005,77432.06637042826
4557.812886712248,74461.96501115331
4557.836589703757,70934.39736178514
4557.8602928185355,66909.84808374637
4557.883996056581,62670.87739461506
4557.907699417897,58062.25266063575
4557.931402902482,53133.12988547943
4557.955106510338,48568.58697557003
4557.978810241464,43843.75151813813
4558.002514095862,39199.90719085359
4558.0262180735335,35049.89447788937
4558.049922174477,31386.403624068098
4558.073626398694,28799.739963451488
4558.097330746185,26850.23184427419
4558.121035216952,26834.51634938356
4558.144739810994,27593.97474198549
4558.168444528312,29339.767324526343
4558.192149368907,32005.098471106165
4558.21585433278,35685.481125787206
4558.239559419931,39507.99000823083
4558.263264630359,44945.45039400896
4558.286969964069,50447.1384569341
4558.310675421057,55882.743349214485
4558.334381001327,61493.381526055375
4558.358086704877,66359.53781376558
4558.38179253171,70672.18371188149
4558.405498481825,74280.69055903342
4558.429204555224,77221.88785877363
4558.4529107519065,80126.60342095199
4558.476617071873,82259.63816948581
4558.500323515125,84295.44286985224
4558.524030081663,85422.72382403856
4558.5477367714875,86329.31571468168
4558.5714435845985,86847.12928664502
4558.595150520998,86996.57192118473
4558.6188575806855,87383.89172500724
4558.642564763662,87203.13188280277
4558.666272069929,86632.38781744985
4558.689979499485,86577.29855181286
4558.713687052332,86691.3532963573
4558.737394728471,86542.14978484849
4558.761102527902,86413.88701953464
4558.7848104506265,86304.52436705041
4558.808518496644,86470.44544777043
4558.832226665956,86553.74738321407
4558.855934958562,87057.10232228097
4558.879643374464,87483.53862733326
4558.903351913662,87541.03819913676
4558.927060576157,87998.45844932442
4558.950769361949,87728.26591399271
4558.974478271039,88225.61126737624
4558.998187303428,88483.58434730009
4559.021896459115,88077.57115951745
4559.0456057381025,88471.62982913763
4559.069315140391,88661.61266242732
4559.093024665981,89318.7720502724
4559.116734314872,89276.43778948409
4559.140444087066,88994.93916389116
4559.164153982563,89022.28217375443
4559.187864001364,89457.06787548444
4559.211574143469,89155.70883323971
4559.235284408879,88909.4591819888
4559.258994797595,88305.72937575192
4559.282705309617,87974.72077682127
4559.306415944946,87792.0040363754
4559.330126703583,86951.60421477754
4559.353837585528,85758.25726915158
4559.377548590782,85045.76330573177
4559.401259719345,84341.17210158956
4559.4249709712185,82971.09047935756
4559.448682346403,81812.48529728956
4559.472393844899,80434.16362696412
4559.4961054667065,78484.19274560662
4559.519817211827,77397.94735141947
4559.543529080262,76332.3135286042
4559.567241072009,75826.0321952833
4559.590953187072,75005.07022231321
4559.61466542545,75178.13461790705
4559.638377787144,74369.81489990314
4559.662090272154,73540.08480589412
4559.685802880482,72651.06379637835
4559.709515612128,72047.29651622803
4559.733228467092,71609.25215304448
4559.756941445376,72170.04398077232
4559.780654546978,73106.53660105288
4559.8043677719015,74580.92207331392
4559.828081120147,76265.16626461603
4559.851794591713,77876.52887543464
4559.875508186601,79620.0192459711
4559.899221904812,81029.09689374061
4559.922935746348,81992.8799158172
4559.946649711207,83055.23532006748
4559.970363799392,84375.32389461942
4559.994078010902,85364.22799969857
4560.017792345739,85828.95870350863
4560.041506803901,86748.11117344687
4560.065221385392,86941.05225009135
4560.08893609021,87303.46804482584
4560.112650918358,87721.29567257415
4560.136365869835,87261.28792249145
4560.160080944642,87108.75329003956
4560.183796142779,86727.75196546133
4560.2075114642485,86169.0800784131
4560.231226909049,85247.13045506971
4560.254942477182,84189.09685466686
4560.27865816865,83465.38432737299
4560.30237398345,81784.4726834595
4560.326089921585,80085.65927003612
4560.349805983055,78856.78152049889
4560.373522167862,77754.2991587749
4560.3972384760045,77059.79359072012
4560.420954907484,76970.00103791537
4560.444671462302,77510.82662339091
4560.468388140458,78490.48893848907
4560.492104941953,79471.3768658574
4560.5158218667875,80377.63943403879
4560.539538914962,81472.2704453727
4560.563256086478,82539.14137894771
4560.586973381335,82915.67901704495
4560.610690799535,83512.73434299724
4560.634408341078,83571.56960431616
4560.658126005964,84599.69377200668
4560.681843794194,84758.61390147464
4560.7055617057695,84946.42955285928
4560.72927974069,85120.33050002168
4560.752997898956,84920.76634802338
4560.77671618057,84530.13365327512
4560.800434585531,83728.28974150367
4560.824153113839,82380.55077987062
4560.847871765496,81652.78566275856
4560.871590540503,81424.72457920838
4560.89530943886,81745.77185840736
4560.919028460567,82348.50657064895
4560.942747605625,82889.48424728525
4560.966466874035,83710.84670761605
4560.990186265798,84688.02395472575
4561.013905780915,85465.95926141311
4561.037625419384,86060.63690955046
4561.061345181208,86495.30053024564
4561.085065066387,87029.5243113971
4561.108785074922,87606.96492798819
4561.132505206813,87815.46962125022
4561.156225462061,87893.61824306521
4561.179945840668,88023.20410509082
4561.203666342632,88281.72518906364
4561.227386967955,88480.9970477142
4561.251107716637,88555.52502070517
4561.27482858868,89447.48441419181
4561.298549584084,89182.5449276435
4561.322270702849,88907.70469481008
4561.345991944976,89217.70809544917
4561.369713310466,89433.97954336295
4561.393434799319,89250.4630526357
4561.417156411537,89229.88564505271
4561.440878147119,88942.16501055559
4561.464600006067,88729.56934203776
4561.4883219883795,89039.2900126991
4561.51204409406,88840.21667984388
4561.535766323107,88155.81900787714
4561.5594886755225,87746.58330069717
4561.583211151306,87152.0297177786
4561.60693375046,86116.86258860078
4561.630656472982,84666.41057964669
4561.654379318876,82566.30717964424
4561.67810228814,80302.68620316112
4561.7018253807755,77475.30353874069
4561.725548596784,73610.41465834454
4561.749271936165,70470.99176523014
4561.772995398921,67391.40738640146
4561.796718985051,65329.4217163787
4561.820442694555,64470.39508606731
4561.844166527435,64498.62194971374
4561.867890483692,66550.35285885577
4561.891614563325,69156.8094286587
4561.9153387663355,71894.15228521221
4561.939063092724,74348.1652870644
4561.962787542491,76628.7660753884
4561.986512115639,78804.99199207484
4562.010236812166,80818.40140293905
4562.033961632073,82582.62553824973
4562.057686575363,83842.85111115692
4562.081411642034,85436.61404024715
4562.105136832089,86544.04463908965
4562.128862145526,87333.56555845357
4562.152587582346,87938.55194180389
4562.176313142552,88655.22494030224
4562.200038826143,88895.2736408315
4562.2237646331205,88712.49610897932
4562.247490563484,88991.57431828864
4562.271216617234,88898.24323998504
4562.294942794372,89167.19609497084
4562.3186690949,89391.73652980925
4562.3423955188155,89353.18024070053
4562.366122066121,88962.36512813064
4562.389848736816,88854.5095476296
4562.4135755309035,88333.71286503969
4562.437302448382,88368.36160177505
4562.461029489253,88461.22180570025
4562.484756653516,87670.95853332769
4562.508483941174,86959.41261205231
4562.532211352225,85902.42640460191
4562.555938886671,85233.616453226
4562.579666544513,84467.58413851466
4562.603394325751,83660.36449061133
4562.627122230386,81959.08619058665
4562.650850258417,80863.128753767
4562.674578409848,80431.29813904519
4562.698306684677,80120.43105607924
4562.722035082905,80259.28720434528
4562.745763604534,80345.88009356035
4562.769492249562,80244.63468675155
4562.793221017992,80221.10121021066
4562.816949909824,79992.91158477268
4562.8406789250585,79023.3765037377
4562.864408063697,77712.46126722811
4562.888137325738,76388.32851747492
4562.911866711184,74229.38030556598
4562.935596220035,71314.12612372306
4562.959325852292,67846.89646006095
4562.983055607955,63404.06144470041
4563.006785487026,58511.97136914356
4563.030515489504,52961.94885469837
4563.05424561539,47245.38035095831
4563.077975864685,41772.46734947359
4563.10170623739,36548.76222738317
4563.125436733505,31444.863913415003
4563.149167353032,27468.572871008946
4563.172898095969,24135.381462376303
4563.196628962319,21745.645046236088
4563.220359952082,20687.150661439686
4563.244091065258,20774.557038396215
4563.267822301847,22232.718115805954
4563.291553661852,24915.233218317295
4563.315285145272,28906.256747240066
4563.339016752109,33768.90456995699
4563.362748482362,39106.070115643386
4563.386480336032,45073.80982719015
4563.410212313121,50912.683718928325
4563.433944413628,56526.93765012554
4563.457676637553,61613.76736574966
4563.481408984899,66063.21495926124
4563.505141455666,70020.45554758397
4563.528874049853,73287.10699418174
4563.552606767463,75700.88722826989
4563.576339608494,77787.32314196271
4563.600072572949,79728.37126578123
4563.623805660828,80915.88778244477
4563.647538872131,81894.7968176597
4563.671272206859,82860.59653084404
4563.695005665013,83385.97974572612
4563.718739246593,83643.39482676124
4563.7424729516,83328.94905346846
4563.766206780034,83502.956290222
4563.789940731896,82767.64768926932
4563.813674807188,82138.17732048915
4563.83740900591,80717.2127832513
4563.86114332806,79191.92555778583
4563.884877773643,77337.71890466595
4563.908612342656,74817.66064305237
4563.932347035102,71265.25422790783
4563.95608185098,67994.21138465525
4563.979816790292,64069.56755126695
4564.003551853037,61026.90058195232
4564.027287039217,59026.71772929377
4564.051022348833,58460.47159036711
4564.074757781884,59003.56726841161
4564.0984933383725,60063.534918891426
4564.122229018298,62084.737042298126
4564.1459648216605,64154.683935272384
4564.169700748462,66411.12861222448
4564.193436798702,68958.21808804118
4564.217172972383,71192.49175825817
4564.240909269504,73071.94427689025
4564.264645690066,74935.1697519337
4564.288382234069,77041.41089495618
4564.3121189015155,78944.72262067292
4564.335855692404,80403.86626086541
4564.359592606737,82020.63411123134
4564.383329644514,83535.78621874469
4564.407066805736,84558.545794157
4564.4308040904025,85440.05721286111
4564.454541498516,85871.01023864697
4564.478279030077,86301.05830440903
4564.5020166850845,87116.38814171623
4564.525754463541,87476.35427557681
4564.549492365445,86652.84622235523
4564.573230390799,86446.45381796702
4564.596968539603,86914.98027670088
4564.620706811858,86069.98696015897
4564.644445207565,85592.0326035887
4564.668183726722,84828.31361879739
4564.691922369333,83715.56838391248
4564.715661135398,82400.02048991606
4564.739400024915,81074.36017485977
4564.763139037887,79155.06979914509
4564.7868781743155,77722.49133181077
4564.810617434199,75945.77197687989
4564.834356817539,74159.45588291269
4564.858096324336,72112.58444814321
4564.88183595459,70542.20084983335
4564.905575708304,69123.78829538825
4564.929315585476,67604.89283402606
4564.953055586108,65923.78323735813
4564.9767957102,64187.667313526435
4565.0005359577535,62853.33097839605
4565.024276328768,61172.27305307924
4565.048016823245,58955.70207235021
4565.071757441185,56547.18859351532
4565.095498182588,53493.08420644254
4565.119239047456,50231.17307624804
4565.142980035788,47639.49046234429
4565.166721147586,46045.4756756349
4565.1904623828505,45629.21759492782
4565.2142037415815,46382.13393524468
4565.237945223779,48265.512638692046
4565.261686829445,51047.543785716654
4565.28542855858,54841.080752438604
4565.309170411184,58931.099166898515
4565.332912387258,62947.95388020349
4565.356654486803,66898.31108651536
4565.380396709818,70697.10836709684
4565.404139056306,73644.86342393953
4565.427881526267,77239.7591149257
4565.451624119701,79429.80298046446
4565.4753668366075,81404.75069626527
4565.499109676989,82525.49969056137
4565.5228526408455,83559.09216386493
4565.5465957281785,84355.09177105554
4565.570338938987,84234.30822078089
4565.594082273273,84268.64542971589
4565.617825731037,83652.46227292447
4565.641569312279,83301.03842724655
4565.665313017,83375.1887472083
4565.6890568452,83331.6873098186
4565.71280079688,83608.0830183768
4565.736544872042,84062.83267575895
4565.760289070685,84669.16166163971
4565.78403339281,84828.32304784331
4565.807777838418,84734.37032934588
4565.831522407509,84786.98460084415
4565.855267100084,84117.32636988218
4565.879011916145,83333.43240379803
4565.90275685569,82679.78690253997
4565.926501918721,81669.35457605972
4565.95024710524,80756.19744879653
4565.973992415245,80271.96311139037
4565.997737848738,80117.90077638274
4566.021483405721,80467.24068459614
4566.045229086191,80972.12583349558
4566.068974890152,81568.98924552258
4566.0927208176045,82436.0238422297
4566.116466868547,82666.8970208326
4566.1402130429815,82671.7532112525
4566.163959340908,82866.97498639821
4566.187705762328,82556.34555421429
4566.211452307241,82120.2178681154
4566.23519897565,81397.26756495799
4566.258945767553,79851.35025581949
4566.282692682951,78178.11426185313
4566.306439721846,77007.44153565538
4566.330186884238,76231.40826397184
4566.353934170127,76464.79472108593
4566.377681579515,76991.09273389878
4566.401429112401,77665.84583497937
4566.425176768787,79191.02600442352
4566.448924548674,80490.84700159077
4566.472672452061,81287.98263768402
4566.4964204789485,82740.01191210646
4566.5201686293385,83603.85829126518
4566.543916903232,84517.9497913426
4566.5676653006285,85705.53991267092
4566.5914138215285,86429.92334297771
4566.615162465933,87075.20560786867
4566.638911233844,87771.13599927488
4566.66266012526,87882.234778973
4566.686409140183,88195.13519051166
4566.710158278613,88330.89495797083
4566.733907540551,88638.0664829929
4566.757656925996,88595.09313065054
4566.781406434952,88577.04952967189
4566.805156067418,88823.01572802747
4566.828905823393,88513.52947581623
4566.852655702879,88496.39717702236
4566.876405705878,88730.14456597238
4566.900155832388,88489.48605015462
4566.923906082412,88218.5377362808
4566.947656455949,87965.82647623647
4566.971406953001,87790.17589314336
4566.995157573567,87855.29905036122
4567.018908317649,87520.86600161088
4567.042659185247,87425.52003299414
4567.066410176362,87741.61092231532
4567.090161290995,87624.2326695192
4567.113912529146,87533.36982016041
4567.137663890814,87617.90314119153
4567.161415376003,87833.67987822063
4567.185166984712,88294.24330457886
4567.208918716941,88707.7216705232
4567.232670572692,88785.39191168909
4567.256422551965,89195.19790443123
4567.28017465476,89148.76486253279
4567.303926881079,89276.59498997661
4567.327679230922,89360.73036356008
4567.351431704289,89381.67821876662
4567.3751843011805,89296.88904520682
4567.398937021599,89021.54746267611
4567.422689865543,89441.39418990607
4567.446442833015,88815.59666255249
4567.470195924015,87873.5761047194
4567.493949138542,87364.30430650341
4567.517702476599,86496.52664020768
4567.541455938186,85462.54524058691
4567.565209523303,83800.41005760117
4567.58896323195,82041.38664773242
4567.61271706413,79466.14063788956
4567.636471019841,76601.30275064777
4567.660225099086,72451.85545140867
4567.683979301864,68797.24012852908
4567.707733628176,64762.85544561552
4567.731488078024,60514.46623230045
4567.755242651407,57728.66500152684
4567.778997348325,56463.63661498082
4567.80275216878,56753.89537523939
4567.8265071127735,58578.062756184496
4567.850262180304,61331.50588708284
4567.874017371373,64553.32455207905
4567.897772685982,67736.66325158243
4567.921528124131,70972.52882631517
4567.945283685821,73695.54072828598
4567.969039371052,76208.83845012636
4567.992795179824,78378.22989326766
4568.016551112139,79936.67853187677
4568.040307167997,80834.1969253244
4568.064063347399,81359.95947598161
4568.087819650345,81752.79135894812
4568.111576076837,81816.36375549836
4568.1353326268745,81251.89116103893
4568.159089300459,80590.92630387415
4568.182846097589,79936.30964131853
4568.206603018268,78996.79247845468
4568.230360062494,78080.54523961297
4568.25411723027,77954.01970802706
4568.277874521595,78717.19981922267
4568.301631936471,79460.491492602
4568.325389474897,80367.6429223368
4568.349147136875,81368.20376605925
4568.372904922405,82500.87149917832
4568.396662831488,83760.69353027399
4568.420420864124,84140.2341030834
4568.444179020315,84797.66291288356
4568.46793730006,85780.4490089244
4568.49169570336,86620.57868455557
4568.515454230217,87008.68573882364
4568.539212880631,87062.05412321349
4568.562971654601,86755.2689395847
4568.58673055213,86670.49032940976
4568.610489573217,86067.09541117295
4568.634248717863,85398.28364278469
4568.65800798607,84411.19094700801
4568.681767377836,83996.0668934128
4568.705526893164,83688.61277681045
4568.729286532053,83628.58358831971
4568.753046294506,83647.24181996148
4568.776806180521,83772.8569031917
4568.8005661901,84457.24605907754
4568.824326323243,84955.44214083305
4568.848086579952,85190.34190885366
4568.871846960225,85350.80608326588
4568.895607464066,85725.54035472049
4568.919368091473,85430.08353787976
4568.9431288424485,84816.12364731297
4568.966889716991,84438.81040822591
4568.990650715104,83998.13278663799
4569.014411836785,83545.57549139428
4569.038173082036,82973.30570802961
4569.061934450859,83112.54627815486
4569.085695943253,82304.34943890177
4569.109457559219,82886.96346371475
4569.1332192987575,83873.01643715735
4569.15698116187,84041.39174951546
4569.180743148556,84818.48610369788
4569.204505258816,85232.394058845
4569.228267492653,85867.9445522385
4569.252029850065,86745.45497010525
4569.275792331054,87039.51825843184
4569.299554935619,87625.84278012448
4569.323317663763,87637.11471079738
4569.347080515485,87928.6818564615
4569.370843490787,88531.44619326515
4569.394606589668,88238.10335653122
4569.41836981213,88278.45395531994
4569.4421331581725,88594.39345572503
4569.465896627797,88488.10484811082
4569.489660221003,88239.36934584174
4569.513423937793,88486.57247787589
4569.537187778166,88517.59082852771
4569.560951742124,88717.44395057
4569.584715829667,88860.21745315085
4569.608480040795,89013.12227451697
4569.63224437551,89264.6527465176
4569.656008833811,89145.69449696198
4569.6797734157,89467.02282861967
4569.703538121177,89676.77110101789
4569.727302950243,89808.51384955176
4569.751067902898,89461.08092180308
4569.774832979144,89235.23067413937
4569.79859817898,89418.7712560757
4569.822363502407,89570.2529703606
4569.846128949427,89535.67900579955
4569.8698945200385,89400.47727305394
4569.893660214244,89262.5774213303
4569.917426032043,89227.80696799503
4569.9411919734375,89191.95567188959
4569.964958038427,89099.13923814043
4569.9887242270115,89397.31048496194
4570.012490539193,89176.16076664592
4570.036256974972,88611.48368225417
4570.060023534348,88698.6626640403
4570.083790217323,88728.06876785934
4570.107557023897,88632.8735823473
4570.131323954071,88595.24258617454
4570.155091007845,88648.54843014282
4570.178858185221,88755.00985323587
4570.202625486198,88813.58361228433
4570.226392910777,88879.94825686811
4570.250160458958,88218.99693178969
4570.273928130744,87919.9303775226
4570.297695926134,87395.84073392188
4570.321463845128,86667.32677838851
4570.345231887729,85771.81184727167
4570.3690000539345,84431.0670987606
4570.392768343748,82561.13390259308
4570.416536757169,80191.798519617
4570.440305294197,77743.19475403542
4570.464073954835,74939.4499550524
4570.487842739081,72491.02049788104
4570.511611646938,69957.28939585916
4570.535380678405,67770.7012822664
4570.559149833484,67028.90224586222
4570.582919112175,67547.74417937755
4570.606688514478,68700.85151448874
4570.630458040395,70275.18210957084
4570.6542276899245,71678.91933967668
4570.67799746307,73349.07448324193
4570.701767359829,75086.622428884
4570.725537380205,76548.9082796747
4570.749307524197,78114.54816308388
4570.773077791807,79814.19702957982
4570.796848183034,81022.9893452639
4570.820618697879,82174.80144540413
4570.844389336344,82395.49826115463
4570.868160098427,83141.7361103907
4570.891930984132,83327.38108548388
4570.915701993457,83299.08354708919
4570.939473126404,83058.83225119716
4570.963244382973,83110.76502329593
4570.987015763165,82405.05751471338
4571.0107872669805,81263.00597128175
4571.03455889442,79087.33868957008
4571.058330645485,77234.31080370744
4571.082102520174,74318.8127954409
4571.10587451849,71025.22685121272
4571.129646640433,66875.76808133424
4571.153418886002,63922.30799214609
4571.1771912552,59568.26794604754
4571.200963748027,55061.253794948614
4571.224736364483,50218.24386593129
4571.248509104569,45208.6892411234
4571.272281968286,39980.8995198447
4571.296054955633,34904.79225334232
4571.319828066613,30055.090735338516
4571.343601301225,26308.527335554587
4571.3673746594695,23064.55112719784
4571.391148141349,20322.11233635186
4571.414921746862,18677.568390924323
4571.438695476011,18004.98724210023
4571.462469328795,18467.70345702467
4571.486243305216,19762.635186838805
4571.510017405273,22239.52282479392
4571.533791628969,25700.318337257606
4571.557565976303,29530.03713892127
4571.581340447275,33861.589265455565
4571.605115041887,38049.07915515523
4571.628889760139,41617.875966664506
4571.652664602033,44924.120054445935
4571.676439567567,47739.5993294433
4571.700214656744,50026.55166132351
4571.723989869563,52857.43831455544
4571.747765206027,56210.23883975552
4571.771540666135,60232.83446372812
4571.795316249886,64467.79323056051
4571.8190919572835,68055.88013099016
4571.842867788327,71796.95603291651
4571.8666437430165,74837.03397422492
4571.890419821354,77833.23760309246
4571.914196023339,80268.65389267432
4571.937972348973,81925.99263747396
4571.961748798256,83472.05693006748
4571.9855253711885,85019.46273571819
4572.009302067772,86136.42497831906
4572.0330788880065,86782.09573623566
4572.056855831893,87194.9429552027
4572.080632899432,87432.92470735333
4572.104410090624,87091.99138392576
4572.128187405469,86871.06649157955
4572.151964843969,86301.30711151722
4572.175742406124,85302.91358887935
4572.199520091935,84503.18692595513
4572.223297901402,83728.52052234636
4572.247075834526,83379.91241543597
4572.2708538913075,82818.26910142752
4572.294632071747,83183.76691171076
4572.318410375846,83839.54238789777
4572.342188803604,84175.57804586981
4572.365967355022,84468.18210790337
4572.389746030101,84773.69490603468
4572.413524828841,85609.56156888619
4572.437303751244,86525.96008894389
4572.461082797309,87027.82072747768
4572.484861967038,87471.49675341611
4572.508641260431,87722.49501377105
4572.5324206774885,88462.22255749596
4572.556200218211,88689.26903931129
4572.5799798826,88937.91871136338
4572.603759670655,89171.22231410658
4572.627539582378,89562.77212019738
4572.6513196177675,89568.04327926062
4572.675099776827,89342.62413384074
4572.6988800595545,89070.4353484149
4572.722660465953,89983.3901279715
4572.746440996021,90062.78641479657
4572.77022164976,89488.47506510103
4572.794002427171,89688.77288960396
4572.817783328255,89507.03708770197
4572.841564353012,89711.43622907929
4572.865345501442,89468.71244420864
4572.889126773546,89537.1799184279
4572.912908169325,89462.59357224124
4572.9366896887805,89010.72833506318
4572.960471331912,88396.78656190615
4572.984253098721,88338.43534302642
4573.008034989206,87717.03791016748
4573.03181700337,87054.74443217162
4573.055599141213,87142.1348071946
4573.079381402735,86862.23584236005
4573.103163787937,87024.20854192231
4573.12694629682,87090.0150906495
4573.150728929384,87211.0067676321
4573.174511685631,87604.56073488099
4573.19829456556,87786.52449745146
4573.222077569172,87629.01524042185
4573.245860696468,87458.6652511172
4573.269643947449,88041.46525784793
4573.293427322115,88295.31808433859
4573.317210820467,88174.64769101734
4573.340994442506,88242.89963940154
4573.364778188232,88320.7083504367
4573.388562057646,88688.85046715697
4573.412346050747,88702.65089097673
4573.436130167539,88686.26649893707
4573.459914408019,88510.78460111746
4573.483698772191,88323.32321710692
4573.507483260053,88298.31212065808
4573.531267871607,87415.85679180916
4573.555052606854,86463.79197518577
4573.578837465792,85266.12527599893
4573.602622448426,84854.31499005777
4573.626407554752,83873.51620086402
4573.650192784775,83011.6131941184
4573.673978138492,82659.20767210936
4573.697763615906,82444.49547483148
4573.721549217016,82533.33675098568
4573.745334941825,82681.73450673945
4573.769120790331,83125.27110725275
4573.7929067625355,83465.23298975341
4573.81669285844,83056.75286260933
4573.840479078044,83060.53255472862
4573.864265421349,82428.23222231987
4573.888051888355,81219.16166775567
4573.911838479064,80382.5050924919
4573.935625193474,80101.77606173395
4573.959412031589,80034.09591879288
4573.983198993406,80057.18732836407
4574.006986078929,79531.66255897403
4574.0307732881565,79458.28523733535
4574.054560621091,79242.00990844873
4574.078348077731,77685.78435488947
4574.102135658078,77107.25133655145
4574.125923362133,75702.53205703656
4574.149711189896,74326.3341960659
4574.173499141369,73219.04717516708
4574.197287216551,71957.30577592862
4574.221075415443,71516.75965963905
4574.244863738047,71679.64037920749
4574.268652184362,71635.15612851229
4574.292440754389,71529.01896643828
4574.316229448129,71748.39296723573
4574.340018265582,72467.2649331944
4574.363807206751,73604.71957776073
4574.387596271633,75217.7615604461
4574.411385460231,77282.64404492482
4574.435174772546,78557.30469849976
4574.458964208577,80136.54992630758
4574.482753768325,81721.20411751047
4574.506543451792,82952.87812799441
4574.530333258977,83847.80109423414
4574.5541231898815,84227.40836292152
4574.577913244507,85438.77478690205
4574.601703422852,86436.67151716845
4574.625493724918,87125.37408182744
4574.649284150706,87544.72281116774
4574.6730747002175,88096.0600892746
4574.696865373452,88412.26415091052
4574.72065617041,88936.97651113902
4574.744447091092,88641.70389662664
4574.7682381355,88673.37806092562
4574.792029303633,89011.06780931863
4574.815820595493,88573.8451374928
4574.83961201108,88837.05315137868
4574.863403550395,88359.10776389415
4574.887195213437,88520.72644458336
4574.910987000209,88660.01025938487
4574.9347789107105,88137.73682681813
4574.958570944943,88398.5500024777
4574.982363102905,88342.91186478506
4575.0061553846,87568.91436547924
4575.029947790026,87641.99879356823
4575.053740319186,87404.06949749375
4575.077532972078,87653.62260543987
4575.101325748706,87570.07203461429
4575.125118649067,87218.22985271945
4575.148911673165,87162.68718129769
4575.172704820998,87175.60375404687
4575.196498092568,86577.57148561561
4575.220291487874,86559.29135204651
4575.24408500692,86595.33177482322
4575.2678786497045,86913.77217128442
4575.291672416228,86988.83400005291
4575.315466306491,86862.23906706528
4575.339260320495,87050.83569072759
4575.363054458239,87181.92930572876
4575.386848719726,86795.88730518387
4575.410643104956,86293.70598883645
4575.434437613928,85860.67797829863
4575.458232246644,84616.51520133215
4575.482027003105,82724.85729473371
4575.505821883311,80863.00540400005
4575.529616887262,78583.944629602
4575.5534120149605,75747.81378039203
4575.577207266405,71983.65945749436
4575.601002641598,67859.54463683053
4575.624798140539,63567.7021764191
4575.648593763228,58192.62339346735
4575.6723895096675,52504.956500293425
4575.6961853798575,47262.0991844548
4575.719981373798,42472.44269476117
4575.74377749149,38256.85223476478
4575.767573732934,35223.763313087344
4575.791370098131,34202.28459502158
4575.815166587081,34794.53955093719
4575.838963199785,36653.35499808831
4575.862759936244,39499.99113468986
4575.886556796459,43709.92691455791
4575.910353780429,48607.093621414155
4575.934150888157,53514.25753892542
4575.9579481196415,58290.116069599986
4575.9817454748845,63211.02008835961
4576.005542953885,67715.1847874
4576.029340556645,71790.74705807463
4576.053138283166,75209.07408523679
4576.076936133447,77970.5451029806
4576.100734107488,80674.66497893617
4576.124532205292,82845.8678834628
4576.148330426859,84615.01857341947
4576.1721287721875,85785.37866654638
4576.1959272412805,86449.32124927305
4576.2197258341375,87232.01398507286
4576.24352455076,87733.64558221781
4576.267323391148,88054.1564853395
4576.291122355303,88300.36993648941
4576.314921443224,88260.45635626702
4576.338720654913,88289.21364420185
4576.362519990371,88370.2941879244
4576.386319449596,88429.94035958093
4576.410119032592,87659.20809066044
4576.433918739358,87160.22790034104
4576.4577185698945,86085.357159953
4576.481518524203,85261.18150326537
4576.505318602283,84153.84494611598
4576.529118804136,83215.65743449307
4576.552919129762,82441.0423146487
4576.576719579163,81960.8595654377
4576.600520152338,82075.8712803448
4576.624320849288,82532.7447031091
4576.648121670015,82942.70606226462
4576.671922614518,83317.13134440753
4576.695723682798,83964.42478178556
4576.719524874856,84666.88460215692
4576.743326190693,85452.58606954802
4576.767127630309,86440.83904213375
4576.790929193705,87013.9883276108
4576.814730880881,87277.45148101544
4576.838532691838,87545.67204288492
4576.862334626577,87918.1863448991
4576.886136685099,88004.29806892425
4576.909938867403,88323.92108118863
4576.933741173491,88290.76279037447
4576.957543603364,88321.27122252237
4576.981346157022,87837.36799070293
4577.005148834465,87187.8246730517
4577.028951635694,86385.1618898151
4577.052754560711,85670.58518425323
4577.076557609515,84880.1703652096
4577.100360782107,84310.42342039256
4577.124164078488,83307.38360017167
4577.1479674986585,82730.87726680972
4577.171771042619,82555.81315267338
4577.19557471037,82601.48736763382
4577.2193785019135,82714.32272089533
4577.243182417248,82902.51899342719
4577.266986456376,83579.05310890985
4577.290790619297,84361.6975755245
4577.314594906012,85190.70598265312
4577.338399316522,85613.81464337958
4577.3622038508265,85931.30221791285
4577.386008508927,86568.89995601699
4577.409813290824,86782.2182992932
4577.433618196519,87218.50340667651
4577.457423226011,87535.37338280515
4577.481228379303,87902.04334557426
4577.505033656393,88115.27881794977
4577.528839057282,88146.8645191248
4577.552644581972,88477.98287846385
4577.576450230464,88243.19031758925
4577.600256002757,88114.1371376493
4577.624061898852,88372.34061287993
4577.647867918751,88307.42689320263
4577.671674062453,88076.83263039627
4577.6954803299595,87931.20382765224
4577.719286721271,87425.3284873215
4577.743093236388,87052.19761897733
4577.7668998753115,86702.22508796837
4577.790706638041,85599.89231195618
4577.814513524579,84310.61501361622
4577.838320534925,83259.74345595583
4577.862127669079,81219.74628171451
4577.885934927043,78626.47187000854
4577.909742308817,76180.71185810893
4577.933549814402,72506.7782301564
4577.957357443798,69218.36225925882
4577.981165197007,66363.64888944171
4578.0049730740275,64650.85554427293
4578.028781074861,64567.999899453585
4578.05258919951,65708.06870169066
4578.076397447972,67703.78386498045
4578.10020582025,70046.48735254887
4578.124014316345,72293.49936910522
4578.147822936255,74353.92149040438
4578.171631679983,75627.7720838105
4578.195440547528,77484.35691545371
4578.219249538892,78381.70492045747
4578.243058654075,79776.33030224516
4578.266867893078,80576.02695428813
4578.290677255901,81240.06471887598
4578.314486742545,81808.74563426079
4578.338296353011,82287.80635649899
4578.362106087299,82891.80916045961
4578.3859159454105,83082.99392176254
4578.409725927345,83431.67436435973
4578.433536033104,83673.06703470706
4578.457346262688,84251.60029641536
4578.481156616098,84185.81296720328
4578.504967093333,84631.170979532
4578.528777694396,84530.60736030544
4578.552588419286,84750.64378137219
4578.576399268004,84385.7168185175
4578.600210240551,84172.56142560858
4578.6240213369265,84103.41247744233
4578.647832557133,83164.44518804371
4578.671643901171,82185.01656439877
4578.695455369038,81403.46230653334
4578.719266960739,80037.66512136886
4578.743078676272,79084.8698655284
4578.766890515638,78395.85350587263
4578.790702478838,77971.98467374011
4578.814514565873,77997.65918470004
4578.838326776743,77680.48474292483
4578.862139111449,77246.00637209813
4578.885951569991,76724.7540090594
4578.90976415237,75857.01189443372
4578.933576858588,75478.92498528738
4578.957389688643,74929.77029626083
4578.981202642538,74917.92459057512
4579.005015720272,75629.18743489713
4579.028828921847,76347.83031706674
4579.052642247263,77602.06736650062
4579.0764556965205,78663.9452189156
4579.10026926962,79642.05640861946
4579.124082966563,80230.90203279139
4579.147896787349,80527.76704642526
4579.17171073198,80462.1280510232
4579.195524800455,80422.31583660671
4579.219338992776,79671.80424128167
4579.243153308943,78171.59698594907
4579.266967748957,76656.15698036137
4579.290782312818,75186.46957060155
4579.314597000527,73148.50237170019
4579.338411812085,70079.53582839588
4579.362226747493,66338.50134211787
4579.38604180675,62662.09613837394
4579.409856989858,58033.90930861944
4579.433672296817,53400.65032723596
4579.457487727629,49780.23231167498
4579.481303282293,46308.351613290724
4579.50511896081,45233.89203786014
4579.5289347631815,45604.01320387329
4579.552750689407,47278.69007728728
4579.576566739487,50372.147771437514
4579.600382913424,53740.721312989284
4579.624199211217,57912.1628115502
4579.648015632867,61421.25717165251
4579.671832178376,63978.598495574115
4579.695648847742,66718.01978983343
4579.7194656409665,68443.16541921577
4579.743282558052,69080.36333834931
4579.767099598997,68451.19043326334
4579.790916763804,66951.54928581842
4579.814734052471,64634.97624402222
4579.838551465002,62424.4551949423
4579.862369001395,60543.60957663355
4579.886186661651,59601.12345735284
4579.910004445772,59289.19381020913
4579.933822353758,59845.79622289948
4579.957640385609,61254.09193822754
4579.981458541326,63088.9761386025
4580.00527682091,64822.14784650219
4580.029095224361,67168.97523272627
4580.0529137516805,69480.81369794645
4580.076732402869,71835.32769847261
4580.100551177927,74548.28580932907
4580.124370076854,76832.71676270998
4580.148189099652,79067.51619407412
4580.172008246322,81065.33927170356
4580.195827516863,82407.80091064963
4580.219646911277,83802.09987081331
4580.243466429564,85036.41578228792
4580.267286071725,85890.62091124007
4580.29110583776,86566.73560958149
4580.314925727671,86598.39874491627
4580.338745741457,87109.79623331482
4580.36256587912,87603.7643584986
4580.38638614066,87446.52734610141
4580.410206526078,87061.48364473393
4580.434027035373,87087.24902122878
4580.457847668548,87228.36864311679
4580.481668425603,86483.3138696142
4580.505489306538,85764.8437691734
4580.529310311354,85478.18338315033
4580.553131440051,84737.47587103056
4580.576952692631,83598.74604417074
4580.600774069093,82351.84814505426
4580.624595569439,80812.10359548523
4580.64841719367,79027.63608011066
4580.672238941785,77642.08202323699
4580.696060813785,75651.59058831619
4580.719882809672,73059.45871125003
4580.743704929445,69684.93961563776
4580.767527173106,65818.36495692248
4580.791349540655,61574.857313682296
4580.815172032092,57716.62032441803
4580.838994647418,54145.51298697204
4580.862817386635,51183.799874426026
4580.886640249742,49585.48859942799
4580.910463236741,49165.30394756882
4580.934286347631,49575.45763792763
4580.958109582414,50890.26019352509
4580.98193294109,52816.51361192495
4581.0057564236595,55738.04492514465
4581.029580030125,59357.01483324512
4581.053403760484,62919.33897674899
4581.077227614739,66418.7106918612
4581.101051592891,69458.82718231643
4581.124875694939,73026.03283487317
4581.1486999208855,75493.1047373733
4581.172524270731,78103.84219965323
4581.196348744475,80480.67532840562
4581.220173342118,81651.67576046474
4581.243998063661,83450.85041688771
4581.267822909105,84478.98331140196
4581.291647878452,85491.10546043208
4581.3154729717,86047.18441645798
4581.339298188851,86526.35428714001
4581.363123529905,86973.07668503802
4581.386948994865,87617.90342248214
4581.410774583728,87346.6781689038
4581.434600296497,86832.50687293365
4581.458426133172,86826.09572516974
4581.482252093753,86841.9681950906
4581.506078178242,86855.89981675192
4581.52990438664,86342.92624741484
4581.553730718945,86221.82852854936
4581.57755717516,86185.15453077247
4581.6013837552855,85661.12071106501
4581.62521045932,85343.27616569
4581.649037287268,85160.46835325152
4581.672864239126,84311.5209904203
4581.696691314897,83483.80273626398
4581.720518514581,82511.63962813265
4581.7443458381795,81676.86843256593
4581.768173285692,80772.07174233632
4581.79200085712,80292.63594374183
4581.815828552463,79163.52435477369
4581.839656371722,77964.21787142783
4581.863484314899,77001.2246598952
4581.887312381994,75742.73731941485
4581.911140573006,75015.56108627708
4581.934968887938,73646.54475376508
4581.958797326789,73046.86663999644
4581.982625889561,71558.67899395926
4582.006454576253,70771.79747912756
4582.030283386867,70056.3611164862
4582.054112321403,68912.16960716159
4582.077941379862,66637.91736434906
4582.101770562244,63776.12670886111
4582.125599868551,60711.21833708563
4582.149429298782,56739.61997602368
4582.1732588529385,52055.01330876019
4582.197088531021,47104.556288616914
4582.220918333031,43293.57324928962
4582.244748258968,39975.72751509442
4582.268578308833,37648.90049013857
4582.292408482625,37149.08077331269
4582.316238780349,38088.67132388239
4582.340069202,40513.72455278496
4582.363899747584,44187.30493032233
4582.387730417098,48282.14838803731
4582.411561210544,53300.29023686692
4582.435392127923,57651.39014853038
4582.459223169234,62521.33201975912
4582.48305433448,66183.93480750588
4582.506885623659,69589.49005749456
4582.530717036775,72180.02632352657
4582.554548573826,73995.47193174808
4582.578380234812,76199.34195039602
4582.602212019737,77039.34200980069
4582.626043928598,77550.10433317549
4582.649875961398,77154.16909304699
4582.673708118137,76290.56033942166
4582.697540398815,74442.15958680584
4582.721372803434,72181.28719165456
4582.745205331994,68600.51093606521
4582.769037984495,64688.83491162789
4582.792870760938,60688.46297459837
4582.816703661324,56534.41441417218
4582.840536685654,53227.52814351168
4582.864369833927,51147.26120727457
4582.888203106146,50488.17618959841
4582.912036502309,51266.85940880159
4582.935870022419,52280.05274550871
4582.959703666475,53172.4150319271
4582.983537434479,53443.62000665005
4583.007371326431,53374.281175890676
4583.031205342331,52033.89817431326
4583.05503948218,49878.21245678486
4583.07887374598,47104.163494843386
4583.10270813373,43720.751214710384
4583.126542645431,39692.51179347653
4583.150377281084,35826.079875652926
4583.17421204069,31977.30800482794
4583.198046924248,27728.999584455127
4583.22188193176,24728.078320925313
4583.245717063227,22347.793193614303
4583.2695523186485,20392.832451638893
4583.293387698026,19469.70979991654
4583.31722320136,19156.692409784246
4583.341058828651,19272.721802284443
4583.3648945799,20432.519509316564
4583.388730455105,22270.988030956654
4583.412566454272,25167.818423962573
4583.436402577397,28742.654267951006
4583.460238824482,33385.465155724996
4583.484075195528,38784.970051955366
4583.507911690535,44771.48080379467
4583.531748309506,50826.37035686616
4583.555585052438,56182.71700789264
4583.579421919334,61624.426415337824
4583.603258910194,65902.62570861609
4583.6270960250195,70031.43100565404
4583.65093326381,73938.42995675333
4583.674770626566,77070.45371216335
4583.698608113288,79472.97213893468
4583.722445723979,81552.94638290825
4583.746283458637,82955.48405645424
4583.770121317263,84010.44589936918
4583.793959299859,85312.85936876835
4583.817797406426,86298.12493409611
4583.841635636962,86601.508185165
4583.865473991469,87048.04598591503
4583.889312469948,87590.29730962502
4583.9131510724,87720.59278071942
4583.9369897988245,87667.9613997558
4583.960828649224,88130.80736602966
4583.984667623597,87665.34464825082
4584.008506721944,86847.85208167833
4584.032345944268,86197.68694510784
4584.0561852905685,85244.99490674818
4584.080024760845,83775.4383898076
4584.1038643551,81889.63005095343
4584.127704073333,80052.75097995796
4584.151543915545,77868.92941096006
4584.175383881736,75768.52121651548
4584.1992239719075,73957.47621166833
4584.22306418606,72623.20173548078
4584.246904524193,71804.82478130198
4584.270744986309,71257.6170533788
4584.294585572408,71888.64297949272
4584.31842628249,72985.79305920524
4584.342267116556,74343.58309313309
4584.366108074607,76298.64680054739
4584.3899491566435,78370.30449334216
4584.413790362666,79786.13551882174
4584.437631692675,81208.36392240961
4584.461473146671,83033.42419368806
4584.485314724655,83672.42486183446
4584.509156426628,84476.13027200596
4584.532998252589,85221.8464718773
4584.556840202541,85807.5507929906
4584.5806822764835,86414.61655591983
4584.604524474416,86838.83195678181
4584.628366796342,86945.54608500673
4584.652209242259,87278.21622343383
4584.67605181217,86715.66175766099
4584.699894506075,87018.11350676553
4584.723737323974,86516.37300769924
4584.747580265867,86066.81429316568
4584.771423331757,85690.12167469812
4584.795266521643,85373.32235538789
4584.8191098355255,85690.3020758703
4584.842953273406,85629.05544456978
4584.866796835285,85835.0729955621
4584.890640521163,86706.67169332538
4584.91448433104,86653.99872915137
4584.938328264917,86781.5467231213
4584.962172322795,86896.30026690965
4584.986016504675,86796.33842033386
4585.009860810556,86800.58411932876
4585.03370524044,86887.24049238946
4585.057549794328,85999.63868675611
4585.08139447222,85053.60716243176
4585.105239274117,83805.56360117007
4585.129084200019,82151.86472113091
4585.152929249926,79984.62207796356
4585.176774423841,77466.13553423258
4585.200619721763,73803.29255887993
4585.224465143693,69303.97121947285
4585.248310689631,64608.147755410224
4585.272156359579,60343.345444686856
4585.296002153536,56992.246517768355
4585.319848071504,54362.37785099274
4585.343694113483,53521.06769297298
4585.367540279473,53883.86362301067
4585.391386569477,56019.149823271706
4585.415232983493,58368.309846170756
4585.439079521523,61124.18853563241
4585.462926183568,63900.552054309446
4585.486772969627,66700.08221455177
4585.510619879702,69461.09977035635
4585.534466913794,71371.69486214693
4585.558314071902,73134.14289600689
4585.582161354027,74212.56683731117
4585.606008760172,74801.97066116644
4585.629856290335,75395.42071237913
4585.6537039445175,75786.43783151147
4585.677551722721,75695.00658116401
4585.701399624944,76203.58515555823
4585.7252476511885,77390.20669190315
4585.749095801456,78226.33748674244
4585.772944075746,79166.39122021328
4585.79679247406,80330.61781222858
4585.820640996397,80624.40537480438
4585.844489642758,82313.73828300643
4585.868338413146,83313.88005104185
4585.89218730756,84032.95686382694
4585.916036325999,85178.9293897262
4585.939885468467,85972.68793962494
4585.963734734962,86639.63240753964
4585.987584125485,87099.16232654947
4586.011433640038,87628.49835043616
4586.035283278621,87887.11801675518
4586.059133041234,87981.18197814269
4586.082982927878,88267.33693706506
4586.106832938554,88249.69702221581
4586.130683073264,88757.68177928221
4586.154533332005,88892.43577306799
4586.1783837147805,89138.84921274355
4586.2022342215905,88899.3499787269
4586.226084852435,88977.28678538358
4586.249935607315,88396.22529500115
4586.273786486232,88495.02022122742
4586.297637489186,88732.22515566932
4586.321488616177,87802.87131751611
4586.345339867206,87713.81664738302
4586.369191242275,87118.37290921362
4586.3930427413825,86368.3324040946
4586.416894364531,85499.39610087944
4586.44074611172,84356.9351240606
4586.46459798295,82952.32928633373
4586.488449978222,80895.42866841763
4586.512302097537,79155.35249508022
4586.536154340896,77404.99916976517
4586.560006708299,75916.6207853338
4586.583859199746,75241.26109278592
4586.607711815239,74553.36904226776
4586.6315645547775,75718.03073628305
4586.655417418362,76129.85772329324
4586.679270405994,77267.30794770202
4586.7031235176755,78488.86387897952
4586.726976753404,79834.97693720537
4586.750830113182,80968.97845389342
4586.77468359701,82175.65894401714
4586.798537204889,83466.53011079914
4586.822390936818,84878.96625300642
4586.8462447928,85846.11979478139
4586.870098772833,86551.0103496878
4586.893952876921,86818.57378918098
4586.917807105061,87043.0523768615
4586.941661457256,87071.75634413539
4586.965515933506,87632.89688470258
4586.989370533812,87419.5679073496
4587.013225258173,87376.33672682151
4587.037080106593,87591.65946209716
4587.060935079069,86996.2746645509
4587.084790175603,86683.23637551261
4587.108645396197,86840.87576112869
4587.13250074085,86251.4986214316
4587.1563562095635,85637.66174013987
4587.180211802338,85865.89515992008
4587.204067519173,85607.1386103021
4587.227923360071,85383.40078898596
4587.251779325031,84987.86625713254
4587.275635414055,84624.24601318374
4587.299491627143,83649.21025791143
4587.323347964295,82288.21267944202
4587.347204425513,81053.16134835882
4587.371061010796,79013.55594448942
4587.3949177201475,75925.97917293535
4587.418774553565,72838.50289745054
4587.44263151105,68949.60615367569
4587.466488592605,64773.62883993703
4587.490345798228,59941.6487427606
4587.514203127921,54920.77201923012
4587.5380605816845,49891.16612930358
4587.561918159519,44062.49984528955
4587.585775861427,39476.04351631931
4587.609633687405,35666.40529674926
4587.633491637457,33158.227622555285
4587.657349711583,32105.551914995904
4587.681207909784,32692.20407163207
4587.705066232059,34815.189431345185
4587.728924678409,37887.60500886792
4587.752783248837,42018.64984354648
4587.776641943341,46656.07073630979
4587.800500761922,51340.782557713814
4587.824359704582,56596.91048105581
4587.848218771321,61170.71508782953
4587.87207796214,65385.58654034866
4587.895937277038,69148.11421219796
4587.919796716017,72777.86879599004
4587.943656279078,76193.58048936233
4587.967515966221,78770.27758258283
4587.991375777447,81174.24303443881
4588.015235712755,82414.54932129628
4588.039095772148,83860.79918153405
4588.062955955626,84498.7551413183
4588.08681626319,84953.97185698248
4588.110676694839,85105.69318523163
4588.134537250574,85443.54405879449
4588.158397930397,85579.26525779684
4588.182258734308,86352.56835122498
4588.206119662307,86670.717396158
4588.229980714396,86629.30741562218
4588.253841890574,86625.47866925126
4588.277703190844,87501.89389923187
4588.3015646152035,87837.22920484915
4588.325426163656,88046.52341336466
4588.349287836199,87756.31017194348
4588.373149632837,87575.21145248042
4588.3970115535685,87431.39451760179
4588.420873598394,87452.55879381375
4588.444735767314,87230.42011670844
4588.46859806033,87456.56922468742
4588.492460477442,87407.57126798057
4588.516323018652,87227.31792412554
4588.540185683959,87346.86290873225
4588.564048473364,87184.70514179331
4588.587911386869,87040.81830581864
4588.611774424472,87228.22571913365
4588.635637586176,87440.21954144698
4588.6595008719805,87433.77238947964
4588.6833642818865,87163.5678143818
4588.707227815895,87449.20288641348
4588.7310914740065,87083.16741560807
4588.7549552562205,87363.27036125933
4588.778819162539,87311.13966822537
4588.802683192962,88104.21544336776
4588.82654734749,87638.99807637311
4588.850411626125,87448.6175038219
4588.874276028866,87564.01198745615
4588.898140555714,87611.45903438669
4588.92200520667,87285.73717508359
4588.945869981735,87245.90924696698
4588.9697348809095,87293.27032224575
4588.993599904194,87335.17183001383
4589.017465051587,86840.87664256073
4589.0413303230935,85040.96809625666
4589.065195718711,84869.27068159386
4589.08906123844,82476.45854027108
4589.112926882283,80217.57384495405
4589.13679265024,77828.46692213436
4589.160658542311,74743.12752791238
4589.184524558497,70723.90391377245
4589.208390698798,66045.64509120825
4589.232256963216,61119.27856282556
4589.256123351752,55451.75389990717
4589.279989864404,49688.700808550486
4589.303856501175,43912.3895141049
4589.327723262064,38737.25472962583
4589.351590147074,34915.62991579789
4589.375457156203,31859.807829311994
4589.399324289453,30535.078050472785
4589.4231915468245,30890.069775610005
4589.447058928318,32723.133570768692
4589.470926433935,35931.68343961725
4589.494794063675,40078.53004742315
4589.518661817539,45265.738081001924
4589.542529695528,50868.239017333326
4589.566397697642,56098.35313535197
4589.590265823882,61121.88016422316
4589.614134074249,65878.53253014357
4589.638002448743,70281.99256391783
4589.661870947365,74057.02016932753
4589.685739570115,77251.94644682479
4589.709608316995,79668.74448406562
4589.733477188005,82414.17935592323
4589.757346183145,83749.75425733761
4589.781215302416,85208.8273427932
4589.805084545819,85905.52783743666
4589.828953913355,86758.6139770675
4589.852823405024,87172.73878248609
4589.876693020826,87179.02489913689
4589.900562760762,87070.83116493202
4589.9244326248345,87194.94647827405
4589.948302613042,87358.71624188709
4589.9721727253855,87403.81770288222
4589.996042961866,87558.47668057312
4590.019913322484,87650.97456912491
4590.043783807241,87743.74868336372
4590.067654416137,87086.89686143362
4590.0915251491715,86825.12974778077
4590.115396006347,86726.79210309045
4590.139266987663,86244.1656266543
4590.16313809312,84974.7555504677
4590.187009322721,84004.01469221126
4590.210880676463,83873.13349942623
4590.234752154349,83012.97879111192
4590.258623756379,83212.63596880202
4590.282495482554,83622.91700523175
4590.306367332873,84070.61187369925
4590.33023930734,84166.07591720729
4590.354111405953,84645.5376173006
4590.377983628712,85249.52315423923
4590.4018559756205,85172.75624729233
4590.425728446677,85154.91748278815
4590.4496010418825,84853.86020637017
4590.473473761238,84713.29582757397
4590.497346604745,84086.52165386076
4590.521219572402,83798.9504638634
4590.545092664212,83328.6671520418
4590.568965880173,83135.53618561705
4590.592839220288,83066.9308708597
4590.616712684556,83151.3015748005
4590.640586272979,82926.9694531244
4590.664459985557,83058.69004680983
4590.688333822291,82497.35810112943
4590.712207783181,81411.52639964683
4590.736081868227,80396.06190444187
4590.759956077432,78587.73199658356
4590.7838304107945,76377.51272825009
4590.807704868316,74309.5373405394
4590.831579449998,72474.65021386821
4590.85545415584,71582.6863795708
4590.879328985842,70765.98811443473
4590.903203940006,70848.46849878792
4590.927079018332,71364.26220560737
4590.950954220821,71800.2530666814
4590.974829547473,72428.0046835981
4590.998704998289,73838.87895106588
4591.022580573271,75384.60929420276
4591.046456272417,77688.9329414852
4591.070332095729,79343.03634811373
4591.094208043209,80520.88977286608
4591.118084114855,82068.21093058246
4591.14196031067,82102.99246243619
4591.165836630653,81543.42419253783
4591.189713074805,81261.44329306768
4591.213589643127,80515.71992399312
4591.2374663356195,79050.71277156814
4591.261343152284,77363.5005792647
4591.285220093119,74843.6706498661
4591.309097158128,72129.0966374819
4591.33297434731,69240.67547175953
4591.356851660665,65316.684513220534
4591.380729098194,61076.561374667435
4591.4046066598985,56375.153135743065
4591.428484345779,51423.08357932219
4591.4523621558355,47240.863742460875
4591.476240090069,44339.20452297305
4591.50011814848,42712.741847150784
4591.52399633107,42573.70522209604
4591.5478746378385,44513.95069871779
4591.571753068787,47765.87723957449
4591.595631623915,51304.23508800402
4591.619510303224,55634.59351040731
4591.643389106715,60001.21204063988
4591.667268034388,64430.46868860703
4591.691147086243,67878.96454565488
4591.715026262283,70547.46423728246
4591.738905562506,72792.15412980839
4591.762784986914,74363.23138543879
4591.786664535508,75556.31711828816
4591.810544208287,75631.81625498047
4591.834424005253,75055.9643582676
4591.858303926407,73514.79111568685
4591.882183971748,70991.54014832331
4591.906064141278,68006.47129557536
4591.929944434997,64403.05197090532
4591.953824852907,60472.166728512486
4591.9777053950065,56260.309972476505
4592.0015860612975,52672.29982063783
4592.025466851781,49882.593108243724
4592.049347766456,47899.64990284334
4592.073228805325,46235.214571520504
4592.097109968387,45944.45921132181
4592.120991255644,47523.493466199
4592.144872667096,50460.671235015936
4592.168754202743,54725.74828111179
4592.192635862587,59093.3671710975
4592.216517646628,63559.56385122084
4592.240399554867,67897.62160573521
4592.264281587304,71913.62682104822
4592.28816374394,74704.78415592568
4592.312046024776,77267.10607255886
4592.335928429811,79970.42240925848
4592.3598109590475,82187.86612149925
4592.383693612486,83831.35905202698
4592.407576390126,84960.80865677702
4592.43145929197,86213.44137766429
4592.455342318016,87096.87801324886
4592.479225468267,87279.04683722592
4592.503108742722,87672.33466267471
4592.526992141384,87634.60090179564
4592.550875664251,87530.50532039345
4592.574759311325,87857.7330495234
4592.598643082606,87574.87750454713
4592.622526978095,87201.63719573592
4592.646410997792,87337.3907388905
4592.6702951417,87417.20155699804
4592.694179409817,87541.29651257595
4592.718063802145,88092.30028767524
4592.741948318683,87679.04343995207
4592.765832959434,87571.60457030908
4592.789717724398,87538.87581737182
4592.8136026135735,87053.67184552035
4592.837487626964,87225.46393338882
4592.861372764569,85954.5058293432
4592.885258026388,85181.78670564419
4592.909143412424,83942.99488207334
4592.933028922676,82509.57999219191
4592.956914557145,81583.42576558772
4592.980800315831,80602.4320089183
4593.004686198737,79686.6981954017
4593.028572205861,78900.18655214347
4593.052458337204,78579.58055293957
4593.076344592768,78286.69766683671
4593.100230972553,77788.92658920758
4593.124117476559,77017.8120486105
4593.148004104788,75588.57543079587
4593.171890857239,74080.35561458099
4593.195777733915,71654.96587393293
4593.219664734814,69228.39640060475
4593.243551859938,66127.27758570379
4593.267439109287,63186.9435265542
4593.291326482862,61070.83900064531
4593.315213980664,60110.743412067975
4593.339101602694,59914.952418261964
4593.3629893489515,60478.51034786709
4593.386877219438,61626.36744778406
4593.410765214154,63631.48394084825
4593.434653333099,66591.35304870416
4593.458541576275,69386.80310428988
4593.482429943682,71567.87754031229
4593.506318435322,73774.29488224705
4593.530207051194,75682.54203153531
4593.554095791299,77634.42739664338
4593.577984655638,79693.93518887422
4593.601873644211,81381.53948750632
4593.625762757019,82741.90936935239
4593.649651994064,83845.42410723168
4593.673541355345,85332.44702282982
4593.697430840863,86292.48713259758
4593.721320450618,86617.89406969852
4593.745210184612,86752.89973819695
4593.769100042845,87395.13946763988
4593.7929900253175,87314.47465529048
4593.816880132031,87490.65894543802
4593.840770362985,86967.95384847735
4593.86466071818,87273.28434993219
4593.888551197617,87036.93283752589
4593.912441801298,87114.24535310696
4593.9363325292215,87025.92876189244
4593.96022338139,86828.61543080691
4593.984114357803,86796.65456993421
4594.008005458461,86837.5634360552
4594.0318966833665,86627.70641022176
4594.055788032518,86495.19861075698
4594.079679505917,86645.20576221055
4594.103571103564,87050.55645843627
4594.127462825459,86664.90344856323
4594.151354671604,86598.49952118273
4594.175246641999,86517.99296807611
4594.199138736644,86336.20220411175
4594.223030955542,86185.26386557196
4594.2469232986905,85395.62086646724
4594.270815766092,85171.34547253198
4594.2947083577465,84349.00137744084
4594.3186010736545,83954.72962020838
4594.342493913818,83828.82532423505
4594.366386878236,83642.34082340854
4594.3902799669095,83915.13978080945
4594.41417317984,84213.57366471706
4594.438066517027,84777.96785449356
4594.461959978473,85253.22510848244
4594.485853564177,85332.81111743071
4594.509747274139,85571.77928572625
4594.533641108362,85427.35541024613
4594.557535066844,84961.8995388257
4594.581429149588,84613.55269078523
4594.6053233565935,83699.94801750177
4594.6292176878615,82736.36751321962
4594.653112143392,81058.00887697918
4594.6770067231855,79215.6752186915
4594.700901427244,76996.42001555744
4594.7247962555675,73917.48316817627
4594.748691208156,71843.07189340712
4594.77258628501,69367.88771092313
4594.7964814861325,67639.90894843984
4594.820376811521,67098.50794727883
4594.844272261178,67394.19971907046
4594.868167835104,68437.0868913964
4594.8920635333,69309.30187676087
4594.915959355765,70542.54629281904
4594.939855302501,70989.6565864493
4594.963751373508,71384.54665353012
4594.987647568787,71370.18919059185
4595.0115438883395,70506.2358529285
4595.035440332164,69528.23244862098
4595.059336900264,68285.8527063436
4595.083233592637,67217.20949303477
4595.107130409286,66503.96884479161
4595.13102735021,66164.24146655777
4595.154924415411,66706.92783063563
4595.17882160489,68514.72315802044
4595.202718918646,69871.59545751123
4595.22661635668,71344.63037888493
4595.250513918993,72654.44677542326
4595.2744116055865,73078.41315340789
4595.29830941646,73072.28285253409
4595.322207351615,72188.200723533
4595.346105411051,70722.15216308073
4595.3700035947695,68612.84910758273
4595.393901902771,65899.66003601614
4595.417800335056,63418.04912615987
4595.4416988916255,61219.07447694878
4595.46559757248,59910.70223007281
4595.48949637762,59763.76786487195
4595.513395307046,60837.93207740701
4595.537294360759,63007.65328658058
4595.561193538759,66102.12278792619
4595.585092841047,69299.96708033115
4595.608992267625,72372.9354770095
4595.632891818492,75388.56822712696
4595.656791493648,77963.40576024927
4595.680691293095,80184.57492347609
4595.704591216834,81545.28066512865
4595.728491264865,82568.21912389282
4595.752391437189,83037.93227020255
4595.776291733805,83149.33395501233
4595.800192154716,83361.62017639822
4595.824092699921,83373.02569429894
4595.847993369422,82836.99591823042
4595.871894163218,83095.43666660954
4595.895795081311,83433.38160271925
4595.9196961237,83775.08130107628
4595.943597290388,84298.29662773476
4595.967498581375,85098.7707782409
4595.99139999666,85699.32589610333
4596.015301536246,86086.8976044711
4596.039203200131,86707.40659096741
4596.063104988318,87238.17962445214
4596.087006900806,87778.2499988632
4596.110908937597,87966.4800772306
4596.134811098691,88063.72414381278
4596.158713384088,88444.28313126868
4596.182615793789,88711.07059776004
4596.206518327796,88585.77380302604
4596.230420986109,88569.61840181016
4596.254323768727,87692.53592616555
4596.278226675652,87458.63093994006
4596.302129706884,87209.89581856946
4596.326032862426,86381.63089576553
4596.3499361422755,85672.7079263619
4596.373839546434,84451.18007040003
4596.397743074904,83747.67026657173
4596.421646727684,83267.83057761486
4596.4455505047745,83069.66531502215
4596.469454406179,82838.61776459447
4596.493358431894,82599.28309141193
4596.517262581924,83197.681126174
4596.541166856267,83319.57824296242
4596.565071254926,83322.1030174745
4596.588975777899,83322.64344812518
4596.612880425188,83365.08896111374
4596.636785196794,83502.5180994387
4596.660690092717,82896.76557046517
4596.684595112958,82217.146984862
4596.708500257518,82515.56112245443
4596.732405526396,82291.57872889056
4596.756310919594,82386.60614056069
4596.780216437113,81908.19038769897
4596.804122078953,81551.74975384735
4596.828027845115,81852.56089500184
4596.851933735598,81963.73634260312
4596.875839750406,82467.89061638058
4596.8997458895365,83493.36050486458
4596.923652152992,83977.2909073584
4596.947558540772,84718.23923496608
4596.971465052878,85222.91641096736
4596.99537168931,85234.1071780881
4597.019278450068,85345.92506944283
4597.043185335155,85496.14439112804
4597.067092344569,84526.9411687848
4597.090999478312,83690.50306354606
4597.114906736386,82843.97228924495
4597.138814118789,81423.04005514849
4597.162721625523,79502.89196317604
4597.186629256588,77380.77914478056
4597.210537011985,75917.42617108858
4597.234444891716,74522.80638675226
4597.258352895779,73176.58432372498
4597.2822610241765,71904.8488479623
4597.306169276909,71129.7075365018
4597.330077653976,70866.85217537094
4597.35398615538,71296.66655000375
4597.37789478112,71256.46096819831
4597.401803531197,71810.35577371281
4597.425712405612,71760.48966656557
4597.449621404367,71322.59094913796
4597.473530527459,70260.86297025999
4597.497439774892,68426.74131770506
4597.521349146666,66567.43371129064
4597.54525864278,65049.21355824906
4597.569168263236,64212.72064453722
4597.593078008035,64806.16157679129
4597.616987877177,66372.45560775581
4597.640897870662,68562.60297773236
4597.664807988492,70874.84575645454
4597.688718230667,73131.90359603656
4597.712628597187,75191.67524437356
4597.736539088054,76667.92656615011
4597.760449703268,78132.97672652193
4597.78436044283,79338.19320269753
4597.80827130674,79678.06129448871
4597.832182294998,80806.05797506147
4597.856093407606,80736.75427923442
4597.880004644564,80947.23348782721
4597.903916005874,81280.74649558742
4597.927827491534,81633.44221074175
4597.951739101547,81739.97168609145
4597.975650835912,82382.10651189249
4597.999562694631,83150.00579789029
4598.023474677704,83431.34213375568
4598.047386785132,84356.4632116264
4598.071299016915,84334.84389693795
4598.095211373055,84833.6860874661
4598.11912385355,84283.21635476628
4598.143036458403,83798.62682349232
4598.166949187615,83957.65753012529
4598.190862041184,84272.31562943978
4598.2147750191125,84729.27689621202
4598.2386881214015,85104.47243782095
4598.26260134805,85514.53472549371
4598.286514699062,86525.39873239156
4598.310428174434,86266.34354833115
4598.334341774168,86955.4372733949
4598.358255498266,87260.29158962543
4598.382169346728,87569.79782969195
4598.406083319554,87750.12532336562
4598.429997416745,87835.31121027358
4598.453911638302,87990.23839457857
4598.477825984225,87932.63612421384
4598.501740454515,87866.40687472865
4598.525655049173,88191.7626562386
4598.5495697682,88107.60667512799
4598.573484611595,88482.22827518093
4598.597399579359,88382.74993367026
4598.6213146714945,88099.00327372973
4598.645229888,88184.696551292
4598.669145228878,88202.2437003635
4598.693060694127,88133.49660677765
4598.716976283749,88292.12759393059
4598.740891997745,88225.15698735016
4598.764807836115,88594.02096430166
4598.788723798861,88629.7856307633
4598.81263988598,88798.85505391931
4598.836556097476,88767.0708679006
4598.86047243335,89165.63743123805
4598.8843888936,88985.10212938458
4598.908305478229,88729.23877412108
4598.932222187235,89084.5476392794
4598.956139020622,89303.70635151562
4598.980055978387,89083.53615872712
4599.003973060534,88624.74145827231
4599.0278902670625,88060.91893327398
4599.051807597973,88278.43755211472
4599.075725053264,87343.169090429
4599.09964263294,86194.69153710906
4599.123560337,85338.8261007154
4599.147478165443,84312.16479672903
4599.171396118272,82720.39679009057
4599.195314195487,80687.51283502596
4599.2192323970885,78485.45527237593
4599.243150723077,76029.55397020568
4599.267069173452,74065.15904868416
4599.290987748217,72594.43822308867
4599.31490644737,72202.54482491303
4599.338825270913,72798.81415839703
4599.362744218846,73558.72764040927
4599.38666329117,74388.5764893972
4599.410582487886,74929.17897855
4599.434501808993,74804.8441327954
4599.458421254495,73720.21456019708
4599.482340824389,72281.00631565343
4599.506260518678,70254.57818981743
4599.530180337361,67368.05129865704
4599.554100280439,63811.598223348745
4599.578020347914,60685.564993139415
4599.6019405397865,58192.97771167878
4599.625860856056,56219.67245593594
4599.649781296723,55161.42528766046
4599.673701861789,54880.96550869469
4599.6976225512535,54722.47868593957
4599.721543365119,55286.91215224928
4599.745464303384,56116.941360478864
4599.769385366052,57311.282210997815
4599.793306553121,58650.28316131367
4599.8172278645925,60784.151118850714
4599.841149300468,63837.32460954856
4599.8650708607465,67060.13502273471
4599.88899254543,70007.85643544231
4599.912914354518,72840.90624851003
4599.936836288012,75488.94512709214
4599.960758345913,77489.29637131805
4599.98468052822,78511.21845206445
4600.008602834936,78792.89899065731
4600.0325252660605,78802.40219668951
4600.056447821594,77924.34161827118
4600.080370501536,75982.96152792686
4600.104293305889,73516.74898572623
4600.128216234653,70733.24443632644
4600.152139287829,67713.72578368544
4600.176062465417,65132.25318392926
4600.199985767418,63822.64632535899
4600.223909193833,64046.8474437848
4600.2478327446615,65144.90901877853
4600.271756419905,66747.28924827673
4600.295680219564,68383.03704737857
4600.3196041436395,69445.0454012796
4600.343528192132,71123.19883168733
4600.367452365042,72495.94658222764
4600.391376662369,73235.95190195106
4600.4153010841155,74324.13737689122
4600.439225630282,75273.69484918019
4600.463150300868,76261.49195200163
4600.4870750958735,76856.56482533873
4600.511000015302,77528.2164939532
4600.534925059152,78230.12032229085
4600.558850227424,79393.52715755686
4600.582775520121,80019.5270186357
4600.60670093724,80509.92610001816
4600.6306264787845,80587.92529468506
4600.654552144754,79745.59935491413
4600.67847793515,78644.95641536843
4600.702403849972,77082.51012116177
4600.726329889221,75076.5177796572
4600.750256052898,73114.21924626542
4600.774182341003,70910.10040716128
4600.798108753538,69090.20388775547
4600.822035290503,68070.03295127257
4600.845961951897,68099.34264825299
4600.869888737723,69245.73487760653
4600.893815647981,71270.70909011622
4600.917742682671,73568.29554130285
4600.941669841794,75773.07063139949
4600.96559712535,78121.41056781057
4600.989524533341,79595.65842482864
4601.013452065767,81849.64950864683
4601.0373797226275,83066.07392964666
4601.0613075039255,84060.45508689509
4601.08523540966,85291.64833805576
4601.109163439832,86301.17682686944
4601.133091594442,87242.60465647436
4601.157019873491,87616.95827319045
4601.180948276979,87026.60620524954
4601.204876804907,87140.89426921208
4601.228805457276,86992.67982271648
4601.252734234087,85436.24164657411
4601.27666313534,85027.17752942916
4601.300592161036,83027.59094062501
4601.324521311174,80949.92069602369
4601.348450585757,78710.99231241451
4601.372379984784,76063.91680237584
4601.396309508257,73253.72901684172
4601.420239156176,70673.9633294523
4601.44416892854,69347.47854029336
4601.468098825353,69745.14422110365
4601.492028846614,71169.18627349313
4601.515958992322,72318.32832164077
4601.539889262481,74562.05632932582
4601.563819657088,76495.4440347287
4601.587750176146,78473.35450837456
4601.611680819656,80471.74546704435
4601.635611587617,82344.45511213742
4601.659542480031,83929.3605830725
4601.683473496897,84976.3638174442
4601.707404638218,85930.43629168869
4601.731335903993,87140.56527761152
4601.755267294222,87431.28986137606
4601.7791988089075,87865.07651066913
4601.803130448049,88067.65590690124
4601.827062211647,88348.43386821468
4601.850994099704,88533.06339632238
4601.8749261122175,88838.01336429051
4601.898858249191,89024.91610904393
4601.922790510624,88759.1905732953
4601.946722896517,88624.12045244414
4601.970655406871,88865.97350794077
4601.994588041686,88504.616111633
4602.018520800963,88043.61617436465
4602.042453684703,87280.18495386402
4602.066386692907,86687.03429441618
4602.090319825575,85539.08695120002
4602.114253082706,83973.25556263262
4602.138186464304,82226.44247568722
4602.162119970369,79868.19844237943
4602.186053600898,77216.83901390698
4602.209987355896,74658.97753783433
4602.233921235362,71191.32022190191
4602.257855239296,67501.15724968685
4602.281789367699,62761.86712442953
4602.305723620572,57794.66652105404
4602.329657997916,53390.570037333164
4602.353592499731,49810.886270941955
4602.377527126018,47555.99430177901
4602.401461876777,46709.00592278998
4602.42539675201,47421.235140750025
4602.449331751715,49935.52761858394
4602.473266875896,53808.870842858465
4602.497202124552,58031.01385142151
4602.521137497683,61692.606694223105
4602.545072995291,66126.54431332047
4602.569008617375,70355.74223563663
4602.592944363938,73305.06078622447
4602.616880234978,76165.94181663587
4602.640816230498,78852.91039765158
4602.664752350497,81002.85585442123
4602.688688594977,82331.62045573404
4602.712624963937,83531.68437569731
4602.736561457379,84975.13232776619
4602.760498075303,85126.60444252963
4602.7844348177105,85799.20516926188
4602.8083716846,86895.06784934345
4602.832308675975,86692.6022482002
4602.856245791834,87047.29763248727
4602.880183032179,87857.5111450654
4602.904120397009,87956.31192556985
4602.928057886327,88122.61610761055
4602.9519955001315,88479.55794831968
4602.975933238425,88698.51672008031
4602.999871101206,89142.77265622318
4603.023809088477,89142.34158331605
4603.047747200238,89394.91165677208
4603.071685436489,88651.0474327183
4603.095623797231,88562.25345684464
4603.119562282466,88532.5744176396
4603.1435008921935,89011.0580521797
4603.167439626413,88454.32564423022
4603.191378485128,87714.754962669
4603.215317468336,87668.0213541856
4603.239256576039,87293.4693963421
4603.263195808239,86816.17731479807
4603.287135164935,86928.11898829431
4603.311074646128,85707.39277632762
4603.335014251818,85990.12647055772
4603.358953982008,85775.67380527173
4603.382893836696,85565.2822558465
4603.406833815883,85405.4462329479
4603.430773919571,86008.29602277312
4603.454714147761,86635.2923879501
4603.478654500451,86500.71589691802
4603.502594977644,86429.35654540674
4603.52653557934,86622.32773340211
4603.550476305539,86319.21566232506
4603.574417156243,86635.40206814895
4603.59835813145,86582.46077665736
4603.622299231165,86566.17774070139
4603.646240455385,86561.20661252146
4603.670181804111,86533.98808356006
4603.694123277345,86239.89096923976
4603.718064875088,86554.05097029287
4603.742006597339,86822.17546651061
4603.765948444099,86745.2328462965
4603.78989041537,86865.70495122828
4603.81383251115,86670.94806682017
4603.8377747314435,86242.56185343352
4603.861717076247,85863.08551854646
4603.8856595455645,84940.48966519997
4603.909602139394,83687.72010082414
4603.9335448577385,82394.48456503937
4603.957487700597,80923.92899791495
4603.981430667972,80193.66827670665
4604.005373759861,79420.93359110733
4604.029316976267,78962.43273084193
4604.0532603171905,79647.03455324359
4604.077203782632,80475.5707035846
4604.101147372592,81122.47457848901
4604.12509108707,82026.48955980474
4604.149034926068,82679.25783987153
4604.172978889587,83450.78824020323
4604.196922977628,83233.9185744562
4604.220867190189,82874.69354696783
4604.244811527273,82306.31211008866
4604.26875598888,81017.18757788026
4604.292700575011,79190.75116846312
4604.316645285665,76599.45221709707
4604.340590120844,73423.89439449475
4604.36453508055,70656.90007467885
4604.388480164782,67843.4476128324
4604.41242537354,65227.61278176164
4604.436370706826,63659.40559328325
4604.460316164639,63696.226724313725
4604.484261746982,65145.70143256122
4604.508207453854,67284.68610792949
4604.532153285257,69967.38009971453
4604.55609924119,72563.05513506348
4604.580045321654,74748.22740152152
4604.603991526651,76602.55101870382
4604.62793785618,78145.03182732683
4604.651884310242,79316.16439201644
4604.675830888839,79623.69043631289
4604.69977759197,79646.9459692033
4604.723724419637,79303.53415527691
4604.747671371839,78892.96949940987
4604.771618448578,78225.81596152914
4604.795565649854,77325.54567893302
4604.819512975668,77210.4447262895
4604.843460426021,77312.59507512764
4604.867408000912,77127.15408285237
4604.891355700343,77175.07370952747
4604.915303524316,77288.74562490488
4604.939251472829,77058.64958437132
4604.963199545884,76673.45994536695
4604.987147743481,75462.74717602432
4605.011096065621,75316.59374551322
4605.035044512305,75357.10847369341
4605.058993083534,75313.94586532767
4605.082941779307,75964.93927363846
4605.106890599626,77097.19975969213
4605.130839544491,78120.40410815901
4605.154788613903,78844.44501529896
4605.178737807863,79455.40624053749
4605.2026871263715,80212.16840061903
4605.226636569428,80916.8709997736
4605.250586137035,81279.72160063482
4605.274535829191,82124.62222889416
4605.298485645899,83235.47861221523
4605.322435587157,84428.37839629759
4605.346385652969,84879.68432206918
4605.370335843332,85624.62937776104
4605.394286158249,86425.84380375699
4605.41823659772,86915.25410600644
4605.442187161747,87023.60104351935
4605.466137850328,86994.85150331848
4605.490088663465,87033.24743462357
4605.514039601159,86537.9556244159
4605.537990663411,86249.91777560205
4605.56194185022,85208.29629486862
4605.585893161588,84125.11889813216
4605.609844597515,82280.22091809408
4605.633796158002,81078.61996170154
4605.657747843049,79677.97123347213
4605.681699652658,78633.01754185143
4605.705651586829,78112.60218993257
4605.729603645562,77650.91100831026
4605.753555828857,77068.41061235502
4605.777508136718,76154.07598095729
4605.801460569142,75224.82113842171
4605.825413126131,74763.53717620058
4605.849365807687,75023.02968577867
4605.873318613808,75470.90994926143
4605.897271544497,76161.65616935234
4605.921224599753,77114.25172834357
4605.9451777795775,78478.7313693408
4605.969131083971,79870.8986110792
4605.993084512934,81232.76691645633
4606.017038066468,82543.54142680306
4606.040991744571,83910.69063088048
4606.064945547248,84970.92824346948
4606.0888994744955,85439.37747022857
4606.112853526316,87310.22528983754
4606.136807702711,87413.89444542682
4606.160762003679,88165.81470766617
4606.184716429222,88895.288088838
4606.208670979341,88950.12737438103
4606.232625654036,88631.1000471229
4606.256580453308,88798.28333941147
4606.280535377156,89018.62261809346
4606.304490425583,89079.14274158931
4606.3284455985895,89045.05282461115
4606.352400896174,88877.63570368903
4606.376356318339,89121.2140852837
4606.400311865084,89350.82941464105
4606.424267536411,88897.83443143062
4606.448223332321,88818.8231719749
4606.472179252812,88700.09737036117
4606.496135297886,88425.24608253724
4606.520091467544,87999.8012083792
4606.544047761788,88368.90864208393
4606.568004180615,88289.24933240026
4606.591960724029,87582.51634756353
4606.61591739203,86803.20371511592
4606.639874184617,86129.21998558895
4606.663831101792,85722.93783434307
4606.687788143556,84555.54910633623
4606.711745309908,83450.44538789877
4606.735702600851,82361.1942349443
4606.759660016383,81231.25910626476
4606.783617556507,80901.49988060312
4606.807575221223,80437.32394195735
4606.83153301053,79922.16619908935
4606.85549092443,80130.14919859734
4606.8794489629245,80223.24797371178
4606.903407126013,79663.78323098089
4606.927365413696,78746.42434976835
4606.951323825975,77436.69480226573
4606.97528236285,75503.0593052924
4606.999241024321,72318.82657112191
4607.023199810391,69073.66252570735
4607.047158721058,66465.85866069619
4607.071117756324,63625.06693363251
4607.095076916189,61935.11228820705
4607.1190362006555,62058.08431840863
4607.142995609722,63734.59626275786
4607.166955143389,66155.30384568669
4607.190914801658,69165.2746362146
4607.214874584531,71987.04898614448
4607.238834492006,74303.10642822763
4607.262794524086,77050.08918455613
4607.28675468077,79622.37373523093
4607.310714962059,81238.44599001032
4607.334675367954,82286.7496653428
4607.358635898457,84058.29304094422
4607.382596553565,85218.43745019904
4607.406557333282,86413.08806233668
4607.430518237607,86992.74839430129
4607.454479266542,87348.7654535688
4607.478440420086,87906.58891869154
4607.502401698241,88245.229798113
4607.526363101007,88320.32258883506
4607.550324628384,88361.49419929303
4607.574286280374,88410.7467085333
4607.598248056976,88823.03301140129
4607.622209958193,89004.70253784575
4607.646171984024,89547.8972488578
4607.67013413447,88857.06276471513
4607.694096409531,89467.86129946016
4607.718058809209,89525.9275131176
4607.7420213335035,89810.10983965658
4607.7659839824155,89629.52530560496
4607.7899467559455,89512.70237021377
4607.813909654095,89657.15461662221
4607.837872676863,89767.32657094511
4607.861835824253,89801.3645193012
4607.885799096262,89455.0030589608
4607.909762492894,89581.73616688358
4607.9337260141465,90075.63610866995
4607.957689660022,89939.47551687792
4607.981653430522,89594.25250682654
4608.005617325645,89669.28701863634
4608.029581345393,89661.25863993133
4608.053545489766,89336.5850177669
4608.077509758766,89128.34096602065
4608.101474152392,89030.89078784267
4608.125438670645,88686.97629323695
4608.149403313526,88414.23928672375
4608.173368081036,88207.49757626695
4608.197332973175,87648.73892831457
4608.221297989944,87588.74236095928
4608.245263131344,88041.8130545757
4608.269228397374,88128.72239378365
4608.293193788036,88323.21988734168
4608.317159303331,88032.95793836622
4608.341124943259,87372.43513863193
4608.365090707821,87564.43473473036
4608.389056597017,87696.02348884447
4608.413022610848,87579.29313088332
4608.436988749315,87401.81739684012
4608.460955012418,86997.6879103364
4608.484921400158,86538.43153505007
4608.508887912536,85968.71973559774
4608.532854549552,84944.70038033155
4608.556821311207,83737.86850051147
4608.580788197502,81766.22775835951
4608.604755208437,79472.25894319965
4608.628722344013,77025.51264164747
4608.6526896042305,74161.72568037166
4608.67665698909,71907.6212824788
4608.700624498592,70270.10555921051
4608.7245921327385,69383.55948282522
4608.748559891528,69755.6458383907
4608.772527774963,71224.07172554647
4608.796495783044,72893.78602249817
4608.820463915769,74678.47561938125
4608.844432173143,76947.03814063643
4608.868400555163,78739.30475619866
4608.892369061831,80423.03164907053
4608.916337693148,82265.75490966595
4608.940306449115,83743.88540560157
4608.964275329731,84338.63762971255
4608.988244334998,85738.18593830233
4609.012213464916,86537.82004156976
4609.0361827194865,87087.60648139834
4609.060152098709,87208.70322745734
4609.084121602586,87485.48929023485
4609.108091231115,88206.88667265956
4609.1320609843,88275.9985988012
4609.156030862139,88115.19973817296
4609.180000864634,88331.34695131841
4609.203970991786,87663.04584716466
4609.227941243595,87583.75477176128
4609.251911620061,87164.19427666304
4609.275882121186,86800.93580249623
4609.29985274697,86285.97588685124
4609.323823497414,85319.30040081716
4609.3477943725175,84884.07053984249
4609.371765372282,84731.85826938518
4609.395736496709,84967.34239940056
4609.419707745798,85428.2772174972
4609.44367911955,85554.0297731501
4609.467650617966,85938.49011409127
4609.491622241045,86653.26229195597
4609.51559398879,86607.99810947129
4609.5395658612,86902.40677998503
4609.563537858276,86947.68047204407
4609.587509980019,86675.20382309535
4609.611482226429,86818.63915543926
4609.635454597508,86743.99915153759
4609.6594270932555,86920.30530602773
4609.683399713672,87238.97827380132
4609.707372458759,87243.98652631682
4609.731345328517,87768.5475541499
4609.755318322946,88256.58824751488
4609.779291442046,88383.89438108951
4609.80326468582,88760.19362978228
4609.827238054267,88523.87527692517
4609.851211547388,88550.4619679486
4609.875185165183,89012.23616083262
4609.899158907654,88488.78640488585
4609.9231327748,88600.67171666773
4609.947106766624,88170.39881884279
4609.971080883124,87551.11899295586
4609.995055124302,87360.15416218988
4610.019029490159,87061.02694808488
4610.043003980694,86759.44895130002
4610.06697859591,86953.41821208812
4610.090953335806,87639.13134421263
4610.1149282003835,87756.16723163638
4610.138903189642,87456.66419781919
4610.162878303583,88101.6970511102
4610.186853542208,88467.96588589896
4610.210828905516,88730.11809423588
4610.234804393508,89026.5153705533
4610.258780006186,89054.64667167925
4610.2827557435485,88626.01039252199
4610.306731605598,88731.7505362343
4610.330707592333,88869.5419283918
4610.354683703757,88504.64051707149
4610.378659939869,87954.83143481155
4610.40263630067,86970.28385661598
4610.42661278616,85846.07282622429
4610.450589396341,84690.30138426488
4610.474566131212,83412.11845661509
4610.498542990774,81876.86231221372
4610.522519975028,78978.12802232214
4610.546497083977,76599.36062763643
4610.5704743176175,74293.67003177946
4610.594451675952,70527.87906199542
4610.618429158982,67106.93885262722
4610.642406766707,63315.82486898775
4610.666384499128,59642.432617134575
4610.690362356246,56279.16027607966
4610.7143403380605,54221.70803672984
4610.738318444573,53848.62223360624
4610.762296675785,55054.54708438874
4610.786275031696,57689.97049299859
4610.810253512306,61041.811871809616
4610.834232117618,64379.6652044472
4610.85821084763,67663.53386535161
4610.8821897023445,70882.17335663183
4610.906168681761,73827.41670007163
4610.930147785881,75724.0855906187
4610.954127014705,77930.23101911556
4610.978106368232,79472.54864589545
4611.002085846466,81024.27770046715
4611.026065449405,82158.62198663632
4611.0500451770495,82993.10413428971
4611.074025029402,84067.41723764467
4611.098005006462,84785.53413037708
4611.121985108231,85206.56485025313
4611.145965334707,85834.91157844318
4611.169945685894,86310.2446903251
4611.193926161792,86403.70545283993
4611.217906762399,86369.48127312317
4611.241887487719,86691.14389442587
4611.26586833775,87027.11354534233
4611.289849312496,86840.04318503026
4611.313830411954,87093.12218710447
4611.3378116361255,87510.06341387758
4611.361792985013,87093.87707498368
4611.385774458616,87015.99030908
4611.409756056934,87136.24185709092
4611.433737779969,87249.68911617578
4611.457719627722,87327.56892014925
4611.481701600193,87238.33107453426
4611.505683697383,87479.60494333733
4611.529665919292,87922.83856702462
4611.553648265921,87868.5244541264
4611.577630737271,88033.84047752424
4611.601613333341,88177.4020271551
4611.625596054134,88170.76495789812
4611.64957889965,87843.01912444946
4611.6735618698885,88554.88003696226
4611.697544964851,88844.5446590746
4611.721528184537,88773.40273732583
4611.74551152895,88866.25375303745
4611.769494998088,89086.87388064335
4611.793478591952,88625.53476822333
4611.817462310544,88389.88089476436
4611.841446153864,88496.66419426096
4611.865430121912,88328.444575045
4611.889414214688,88158.96571178627
4611.913398432195,87853.06178448
4611.937382774432,87674.10221964282
4611.961367241401,87878.61091130898
4611.9853518331,87557.08333700684
4612.009336549532,87296.72390636479
4612.033321390697,87270.13666510567
4612.057306356596,87226.2444110229
4612.081291447229,87289.74514579559
4612.105276662597,87335.26101834587
4612.129262002701,87456.98216821559
4612.15324746754,87610.09915128986
4612.177233057117,87986.75861847139
4612.20121877143,88124.29228839713
4612.225204610482,87942.48965418998
4612.249190574274,87842.73919738179
4612.273176662804,87852.6226253771
4612.297162876074,87980.25780048137
4612.321149214085,87426.22136978486
4612.345135676838,86669.54622593147
4612.369122264333,86140.58778261385
4612.39310897657,84650.44167845191
4612.417095813551,84492.25844154623
4612.441082775276,83783.42949757734
4612.465069861745,82371.69454008927
4612.48905707296,81686.17340534981
4612.513044408921,79722.44016548201
4612.537031869628,77286.81585383567
4612.561019455083,74903.12823685246
4612.585007165285,71564.25529798082
4612.608995000236,68141.73875859375
4612.632982959935,65412.893961558286
4612.6569710443855,63105.00710398916
4612.6809592535865,61962.10962004531
4612.704947587537,61360.177305156634
4612.728936046241,60769.45326608477
4612.752924629696,60393.674812120145
4612.776913337905,60002.822326305424
4612.800902170868,60211.37121050727
4612.824891128585,61777.987577597
4612.848880211057,64065.677194452124
4612.872869418285,66898.7115741752
4612.896858750269,70041.78080524429
4612.92084820701,72904.08818013017
4612.944837788508,75762.28655521914
4612.968827494765,78467.63511914562
4612.99281732578,80260.52478482801
4613.016807281556,81824.01339002518
4613.040797362091,83491.23795553437
4613.064787567388,84350.66100576097
4613.088777897446,85674.5891203092
4613.112768352265,86090.63886887065
4613.136758931849,86255.82115008874
4613.160749636195,86478.40800660037
4613.184740465305,85971.75174072878
4613.20873141918,85563.06368170779
4613.232722497821,84209.51227607744
4613.256713701227,82906.48604013796
4613.280705029401,81088.9228271804
4613.304696482342,78692.53743958089
4613.328688060051,76301.43578846334
4613.352679762528,74499.47140370331
4613.376671589775,73394.91375579123
4613.400663541791,72786.25035509259
4613.424655618578,73150.73384467879
4613.448647820137,74434.43806777745
4613.472640146467,75860.17653924614
4613.49663259757,77629.99023635834
4613.520625173446,79088.8835597652
4613.544617874096,79450.0632904551
4613.56861069952,80780.35003472965
4613.59260364972,81564.53121728575
4613.616596724695,82017.79679793376
4613.640589924447,83111.71472811913
4613.664583248976,83590.1412666196
4613.688576698282,84319.23324931953
4613.712570272368,84933.11884814868
4613.736563971232,85647.32878358396
4613.760557794875,86678.24079795145
4613.784551743299,87213.93811868473
4613.808545816504,87474.7149952793
4613.83254001449,87422.93702310817
4613.856534337259,87654.03445950842
4613.880528784812,87891.55871558684
4613.904523357147,87495.37557674183
4613.9285180542665,87456.32859842644
4613.952512876172,87399.3756534546
4613.976507822861,87196.52094000106
4614.000502894337,87158.83972007707
4614.0244980906,87237.0368673249
4614.048493411651,87534.46616237944
4614.07248885749,87413.27851307912
4614.096484428117,87636.43852590484
4614.1204801235335,87839.08180210742
4614.144475943741,88023.46090592539
4614.168471888738,88308.55517384011
4614.192467958527,88200.56064124416
4614.216464153108,88382.7724272312
4614.240460472482,88742.01192947586
4614.264456916649,88758.49853163603
4614.288453485609,88758.39308790855
4614.3124501793645,89512.5544322519
4614.336446997915,89384.12423542944
4614.360443941262,89591.836930942
4614.384441009405,89325.09514747532
4614.408438202346,89555.81626630166
4614.432435520084,89780.62901602848
4614.456432962621,89502.30720369937
4614.480430529957,89572.67677747709
4614.504428222092,89627.70099090332
4614.528426039028,89543.38206005441
4614.5524239807655,89613.26711150733
4614.576422047305,89605.18370815889
4614.600420238646,89654.47325362185
4614.62441855479,89826.72529813743
4614.648416995738,89515.79031947246
4614.672415561491,88897.64973936952
4614.696414252048,88779.67781878392
4614.720413067412,89106.85933033431
4614.744412007582,88709.62543319105
4614.768411072558,88187.75933803829
4614.792410262341,87202.245438785
4614.816409576933,87017.65267147218
4614.840409016335,86021.15024895161
4614.864408580545,85059.62936961494
4614.888408269566,84315.28243576939
4614.912408083397,83429.50618191862
4614.93640802204,82563.89771027643
4614.960408085496,81573.75776703158
4614.984408273764,80587.39359772223
4615.008408586845,80008.46562991057
4615.03240902474,79559.05756120202
4615.056409587451,79255.28530700001
4615.080410274976,79575.5569081301
4615.104411087318,79967.88034138769
4615.128412024476,80068.84703819669
4615.152413086452,81388.84519240588
4615.176414273245,81495.11227121901
4615.200415584858,82506.76561959117
4615.22441702129,83728.98346889282
4615.248418582541,83898.28622222297
4615.272420268613,84516.49590389262
4615.296422079506,84848.6528021464
4615.320424015221,84950.8759845839
4615.344426075759,84726.25337036289
4615.368428261119,83868.98150253491
4615.392430571304,82373.07854155738
4615.416433006313,80506.62037156268
4615.440435566147,78507.71558080356
4615.464438250807,75727.53861578919
4615.488441060294,71914.24877674785
4615.512443994607,68304.58699388675
4615.536447053748,65212.400504835656
4615.560450237717,63114.31889740888
4615.584453546516,61996.49754891722
4615.608456980144,62603.87930128061
4615.632460538603,64165.48110011044
4615.656464221892,66271.18070704363
4615.680468030013,68744.24185224189
4615.704471962967,70934.76499917607
4615.728476020752,72489.87133545452
4615.752480203372,73828.76728542105
4615.776484510826,75538.59208167579
4615.800488943115,76038.40992479624
4615.824493500239,75322.98976117666
4615.848498182199,74550.7661790775
4615.8725029889965,73292.70278672664
4615.896507920631,71148.88921661198
4615.920512977104,67992.93310481249
4615.944518158416,63973.78315090461
4615.968523464567,59919.825155886116
4615.992528895557,55135.815841229174
4616.016534451389,50570.47895127344
4616.040540132062,46898.118096704384
4616.064545937577,44888.914594489484
4616.088551867934,45073.40598645932
4616.112557923136,46341.33643982508
4616.136564103181,49278.34132907724
4616.16057040807,52953.118358570544
4616.184576837804,57483.31530771844
4616.208583392385,61697.666384069606
4616.232590071812,66106.079349063
4616.256596876086,70405.04239613275
4616.280603805209,73726.49238476141
4616.30461085918,76856.78513962628
4616.328618037999,79947.40632311483
4616.3526253416685,82251.12107012866
4616.376632770189,83994.96622945598
4616.40064032356,85444.65612649315
4616.424648001783,86420.76294058321
4616.4486558048575,86874.07494921719
4616.472663732786,87549.23428905066
4616.496671785568,87356.9036971022
4616.520679963204,87066.37297364831
4616.544688265695,86767.91977736498
4616.568696693042,85844.1525531284
4616.592705245245,84618.54159755739
4616.616713922305,83074.25474426578
4616.6407227242225,81038.39542386521
4616.664731650999,78996.51885778226
4616.688740702633,77468.0475188441
4616.712749879128,76195.80091195794
4616.736759180482,75920.44008762325
4616.760768606697,76882.46655700605
4616.784778157774,78382.40623754739
4616.808787833713,79987.59561851597
4616.8327976345145,81159.16743373044
4616.856807560179,82436.9056164677
4616.880817610709,83848.88935486722
4616.904827786102,84540.68464219774
4616.928838086361,85837.27613548406
4616.952848511486,86813.78599353194
4616.9768590614785,87811.14607928241
4617.000869736337,88266.5419963753
4617.024880536064,88917.70230238317
4617.04889146066,88897.04473639993
4617.0729025101255,89334.80813353561
4617.096913684461,89361.15320511938
4617.120924983666,89378.06405487671
4617.1449364077425,89304.42449386003
4617.168947956691,89412.50281106366
4617.192959630512,89112.34849233623
4617.216971429206,88536.3316407351
4617.2409833527745,88517.78541686079
4617.264995401217,88091.59719284903
4617.2890075745345,87426.5574778056
4617.313019872728,87582.16966783203
4617.337032295797,87213.99517395838
4617.361044843744,86979.14607120874
4617.385057516569,87357.84085456964
4617.409070314272,86973.31544454845
4617.433083236853,86979.80903120854
4617.457096284315,87188.59823447597
4617.481109456657,87846.36348331154
4617.50512275388,87370.86301532302
4617.529136175985,88062.52741100693
4617.553149722971,88328.84319767269
4617.577163394841,88550.12578567161
4617.601177191594,88285.98832698516
4617.625191113231,88524.69262124014
4617.649205159753,88738.62337166746
4617.673219331161,89004.61669392585
4617.697233627455,89027.39162676863
4617.721248048635,89223.21373525499
4617.7452625947035,89551.54479895446
4617.769277265659,89029.5063152721
4617.793292061504,88766.39947056824
4617.817306982239,88657.82310244544
4617.841322027863,88334.35454955883
4617.865337198378,87819.76671967929
4617.889352493785,86852.55668033076
4617.913367914083,85459.53990868389
4617.937383459274,84153.64317465342
4617.961399129358,82689.9925322321
4617.9854149243365,80249.47732683396
4618.009430844209,77682.84782595372
4618.033446888978,74398.46476801825
4618.057463058642,70462.92208917665
4618.081479353202,66082.00846289727
4618.10549577266,61474.40795495572
4618.129512317016,56206.17618511202
4618.1535289862695,50787.15658398647
4618.177545780422,45630.99639667119
4618.201562699475,40977.1870084447
4618.225579743429,37625.15905035133
4618.249596912284,35881.53243450816
4618.273614206039,35727.103301347575
4618.297631624699,37189.28251120485
4618.32164916826,39885.12198570974
4618.345666836725,43834.15487591005
4618.369684630095,48584.639812402726
4618.39370254837,53250.902547427904
4618.41772059155,58261.951664121356
4618.441738759637,62888.758470259505
4618.465757052631,66947.53264936137
4618.489775470532,69986.14555446891
4618.513794013341,72711.09699686222
4618.537812681059,74324.88226687394
4618.561831473687,75373.25160952758
4618.585850391225,75123.50301444913
4618.609869433673,73839.09892787469
4618.6338886010335,72052.09641817841
4618.657907893306,69441.85165607254
4618.681927310491,66396.03735292652
4618.70594685259,63558.31462019964
4618.729966519602,61998.62714775798
4618.75398631153,61826.10260931824
4618.778006228373,62881.42154941099
4618.802026270132,65127.61529065158
4618.826046436807,67449.34156126047
4618.8500667284,69915.12416246542
4618.874087144911,72041.62908886153
4618.89810768634,73579.95632573449
4618.922128352689,74811.32306015666
4618.946149143958,75405.639870549
4618.970170060147,76896.78293636387
4618.9941911012575,77450.86243289754
4619.0182122672895,78756.19061161163
4619.042233558244,79755.63904646522
4619.066254974123,81174.00381574417
4619.090276514924,82045.76269800626
4619.114298180651,82766.62634245097
4619.138319971302,83346.9899695388
4619.162341886879,83710.79999836315
4619.186363927383,84352.3395153277
4619.210386092814,84441.82803903286
4619.234408383172,83718.0673246476
4619.258430798459,83175.92418229445
4619.282453338675,82667.51817708486
4619.3064760038205,82000.36262015741
4619.330498793896,81805.73017023654
4619.354521708903,82093.44693056164
4619.378544748841,82633.2398052025
4619.402567913712,83189.17480298843
4619.426591203515,83893.25313267153
4619.450614618253,84829.87107048705
4619.474638157924,85208.40057975921
4619.49866182253,85544.11183825812
4619.522685612072,86029.7792614945
4619.54670952655,85770.76638015028
4619.5707335659645,86038.85019898835
4619.594757730317,86167.77495330738
4619.618782019607,85375.26049693026
4619.642806433836,84445.6139874677
4619.666830973005,83523.66617188601
4619.690855637114,82033.82162034391
4619.714880426163,79649.62897189784
4619.738905340154,76968.37148081786
4619.762930379086,73919.56911291012
4619.786955542962,70304.07727038086
4619.81098083178,66015.92818438991
4619.835006245543,60973.83946523609
4619.85903178425,55691.070958858574
4619.8830574479025,50538.33358428668
4619.907083236501,45779.38284927504
4619.931109150046,42385.091705555256
4619.955135188538,40662.87246919985
4619.979161351978,40373.176112412504
4620.003187640367,42060.365513645935
4620.027214053705,44953.26618918363
4620.051240591993,48841.74205777941
4620.075267255231,53490.72069014875
4620.09929404342,58564.072069502974
4620.123320956561,62884.424396935276
4620.147347994654,67612.43340553096
4620.171375157701,71665.1006063709
4620.195402445701,75196.55081661433
4620.219429858655,77786.3651681472
4620.243457396565,80462.27856657699
4620.267485059429,82205.37138985365
4620.291512847251,84030.06537420464
4620.31554076003,85646.05660431228
4620.339568797765,86708.77456319724
4620.36359696046,87399.2169458802
4620.387625248113,88265.00333119954
4620.411653660726,88912.76004594483
4620.435682198298,88947.93090782921
4620.459710860832,88970.25023930224
4620.483739648328,89277.60230003097
4620.507768560786,89493.13869249957
4620.531797598206,89489.48121474362
4620.555826760589,89649.01453276468
4620.579856047937,89335.32642864788
4620.60388546025,89266.21912002246
4620.627914997528,89309.92668739258
4620.651944659772,89162.95029360376
4620.675974446983,89105.92046514085
4620.7000043591615,89187.19859493639
4620.724034396308,89136.04223086844
4620.748064558422,89138.96126644578
4620.772094845506,88834.07091913446
4620.796125257561,88490.63548376961
4620.820155794585,88593.23783085677
4620.844186456581,88251.68778340556
4620.868217243549,87535.24900722092
4620.89224815549,87370.98102639877
4620.916279192404,87161.29717757784
4620.940310354291,87328.05768953
4620.964341641153,87454.28483970271
4620.98837305299,87636.42368268961
4621.012404589803,87958.25087531233
4621.036436251593,88195.3095745678
4621.060468038359,88118.77460635672
4621.084499950103,87871.70381294616
4621.108531986826,88181.1169945751
4621.132564148528,88403.33174965238
4621.156596435209,88171.90493807926
4621.1806288468715,88007.909615936
4621.204661383515,87342.32341259552
4621.228694045139,86775.81966470847
4621.252726831745,86300.38470299923
4621.276759743336,85201.08561929544
4621.300792779909,84403.78352262302
4621.324825941467,83670.23522685903
4621.348859228009,82592.29383113874
4621.372892639537,82323.18444229903
4621.396926176051,81981.4280893228
4621.420959837553,82265.89669362555
4621.444993624042,83012.98924502185
4621.469027535519,83686.18453071194
4621.493061571984,84490.4411145489
4621.517095733439,85333.06734474066
4621.541130019885,86307.06790642897
4621.56516443132,86873.88282468604
4621.5891989677475,87169.85556258792
4621.613233629168,87583.51879231956
4621.6372684155795,88104.54565394268
4621.661303326985,88318.53644672406
4621.685338363384,88248.85059178017
4621.709373524779,88161.34949267552
4621.733408811168,87641.39635038054
4621.757444222553,86796.37872498037
4621.781479758935,86354.13099127421
4621.805515420315,85820.10186657502
4621.8295512066925,84419.07901731896
4621.853587118068,82991.51544306889
4621.877623154443,82301.62038943947
4621.901659315818,81571.40249802828
4621.925695602194,81580.1299821019
4621.94973201357,81876.02796417502
4621.9737685499485,82530.12517282258
4621.997805211329,83470.45318289813
4622.021841997713,83648.94938360687
4622.045878909101,84389.83586177854
4622.0699159454925,84959.90362152083
4622.09395310689,85317.81764633548
4622.1179903932925,85303.11787410709
4622.142027804702,85306.82129635553
4622.166065341118,85433.08420865455
4622.190103002542,85257.96228958959
4622.214140788974,85218.92828506729
4622.238178700415,85617.02444259539
4622.262216736865,86425.30706921736
4622.286254898327,86791.08578257874
4622.310293184799,87131.1111039989
4622.334331596282,86813.58325030166
4622.358370132778,86225.08523234629
4622.382408794287,86155.2598902342
4622.406447580808,85618.58744306372
4622.430486492345,84739.31704871764
4622.454525528896,83828.0719741123
4622.478564690462,82564.4360828055
4622.502603977045,81624.35620102605
4622.5266433886445,81232.33027459742
4622.550682925261,80780.59554909306
4622.574722586895,80968.36460093275
4622.598762373549,81742.6386414835
4622.622802285222,82813.86106613181
4622.646842321915,83444.77129877517
4622.670882483629,84811.06723348433
4622.6949227703635,85687.56189874928
4622.71896318212,86910.6145967854
4622.7430037189,86893.42598652093
4622.767044380703,87300.71948975872
4622.79108516753,88112.8343196445
4622.81512607938,88365.40011462904
4622.839167116257,88408.63201045913
4622.86320827816,88782.00140728941
4622.8872495650885,88763.25709744885
4622.911290977044,87972.67039035223
4622.935332514028,88036.66171003452
4622.95937417604,88136.73890041378
4622.983415963082,87763.31233215984
4623.007457875153,87368.94135143656
4623.031499912254,87292.43022663829
4623.055542074387,87294.01834236419
4623.0795843615515,87577.56045830848
4623.103626773748,87843.5156103447
4623.127669310978,87883.20751078322
4623.151711973241,88052.1071212249
4623.175754760538,88669.16909263286
4623.199797672871,89140.13973482193
4623.2238407102395,88881.6360721674
4623.247883872644,89230.44022630989
4623.271927160085,89448.82185098356
4623.295970572564,89287.33643251259
4623.3200141100815,89504.39453654583
4623.344057772638,89604.29631627222
4623.368101560233,89644.16772115628
4623.392145472869,89264.54589656954
4623.416189510546,88952.60627006546
4623.440233673264,88421.42423444109
4623.464277961024,88309.22746956561
4623.488322373827,87593.36783549596
4623.512366911674,87856.85293973183
4623.536411574564,87960.67725880537
4623.560456362499,87465.94872653767
4623.58450127548,87793.76269673403
4623.608546313506,87639.82045741299
4623.632591476579,87565.10498296919
4623.6566367647,87876.45240699452
4623.680682177869,88139.03015943123
4623.7047277160855,87809.1701806547
4623.728773379352,88019.91695774367
4623.752819167668,88367.36687232014
4623.776865081036,88443.25965412855
4623.800911119454,88423.85462667262
4623.824957282924,88391.04949204093
4623.849003571447,88385.17285024347
4623.873049985022,88145.7725241128
4623.897096523651,88084.19021706379
4623.9211431873355,88144.29581805211
4623.945189976075,88070.32017077837
4623.9692368898695,88192.64900924427
4623.993283928721,88175.51718520132
4624.017331092629,88215.29948271747
4624.041378381596,88277.39220707484
4624.06542579562,88056.4935699406
4624.089473334704,88214.93119887674
4624.113520998847,87971.45462540459
4624.137568788051,87385.16297749027
4624.161616702316,86526.82022324699
4624.185664741642,86091.81519656161
4624.20971290603,84649.55312360091
4624.233761195482,83409.62361375196
4624.257809609996,81413.68053483972
4624.281858149576,78899.99099535022
4624.30590681422,76591.3060793577
4624.329955603929,74040.89680111819
4624.354004518706,71331.46887893777
4624.378053558547,68363.92484208956
4624.402102723458,65229.71220849619
4624.426152013436,62603.70352955016
4624.4502014284835,59770.21705943077
4624.474250968599,58465.16880406041
4624.498300633786,57601.395025291946
4624.522350424044,58801.3848276883
4624.546400339373,61467.34519470294
4624.570450379773,64746.90939590681
4624.594500545247,68058.90367397261
4624.618550835793,71547.81521828548
4624.642601251414,74431.00940062384
4624.666651792109,77219.2202452577
4624.69070245788,79651.92771921826
4624.714753248727,81338.14807050127
4624.73880416465,82893.13952423725
4624.76285520565,84354.73719800863
4624.786906371729,85453.2559984588
4624.810957662886,85985.85984733929
4624.835009079122,86493.33232271907
4624.859060620437,87186.49472843687
4624.883112286834,87461.14528264268
4624.907164078311,87597.3296567506
4624.93121599487,87736.20151615413
4624.955268036512,87974.73288158466
4624.979320203237,87890.42992304046
4625.003372495046,87356.15315997355
4625.027424911939,87959.46772737312
4625.051477453917,88161.98079917992
4625.075530120981,87688.88562036146
4625.099582913131,87721.56590319773
4625.123635830368,87733.95997845265
4625.147688872693,87448.66898595229
4625.1717420401055,86718.66640510414
4625.195795332607,86178.58151408996
4625.219848750199,84957.52070469738
4625.243902292881,83967.46453785231
4625.267955960654,81918.72439759098
4625.292009753518,80088.58805568577
4625.316063671475,78871.92772083615
4625.340117714524,77328.69967265475
4625.364171882667,76606.08216416556
4625.388226175904,76175.1284846721
4625.412280594235,76410.05712596935
4625.436335137662,76438.50509903343
4625.460389806186,75992.28266814242
4625.484444599806,75073.44615598663
4625.508499518523,73157.99962029542
4625.532554562339,71175.80765043625
4625.556609731254,68839.46014938196
4625.580665025267,66216.34859294932
4625.604720444381,64740.389006571706
4625.628775988595,64486.291509332834
4625.652831657911,65494.23532225639
4625.676887452329,67493.1962945975
4625.700943371849,69733.13101972356
4625.724999416472,72739.39019833882
4625.7490555862,75332.59120912543
4625.773111881032,77491.58709893064
4625.797168300968,79492.11435757634
4625.821224846011,80976.89195349794
4625.845281516161,82384.85327281019
4625.869338311418,83295.97289867557
4625.893395231782,84048.57440839637
4625.9174522772555,84513.30075774928
4625.941509447837,84771.71571595769
4625.965566743529,84688.65609543615
4625.989624164331,84487.34054086085
4626.013681710245,84913.21395209
4626.03773938127,85279.88922217685
4626.061797177407,85699.60987696073
4626.085855098658,86300.41341863562
4626.109913145022,86250.29537236798
4626.1339713165,86459.8485348626
4626.158029613093,86477.99131643881
4626.182088034802,86807.50305763898
4626.206146581628,86457.13900547031
4626.23020525357,86507.90534626512
4626.25426405063,86854.0549523095
4626.2783229728075,86725.89475541931
4626.302382020105,87024.28342069295
4626.326441192521,87603.31770843014
4626.350500490058,87981.49597433928
4626.374559912715,87665.22809035594
4626.398619460494,88128.14772497732
4626.422679133395,87926.2494976432
4626.446738931419,88444.90708257063
4626.470798854566,88411.30037155587
4626.494858902837,88961.527712016
4626.518919076234,88803.79012762016
4626.542979374755,88794.35920619119
4626.567039798403,88604.34610029517
4626.5911003471765,89118.09262226494
4626.615161021078,88738.2715919465
4626.639221820108,88744.60886667356
4626.663282744266,88395.90546401292
4626.687343793554,87947.86162834693
4626.711404967971,87819.33387022975
4626.735466267519,87139.70562505102
4626.759527692198,86290.74606476206
4626.783589242009,85913.85580436977
4626.807650916952,85136.96105175822
4626.831712717029,84420.17062239787
4626.85577464224,84220.11077400083
4626.879836692586,84031.10771791164
4626.903898868066,83922.73227313002
4626.927961168682,84171.60428162983
4626.952023594435,84434.11317128452
4626.976086145324,84896.80620379429
4627.000148821351,85466.89033782281
4627.024211622517,85899.77739109327
4627.048274548822,86244.12384127696
4627.072337600266,86556.02824156501
4627.096400776852,87054.14773154404
4627.120464078577,87100.97144003908
4627.144527505445,87447.3120456823
4627.168591057454,87745.86103310737
4627.1926547346075,87790.13141874949
4627.2167185369035,87719.51002201262
4627.240782464344,87461.55688986766
4627.26484651693,87445.40146516377
4627.288910694661,87311.65718086484
4627.312974997539,86873.91664785403
4627.337039425563,86620.34464286566
4627.361103978735,86128.81307336618
4627.385168657054,85196.84012824426
4627.409233460523,84604.28499003101
4627.433298389141,83264.66512766923
4627.457363442909,81258.9116298932
4627.481428621828,79051.05412193909
4627.505493925899,76085.86646504991
4627.529559355121,73422.3719607741
4627.553624909497,70186.78436815305
4627.577690589025,67985.84383186024
4627.601756393708,66581.23103721369
4627.6258223235445,66248.66974416014
4627.649888378537,67477.43634785948
4627.673954558686,69654.37984497097
4627.698020863992,71522.6335952664
4627.722087294454,73524.06994772043
4627.746153850074,76177.72872076658
4627.770220530853,78542.86982557013
4627.794287336791,80468.49303151247
4627.818354267889,81894.34916789617
4627.842421324148,83175.28933858771
4627.866488505568,84586.69609057548
4627.890555812149,85345.4238303543
4627.914623243893,86469.00520806422
4627.9386908008,87381.24420523451
4627.962758482871,87384.2664148873
4627.986826290106,87692.56888368438
4628.010894222507,87433.06740455746
4628.034962280073,87255.77328222396
4628.059030462806,87389.26298245495
4628.083098770706,87264.83644871505
4628.107167203773,87108.07640079875
4628.131235762009,86419.92326940151
4628.155304445413,86111.82685912332
4628.179373253987,85221.85319067781
4628.203442187732,84550.1239173782
4628.227511246648,84421.84044458735
4628.251580430735,84268.11299454799
4628.275649739994,84172.08537424935
4628.299719174426,84163.28988373624
4628.323788734033,83729.6914937145
4628.347858418812,83045.71441084448
4628.3719282287675,81817.77493523352
4628.395998163897,80143.76526057605
4628.420068224204,78144.58634935223
4628.444138409687,75494.91656831923
4628.468208720348,72319.98918859272
4628.492279156187,68917.49198397493
4628.516349717204,65648.47921611308
4628.540420403402,62120.68193475456
4628.564491214779,58392.283277084316
4628.588562151336,54690.37891552136
4628.612633213075,50463.35768345413
4628.636704399997,45652.12481808485
4628.660775712101,40923.151686676996
4628.684847149388,36343.85695167957
4628.708918711859,32483.980125484308
4628.732990399514,29454.070207253677
4628.757062212356,27088.01150075987
4628.781134150382,26147.46141542886
4628.805206213596,26585.73536961262
4628.829278401997,28259.06085942886
4628.853350715585,31034.29513632197
4628.877423154362,35019.368137901154
4628.901495718328,39964.13983255629
4628.925568407484,45231.21884946485
4628.9496412218305,51134.314602193204
4628.973714161369,56637.43251259058
4628.997787226098,61789.4358769581
4629.02186041602,66548.75140854254
4629.045933731135,70920.99770574045
4629.070007171443,74528.62452025579
4629.094080736946,77101.90579516593
4629.118154427644,79682.62999254072
4629.142228243538,82149.08980385274
4629.166302184628,83522.4403635374
4629.190376250915,84485.99287481075
4629.2144504423995,85634.49353250719
4629.238524759083,85511.91757851018
4629.262599200964,86031.95432656752
4629.286673768046,86187.2335428136
4629.310748460328,85970.45700723541
4629.33482327781,85489.78597764717
4629.358898220495,85206.42753624
4629.3829732883805,83991.55376230224
4629.40704848147,82596.9154336438
4629.431123799763,81443.11665507127
4629.45519924326,79056.14871230336
4629.479274811961,76720.71453980576
4629.503350505868,74381.67920960161
4629.527426324981,71778.34659391425
4629.551502269301,69949.17718160187
4629.575578338829,69524.15492572104
4629.599654533564,69666.00337680582
4629.623730853508,71162.71864384857
4629.647807298661,73152.66355836485
4629.671883869025,75117.45614812586
4629.695960564599,77203.92209732808
4629.720037385384,78694.50048828965
4629.744114331382,80619.34951815687
4629.768191402592,82375.59656366248
4629.792268599014,83750.540624553
4629.816345920652,84448.45892228709
4629.840423367504,85387.84053962742
4629.8645009395705,86222.80546482472
4629.888578636853,86467.83041469076
4629.912656459353,86417.18428989087
4629.936734407069,86274.74958979936
4629.960812480003,85885.82455371927
4629.984890678156,85864.46415591966
4630.0089690015275,85890.53898167334
4630.03304745012,85957.08611187978
4630.057126023931,86265.95095841133
4630.081204722965,86301.16368674497
4630.105283547219,86775.20261816657
4630.129362496697,87211.806773931
4630.153441571397,87386.13613130208
4630.177520771321,87471.26689589664
4630.2016000964695,87458.38215219429
4630.225679546842,87740.22096507256
4630.249759122441,87572.18685850088
4630.2738388232665,87276.90572731172
4630.2979186493185,87666.2456119044
4630.321998600598,87251.56092738824
4630.346078677107,87447.38583179777
4630.3701588788435,87635.74820243147
4630.39423920581,87694.94162741404
4630.418319658006,88012.9311176118
4630.4424002354335,87804.86294072257
4630.466480938092,87836.63552363463
4630.490561765983,87527.38647457922
4630.5146427191075,87727.83734695871
4630.538723797465,88100.75011268475
4630.562805001056,88292.4640335197
4630.586886329882,88081.01393165767
4630.610967783944,88170.73624389045
4630.635049363242,88437.66260201875
4630.659131067776,88916.74034100519
4630.6832128975475,88948.28898520788
4630.707294852557,88983.59942020685
4630.731376932806,89158.97160592033
4630.755459138293,89129.08256088015
4630.779541469021,88835.1701000859
4630.803623924989,88870.79932273996
4630.827706506198,88894.14595415579
4630.85178921265,88498.54496760877
4630.875872044344,88118.56158419639
4630.89995500128,87896.16951388057
4630.924038083462,87603.98122873671
4630.948121290888,87483.25260677682
4630.972204623558,87808.05123839238
4630.996288081475,88054.53880590673
4631.020371664638,88189.08771611865
4631.044455373048,88335.13987700261
4631.068539206706,88109.79519728817
4631.092623165612,88034.05128795953
4631.116707249768,88519.14570529826
4631.140791459173,88586.4695573096
4631.164875793828,88580.40926119972
4631.188960253735,88667.56686674283
4631.213044838893,88855.57523522947
4631.237129549304,88929.05746541153
4631.261214384968,88134.26741661126
4631.2852993458855,87930.09470915224
4631.3093844320565,88194.89004221531
4631.333469643483,88032.67611108415
4631.357554980165,88006.28835576409
4631.381640442104,88149.63870960582
4631.405726029299,88275.47704911107
4631.429811741752,88283.4061357721
4631.453897579463,88052.11643362728
4631.477983542432,87852.70204440271
4631.502069630662,87793.2520217033
4631.526155844152,87473.2844049601
4631.5502421829015,87308.52759253728
4631.574328646913,87105.1569347905
4631.598415236187,86816.36341799468
4631.622501950724,86838.75626312061
4631.646588790524,86913.73074948511
4631.6706757555885,87154.86419789837
4631.694762845917,87315.79563853606
4631.718850061511,87765.55783558564
4631.742937402371,88298.80593838623
4631.767024868498,88597.75972493968
4631.791112459892,88996.47317305548
4631.815200176555,88852.83134444784
4631.839288018486,88993.63598639514
4631.863375985686,89195.88934394177
4631.887464078155,89116.65265038138
4631.9115522958955,89466.69110725174
4631.935640638908,89555.76172893666
4631.959729107191,88952.86236416567
4631.983817700748,88497.75967163211
4632.007906419577,88292.65492016672
4632.03199526368,88041.86337458064
4632.056084233058,87456.51020521084
4632.08017332771,86424.99188872139
4632.104262547639,85182.68828043055
4632.128351892844,84191.20195916109
4632.152441363327,82802.9925562048
4632.176530959086,80682.3361889588
4632.200620680124,77683.59953592958
4632.224710526442,74808.47010580309
4632.248800498039,71406.29284987667
4632.272890594916,67707.88572752144
4632.296980817075,65016.55269892742
4632.321071164515,62979.07644120402
4632.345161637238,61588.563685322144
4632.369252235243,61751.92695327265
4632.393342958531,63194.24988104462
4632.417433807104,65597.80740144507
4632.441524780963,68333.50067813104
4632.465615880106,71343.8069640853
4632.489707104536,74270.02854545893
4632.513798454253,76745.24043721835
4632.537889929257,78825.5958959861
4632.5619815295495,80959.52005725418
4632.586073255131,82816.50997928767
4632.610165106002,83901.95277872363
4632.634257082163,84883.93755907191
4632.6583491836145,85538.37103580858
4632.682441410358,86467.43125571968
4632.706533762393,86976.82055233853
4632.73062623972,87144.31476623754
4632.754718842341,87756.91716182661
4632.778811570257,87924.02923811895
4632.802904423466,88226.61993018861
4632.826997401971,89023.80311015536
4632.851090505773,88710.04291133626
4632.875183734871,88510.10021963008
4632.899277089266,88733.2021974733
4632.923370568959,88892.4003151691
4632.947464173951,88448.39811056029
4632.971557904242,88285.17921636696
4632.995651759833,88442.36251556655
4633.019745740724,88112.76461976221
4633.043839846917,87629.10360932497
4633.067934078411,87284.36933551013
4633.092028435208,86828.3777097092
4633.1161229173085,85867.44193723201
4633.140217524712,84850.91351911581
4633.1643122574205,83598.1943887024
4633.1884071154345,82279.44360228961
4633.212502098753,81117.22522311655
4633.236597207379,79434.95177658912
4633.260692441312,77404.15029123066
4633.284787800552,74895.52184236706
4633.308883285101,72311.3848643781
4633.332978894959,69154.28049249969
4633.357074630127,64855.87846452223
4633.381170490604,60362.13198221517
4633.405266476393,55751.095050174605
4633.429362587493,50945.26570791302
4633.453458823906,46178.830667272545
4633.477555185632,42118.9120606521
4633.501651672671,39641.425628331934
4633.525748285025,38981.20904200462
4633.549845022693,39845.91320598691
4633.5739418856765,41945.31086517694
4633.598038873977,45254.95872554495
4633.6221359875935,49818.187072474604
4633.646233226528,54569.024018950746
4633.67033059078,59080.60165891981
4633.694428080352,63861.16295017211
4633.7185256952425,68351.18463278555
4633.742623435453,72407.48182896027
4633.766721300985,75829.55009861005
4633.7908192918385,78513.00411445877
4633.814917408014,80739.76268885423
4633.839015649512,82691.65184425289
4633.8631140163325,83850.61770862444
4633.887212508477,84873.5130334289
4633.911311125948,85332.39094095104
4633.935409868743,85346.93926423942
4633.959508736863,85387.35848779148
4633.983607730312,84669.18186152804
4634.007706849086,83729.48232390713
4634.0318060931895,82860.76719754994
4634.055905462621,81756.2140330528
4634.080004957382,80597.792961305
4634.104104577472,79935.08548333836
4634.128204322893,79333.47329757162
4634.152304193645,78918.44793684177
4634.1764041897295,78921.90353562389
4634.200504311146,79331.57194591318
4634.224604557896,80285.09527738513
4634.248704929979,81431.89109440874
4634.2728054273975,82634.13588593202
4634.29690605015,83367.40537690332
4634.321006798239,84178.83979519023
4634.345107671665,84999.44324979017
4634.369208670427,85580.50560083169
4634.393309794526,85903.49895122912
4634.417411043964,85948.79679538439
4634.441512418742,85503.22945856128
4634.465613918859,85523.16529766243
4634.489715544316,85123.77736944785
4634.513817295115,84329.4686222094
4634.537919171254,82944.81355547177
4634.562021172736,81510.4952035619
4634.586123299561,80123.93916958828
4634.61022555173,77986.23161568007
4634.634327929242,75061.84177402353
4634.6584304320995,71472.1811378871
4634.682533060303,68186.37409067663
4634.706635813853,64592.85812752994
4634.730738692749,61816.775063361856
4634.754841696992,59891.418470090786
4634.778944826584,59513.34547929195
4634.803048081524,60836.01349145731
4634.8271514618145,63182.919392814896
4634.851254967454,66159.77240966995
4634.875358598445,69339.47998873268
4634.899462354787,72237.41794570796
4634.923566236481,75009.08134868651
4634.947670243528,77235.99558517104
4634.971774375928,79229.27365657405
4634.995878633682,80795.59266756604
4635.019983016791,82194.26208555447
4635.044087525255,83184.77126341521
4635.068192159076,84031.17067517077
4635.092296918252,84222.25658916023
4635.116401802786,84386.8149063343
4635.140506812678,84621.0949082128
4635.164611947928,84107.58253102409
4635.188717208538,83009.92467390807
4635.212822594507,81160.59229834533
4635.236928105837,79675.48540686582
4635.2610337425285,78412.6919451003
4635.285139504582,77715.6802930093
4635.309245391997,77604.55813100276
4635.333351404775,78248.69512503574
4635.3574575429175,79194.84529387101
4635.381563806424,80404.93902334271
4635.405670195296,81767.55260654754
4635.429776709534,82626.89512517628
4635.453883349138,83810.66193992029
4635.477990114108,84122.04871248538
4635.502097004447,84779.48760317986
4635.526204020154,85057.29532598227
4635.550311161231,84545.64974591647
4635.5744184276755,83596.32586491157
4635.598525819491,82171.93699265747
4635.6226333366785,80333.36967883396
4635.646740979237,77821.88246714961
4635.670848747168,74792.08718407001
4635.694956640471,71522.83957951803
4635.719064659148,68330.74518472786
4635.7431728032,65758.08953423305
4635.767281072626,63935.423790605804
4635.7913894674275,64042.187438051515
4635.815497987605,65403.18051485231
4635.83960663316,67460.45081522797
4635.8637154040925,69914.2978060988
4635.887824300403,72541.15459101845
4635.9119333220915,75156.5765311082
4635.93604246916,77338.25586971418
4635.960151741609,79368.6777303413
4635.984261139438,81359.1703495551
4636.008370662648,82978.23752916412
4636.032480311241,84075.18984935306
4636.056590085216,85054.32446933645
4636.080699984575,85835.02132873409
4636.104810009318,86527.315335754
4636.1289201594445,87348.00550246729
4636.153030434957,87789.02296230811
4636.177140835856,88396.68771797107
4636.201251362141,88481.5367500536
4636.2253620138135,88482.48190500498
4636.249472790873,88818.56927818936
4636.2735836933225,89099.30855904057
4636.29769472116,89003.17532342656
4636.321805874388,89149.06307057505
4636.345917153007,89456.0892273392
4636.370028557016,89464.63734813908
4636.394140086418,89092.70916788062
4636.418251741211,89140.10250384554
4636.442363521398,88570.74604829458
4636.466475426979,88344.14162691313
4636.490587457954,88402.92962516421
4636.514699614324,87523.02835253718
4636.53881189609,87121.45684238839
4636.562924303252,86910.47812108541
4636.587036835811,86242.47944454411
4636.611149493769,85569.9413658442
4636.635262277124,85047.43402406477
4636.659375185878,84492.30673309561
4636.683488220032,84091.18012694645
4636.707601379586,83746.65282493869
4636.731714664541,83419.85265986844
4636.755828074897,82118.21401322623
4636.779941610656,80539.31071934468
4636.8040552718185,78918.5079692797
4636.8281690583835,76533.7301602784
4636.852282970353,73423.47669697792
4636.876397007728,69686.95175707042
4636.900511170507,66565.84530697066
4636.924625458694,63443.20446226693
4636.948739872287,61874.476408317845
4636.972854411287,61977.47382687215
4636.996969075695,63084.64090867226
4637.021083865513,65277.75128690692
4637.045198780739,67959.87761988027
4637.069313821376,70474.07291529833
4637.093428987424,72597.52139142924
4637.117544278883,74105.20242160009
4637.141659695753,75813.35208764044
4637.165775238037,77256.24342460668
4637.189890905734,77884.08688123236
4637.214006698845,78082.20632263085
4637.23812261737,78167.15753217676
4637.262238661311,77794.67597679737
4637.286354830668,76385.81585080946
4637.310471125441,75118.904707622
4637.334587545632,73038.44059498199
4637.35870409124,70699.17708148659
4637.382820762267,67603.07830144608
4637.406937558713,64560.76567129124
4637.431054480579,62050.61584528621
4637.455171527866,60789.22757179039
4637.479288700573,61132.69762634427
4637.503405998703,62611.846735327206
4637.527523422255,64979.23289291292
4637.55164097123,68198.04033432201
4637.575758645629,71824.24512805344
4637.5998764454525,74488.37569972246
4637.6239943707005,77281.42329569683
4637.648112421375,79698.04225647189
4637.672230597475,82131.98918672954
4637.696348899002,84167.6479495562
4637.7204673259575,85216.322078739
4637.744585878341,86459.12323760512
4637.768704556153,87144.65874379077
4637.792823359396,87907.20695762752
4637.816942288068,88761.99227857766
4637.841061342172,88529.45002724366
4637.865180521707,88745.50958217237
4637.889299826674,89054.28206696906
4637.913419257074,88336.58656768661
4637.937538812907,88233.81938546314
4637.961658494175,87949.42720032498
4637.985778300878,87733.42622664024
4638.009898233016,87343.56625474618
4638.03401829059,87485.4150581207
4638.0581384736015,87328.41454178187
4638.08225878205,86878.69584711416
4638.106379215937,87013.53357825526
4638.130499775262,86594.3934702031
4638.154620460027,86656.91029142994
4638.178741270232,86606.20749587075
4638.202862205878,86496.75904223522
4638.226983266965,86571.83744884866
4638.251104453495,86470.02153411366
4638.2752257654665,86387.4202828367
4638.299347202881,86445.0614603364
4638.3234687657405,86005.53932659919
4638.347590454045,85477.74771684309
4638.371712267794,85343.5304158963
4638.395834206989,85455.34569630992
4638.41995627163,85140.47656366152
4638.444078461719,85279.17930916166
4638.468200777256,85733.4474708642
4638.492323218241,85944.5580393646
4638.516445784676,86096.48154690678
4638.54056847656,86140.96530419015
4638.5646912938955,86444.8988020663
4638.588814236681,86806.07900926238
4638.612937304919,86728.66375491135
4638.63706049861,86381.95210241013
4638.661183817753,86220.79365247265
4638.685307262351,85776.67967001774
4638.709430832402,84847.64955032492
4638.733554527908,83983.2552397431
4638.757678348871,82723.32921540334
4638.781802295291,81505.27412302425
4638.805926367166,81278.34238641305
4638.8300505645,80760.961589206
4638.854174887292,80599.57184742161
4638.878299335543,80884.83110166284
4638.902423909253,81386.8423263264
4638.926548608424,81269.43832037294
4638.950673433056,81286.89627582833
4638.974798383149,81341.57294361036
4638.998923458706,81456.47758753573
4639.023048659724,81089.9341162673
4639.047173986206,81261.08636614603
4639.071299438152,80419.3756929329
4639.095425015564,80527.9190456485
4639.11955071844,80711.52484412378
4639.143676546783,81062.12003126781
4639.167802500593,81927.1969284322
4639.19192857987,82679.49301667034
4639.216054784616,83591.86958333291
4639.24018111483,84058.43130619891
4639.264307570514,84619.87454431386
4639.288434151667,84984.71727596551
4639.312560858291,84402.54236812441
4639.336687690387,84169.24870979854
4639.3608146479555,84146.87299948742
4639.384941730996,84038.46950876826
4639.40906893951,84008.52975209794
4639.433196273498,84614.37001710269
4639.4573237329605,85103.4195322171
4639.481451317898,85005.83833779987
4639.505579028311,84897.58000671545
4639.529706864202,84877.9538865514
4639.5538348255695,84899.80488554492
4639.577962912415,84835.74981414039
4639.60209112474,84238.12154897809
4639.626219462543,83504.83998325194
4639.650347925826,82655.5320409114
4639.67447651459,81417.34670222853
4639.698605228835,79896.22093719045
4639.722734068562,79291.22564775833
4639.746863033771,79202.35853180243
4639.770992124463,79579.86085150727
4639.7951213406395,80132.98728504761
4639.819250682301,81211.97538391298
4639.843380149447,81931.54122316501
4639.867509742077,82020.27951833133
4639.891639460196,83039.13217607065
4639.9157693038005,83199.44350275116
4639.939899272893,83939.27429296839
4639.964029367474,84768.69671986136
4639.988159587544,85446.81193050696
4640.012289933104,85471.5471870095
4640.036420404153,85803.32857757586
4640.060551000694,86513.57160822696
4640.0846817227275,86705.80237049631
4640.108812570253,86752.73849242712
4640.13294354327,86554.14085103494
4640.157074641781,86383.67780908156
4640.181205865787,86279.10349908448
4640.205337215288,85890.58634554899
4640.229468690283,85797.73912296681
4640.2536002907755,85362.91783165066
4640.277732016765,84827.6288117734
4640.3018638682515,84662.02833002731
4640.325995845236,84662.90308773187
4640.35012794772,84462.10965951406
4640.374260175702,84624.6156777832
4640.398392529185,84330.60770970042
4640.422525008169,83948.91610563727
4640.446657612654,84230.69424315718
4640.4707903426415,84383.18456241812
4640.494923198132,84204.36725668254
4640.519056179125,84251.53336879518
4640.543189285622,84092.99229982487
4640.567322517624,83245.07856583876
4640.591455875132,82875.49881951902
4640.615589358145,81814.00715436354
4640.639722966665,81210.25469381582
4640.663856700692,80902.3813177707
4640.687990560227,81373.82724966243
4640.712124545272,81551.94705245289
4640.736258655825,81790.79309817714
4640.760392891887,82623.02584697251
4640.7845272534605,82956.76597067073
4640.808661740546,84008.08703468445
4640.832796353142,84517.35750498841
4640.856931091251,84966.3872952753
4640.8810659548735,85450.80714245862
4640.905200944009,85768.14708841003
4640.92933605866,86122.60560346895
4640.953471298825,86225.55902660527
4640.977606664507,86955.19773609661
4641.001742155705,87480.29261610885
4641.025877772419,87302.20854449982
4641.050013514652,87516.24835872809
4641.074149382403,87777.80610710348
4641.098285375673,87813.39764366158
4641.122421494463,87978.62249145527
4641.146557738773,88042.459715292
4641.170694108604,87924.34841212364
4641.194830603957,88171.7696195692
4641.218967224831,88431.5944238306
4641.243103971229,88267.35760929887
4641.267240843151,88731.32141623044
4641.291377840596,88324.94504522097
4641.315514963568,88423.45732174318
4641.339652212064,88060.924576495
4641.363789586086,88080.84156930815
4641.387927085635,87467.110221068
4641.412064710712,87368.9414803976
4641.436202461317,88149.78994354703
4641.460340337451,87304.36779863553
4641.4844783391145,87428.42358678683
4641.508616466308,86791.01064901933
4641.532754719032,86522.2717348666
4641.556893097288,86207.30906129682
4641.581031601076,84822.87889602198
4641.605170230396,84218.77723084688
4641.62930898525,83220.26794091414
4641.653447865638,82214.9502202014
4641.67758687156,81758.42374938236
4641.701726003019,81624.64990292411
4641.725865260012,82591.8297829027
4641.750004642543,82841.63385539012
4641.774144150611,83279.073795877
4641.798283784217,84252.61597577138
4641.822423543362,84738.98228098985
4641.846563428046,84922.9791125635
4641.87070343827,85716.26195794197
4641.894843574033,86658.38598591156
4641.9189838353395,87176.32140928996
4641.943124222186,87024.3614271826
4641.967264734577,87064.93200330056
4641.99140537251,87322.1278449184
4642.015546135986,87798.55759562118
4642.039687025008,87702.97652745631
4642.063828039575,87808.7589559253
4642.087969179687,87911.88058825143
4642.112110445346,87934.31757834241
4642.136251836552,88293.65203145148
4642.160393353306,88069.22402844502
4642.184534995608,88027.31778839281
4642.208676763459,87925.02766741478
4642.23281865686,87693.65955229102
4642.256960675812,87785.65872212083
4642.281102820314,87862.97695954966
4642.305245090368,87920.70225890305
4642.329387485975,87961.25418018858
4642.3535300071335,87806.03260452986
4642.377672653846,87655.33989980297
4642.401815426114,87676.31635898961
4642.425958323936,87813.191330811
4642.450101347314,88011.10664151744
4642.474244496248,87865.75247230215
4642.498387770739,87516.06876631745
4642.522531170787,87482.94494664688
4642.546674696394,87235.35747004407
4642.57081834756,87035.88729699298
4642.594962124284,86755.79915453545
4642.61910602657,86591.27983891033
4642.643250054416,86434.2661558744
4642.667394207823,85758.13341593782
4642.691538486793,84846.03584382059
4642.715682891326,83957.16855309947
4642.739827421421,82540.58912837652
4642.763972077081,80822.94958467441
4642.788116858306,78676.74919923194
4642.812261765096,76199.68843278487
4642.836406797452,72941.0917564405
4642.860551955375,69993.7185441008
4642.884697238865,68005.28384654295
4642.908842647923,66693.13053130102
4642.93298818255,66617.96506933519
4642.957133842746,67837.2427086357
4642.981279628512,70051.15271941663
4643.005425539849,71978.9475193014
4643.029571576757,73888.01587931928
4643.053717739236,75975.14906029461
4643.077864027289,77648.24113081486
4643.1020104409145,78668.08472267514
4643.1261569801145,79847.47567174952
4643.1503036448885,80687.50630658172
4643.174450435237,81571.65439505277
4643.198597351163,82209.93906064956
4643.222744392664,83009.88118859992
4643.246891559743,83610.54817903637
4643.271038852399,83601.79915207213
4643.295186270634,83754.42768017322
4643.319333814448,84050.76439438292
4643.343481483842,83813.51202239686
4643.367629278816,84689.43035493477
4643.391777199371,84973.82872826964
4643.415925245508,85260.62287562367
4643.440073417228,84725.88361364922
4643.46422171453,84998.80106103807
4643.4883701374165,85207.31937265172
4643.512518685887,84732.6351969448
4643.536667359942,84584.12133813194
4643.560816159583,84671.6907981069
4643.58496508481,84889.45933822334
4643.609114135625,84275.01335860722
4643.633263312026,83940.02480107614
4643.657412614017,84228.64902627836
4643.6815620415955,84371.42623892747
4643.705711594764,84611.24539989405
4643.729861273522,84701.71048038935
4643.754011077872,84693.0545992133
4643.778161007813,84723.85631966189
4643.802311063347,84528.85124000888
4643.826461244473,85000.69369977791
4643.850611551192,85328.84819434585
4643.874761983506,85248.12812437597
4643.898912541414,84909.35862114685
4643.923063224918,85553.91727895538
4643.947214034018,85341.08783662991
4643.971364968715,85260.93173760136
4643.995516029008,85366.52220525927
4644.0196672149,85846.26996747014
4644.043818526392,85809.23590941042
4644.067969963482,85867.4623629252
4644.0921215261715,85691.68915673693
4644.116273214463,86267.49888485912
4644.140425028355,86653.18237487304
4644.164576967849,86345.4729002688
4644.188729032946,86655.15276392482
4644.212881223645,86860.84807306506
4644.237033539949,86563.73614300528
4644.261185981858,87033.04251597781
4644.285338549372,87257.8334435554
4644.309491242491,86646.78412771261
4644.3336440612175,86936.19904803077
4644.35779700555,86863.96754455115
4644.381950075492,86890.20046143945
4644.4061032710415,86731.8292472366
4644.4302565922,86997.59078436007
4644.4544100389685,86796.40352326442
4644.478563611347,86481.21909453104
4644.502717309338,85947.84853454093
4644.52687113294,85957.44867108086
4644.551025082154,85619.9528518456
4644.575179156981,84880.65786683896
4644.599333357422,84134.62561367614
4644.623487683478,83583.90590165861
4644.647642135148,83432.22276448128
4644.671796712435,82725.5425205757
4644.695951415337,82207.80203312013
4644.720106243856,82240.57718811595
4644.744261197994,82474.49049118256
4644.76841627775,82649.51972869437
4644.7925714831235,82760.8647781267
4644.816726814118,83461.2781097913
4644.8408822707315,83584.53729688675
4644.865037852966,83685.18362642327
4644.8891935608235,84035.67112245175
4644.913349394303,84195.58030315199
4644.937505353404,83883.36746986091
4644.961661438129,84001.42652302733
4644.985817648479,84084.75632771544
4645.009973984454,84412.18400594851
4645.034130446053,84390.99251103312
4645.058287033279,84369.57776454279
4645.0824437461315,84535.44703475085
4645.106600584611,84371.76060596456
4645.13075754872,84215.91589561876
4645.154914638457,83527.1035274047
4645.179071853823,83368.77959476171
4645.20322919482,82978.58102869053
4645.227386661447,82898.09732047342
4645.251544253705,83149.52937137848
4645.2757019715955,83047.47385692604
4645.299859815119,83364.28866161896
4645.324017784275,82982.19890114042
4645.348175879066,82143.25492250781
4645.372334099491,81385.09960145011
4645.396492445551,80257.20589209031
4645.420650917247,78164.46483876699
4645.44480951458,76372.16884361584
4645.46896823755,73161.01537055998
4645.493127086158,69286.39803491296
4645.517286060405,65259.607562497134
4645.541445160291,60568.11436968887
4645.565604385816,56834.81053496685
4645.589763736983,54312.713884715784
4645.613923213789,52881.76211012886
4645.638082816238,53502.29200908974
4645.66224254433,55344.915187142506
4645.686402398065,58027.725323535036
4645.710562377443,61116.64692159323
4645.734722482466,64422.316187945464
4645.758882713134,67120.16878218694
4645.783043069448,69797.6093303723
4645.807203551408,71903.73142780797
4645.831364159015,74295.52405538119
4645.855524892269,75953.80002137042
4645.8796857511725,77811.49648286201
4645.903846735725,78917.54066409355
4645.928007845927,79974.3088633382
4645.952169081779,80252.72415379976
4645.976330443282,80606.67822976288
4646.0004919304365,80340.54654338658
4646.024653543243,79987.64834326104
4646.048815281703,79419.63263553735
4646.072977145816,78405.07034612272
4646.097139135584,78134.63948454912
4646.121301251007,78127.94647009754
4646.145463492085,78556.5774749405
4646.169625858819,78882.3776356786
4646.19378835121,79413.82330817365
4646.217950969259,80249.6102054906
4646.242113712966,80757.48959911411
4646.266276582332,81486.74897804594
4646.290439577357,82736.07267807015
4646.314602698041,83315.7368905961
4646.338765944387,84346.06073421425
4646.362929316395,85161.08369509288
4646.387092814064,85729.12986304429
4646.411256437396,86429.3294532613
4646.435420186392,86697.09610795569
4646.459584061051,86497.60680217965
4646.483748061375,86624.08040842987
4646.507912187365,86432.75465324316
4646.53207643902,85970.00666705944
4646.556240816342,85532.50041775961
4646.5804053193315,84769.66918570138
4646.604569947989,83580.95467405645
4646.628734702315,81793.25906459735
4646.652899582311,80066.34425386746
4646.677064587976,77543.44525073195
4646.701229719311,74751.63980278153
4646.725394976319,72195.0051587415
4646.749560358998,69116.29433808578
4646.773725867349,65515.87816655235
4646.797891501374,62096.55063101081
4646.822057261072,58522.93340323499
4646.846223146445,55542.92388836528
4646.870389157492,53707.10620051327
4646.894555294216,53611.11377299815
4646.918721556616,54960.77447239901
4646.942887944694,57411.44230676805
4646.967054458449,60750.173893724175
4646.991221097883,64592.813438605765
4647.015387862995,67909.10960003163
4647.039554753787,70606.74198579784
4647.06372177026,73390.21979027645
4647.087888912414,75726.84651898626
4647.112056180249,77910.32034488549
4647.136223573767,79551.75659957482
4647.160391092968,80085.53851408564
4647.184558737852,81359.82184958119
4647.20872650842,81023.563106792
4647.232894404674,81102.2982930786
4647.257062426613,80858.39042927654
4647.281230574238,79442.75709600541
4647.305398847551,78476.71624873206
4647.329567246551,77371.78708294033
4647.3537357712385,75581.4620493914
4647.377904421615,74530.8410844543
4647.4020731976825,74048.63582476188
4647.426242099439,74265.06746254738
4647.450411126886,74649.51115794036
4647.474580280025,75592.31162118116
4647.498749558857,76473.18014053788
4647.52291896338,77703.73065955815
4647.547088493598,78013.90125627842
4647.571258149509,79008.39279770952
4647.595427931115,79950.97998580929
4647.619597838417,81024.49949403436
4647.643767871415,81911.06616202428
4647.667938030108,82963.8041293476
4647.692108314501,83424.72831716886
4647.71627872459,84220.96766308202
4647.740449260378,84805.31460910993
4647.764619921866,85178.44750631505
4647.7887907090535,85504.42004532769
4647.812961621942,85554.81452740218
4647.837132660532,85480.96301931965
4647.861303824823,85052.98901219631
4647.885475114817,83831.66837868914
4647.909646530515,81974.32114681418
4647.933818071916,80716.81086155701
4647.957989739022,77815.47116603416
4647.982161531833,74401.81963139272
4648.00633345035,71290.04405849618
4648.030505494573,67223.62024877004
4648.054677664504,63205.8598904692
4648.078849960142,60198.31805480973
4648.10302238149,58969.53954319805
4648.127194928546,59001.7120418579
4648.151367601311,59949.8958454135
4648.175540399788,61894.1537302459
4648.199713323975,63274.31445896612
4648.223886373874,64059.68571253583
4648.248059549485,64588.29955521742
4648.27223285081,63802.0667898533
4648.296406277848,62905.10520971958
4648.320579830601,61951.59273005138
4648.344753509068,60533.27250261369
4648.368927313251,60331.89820693595
4648.393101243151,61213.95798368162
4648.417275298768,63527.557864064496
4648.441449480102,65999.09247757026
4648.465623787155,68915.69039995158
4648.489798219926,71854.11998733005
4648.513972778417,74498.48896345556
4648.538147462628,77451.26839561903
4648.562322272561,79380.22854396705
4648.5864972082145,81735.91058922831
4648.61067226959,83486.59206598916
4648.634847456689,84873.26940685614
4648.6590227695115,85526.21402934221
4648.683198208058,86488.56365254012
4648.707373772329,86684.55565282158
4648.731549462326,86870.15619223707
4648.755725278049,86678.31162339679
4648.779901219498,86188.46078750602
4648.804077286676,86154.76037235207
4648.828253479581,85534.0143757149
4648.852429798215,84671.75132959362
4648.876606242578,83872.91993719075
4648.900782812671,83443.34361909662
4648.924959508496,83049.98630971528
4648.949136330051,83571.68697550546
4648.973313277339,83449.57620806071
4648.997490350359,83088.97222601747
4649.021667549113,83015.95565951675
4649.0458448736,82757.88731882787
4649.070022323822,82385.71800266023
4649.09419989978,82404.8850941429
4649.118377601473,82718.15590388341
4649.142555428903,82687.1683608598
4649.16673338207,82843.23953049262
4649.190911460975,83264.8446004529
4649.2150896656185,83369.81365051406
4649.239267996001,83174.37254584477
4649.263446452124,83772.62164846012
4649.287625033988,84393.16420413212
4649.311803741592,84488.47920036684
4649.335982574938,84726.71036126035
4649.360161534027,85324.59516244732
4649.384340618859,85750.90069397337
4649.408519829434,85599.7443685128
4649.4326991657545,85847.5328045719
4649.45687862782,85690.64044638338
4649.481058215631,85539.02876656223
4649.505237929187,85931.2598925939
4649.529417768492,86339.32655291466
4649.553597733544,86556.16562367072
4649.577777824345,86643.84649263663
4649.601958040894,86643.84685101849
4649.6261383831925,86899.8051915827
4649.650318851242,86709.31279160673
4649.674499445043,87087.44178720016
4649.698680164594,87041.73215091368
4649.722861009899,86360.94316299181
4649.747041980956,86604.99435050793
4649.771223077767,86244.039785605
4649.795404300332,86375.44919480843
4649.819585648652,87036.42976085615
4649.8437671227275,87096.39060227353
4649.867948722559,87036.90628963283
4649.892130448147,87213.72507702753
4649.916312299494,87324.29670538355
4649.940494276599,87230.82028901357
4649.964676379462,87471.52383649851
4649.988858608084,87732.19956862587
4650.013040962467,87719.53561681496
4650.03722344261,88007.69258185639
4650.061406048515,88082.96627991069
4650.085588780183,88366.5867495784
4650.1097716376125,88469.18807369539
4650.1339546208055,89095.09402863232
4650.1581377297625,89171.19028432663
4650.1823209644845,89209.73321674956
4650.206504324972,89283.69453002312
4650.230687811225,89372.33744119738
4650.254871423245,89476.8017333894
4650.279055161032,89705.58635602982
4650.303239024588,89481.7424311572
4650.327423013912,89468.98946844872
4650.351607129005,89017.67132278404
4650.375791369868,89330.26347099229
4650.399975736503,89175.00030529319
4650.424160228908,89021.20804977948
4650.448344847085,88123.16048146604
4650.472529591034,88025.53254294294
4650.496714460757,87245.71369758421
4650.520899456254,85779.44225171526
4650.545084577525,84806.46557424792
4650.569269824571,83328.41378249323
4650.593455197393,81666.83780919091
4650.617640695992,79423.0781207745
4650.641826320368,77051.56097441725
4650.666012070521,74185.24867738475
4650.690197946454,71581.91762995099
4650.714383948164,69657.20982137998
4650.738570075656,68897.43428049132
4650.762756328927,69601.13358719044
4650.7869427079795,70932.52597636558
4650.811129212813,72951.67522550267
4650.835315843429,75326.06233829446
4650.859502599829,77384.73786666036
4650.883689482012,79025.59411611415
4650.90787648998,80808.77050702271
4650.932063623733,82443.63276365206
4650.9562508832705,83204.6806444744
4650.980438268595,84818.08498294989
4651.004625779707,85308.86601181267
4651.028813416605,86092.44179038401
4651.053001179293,86725.74274938913
4651.077189067769,86888.68357331408
4651.101377082035,87570.20275927
4651.125565222091,87784.01660475976
4651.149753487937,87979.74515486868
4651.173941879576,88261.66574781564
4651.198130397006,88718.93314602238
4651.222319040229,88536.39058385961
4651.246507809246,88488.80184010626
4651.270696704058,88767.29199708338
4651.294885724663,88544.03613135993
4651.319074871065,87965.5072666732
4651.343264143262,87446.13859424666
4651.3674535412565,86642.5970510807
4651.391643065048,85180.39043463803
4651.415832714638,83546.8829500877
4651.4400224900255,81907.36156917347
4651.464212391214,78928.87423226115
4651.488402418201,74977.64540378102
4651.51259257099,71536.56034740325
4651.53678284958,67658.09492676554
4651.5609732539715,63624.56264745916
4651.585163784166,61216.00191706694
4651.609354440164,60218.41155321016
4651.6335452219655,60355.23997399832
4651.657736129572,61981.30754559791
4651.681927162984,65141.7107113385
4651.706118322201,67878.0145545756
4651.7303096072255,70778.40864018616
4651.7545010180565,74247.13402155902
4651.778692554696,76950.4533457405
4651.802884217143,79602.25437452248
4651.827076005401,81832.46860592044
4651.851267919467,83592.27973355279
4651.875459959345,85403.0201246093
4651.899652125034,86632.20115336432
4651.923844416534,87809.71162156653
4651.948036833846,88117.86147899459
4651.972229376972,88361.77341216161
4651.996422045912,88940.29981377187
4652.020614840666,89309.9399535572
4652.0448077612355,89307.48850543695
4652.06900080762,89426.0727836701
4652.093193979822,89718.53428487686
4652.11738727784,89305.0597497804
4652.141580701676,89075.83207595476
4652.165774251331,89251.52332430214
4652.189967926804,89633.8007625232
4652.214161728097,89520.39221114945
4652.23835565521,89554.86336988123
4652.262549708144,89945.29053846188
4652.286743886901,89838.2646203115
4652.310938191479,89744.95284470623
4652.33513262188,89888.90867366991
4652.359327178105,89998.29900931368
4652.383521860154,89811.93821499431
4652.407716668028,89916.7086920163
4652.431911601728,90185.17640878374
4652.456106661253,89676.10218440338
4652.4803018466055,89766.83535729769
4652.504497157786,89277.5787763472
4652.528692594794,89829.16526887135
4652.552888157631,89732.12053811857
4652.577083846298,89597.14218791953
4652.601279660795,90195.5953443648
4652.625475601122,89858.24697989118
4652.649671667281,89379.03424819808
4652.673867859272,89106.84010098332
4652.698064177096,89018.13771401999
4652.722260620753,88798.57584928372
4652.746457190245,88979.54545112654
4652.77065388557,88717.19755603226
4652.794850706731,88209.30421480576
4652.819047653729,88729.42130729301
4652.843244726563,88193.7937560436
4652.867441925234,88170.61441900925
4652.891639249744,88348.90267759978
4652.915836700092,88573.50607927654
4652.940034276279,88664.16818025525
4652.964231978306,88401.84805980761
4652.988429806174,88897.56165975516
4653.012627759883,89173.7947398094
4653.036825839434,89464.11329043763
4653.061024044828,89830.7072207301
4653.085222376064,89340.56467027683
4653.109420833145,89118.45397672713
4653.13361941607,89761.00953965081
4653.157818124841,89524.52044045889
4653.182016959457,89628.48105030906
4653.2062159199195,89838.55563141359
4653.230415006229,89596.75479768329
4653.254614218387,89395.45414615698
4653.278813556393,89658.06650216362
4653.303013020249,89833.96881026028
4653.327212609954,89812.63250800263
4653.351412325509,89215.29879717495
4653.375612166916,89192.45230961738
4653.399812134174,88933.44102047321
4653.424012227284,88771.30039776325
4653.448212446247,88208.28694787665
4653.472412791065,87805.32026127655
4653.4966132617365,87626.6335827326
4653.520813858264,86378.35498080349
4653.545014580646,85831.73009524168
4653.5692154288845,84809.98144855781
4653.59341640298,84298.93886736117
4653.617617502933,83593.20984731383
4653.641818728745,82712.86679195937
4653.666020080415,82094.89500735384
4653.690221557946,80946.78755150945
4653.714423161336,80148.45623121728
4653.738624890587,78840.01476113632
4653.762826745699,77352.21723286173
4653.787028726674,75047.51942783273
4653.811230833512,72855.8653406467
4653.835433066213,69573.77933301855
4653.859635424779,65733.57989594736
4653.883837909209,61457.933782724394
4653.908040519505,56878.45379129529
4653.932243255667,52942.11147883242
4653.956446117696,49539.470328640426
4653.9806491055915,46862.33377866591
4654.004852219356,44928.10984081961
4654.029055458989,43808.2005636351
4654.053258824491,44074.09631792927
4654.077462315863,45226.92959025127
4654.101665933106,48191.10381758216
4654.125869676222,52005.589590497715
4654.150073545207,56445.672044283376
4654.174277540067,60866.42610182941
4654.198481660799,65241.90755050161
4654.222685907406,69130.07646599133
4654.246890279887,73064.10681505769
4654.271094778243,76196.4657937405
4654.295299402475,78464.18438213722
4654.319504152585,81032.95192995438
4654.343709028571,83074.36320510024
4654.367914030435,84651.07692037559
4654.392119158178,85600.52841180473
4654.4163244118,86541.80371750437
4654.440529791302,86827.59219196143
4654.464735296684,87185.22383734734
4654.488940927948,87757.08533422992
4654.513146685093,87912.21894335012
4654.537352568121,87523.02414465019
4654.561558577032,87378.82840063958
4654.585764711826,87125.56829353815
4654.609970972506,87082.64680808331
4654.63417735907,86785.33042361533
4654.6583838715205,86546.61333832744
4654.682590509857,86416.87752481992
4654.706797274081,86246.37006252799
4654.731004164191,85697.61695487754
4654.7552111801915,85421.74942171903
4654.77941832208,85373.66297629423
4654.803625589859,84447.53939538768
4654.8278329835275,83540.68130322798
4654.852040503088,82538.13924224504
4654.876248148539,81277.51333525099
4654.900455919883,80386.37623919501
4654.92466381712,79898.62266023975
4654.94887184025,79262.54838320264
4654.973079989275,78796.61257206413
4654.997288264194,78356.12784140963
4655.021496665009,77679.66536259014
4655.045705191721,77046.92082848925
4655.06991384433,76025.45628628432
4655.094122622835,74690.53315568723
4655.118331527239,72849.93524218665
4655.142540557543,71085.0177884175
4655.166749713745,69285.40633176075
4655.190958995848,67496.3437211434
4655.215168403851,66990.51702940534
4655.239377937756,67583.02080519791
4655.263587597563,68573.90757235809
4655.287797383273,70152.87575834483
4655.312007294887,72317.9592256221
4655.336217332404,74579.03513549798
4655.360427495826,76558.77372932874
4655.384637785154,78281.61624452061
4655.408848200387,79957.01845187656
4655.433058741528,81280.59101696758
4655.4572694085755,82282.5391503986
4655.481480201532,82619.04385052837
4655.505691120396,83173.46462410524
4655.52990216517,83732.02682966908
4655.554113335854,83790.06263037917
4655.578324632448,83324.82175522907
4655.602536054954,83210.75372720882
4655.626747603372,83023.23601840675
4655.650959277702,83100.39143044708
4655.675171077945,83255.96755709327
4655.699383004103,83512.7144046034
4655.723595056175,83187.39093839473
4655.747807234163,83011.64920282105
4655.772019538066,82390.40508207669
4655.796231967885,81251.55959632812
4655.820444523622,79651.26843502061
4655.844657205277,78213.65222768573
4655.8688700128505,77055.43160224461
4655.893082946343,75707.02693855726
4655.917296005755,75394.95513550329
4655.941509191088,75221.18429499972
4655.965722502342,76874.00223929642
4655.989935939518,77832.9421548492
4656.0141495026155,78621.54562504677
4656.038363191637,79310.70985334458
4656.062577006582,80205.36025443452
4656.086790947451,80406.31634229461
4656.111005014246,80956.21305031379
4656.135219206965,80497.27739507548
4656.159433525612,79883.76059562943
4656.183647970186,78900.5496407731
4656.207862540687,77311.53426995242
4656.232077237117,75065.41365608595
4656.256292059475,71767.46461661618
4656.280507007763,68118.63905548822
4656.304722081982,63759.87296661285
4656.328937282131,58870.858671624665
4656.3531526082115,54358.067839732306
4656.377368060224,49166.76142134928
4656.401583638171,45492.65647815031
4656.425799342051,42762.62109492577
4656.450015171865,41154.9450184736
4656.474231127613,40304.71906227083
4656.498447209297,39416.31865377642
4656.5226634169185,38404.46973561802
4656.5468797504755,37210.643256386815
4656.57109620997,35895.02715017305
4656.5953127954035,34860.44671115009
4656.6195295067755,34630.44128576574
4656.643746344086,35660.19125455155
4656.667963307338,38028.28104570789
4656.69218039653,41474.77260967364
4656.7163976116635,46008.01718357915
4656.74061495274,51154.43943659024
4656.764832419758,56330.46946659589
4656.78905001272,60994.409801773785
4656.813267731625,65546.18870138992
4656.837485576476,69513.33419475394
4656.861703547272,73552.949603285
4656.885921644013,76452.42288458119
4656.910139866703,78403.98926701659
4656.934358215338,79940.82983781825
4656.958576689922,81174.1897861554
4656.982795290454,82241.08115377885
4657.007014016936,82907.6588633669
4657.031232869368,83322.80745998422
4657.05545184775,84184.30873760418
4657.079670952084,84903.11698102346
4657.1038901823695,85925.7858037641
4657.1281095386075,85847.20553298105
4657.152329020799,86049.46753969812
4657.176548628944,86946.83743829862
4657.200768363044,87446.2654479059
4657.224988223099,87717.59468372654
4657.249208209109,88198.13307318871
4657.273428321077,88556.06247771994
4657.297648559001,88738.72262349579
4657.321868922883,88816.92340147367
4657.346089412724,88788.24675860416
4657.370310028523,88977.75091756624
4657.3945307702825,89087.56454963237
4657.4187516380025,89173.82591649846
4657.442972631684,89442.55733392327
4657.467193751327,88901.54363424092
4657.491414996932,89339.0612856876
4657.515636368499,89011.3490446624
4657.5398578660315,88835.75989508972
4657.564079489528,88417.6102095968
4657.588301238989,88122.25065509173
4657.612523114416,87736.24744244889
4657.6367451158085,87755.58925167788
4657.660967243169,87753.05167938175
4657.685189496497,87053.01209085676
4657.709411875793,86872.3948364817
4657.7336343810575,87259.30428996834
4657.757857012292,86664.4289259742
4657.782079769498,87356.26983624068
4657.806302652673,87596.16908700843
4657.8305256618205,87366.82607690591
4657.85474879694,87301.98837784864
4657.878972058033,87488.81018417364
4657.903195445098,87921.99578501024
4657.927418958138,88217.28364394387
4657.951642597153,88244.6447476371
4657.975866362143,88401.22009159632
4658.00009025311,88087.6512178946
4658.024314270054,88152.85195550819
4658.048538412974,87985.89681363263
4658.072762681873,88098.39937833764
4658.096987076751,88103.21327487244
4658.121211597608,87836.07851311043
4658.145436244446,87975.34086534844
4658.169661017263,87796.44295127323
4658.193885916063,87470.41313211793
4658.218110940844,87429.52867686437
4658.242336091608,87228.73992662568
4658.266561368355,87237.7157079376
4658.2907867710865,87343.45010357526
4658.315012299802,87401.27680922463
4658.339237954504,87188.52292851482
4658.3634637351915,87379.84227678686
4658.387689641865,87663.15297943428
4658.411915674526,87393.09606932278
4658.4361418331755,87501.45360112344
4658.460368117813,88120.51765525798
4658.4845945284405,88375.71095210037
4658.508821065057,88492.25884338738
4658.533047727665,88804.16278207026
4658.5572745162635,89156.95385127982
4658.581501430855,89007.66513780417
4658.605728471437,89025.3234244133
4658.629955638014,88917.18268827492
4658.654182930584,88949.39017192235
4658.678410349148,89594.11409818099
4658.702637893708,89145.52488380614
4658.726865564264,89132.58903450306
4658.7510933608155,89259.92642475913
4658.775321283365,89101.63477928718
4658.799549331912,88506.24643910577
4658.823777506457,88206.1683477222
4658.848005807002,88082.56962588057
4658.872234233546,88089.49862199636
4658.8964627860905,88732.79698513055
4658.920691464636,88344.08352224274
4658.944920269183,88658.4403205428
4658.969149199733,88603.60361095372
4658.993378256285,88682.54649222117
4659.017607438842,88980.5233821178
4659.041836747402,89194.17226944798
4659.0660661819675,89509.07196641563
4659.090295742539,89933.23605341889
4659.114525429116,89807.55160715553
4659.138755241701,90023.83132857291
4659.162985180293,89861.9560569399
4659.187215244893,89830.96270816476
4659.211445435502,89704.26554440036
4659.235675752121,89650.66920795418
4659.259906194749,89997.69653981893
4659.28413676339,89759.80247634833
4659.308367458041,89440.483071
4659.332598278705,89563.36063328698
4659.356829225381,89304.11440428681
4659.381060298071,89410.01351431968
4659.405291496775,89649.39347683878
4659.429522821493,89210.60974681104
4659.453754272228,89181.72895006178
4659.477985848978,89546.38190975272
4659.502217551745,89739.07526250856
4659.52644938053,89835.28140878094
4659.550681335332,89916.00182882218
4659.574913416154,89770.00461335955
4659.599145622995,89637.71303475572
4659.623377955856,89899.20176191513
4659.647610414737,89569.77507216303
4659.67184299964,89780.6000221242
4659.696075710565,89750.05939353522
4659.720308547513,89402.88912482947
4659.744541510484,88982.14078139841
4659.768774599478,88226.79933484273
4659.793007814498,87217.49061225317
4659.817241155542,86054.83494412691
4659.8414746226135,85199.32952091396
4659.865708215711,84714.42439397066
4659.889941934835,84230.78896012277
4659.914175779988,83813.49803285944
4659.938409751169,83492.01737223957
4659.962643848379,83811.66183242356
4659.98687807162,83770.04498100314
4660.011112420891,83770.58889995953
4660.035346896192,83721.86774081035
4660.059581497526,83547.4727810662
4660.083816224892,83908.0134651927
4660.108051078291,84256.69785953287
4660.132286057725,84073.13732797481
4660.156521163192,83863.04471511398
4660.180756394695,84321.36648843354
4660.204991752234,83731.31322814962
4660.229227235809,84452.97159118862
4660.253462845421,84889.49784453904
4660.277698581071,84175.90113929429
4660.301934442759,83968.99460425705
4660.326170430486,84117.21108227878
4660.350406544253,83873.30865843047
4660.374642784061,84091.84854695584
4660.39887914991,84710.50387737474
4660.423115641799,85840.32356640056
4660.447352259732,86413.16103972093
4660.471589003707,87123.09184648082
4660.495825873726,87355.78976169929
4660.520062869789,87816.67359180113
4660.544299991898,88535.11815189713
4660.568537240051,88860.27893383031
4660.5927746142515,89140.24703283595
4660.617012114499,88656.5244990235
4660.641249740794,89253.31609460128
4660.665487493136,88675.50293659084
4660.689725371528,88832.00727286997
4660.713963375969,88689.4634366373
4660.73820150646,88230.99489785591
4660.762439763003,87943.82274135046
4660.786678145597,87980.4228506488
4660.810916654243,87498.39841642145
4660.835155288942,86318.52086127848
4660.859394049694,85966.66178382534
4660.8836329365,84932.41923966
4660.907871949362,83301.38905898761
4660.932111088278,82110.52993967521
4660.956350353252,81382.32882640434
4660.980589744281,80255.31667933086
4661.004829261367,80013.66831068754
4661.029068904513,80541.30931819667
4661.053308673717,80961.01919287333
4661.077548568979,81435.29724944188
4661.101788590303,81585.03340669369
4661.126028737686,81285.9863246632
4661.150269011132,80878.88261220674
4661.174509410639,80007.55085529419
4661.1987499362085,79435.86882841247
4661.222990587842,79598.98499255616
4661.247231365539,80012.19375412249
4661.271472269301,79983.80284124082
4661.295713299128,80008.23979595746
4661.319954455021,80158.0261665754
4661.34419573698,79717.81709914732
4661.368437145006,79339.2460138428
4661.392678679102,78896.10547218079
4661.416920339265,79030.41413295979
4661.441162125497,79284.5086846087
4661.465404037799,80233.10234908658
4661.489646076172,81276.32953833204
4661.513888240615,82478.01412102036
4661.538130531131,83864.81426280907
4661.56237294772,84947.95796752982
4661.5866154903815,85542.1488219878
4661.610858159116,86140.09636918422
4661.635100953926,87129.26189188722
4661.6593438748105,87453.3324894983
4661.683586921771,87779.76607590177
4661.707830094809,87780.48356080198
4661.732073393922,87834.54404986523
4661.7563168191145,87357.74475041554
4661.780560370385,86538.07830865454
4661.804804047733,85727.34777629552
4661.829047851163,84704.16703984299
4661.8532917806715,83161.2271990043
4661.877535836262,81252.27792391149
4661.901780017934,79821.03210359892
4661.926024325689,77821.23390847641
4661.950268759525,77004.17764523046
4661.9745133194465,77137.29054934159
4661.998758005451,76416.0257618399
4662.023002817541,76293.8198582807
4662.047247755717,75983.35747401809
4662.0714928199795,75280.26321740885
4662.095738010328,74701.77406487105
4662.119983326765,73188.44695099258
4662.144228769289,71763.43255728824
4662.168474337903,70543.51914685147
4662.192720032605,70575.54813180382
4662.216965853399,70468.74735536397
4662.241211800283,71893.06304766852
4662.265457873259,73276.12809049667
4662.2897040723265,74540.39132318957
4662.313950397487,76135.39018651277
4662.338196848741,77846.06221675385
4662.362443426089,79232.36119060496
4662.386690129532,80109.97140897908
4662.410936959071,80857.56493433964
4662.435183914705,81007.85661817343
4662.459430996436,81731.78452914597
4662.483678204265,82313.42438763502
4662.507925538192,82336.49896209862
4662.532172998217,82192.89191152343
4662.556420584342,81778.32292727633
4662.580668296567,81018.7347389346
4662.604916134892,80741.71509941589
4662.629164099319,80661.48782458005
4662.653412189848,79690.64669812509
4662.677660406479,79339.51624198274
4662.701908749214,78843.2302819082
4662.726157218053,77929.12063253236
4662.750405812996,77390.15418200858
4662.774654534045,77191.98055329583
4662.798903381199,77279.57969149253
4662.823152354461,77096.78011225349
4662.847401453829,77036.02390041453
4662.871650679305,77112.7313432773
4662.8959000308905,76872.06555818685
4662.9201495085845,76735.16782050829
4662.944399112388,76130.82677085414
4662.968648842302,74820.29913912859
4662.992898698328,72806.90254363
4663.017148680466,70187.66183174748
4663.041398788716,66387.69068458205
4663.065649023079,62382.933998148874
4663.089899383555,58604.137002546166
4663.114149870146,55053.195830840275
4663.138400482853,52381.29613945133
4663.162651221675,51297.5690477783
4663.186902086614,51528.75355822664
4663.21115307767,52650.89840174408
4663.235404194843,55759.18397270009
4663.259655438135,58688.522711329984
4663.2839068075455,62165.662713658305
4663.308158303076,65836.09039235127
4663.3324099247275,69241.59882802506
4663.356661672499,71982.8475833812
4663.380913546393,74919.96984964168
4663.405165546409,77785.24559739263
4663.429417672548,79827.44135854534
4663.45366992481,81907.3065957559
4663.477922303197,83628.05127638986
4663.502174807709,84672.86250067333
4663.526427438346,85873.11151803537
4663.5506801951105,86722.96240298031
4663.574933078001,87488.33747773629
4663.599186087019,87736.57718963885
4663.623439222165,88112.82271171818
4663.647692483441,88398.33808925087
4663.671945870846,88618.22903667664
4663.696199384381,88935.2834018313
4663.720453024046,88698.10782398784
4663.744706789844,88476.08836192873
4663.768960681773,88584.72167293543
4663.7932146998355,88628.29297027481
4663.817468844031,88586.8260098773
4663.841723114361,88445.25750133472
4663.865977510826,88078.05332791462
4663.890232033426,87802.21807019484
4663.9144866821625,87791.21415028896
4663.938741457036,87724.44443793407
4663.962996358046,87461.61434667937
4663.987251385194,86908.33111724164
4664.011506538482,85919.36930210597
4664.035761817909,85508.91633735457
4664.060017223475,84801.8848885767
4664.084272755183,83521.76945697961
4664.108528413031,82139.1456955997
4664.132784197022,80654.64756948869
4664.157040107156,79052.30031344978
4664.1812961434325,76984.79475826805
4664.2055523058525,75185.39666241943
4664.2298085944185,74349.58270933657
4664.254065009129,74172.46150555363
4664.278321549985,74799.81777594182
4664.302578216988,76325.64554905625
4664.326835010139,77446.56412160778
4664.351091929437,78868.62494521386
4664.375348974884,80189.21957642121
4664.3996061464795,82216.42547737413
4664.423863444225,83657.6039176496
4664.448120868123,84746.94828814412
4664.47237841817,85302.40736877744
4664.49663609437,85676.43709967643
4664.520893896722,86256.54383458619
4664.545151825227,86363.94239473988
4664.569409879886,86566.7012629802
4664.593668060699,86885.04368846903
4664.617926367668,86595.65987626588
4664.642184800792,86962.47896672807
4664.666443360073,86639.37948229504
4664.690702045511,86906.52071649066
4664.714960857106,87314.4525661108
4664.73921979486,87543.54650594624
4664.763478858774,87098.61398914021
4664.787738048846,86633.09896279254
4664.811997365079,86964.08780864501
4664.836256807474,86974.17143893697
4664.860516376029,86809.57172100127
4664.884776070748,86673.5855656559
4664.909035891629,86114.49086476293
4664.933295838674,86192.30382824369
4664.957555911883,85638.94788598079
4664.981816111257,85273.33607376872
4665.006076436797,84768.08572153395
4665.030336888503,84570.42837694788
4665.054597466376,84453.78898336823
4665.078858170416,83935.19751076712
4665.103119000626,83354.97764053191
4665.1273799570035,82234.79112439534
4665.151641039551,80947.22114600342
4665.175902248268,79802.35314268852
4665.200163583157,78527.73247095298
4665.224425044216,76898.31441034314
4665.248686631448,75637.47205291063
4665.272948344854,74896.49075366092
4665.2972101844325,74481.14541699892
4665.3214721501845,74127.59462370604
4665.3457342421125,74367.8379900201
4665.369996460215,75438.61113449994
4665.394258804494,76419.62670003019
4665.41852127495,77174.30003246269
4665.442783871583,78194.67429394726
4665.467046594395,78066.08921022696
4665.491309443384,79036.45010354673
4665.515572418553,79195.71601511021
4665.539835519903,79472.74064803931
4665.5640987474335,79724.372614375
4665.588362101145,79996.45496040914
4665.612625581039,80286.50060084923
4665.636889187115,80882.24434729195
4665.661152919374,81827.5739440627
4665.685416777818,82450.4576221803
4665.709680762447,82984.60389595645
4665.73394487326,83568.27195316167
4665.7582091102595,83622.97717750767
4665.782473473446,83262.21439732112
4665.806737962819,82438.0869192038
4665.83100257838,81281.3336804564
4665.85526732013,79366.18051464658
4665.87953218807,77341.92293142395
4665.903797182199,75031.50971852767
4665.928062302519,72378.80937045906
4665.952327549029,69960.27753396955
4665.976592921732,67312.41818028786
4666.000858420627,64111.30922003742
4666.0251240457155,60676.7036668556
4666.049389796998,56674.532034888114
4666.073655674475,52822.13569283224
4666.097921678147,48199.55181195314
4666.122187808015,44260.627998121345
4666.146454064079,40922.648651235635
4666.17072044634,38692.94426383014
4666.1949869548,38035.76361261009
4666.2192535894565,38714.781712183045
4666.243520350314,40521.58992646575
4666.26778723737,43433.54624168811
4666.292054250626,47139.79675796779
4666.316321390084,50671.21679971772
4666.340588655744,54293.02329806949
4666.364856047606,57441.43765021902
4666.389123565671,60710.31465095335
4666.41339120994,63837.18567048751
4666.437658980412,66264.36479403704
4666.46192687709,69029.27421470892
4666.486194899974,71526.08939712886
4666.510463049064,73273.22164960206
4666.534731324361,74772.29781225217
4666.558999725866,75521.16758755746
4666.583268253578,75449.65485479032
4666.607536907501,75022.64341428583
4666.631805687632,73943.14773588143
4666.656074593973,72576.48974764778
4666.680343626525,70624.076307332
4666.70461278529,69075.5801153519
4666.728882070266,67730.2073315583
4666.753151481455,65608.5074449603
4666.777421018857,63112.348766561554
4666.801690682474,60372.25906020373
4666.825960472306,57254.17616285679
4666.850230388353,54421.82247170706
4666.8745004306165,52174.437739598594
4666.898770599097,50680.66067116286
4666.923040893795,50158.57529575827
4666.9473113147105,51672.28102524495
4666.971581861844,53364.810648577186
4666.9958525351985,55674.09342821302
4667.0201233347725,58251.87549974112
4667.044394260567,61046.754327513074
4667.068665312584,63654.79138195384
4667.092936490822,66291.38446557382
4667.117207795282,68855.01249637622
4667.1414792259675,70568.66777327708
4667.165750782876,71660.23350402492
4667.1900224660085,72804.12191581287
4667.214294275367,73911.3111225487
4667.238566210952,75244.0580064693
4667.262838272763,76495.91751136212
4667.287110460801,77725.02862350334
4667.311382775068,78201.84773287571
4667.335655215562,78064.22921166853
4667.359927782287,77712.19978807872
4667.3842004752405,76532.87078364844
4667.408473294426,74699.80274763034
4667.432746239841,71871.16126720193
4667.45701931149,67859.95685859454
4667.48129250937,64191.384940862095
4667.505565833484,59959.203330593766
4667.529839283831,56796.82721639633
4667.554112860414,54560.71967392406
4667.578386563231,53729.97882774222
4667.602660392284,54560.71306957638
4667.626934347574,57266.09072048156
4667.651208429101,60525.623760007395
4667.675482636865,63679.59309575009
4667.699756970868,67146.4828273001
4667.724031431111,70350.60562554219
4667.748306017593,73113.702546642
4667.772580730315,75884.11668383515
4667.796855569279,77750.93440881952
4667.821130534484,79432.21952710063
4667.8454056259325,80044.19426237434
4667.8696808436225,80411.37928839897
4667.893956187558,79729.11773671974
4667.918231657736,78855.79763332305
4667.942507254161,77495.37519400386
4667.9667829768305,75904.73446563135
4667.991058825746,74615.34143679343
4668.015334800909,74200.63767876693
4668.0396109023195,74450.0441484564
4668.063887129979,75087.51904318479
4668.088163483887,76303.86069155016
4668.112439964045,77636.67188126361
4668.136716570452,79270.42156702318
4668.160993303111,80193.19375456608
4668.185270162022,81027.41138587103
4668.209547147185,81783.51484763916
4668.2338242586,82745.86427163128
4668.25810149627,83600.1833583843
4668.282378860193,83554.78543628001
4668.306656350372,83427.07247892997
4668.330933966805,83622.2872113855
4668.355211709495,83585.01518449649
4668.379489578442,83327.9621864906
4668.403767573647,82823.99275150467
4668.428045695109,81774.64406033109
4668.452323942831,80845.44073687504
4668.476602316812,79374.21877407565
4668.500880817053,77489.95134354022
4668.525159443555,74331.24898844078
4668.549438196318,71473.67089246295
4668.573717075344,69069.76385694457
4668.597996080632,66931.39651440649
4668.622275212184,65503.51047870119
4668.6465544699995,65628.79207788709
4668.670833854079,66786.04271244221
4668.695113364425,67583.94076000944
4668.719393001037,68042.12304302726
4668.743672763916,69054.84979693935
4668.767952653062,70337.07297457066
4668.792232668476,70366.22517340588
4668.816512810158,72025.28214704737
4668.84079307811,72698.00798163508
4668.865073472332,74457.2592704546
4668.889353992825,75695.90425062952
4668.913634639589,76415.93300103935
4668.937915412625,77473.48469998661
4668.962196311933,78476.27736540645
4668.986477337516,78702.64652193162
4669.010758489371,78540.1503147856
4669.035039767501,78792.14704098941
4669.059321171907,79202.63494186953
4669.083602702588,79127.07189797559
4669.107884359546,79699.93553239302
4669.132166142782,80708.28616698028
4669.156448052295,81592.11192203028
4669.180730088086,82605.14849724501
4669.205012250157,83716.34614927696
4669.229294538508,84123.40908165318
4669.253576953139,84305.10380155084
4669.277859494051,84703.95140244211
4669.302142161245,84374.33868770617
4669.326424954722,84079.43837869521
4669.3507078744815,83897.05668851422
4669.374990920524,81928.66458190749
4669.3992740928525,80272.68719654129
4669.423557391466,78397.54504843276
4669.447840816364,75936.06991688802
4669.472124367549,72033.51522815648
4669.496408045022,67881.69942060501
4669.520691848782,63442.00034682118
4669.54497577883,58614.49467953613
4669.569259835167,53896.95207828873
4669.593544017795,50210.98328125848
4669.617828326712,47066.931934309076
4669.6421127619205,44780.93869845939
4669.66639732342,43626.920992593405
4669.690682011213,42445.66455554854
4669.714966825298,41158.146498767775
4669.739251765677,39301.294103363005
4669.76353683235,37438.8173924533
4669.787822025318,35072.646343965476
4669.812107344582,33478.96513576141
4669.836392790142,33374.014482723025
4669.860678361999,34722.38506268868
4669.884964060154,37077.02436085177
4669.909249884607,40699.22865585571
4669.933535835358,45256.3524211843
4669.95782191241,50195.2123634944
4669.982108115761,54947.62014015221
4670.006394445413,59500.250608458715
4670.030680901366,64143.32027906884
4670.054967483623,68145.39902307621
4670.079254192182,71649.89368579301
4670.103541027044,74404.7735318857
4670.12782798821,76722.6536643371
4670.152115075682,78454.62492741813
4670.176402289458,80639.2305766439
4670.200689629541,82516.85217957335
4670.224977095931,83864.99088397685
4670.249264688628,85308.70548842255
4670.273552407632,86178.43346955023
4670.297840252946,86619.56568210377
4670.3221282245695,87117.25649243304
4670.346416322503,87574.95561964897
4670.370704546746,88258.49586104415
4670.394992897302,88760.35005178393
4670.419281374169,89180.61192410535
4670.443569977349,89312.77432404418
4670.467858706843,89310.61561063338
4670.49214756265,89547.19103538137
4670.516436544772,89520.65013187534
4670.540725653209,89654.49607195766
4670.565014887962,89478.08681589784
4670.5893042490325,89667.01157208948
4670.61359373642,89660.6508225943
4670.637883350125,89411.29323650246
4670.662173090148,89097.14891530231
4670.686462956492,88442.37889459939
4670.710752949154,87917.6296844375
4670.735043068137,87269.25892725936
4670.759333313442,86263.17564201457
4670.783623685069,85309.03204171537
4670.807914183018,84491.5440719101
4670.83220480729,83821.95888513418
4670.856495557886,83161.80626988626
4670.880786434806,82815.905309435
4670.905077438052,83365.26435151752
4670.929368567624,84358.09534176101
4670.953659823522,84986.38451634551
4670.977951205747,85466.90623999553
4671.0022427143,86055.98345031812
4671.026534349181,86293.79195441114
4671.050826110391,86317.09169405769
4671.0751179979325,86776.14346534593
4671.099410011803,87139.44613194308
4671.123702152005,86824.76242459645
4671.1479944185385,87323.76174522233
4671.172286811404,86808.79925259227
4671.196579330603,86748.19262202099
4671.220871976136,86983.62311998439
4671.245164748003,86912.7825392626
4671.2694576462045,86556.53845940207
4671.293750670742,87040.46211499094
4671.318043821616,87576.67633391902
4671.342337098828,87496.76656711136
4671.366630502376,87261.13986946878
4671.390924032263,87187.14149647646
4671.415217688489,87619.26430359157
4671.439511471054,87999.17344997547
4671.46380537996,87864.54695745966
4671.488099415206,88011.52067744342
4671.512393576795,87769.01578962883
4671.5366878647255,87240.19679972823
4671.560982278999,86692.51302939998
4671.585276819616,85803.05486364495
4671.609571486577,84765.31731671223
4671.6338662798835,83164.46215374592
4671.658161199535,81475.46740215758
4671.682456245533,79422.15364194005
4671.706751417877,76904.584697734
4671.73104671657,74604.7890808634
4671.75534214161,72988.96783957866
4671.779637692999,72371.11699859731
4671.8039333707375,72529.83732306481
4671.828229174826,74134.65204667968
4671.852525105266,75500.20700395091
4671.876821162056,77157.71233228175
4671.9011173452,79074.5601715028
4671.925413654695,81094.53164256629
4671.949710090545,82679.47629052332
4671.974006652748,83492.86403665537
4671.998303341306,84807.64103204108
4672.02260015622,85812.71566774626
4672.046897097489,86521.58209016648
4672.071194165115,87252.5479115455
4672.095491359099,87360.38022765667
4672.11978867944,87243.53978852712
4672.14408612614,86936.62421124442
4672.1683836992,85818.6276564485
4672.192681398619,84862.0187455554
4672.216979224399,84401.26762474634
4672.241277176541,83499.25108708392
4672.2655752550445,82460.4048183521
4672.28987345991,81536.73529667761
4672.314171791139,81187.12257571102
4672.338470248733,81472.31186598614
4672.362768832691,81911.59326979074
4672.3870675430135,82172.88772286223
4672.4113663797025,81612.8842066552
4672.435665342758,80793.8095920981
4672.459964432181,79994.12382946814
4672.484263647972,78363.41627754738
4672.5085629901305,75977.31586955824
4672.532862458658,72884.4510141789
4672.557162053557,70307.486713929
4672.581461774826,68063.63697639613
4672.605761622465,65915.74335126468
4672.6300615964765,65695.46395292619
4672.654361696861,65545.41639617705
4672.678661923618,67306.52096977578
4672.702962276749,69021.44428986458
4672.727262756254,70611.22057221051
4672.751563362135,73060.25967581739
4672.775864094391,75501.46783662798
4672.800164953024,77816.21901642933
4672.824465938033,80420.41370999184
4672.848767049421,82468.54044652157
4672.873068287187,83698.02735304063
4672.897369651332,84942.5447715442
4672.921671141857,86445.93135763294
4672.945972758762,86946.40327808543
4672.970274502048,87239.5691413426
4672.994576371715,87920.0673610287
4673.018878367765,88251.48315361842
4673.043180490198,88174.99777826788
4673.067482739015,88118.66079794442
4673.091785114216,88146.87776704994
4673.116087615802,88095.50230193949
4673.140390243773,87860.44334107009
4673.164692998131,87889.0448333775
4673.188995878876,87856.16752042518
4673.2132988860085,87659.99417575392
4673.237602019529,87720.36096991035
4673.261905279438,87564.78197189687
4673.286208665737,87431.89512035772
4673.3105121784265,87320.01910628258
4673.334815817507,87250.07434422198
4673.359119582979,87265.05383429506
4673.383423474842,86747.64703742698
4673.407727493099,86144.19617641336
4673.432031637749,84929.81785468155
4673.456335908793,84214.16001836448
4673.480640306232,82722.33884292643
4673.504944830067,81661.12831762568
4673.529249480298,80936.1759614219
4673.553554256925,80333.69632068682
4673.57785915995,80537.11938948213
4673.602164189373,81016.16189588248
4673.626469345195,81441.05648135669
4673.6507746274165,82307.48171180609
4673.675080036038,83174.0233483052
4673.69938557106,83702.98778407302
4673.723691232483,83835.11147277648
4673.7479970203085,84326.08869461782
4673.772302934537,84748.58653169901
4673.796608975169,85357.22661404699
4673.820915142204,85392.50019326789
4673.845221435645,85624.526609965
4673.869527855491,85680.84231348461
4673.8938344017415,85471.61953382556
4673.9181410744,84934.4153077848
4673.942447873465,84140.32673388628
4673.966754798939,83283.82420825808
4673.991061850821,82120.06232706425
4674.015369029113,80827.2843992783
4674.039676333814,80113.59233467861
4674.063983764926,79972.12118024357
4674.08829132245,80455.60209049328
4674.112599006385,81174.97423569084
4674.136906816732,81322.8175653669
4674.161214753493,81727.66635899241
4674.185522816668,82723.58903444502
4674.209831006257,83320.62096848703
4674.234139322262,83949.71538318411
4674.258447764682,84583.06509427841
4674.2827563335195,85452.00791273802
4674.307065028774,86365.57250400788
4674.331373850446,87060.40837640538
4674.355682798536,87229.82896339224
4674.379991873046,87510.11454936786
4674.404301073975,87925.7987828734
4674.4286104013245,87372.25384592045
4674.452919855095,86561.81225931796
4674.477229435288,86378.69682285746
4674.501539141903,86440.32793298455
4674.525848974941,85326.2352008049
4674.550158934403,85358.06871159778
4674.57446902029,85551.2966953288
4674.598779232601,85968.29861035064
4674.623089571338,86056.69511550396
4674.6474000365015,86467.68177075518
4674.671710628092,87190.80865468802
4674.696021346111,87810.25846675326
4674.720332190557,88247.24860897298
4674.744643161433,88430.85922973936
4674.768954258738,88517.31311363324
4674.7932654824735,88531.98488405478
4674.81757683264,88550.57184209679
4674.841888309238,88531.22520870628
4674.866199912269,88124.32648096593
4674.890511641732,88169.52786025808
4674.914823497628,88175.77371044431
4674.93913547996,87559.61711799873
4674.963447588726,87302.40214782454
4674.987759823928,86204.64259280551
4675.012072185566,85933.88239573706
4675.036384673641,85276.35786930904
4675.060697288153,85125.81102866562
4675.085010029104,85030.73725545131
4675.109322896493,85163.75198364614
4675.133635890322,85723.83682411241
4675.157949010591,86390.21158050602
4675.182262257302,86790.86706784266
4675.206575630453,87190.36095972806
4675.230889130046,87864.26444227067
4675.255202756083,88369.29009218453
4675.279516508564,88787.32013473957
4675.303830387487,89564.0550996121
4675.328144392856,89882.12765217706
4675.3524585246705,89754.57516911512
4675.376772782931,90114.03451296581
4675.401087167638,90420.672490716
4675.425401678793,90054.62646889081
4675.449716316395,90222.50560798834
4675.474031080446,90393.08655363187
4675.498345970947,90151.73313667216
4675.522660987898,89902.69123678702
4675.5469761313,89702.290279986
4675.571291401153,89160.47898077413
4675.595606797458,89008.20193112192
4675.619922320215,88569.64964751188
4675.644237969426,87963.64987082624
4675.668553745091,88150.58443500318
4675.6928696472105,87884.21813701346
4675.717185675785,87550.10974516552
4675.741501830817,87704.88515990335
4675.765818112303,88328.91376422576
4675.790134520248,88193.79399125425
4675.814451054651,87986.53090671533
4675.838767715512,88745.81805726339
4675.863084502833,88775.3791713395
4675.887401416613,89258.1318145096
4675.911718456854,89048.84496088781
4675.936035623557,89520.24859043007
4675.960352916721,89961.72110400608
4675.984670336347,90012.47124163243
4676.0089878824365,90017.05624129584
4676.033305554991,89942.47746068274
4676.057623354009,90147.46882801404
4676.081941279492,90337.58552936745
4676.106259331441,89891.08918517787
4676.130577509857,89632.42803026769
4676.15489581474,89626.08351128927
4676.179214246091,88986.95905036057
4676.203532803909,88571.84217205975
4676.227851488197,87934.78740337268
4676.252170298956,87667.75954671827
4676.276489236184,86375.6038220263
4676.300808299884,85893.40641691798
4676.325127490055,85483.69431348506
4676.349446806698,84769.12476381099
4676.373766249815,84800.45545238507
4676.398085819405,85109.72830756094
4676.42240551547,85459.34727767133
4676.44672533801,85903.99829232476
4676.471045287026,86381.03124554199
4676.495365362518,87141.96515538728
4676.519685564486,87965.41951482672
4676.5440058929335,88246.18784655778
4676.568326347858,88343.95564963866
4676.592646929262,88980.63010702735
4676.6169676371455,89590.31540896243
4676.641288471509,89387.3705008392
4676.665609432354,89975.11555664545
4676.68993051968,89892.2298787184
4676.714251733489,90108.41161463373
4676.738573073781,89806.1924032219
4676.762894540556,90339.86478639324
4676.7872161338155,89825.99708489583
4676.8115378535595,89765.04164886492
4676.83585969979,89658.27939405378
4676.860181672505,89533.94684461236
4676.884503771708,89208.26921862588
4676.908825997399,88942.26818745758
4676.933148349577,88794.59591337656
4676.957470828245,88534.84527864351
4676.981793433402,88259.01198824332
4677.006116165049,88116.15870619468
4677.030439023188,88092.3557827649
4677.054762007817,88167.09684486529
4677.079085118939,88543.65707168024
4677.103408356553,88793.88668913321
4677.12773172066,88788.03753305506
4677.152055211263,88693.48590840927
4677.17637882836,88617.51447734774
4677.200702571952,89100.25636786612
4677.22502644204,88991.46417343015
4677.249350438626,88928.64427767663
4677.273674561708,89324.66527028469
4677.297998811288,88593.77402912475
4677.322323187367,88563.59397102402
4677.346647689946,88238.06884997382
4677.370972319025,87543.90076756902
4677.395297074604,86879.52063908814
4677.419621956685,86234.88902498671
4677.443946965267,85180.54554675947
4677.468272100353,83253.49470628056
4677.492597361941,81299.42218133759
4677.516922750034,79424.04088936531
4677.541248264632,76871.31247066915
4677.565573905734,74114.74381992244
4677.589899673342,72313.33494278754
4677.614225567458,71446.05685920815
4677.63855158808,71803.00222455664
4677.66287773521,73609.00156034119
4677.687204008849,75184.40401609283
4677.7115304089975,77264.28275738517
4677.735856935656,79010.44989946876
4677.760183588824,80815.79762683997
4677.784510368504,82197.2016458749
4677.808837274695,83028.00585612848
4677.8331643074,84348.4722481003
4677.857491466617,85360.59956196458
4677.881818752348,85542.59839047964
4677.906146164594,85823.3015514016
4677.930473703355,85925.06029470977
4677.954801368632,85647.01377022498
4677.979129160425,85614.15138613894
4678.003457078736,84918.11028036693
4678.027785123563,83553.08484883512
4678.052113294911,82923.78953863068
4678.076441592776,81626.461954327
4678.100770017161,79787.6235207444
4678.125098568067,77579.3147622091
4678.149427245495,74403.58290230673
4678.173756049443,71023.6174397978
4678.198084979915,66441.24197260806
4678.222414036909,62128.0276361078
4678.246743220427,58666.231163341276
4678.271072530469,56084.59425627023
4678.295401967036,55164.47411090088
4678.3197315301295,55945.05975142901
4678.344061219749,58186.44019275778
4678.368391035895,60842.98356818236
4678.39272097857,64089.37754329832
4678.417051047772,67311.43599639929
4678.441381243503,69793.22503870609
4678.465711565765,72017.35031237651
4678.490042014556,73653.12119375041
4678.514372589878,74916.805596658
4678.5387032917315,75277.00369751883
4678.563034120118,75396.98839444456
4678.587365075037,75616.9496838828
4678.611696156489,75179.3259614352
4678.636027364477,74804.66556905609
4678.660358698999,75182.00447909244
4678.684690160056,75236.00351515146
4678.70902174765,76954.57945114566
4678.73335346178,78921.26971909072
4678.757685302448,80245.30198826849
4678.782017269654,82395.16685443076
4678.806349363399,83782.49317187772
4678.830681583684,84945.94625531678
4678.855013930509,86007.05538575101
4678.8793464038745,86921.7893097787
4678.903679003782,87801.63030535312
4678.9280117302305,88373.05660110901
4678.952344583223,88936.91393991257
4678.976677562758,89512.78588156617
4679.001010668838,89749.38136858502
4679.025343901462,89718.73532622629
4679.049677260632,89660.02476295299
4679.074010746348,90266.89956883207
4679.09834435861,90610.771508192
4679.12267809742,90313.18362241406
4679.147011962778,90141.25441889552
4679.171345954685,90601.89553165156
4679.195680073141,90219.43276611235
4679.220014318148,90494.49086802371
4679.244348689705,90377.20671456098
4679.268683187813,89923.41610236517
4679.293017812473,89494.22282379666
4679.317352563687,89318.31369857232
4679.341687441452,88967.6573011879
4679.366022445773,88261.90098361082
4679.390357576648,87406.50273961524
4679.414692834078,86537.95373143922
4679.439028218065,85279.91510260921
4679.463363728607,83362.07918914512
4679.487699365707,81385.57910982659
4679.512035129365,79732.62297521973
4679.5363710195825,77603.34369418558
4679.5607070363585,75407.20370231575
4679.585043179694,74666.72405151695
4679.60937944959,74307.36329819467
4679.633715846048,74702.8270065689
4679.658052369067,75231.20221013745
4679.68238901865,75816.28131057168
4679.706725794795,75812.26778140439
4679.731062697504,76250.7913941712
4679.755399726778,77307.90210921649
4679.779736882617,77560.33377262006
4679.804074165021,78173.4378963313
4679.8284115739925,78393.99957278521
4679.852749109531,77942.76238384252
4679.877086771637,77564.9607214408
4679.901424560311,77400.15375302907
4679.925762475555,77594.99656308549
4679.950100517369,77577.05405737473
4679.974438685753,77411.56378307957
4679.998776980708,77970.42541002805
4680.023115402234,79158.20663625716
4680.047453950334,79996.27082010568
4680.071792625005,80789.42954071549
4680.096131426252,81795.16084917312
4680.1204703540725,82013.9705204683
4680.144809408468,82302.16175183235
4680.169148589439,82258.86442458488
4680.193487896987,82300.44969784135
4680.217827331111,82260.92909074253
4680.242166891813,82526.71530176222
4680.266506579094,82533.0627122138
4680.290846392953,82555.73493067919
4680.315186333393,83194.16510563438
4680.339526400412,83461.88385650176
4680.363866594013,84152.45126916075
4680.3882069141955,84702.31445565853
4680.41254736096,85131.27072221317
4680.436887934307,86029.89099843169
4680.461228634238,86579.25840405427
4680.485569460753,87310.06900770658
4680.5099104138535,88093.79961362101
4680.534251493539,88208.61573135853
4680.558592699812,88645.68935420315
4680.582934032671,89107.9863795009
4680.607275492117,89332.6746564902
4680.631617078152,89605.10902655724
4680.655958790776,89272.74334677622
4680.680300629989,89016.74256612481
4680.704642595792,88913.18711475794
4680.728984688186,89047.06882411992
4680.753326907172,89166.11983914128
4680.77766925275,88578.01588178957
4680.802011724921,87785.91603567425
4680.826354323684,86855.94201946497
4680.8506970490425,86314.2596101892
4680.875039900996,85087.88652848362
4680.899382879545,84570.74638913583
4680.92372598469,84386.01630926915
4680.948069216431,84513.6453052002
4680.97241257477,85060.50763725137
4680.996756059707,85745.85511044967
4681.021099671242,86431.89984330432
4681.045443409377,86854.1375269342
4681.069787274113,87067.10454119508
4681.094131265449,87134.9636320391
4681.118475383386,87766.30015064815
4681.142819627926,87812.88168504556
4681.167163999067,87322.4822662454
4681.191508496813,86406.15613854786
4681.215853121163,84886.42564852754
4681.240197872116,83692.15921594897
4681.264542749676,81883.80081311215
4681.288887753842,79398.60650994294
4681.313232884614,77445.67008647378
4681.337578141993,76000.62321975273
4681.36192352598,75018.60821784148
4681.386269036577,74834.97817143881
4681.410614673782,74739.52418662372
4681.434960437597,74566.54986937676
4681.459306328023,74239.64568866079
4681.48365234506,73928.12854582105
4681.507998488709,72645.89282480649
4681.532344758971,71302.40319601478
4681.556691155845,70807.4941574328
4681.581037679334,70048.26312114843
4681.605384329438,69220.36122354287
4681.629731106156,68228.39073175009
4681.65407800949,66560.4566632067
4681.678425039441,64474.1165147641
4681.702772196009,62270.3343658227
4681.727119479196,60116.5318950821
4681.751466889,59099.60623464612
4681.775814425423,59575.295117879934
4681.800162088467,60902.19716224031
4681.824509878131,62836.931706072246
4681.848857794415,65699.84513110519
4681.8732058373225,69178.42230581128
4681.897554006851,72107.80890517838
4681.921902303004,74429.10044127086
4681.94625072578,76597.97948831438
4681.970599275181,78420.33660645726
4681.994947951206,80346.7156714653
4682.019296753858,81937.29784183837
4682.043645683136,83300.7545831584
4682.067994739041,84941.8478792737
4682.092343921573,86024.95856113585
4682.116693230734,87091.76692868654
4682.141042666524,87576.11073401567
4682.165392228944,87875.42822003325
4682.189741917994,88714.03585321049
4682.214091733676,89592.00000825839
4682.238441675988,89910.21560529748
4682.262791744933,89883.53838307165
4682.287141940511,89957.30542709872
4682.311492262723,90236.36756776297
4682.335842711569,90135.5040505926
4682.36019328705,90202.34486374748
4682.384543989167,90745.04362050604
4682.40889481792,90603.18918471759
4682.43324577331,90234.32127313726
4682.457596855337,90665.223591296
4682.481948064003,90617.32136222415
4682.506299399307,90282.49180275215
4682.530650861252,90314.8882003667
4682.555002449836,90273.95356881752
4682.579354165062,90617.03074918684
4682.603706006928,90543.97199356773
4682.6280579754375,90467.82356397611
4682.652410070589,90545.40662125261
4682.676762292385,90537.97821837291
4682.701114640825,90048.15704182365
4682.725467115909,89891.44881097767
4682.749819717639,89758.21662996068
4682.774172446016,89915.30843944922
4682.798525301038,89315.33305465785
4682.822878282709,88622.06510092893
4682.847231391028,87749.876980457
4682.871584625996,86668.41513376757
4682.895937987612,85240.96360158977
4682.920291475879,84019.10088943562
4682.944645090797,82318.22125375838
4682.968998832366,80871.66880826112
4682.993352700588,80131.96404750434
4683.017706695462,80011.87901193877
4683.042060816989,80520.74835002508
4683.066415065171,81369.49300564168
4683.090769440007,82426.61597214827
4683.1151239414985,83468.90232648069
4683.139478569647,84428.34275066768
4683.163833324451,85310.42402327004
4683.188188205912,86327.97961743338
4683.212543214032,87001.83407940244
4683.23689834881,87375.54417328033
4683.261253610249,88109.07240949397
4683.285608998346,88545.70132206622
4683.309964513105,88737.94777735014
4683.334320154525,89084.94233162499
4683.358675922606,89324.34147731405
4683.3830318173505,88954.281236992
4683.407387838758,89054.90840774604
4683.43174398683,89022.62093369415
4683.456100261566,89633.08543976153
4683.480456662967,89783.74649149427
4683.504813191034,89123.96481344748
4683.529169845769,89434.78757167271
4683.55352662717,89080.10559923039
4683.577883535239,88942.8720013203
4683.602240569977,88478.0997359457
4683.626597731383,88326.88035232073
4683.6509550194605,88438.45140831056
4683.675312434208,88150.53715297644
4683.699669975626,88505.83427824844
4683.724027643716,88480.69056005513
4683.748385438479,88487.07103195076
4683.772743359916,88652.10841769577
4683.797101408025,88304.87171458291
4683.821459582809,88069.93532929917
4683.845817884269,87872.85609218321
4683.8701763124045,87577.3143563623
4683.894534867216,87008.83485810086
4683.918893548705,85871.99834763582
4683.943252356871,84816.9718662101
4683.967611291717,84120.41262945328
4683.9919703532405,83146.89581594378
4684.016329541445,81995.79718686765
4684.040688856329,81351.27253152027
4684.0650482978945,81106.89046620678
4684.089407866141,81301.57797825937
4684.113767561071,81931.22278673897
4684.138127382684,82229.08481129368
4684.16248733098,82991.34440339678
4684.18684740596,82980.5368059681
4684.211207607626,83769.74775642819
4684.235567935978,84271.61382150152
4684.259928391016,85368.69771076555
4684.28428897274,86310.03806536365
4684.308649681153,86166.91058049275
4684.333010516253,86805.80203361111
4684.357371478043,87181.62487715168
4684.381732566522,87260.07940834163
4684.406093781692,86797.54640828526
4684.430455123553,86547.44607619205
4684.454816592105,85834.88548598075
4684.479178187349,85005.41697276966
4684.503539909287,83922.21936484816
4684.527901757918,82959.98188584603
4684.552263733243,81240.71521794153
4684.576625835263,79208.17683051346
4684.600988063979,77117.64148468112
4684.625350419391,75006.54820223404
4684.6497129015,73286.66603408156
4684.6740755103065,72194.09045161682
4684.69843824581,71551.51198550219
4684.722801108014,72000.53250012429
4684.747164096917,73522.23353271038
4684.771527212521,75447.2889772371
4684.795890454824,77454.42308634864
4684.82025382383,79435.24233344042
4684.844617319538,81575.02414594068
4684.868980941948,83562.24930701882
4684.893344691062,85029.35104658281
4684.91770856688,86143.19951891578
4684.942072569403,87394.45773241305
4684.966436698632,88485.6330657454
4684.990800954566,88949.60036559957
4685.015165337207,89380.54578706704
4685.0395298465555,89421.41572655897
4685.063894482612,90143.81973390999
4685.088259245378,90251.5223050711
4685.112624134853,90696.91062663734
4685.136989151038,90511.25964597633
4685.161354293933,90396.69651732754
4685.18571956354,90570.64216350135
4685.21008495986,90514.84089115
4685.234450482892,90585.67272505483
4685.258816132637,90157.34068450128
4685.283181909096,89815.61284464496
4685.30754781227,89666.25943426747
4685.331913842159,89239.06923338406
4685.356279998764,88788.68003569647
4685.380646282086,88717.61004950627
4685.405012692126,88540.94841811447
4685.429379228883,87717.64284616218
4685.453745892358,87003.28560309464
4685.478112682553,86463.31335857806
4685.502479599469,85555.75490317798
4685.526846643103,84094.18256488573
4685.551213813461,82077.86658338703
4685.575581110539,80121.33498475557
4685.599948534341,77980.11821526987
4685.624316084865,76215.5292157193
4685.648683762114,75366.70533573287
4685.673051566087,75170.43043954282
4685.697419496786,75870.68387580954
4685.72178755421,77335.96741017146
4685.74615573836,79186.15596504048
4685.770524049239,80994.43637027802
4685.794892486844,82350.96485665637
4685.819261051179,83611.90959865795
4685.843629742242,85029.13308114289
4685.867998560036,86352.61986131528
4685.89236750456,87464.12994745316
4685.916736575815,87912.36649308063
4685.941105773802,88182.00428096582
4685.965475098521,89173.88719989768
4685.989844549973,89371.59497665425
4686.014214128159,89775.9655988525
4686.03858383308,89541.99514053637
4686.062953664736,89851.10259573974
4686.087323623127,89299.22571720686
4686.111693708255,89491.08748693387
4686.13606392012,89294.5216887368
4686.160434258723,89107.0168552407
4686.184804724065,89146.25183251107
4686.209175316145,89199.0828935306
4686.233546034964,89081.2308238099
4686.257916880525,89229.43144594356
4686.282287852826,89472.72247701125
4686.306658951869,89287.65299867309
4686.331030177655,89557.12335133442
4686.355401530183,89324.98442513867
4686.379773009456,89565.75224768432
4686.4041446154715,89627.45880248341
4686.428516348234,89320.54011750665
4686.45288820774,89394.61554012772
4686.477260193994,89125.71938855368
4686.501632306994,88836.68167339663
4686.526004546742,88508.31106379237
4686.550376913238,87900.22041571567
4686.574749406484,87264.84035759454
4686.599122026479,86607.01019996397
4686.623494773224,85798.51966076063
4686.64786764672,85468.17790018547
4686.672240646968,85345.09293613829
4686.696613773968,84786.95426014217
4686.72098702772,84260.57305277439
4686.745360408227,83983.66608310095
4686.769733915487,83726.28676792141
4686.794107549503,83088.5546897159
4686.818481310274,82621.92937686073
4686.842855197801,83081.43159097277
4686.8672292120855,83554.19077095957
4686.891603353127,84106.70036332456
4686.915977620927,85019.324859938
4686.940352015486,85873.38469112403
4686.964726536804,86582.77887430313
4686.989101184882,86939.62184747786
4687.013475959721,87752.72441638759
4687.037850861322,88159.49176643124
4687.062225889685,88103.9650073408
4687.08660104481,88295.45703700196
4687.110976326699,88407.69987452502
4687.135351735352,88837.25413137258
4687.1597272707695,88584.9428415189
4687.1841029329535,89022.25628534627
4687.208478721903,89229.22002139912
4687.232854637618,89121.51376563164
4687.257230680102,89487.32085604251
4687.281606849354,89719.98319567685
4687.305983145374,89412.31051320794
4687.330359568164,89576.9775237843
4687.354736117723,89745.7740570823
4687.379112794054,89166.67493476439
4687.403489597155,89137.84158854422
4687.427866527029,88718.05074457993
4687.452243583676,88161.2537416057
4687.4766207670955,87672.11421503779
4687.500998077289,86165.9657505905
4687.5253755142585,85019.19587412656
4687.549753078002,83544.83498346637
4687.574130768522,81613.2057309173
4687.598508585818,80542.45566429163
4687.622886529892,79778.61606129704
4687.647264600743,79746.79095007502
4687.671642798374,80295.32756215101
4687.696021122783,80865.74605427767
4687.720399573973,81350.6244981707
4687.744778151943,82090.7962149512
4687.769156856694,82276.68110846967
4687.793535688228,82356.27730947932
4687.817914646544,82829.65473945471
4687.842293731643,83091.96922858822
4687.866672943525,83349.72890635996
4687.891052282193,83473.76363390157
4687.915431747646,83611.45416249559
4687.939811339885,83728.34538135536
4687.96419105891,83652.4961852563
4687.988570904722,83913.88430564408
4688.012950877322,84031.47623183436
4688.037330976711,83703.40425563579
4688.061711202889,83551.79996361637
4688.086091555856,83716.25708919084
4688.110472035614,83781.896289816
4688.134852642163,83881.5046038732
4688.159233375504,84546.64211937056
4688.183614235638,85140.89858054886
4688.207995222565,85213.09402715467
4688.232376336286,85517.36226338032
4688.2567575768,86112.9495421075
4688.28113894411,86468.25856921186
4688.305520438216,86966.41574536513
4688.329902059118,87023.68102047605
4688.354283806817,87627.48786489267
4688.3786656813145,87688.61666202282
4688.403047682609,87991.74797366682
4688.427429810704,88123.91769491306
4688.4518120655985,88701.31741852345
4688.476194447293,88540.87283915537
4688.500576955788,88999.81120942291
4688.5249595910855,88855.88653472165
4688.549342353185,88749.45308324126
4688.573725242088,88399.70644059071
4688.598108257794,88743.55444739772
4688.622491400304,88440.7395735052
4688.64687466962,88305.53377578287
4688.671258065741,87230.97347486007
4688.695641588669,86889.55897346717
4688.720025238404,85559.40843099065
4688.744409014946,84555.0425377158
4688.768792918296,83198.68422778588
4688.793176948456,82216.83809608457
4688.817561105424,81644.75560105295
4688.841945389204,81153.78726476849
4688.866329799794,80971.31008735596
4688.890714337195,80825.57550412002
4688.9150990014095,81170.82732935889
4688.9394837924365,81921.74777927277
4688.963868710277,82565.86099837671
4688.988253754932,83092.8672698795
4689.012638926401,84224.61454318214
4689.037024224686,85131.93686822023
4689.0614096497875,85662.15663643874
4689.085795201706,86710.87381637188
4689.1101808804415,87281.3620545607
4689.134566685995,87477.40869513548
4689.158952618368,87988.50387937127
4689.183338677561,88377.89462536275
4689.207724863573,87932.59351665378
4689.232111176406,88135.1516856142
4689.256497616061,88594.36957572485
4689.280884182537,88823.12013760216
4689.305270875837,88758.67973441814
4689.32965769596,88529.66895075509
4689.354044642908,88364.58366253284
4689.378431716679,88146.88852131614
4689.402818917277,87448.27699582279
4689.427206244701,86569.27320163646
4689.451593698951,85434.34273078208
4689.4759812800285,83536.46249986564
4689.500368987934,81565.63148987402
4689.524756822669,79565.61433907817
4689.549144784232,77637.21702345074
4689.573532872626,76579.62423446689
4689.597921087851,76482.97654021073
4689.622309429907,77183.91018820244
4689.646697898795,78443.66435561229
4689.671086494515,79638.33317618337
4689.6954752170695,80817.90512014535
4689.719864066457,82086.3876232787
4689.744253042681,83174.74253329032
4689.768642145738,84218.02166169565
4689.793031375632,85048.89999964646
4689.817420732364,85775.26195245639
4689.841810215931,86494.24986865815
4689.866199826338,87388.56585120484
4689.890589563582,87359.09739703914
4689.914979427666,87505.77868128414
4689.93936941859,88151.89515705302
4689.963759536355,88523.02454835399
4689.98814978096,88872.3911989486
4690.012540152407,89064.61930493504
4690.036930650698,89272.14729651464
4690.061321275832,89342.82850763772
4690.085712027809,89532.91748147778
4690.11010290663,89531.1034920971
4690.134493912298,89743.3015844647
4690.158885044811,89972.54806544255
4690.18327630417,89936.08483690911
4690.207667690377,89563.21662620574
4690.232059203432,89318.8812932042
4690.256450843335,89820.8071754581
4690.280842610087,89299.7900292038
4690.3052345036895,89619.98526973651
4690.329626524142,89376.13069785024
4690.354018671446,89442.97715592018
4690.378410945602,89352.04817831304
4690.40280334661,88909.16714457353
4690.427195874471,88531.08926109858
4690.451588529187,88682.29119142747
4690.475981310756,88620.66784048821
4690.500374219181,87840.15506751458
4690.524767254461,87552.7047057535
4690.549160416598,86912.31064093969
4690.5735537055925,85770.96261198106
4690.597947121444,84963.47144245908
4690.622340664154,83688.91628014881
4690.6467343337235,81689.91215917443
4690.671128130152,79957.32437879217
4690.695522053442,77689.26383883726
4690.719916103592,74770.90631177952
4690.744310280605,71536.7774785277
4690.768704584479,67847.04119922512
4690.793099015216,64119.31997911355
4690.8174935728175,61223.773082385545
4690.841888257283,59265.067732251424
4690.8662830686135,58285.80465505195
4690.89067800681,59252.27714993143
4690.915073071873,60752.298570775994
4690.939468263802,62710.04510320847
4690.9638635825995,64541.8912631711
4690.988259028265,65951.24308771873
4691.0126546008,67393.686205381
4691.037050300204,69406.66464980751
4691.061446126479,71893.37621904747
4691.085842079624,74480.96676035422
4691.110238159641,77098.99137770131
4691.13463436653,79435.17497604727
4691.1590307002925,81365.1088224293
4691.183427160929,82884.36367644889
4691.207823748438,84435.95307859899
4691.2322204628235,85671.80837859825
4691.256617304084,86599.00584799882
4691.281014272221,87407.05952926284
4691.305411367235,87830.46238455774
4691.329808589126,88168.75426365668
4691.354205937895,88451.18031070309
4691.378603413544,88407.87885856979
4691.403001016071,88357.80528656025
4691.42739874548,88097.7623556236
4691.451796601768,88274.9664593955
4691.476194584939,88532.40382385292
4691.500592694992,88269.58777816588
4691.524990931927,88457.41973227204
4691.549389295746,88525.84884385373
4691.573787786449,88779.05535122602
4691.598186404037,88894.10058270876
4691.622585148511,88923.37428751646
4691.64698401987,88353.5851149192
4691.671383018116,88207.66422867675
4691.69578214325,88416.11185347979
4691.7201813952715,88188.49084144301
4691.744580774182,88072.0046289211
4691.768980279982,87845.72223097505
4691.793379912672,87360.11932011863
4691.817779672253,86580.58267637393
4691.842179558726,85880.17473174486
4691.86657957209,84993.29287904719
4691.890979712347,84179.65747609289
4691.915379979497,83492.97350647947
4691.939780373542,82816.68104860444
4691.964180894481,81917.13276129297
4691.988581542316,81502.99536225488
4692.012982317046,81549.81421412404
4692.037383218673,81530.47366701605
4692.0617842471975,81708.5121456377
4692.086185402621,82122.7859084204
4692.110586684942,82467.27839155079
4692.1349880941625,82620.34972872368
4692.159389630283,83352.71578924262
4692.183791293304,83973.92325698603
4692.208193083227,84603.04484210814
4692.232595000051,85169.99559256823
4692.256997043779,85778.34555733229
4692.281399214409,86360.73770157348
4692.305801511943,86616.3756355342
4692.3302039363825,86799.67026092601
4692.354606487726,87066.60744957863
4692.379009165977,87529.50295878247
4692.403411971133,87511.21027944231
4692.427814903198,87656.85594948767
4692.45221796217,87362.36123110824
4692.47662114805,87631.45944759449
4692.50102446084,87731.196888603
4692.525427900539,87631.77772133991
4692.5498314671495,87296.50664286378
4692.574235160671,86914.65500385624
4692.598638981104,87278.1049930449
4692.62304292845,86866.69268143424
4692.647447002709,86672.97608957918
4692.6718512038815,87107.1666941214
4692.696255531969,87216.0950048218
4692.720659986971,87214.21271046098
4692.74506456889,87224.43820065503
4692.769469277724,87362.16704761733
4692.793874113477,87701.3710521685
4692.818279076147,88020.31306558344
4692.842684165735,88306.23996768471
4692.867089382242,88546.04863809518
4692.891494725669,88333.24931082291
4692.915900196016,88388.41078596214
4692.940305793285,88279.31011359493
4692.964711517476,88026.78332859164
4692.989117368588,88067.23528276257
4693.013523346624,87817.04202631405
4693.037929451584,87577.09140418858
4693.062335683468,87549.0775047655
4693.086742042277,87346.35076840142
4693.111148528012,87521.830177484
4693.135555140673,87608.3489384464
4693.159961880262,87492.80373642257
4693.184368746778,87718.21991883035
4693.208775740222,87873.26770243973
4693.233182860596,87429.64979646487
4693.257590107899,87075.2264338236
4693.281997482132,86637.51770528304
4693.3064049832965,85719.23052638648
4693.3308126113925,84879.36724533436
4693.355220366421,83904.33097185832
4693.379628248383,83395.34523564973
4693.404036257278,82572.04127431633
4693.428444393107,81006.20928240768
4693.4528526558715,79428.69665597644
4693.477261045572,77789.02265812518
4693.501669562208,75826.17811789093
4693.526078205781,74663.63869096464
4693.550486976292,74066.00630331806
4693.574895873741,74137.25204117883
4693.599304898129,75135.42579465228
4693.623714049457,76841.13026102276
4693.6481233277245,78488.23239460541
4693.672532732933,80423.9407420012
4693.696942265084,81898.64950081363
4693.721351924177,83076.20692236515
4693.745761710212,84731.45253428507
4693.770171623191,85793.72842216391
4693.7945816631145,86558.52204441016
4693.818991829982,87555.29619078399
4693.843402123796,88031.19585703855
4693.867812544556,88562.14884570014
4693.892223092263,89017.1716570812
4693.916633766917,89129.52619620661
4693.941044568519,89544.94328667574
4693.96545549707,89578.89309778121
4693.989866552572,89462.78049952457
4694.014277735022,89639.35805872771
4694.038689044424,89348.230112003
4694.063100480777,88966.44081059226
4694.087512044082,88715.32875166048
4694.11192373434,88913.63136052755
4694.136335551552,88411.84636235084
4694.160747495717,87711.20751410972
4694.185159566838,86989.21528530798
4694.209571764914,85658.23109758571
4694.233984089946,84836.5947019072
4694.258396541934,84138.83962055446
4694.28280912088,82865.82915388356
4694.307221826784,82516.8817033527
4694.3316346596475,82289.04238010994
4694.35604761947,82913.52117115697
4694.380460706252,83545.04713500619
4694.404873919995,84220.0823960902
4694.4292872607,84846.53110722966
4694.453700728366,85371.69852129584
4694.478114322996,85964.71150067922
4694.502528044588,85897.04925652305
4694.526941893145,86134.7869048792
4694.551355868666,86361.32240709792
4694.575769971153,86392.2130035789
4694.600184200605,86640.19838977834
4694.624598557025,86899.19990322248
4694.649013040411,86500.66504704727
4694.673427650766,86768.50996861246
4694.697842388089,86994.34916388763
4694.7222572523815,86620.07117829606
4694.746672243644,85614.355456845
4694.771087361877,84735.35855094132
4694.795502607081,83713.40788343853
4694.819917979257,81952.61946829433
4694.844333478407,80065.78765594319
4694.868749104528,79107.84855426066
4694.8931648576245,78747.91512413062
4694.917580737695,79170.6644159464
4694.941996744741,80032.59674117684
4694.966412878764,81271.05739292258
4694.990829139761,82490.44564684993
4695.0152455277375,83807.30171097475
4695.039662042691,84541.54911301573
4695.0640786846225,85989.30415264232
4695.088495453534,86661.19023143269
4695.112912349425,87298.03073407577
4695.137329372296,87702.51441567473
4695.16174652215,88414.91064030796
4695.186163798984,88694.82282962065
4695.210581202801,89306.45974913143
4695.234998733602,89143.25355168206
4695.2594163913855,89661.16731060187
4695.283834176154,89719.95528144443
4695.308252087908,89709.01657379835
4695.332670126648,89907.5537607348
4695.357088292374,89848.4477512428
4695.381506585087,89713.74603663737
4695.405925004788,89809.77521476508
4695.430343551478,89760.93530062355
4695.454762225156,89761.5297712009
4695.479181025824,89374.98328336161
4695.503599953483,89007.47637355063
4695.528019008133,88533.09871304646
4695.552438189775,88319.22049636772
4695.576857498409,87558.0184081483
4695.601276934036,86651.95277520196
4695.625696496656,85377.1263698563
4695.650116186272,84644.73614919336
4695.674536002882,83846.32810824398
4695.698955946488,83297.9574565131
4695.72337601709,82996.13709234115
4695.7477962146895,83885.28259902759
4695.772216539287,84792.25155471392
4695.796636990882,85318.8668342426
4695.821057569477,86190.9933037104
4695.8454782750705,87037.20530462002
4695.869899107665,87763.6540526308
4695.894320067261,88383.05889180905
4695.918741153858,88360.01467571718
4695.943162367457,88873.36295285114
4695.9675837080595,89621.80066647363
4695.992005175666,89935.68810730809
4696.016426770277,90050.8546275289
4696.040848491892,90102.53447585885
4696.065270340512,89846.80456724195
4696.08969231614,90049.45980241838
4696.114114418774,90238.24482462517
4696.1385366484155,90667.385950807
4696.162959005066,90342.52940553396
4696.187381488725,89646.92761829065
4696.211804099394,89844.15843406945
4696.2362268370725,90016.51663860447
4696.260649701762,89742.67609653376
4696.285072693463,89639.81261414067
4696.3094958121765,89386.66295126633
4696.333919057903,88990.52079170781
4696.358342430643,88798.3364735783
4696.382765930397,88461.07692592645
4696.407189557166,87845.6656638701
4696.4316133109505,87463.82904321603
4696.456037191751,87053.3634556847
4696.480461199569,86402.19576871616
4696.504885334404,86041.00146426397
4696.529309596257,86440.74737800377
4696.55373398513,86667.73807148197
4696.578158501021,86999.47437828808
4696.602583143933,87741.28641404644
4696.627007913866,88051.9990231777
4696.65143281082,88046.49632817355
4696.675857834795,88076.56207876574
4696.700282985795,88341.12370772156
4696.724708263817,88323.6611840668
4696.749133668864,88815.07363528697
4696.773559200935,88906.45493511601
4696.797984860032,88355.03077927901
4696.822410646155,88381.31346163547
4696.846836559304,88409.87623200714
4696.871262599481,88546.76312479415
4696.895688766686,88244.7614524651
4696.920115060921,87601.4499204535
4696.944541482183,86454.5889330841
4696.968968030476,85498.13600246885
4696.993394705801,84612.5893922253
4697.017821508156,83344.9382977677
4697.042248437544,83123.42773104644
4697.066675493964,82798.27143914225
4697.091102677417,83243.62883034864
4697.115529987905,83743.76185681752
4697.139957425427,84277.51847857147
4697.164384989985,84738.76853405722
4697.188812681578,85474.22176356718
4697.2132405002085,85654.69119973695
4697.237668445877,86301.68137364005
4697.262096518582,87123.77439649594
4697.286524718326,87400.58800722168
4697.31095304511,87924.22431126985
4697.335381498933,87894.54629609892
4697.359810079797,87808.49336687318
4697.384238787703,87945.88394503243
4697.408667622651,88508.10383693002
4697.43309658464,88039.20156962739
4697.457525673673,88162.94609152511
4697.481954889751,87763.61605865511
4697.506384232873,87426.96283380431
4697.53081370304,87089.8775901641
4697.555243300253,86336.09345651134
4697.579673024513,84962.23432861445
4697.604102875819,83840.80211616357
4697.628532854174,82398.58837075082
4697.652962959577,80352.4789243215
4697.67739319203,78289.89224357656
4697.7018235515325,76696.84883782611
4697.726254038085,75715.99632188783
4697.75068465169,74741.82018665111
4697.7751153923455,73319.65184980787
4697.799546260054,72003.99197614459
4697.823977254816,70699.30943163109
4697.848408376632,69649.88032524961
4697.872839625502,68702.17257046547
4697.897271001427,67670.6337292412
4697.921702504408,67119.50499276484
4697.946134134445,66536.78200492884
4697.97056589154,65367.11597652067
4697.994997775692,64026.109835433694
4698.019429786904,62052.54566346445
4698.043861925174,60004.459261816344
4698.068294190503,58941.022445129616
4698.092726582894,58768.01235894527
4698.117159102346,59793.19153643605
4698.141591748858,61542.927331170984
4698.166024522435,63857.02318880893
4698.190457423073,66366.62330920367
4698.214890450776,69005.11718274951
4698.239323605543,71972.03855580298
4698.263756887375,74773.3416011023
4698.288190296273,77096.42308998709
4698.3126238322375,78892.2048113958
4698.337057495269,81140.99243439935
4698.361491285367,82615.17908885193
4698.385925202535,83901.13968177821
4698.410359246771,84620.1210017172
4698.434793418078,85541.56668449583
4698.459227716454,86345.92187017998
4698.483662141902,87052.0872526151
4698.508096694421,87111.25132556117
4698.532531374012,87072.68243889445
4698.556966180677,86587.61067071934
4698.581401114415,85760.31698091858
4698.6058361752275,84530.12015783443
4698.630271363115,83348.37980971347
4698.654706678079,80619.53155331574
4698.679142120118,78045.64695156492
4698.703577689234,75402.01108669583
4698.728013385428,72772.77752351486
4698.752449208701,70990.37496567336
4698.776885159053,70133.57242077726
4698.801321236483,70044.24640514255
4698.8257574409945,71405.7620612435
4698.850193772587,73504.40130594712
4698.874630231261,75791.96752479995
4698.899066817017,77467.13695061441
4698.923503529856,79132.55544911238
4698.947940369779,80584.03575383799
4698.972377336786,81798.95525206516
4698.996814430877,82869.79360518744
4699.021251652055,83940.46570147404
4699.045689000318,84381.00259621178
4699.070126475669,85382.69371322765
4699.0945640781065,86300.63650747735
4699.119001807633,87076.49262889077
4699.143439664248,87559.91845312125
4699.167877647953,87872.74811753607
4699.192315758747,88395.52980904514
4699.216753996633,88744.46709272194
4699.24119236161,88293.4058775798
4699.26563085368,88760.4775617221
4699.290069472841,89041.6198027389
4699.314508219098,88847.88260958696
4699.338947092448,88989.25384992614
4699.363386092892,88882.98816327148
4699.387825220432,88205.5556427541
4699.412264475069,87544.40205253316
4699.436703856802,86458.29003105707
4699.461143365632,84789.45752188118
4699.48558300156,83058.30641944577
4699.510022764588,81046.31721799761
4699.534462654715,78482.55636492211
4699.558902671942,76212.02099170141
4699.58334281627,74834.55405671288
4699.607783087699,74461.57091323237
4699.63222348623,74661.74017529377
4699.656664011864,76472.51851102909
4699.681104664602,78055.35927326312
4699.7055454444435,79729.5249765137
4699.72998635139,81692.19966060872
4699.754427385442,82754.90785921832
4699.778868546599,84630.49159566432
4699.803309834863,85271.33279086002
4699.827751250235,86779.20010902466
4699.852192792715,87056.15035283988
4699.876634462304,87739.5626590574
4699.9010762590015,88133.40918799402
4699.92551818281,88396.5950094701
4699.949960233728,88781.29453971205
4699.974402411758,88245.31338335901
4699.998844716901,88398.99368335865
4700.023287149155,88217.60934708796
4700.047729708523,87857.39319831117
4700.072172395005,88212.55302630198
4700.096615208602,88583.00026949409
4700.121058149313,88484.17800481516
4700.145501217142,88682.6770979852
4700.169944412086,88855.5543938371
4700.194387734148,88512.368532605
4700.218831183328,88705.4397404127
4700.243274759626,88945.06387361817
4700.267718463044,88870.26904731483
4700.292162293581,88624.60072579506
4700.31660625124,88352.33011997459
4700.341050336019,87558.5536469373
4700.36549454792,86577.19062176713
4700.389938886945,85657.69320722403
4700.414383353092,84578.20404388296
4700.438827946363,83285.7167184416
4700.463272666759,82506.9772874619
4700.487717514279,82065.87854800592
4700.512162488926,81849.82613339716
4700.5366075906995,82025.76625565335
4700.5610528196,82341.72764858117
4700.585498175628,83006.79162229775
4700.609943658786,83717.3391311407
4700.634389269072,83677.72783655318
4700.658835006488,84160.71820854978
4700.683280871034,83363.81571146093
4700.707726862712,82959.30716740315
4700.732172981522,82281.19206857705
4700.7566192274635,81213.92409990486
4700.7810656005395,80108.1034641284
4700.805512100748,79847.90518173046
4700.829958728092,78829.67481098461
4700.854405482571,77961.55255838817
4700.878852364185,77141.84149807277
4700.903299372936,76160.99907577728
4700.9277465088235,75155.28316728986
4700.95219377185,74471.60292220449
4700.976641162014,74289.38079544669
4701.001088679317,74790.52346099883
4701.025536323761,76042.55416067407
4701.049984095344,77510.14699899295
4701.074431994069,79190.14518067462
4701.098880019936,80939.82854712647
4701.123328172945,82548.70886837569
4701.147776453096,83893.24115001825
4701.172224860392,85340.23306461594
4701.196673394832,86374.38372623881
4701.221122056418,87374.73660031054
4701.245570845148,87842.44958012197
4701.270019761026,88212.67585518405
4701.29446880405,88353.0042987419
4701.318917974222,88320.7143498225
4701.343367271543,88544.09502525911
4701.367816696012,88704.89995899446
4701.392266247631,88928.46683506541
4701.416715926401,88659.79218872708
4701.441165732321,88360.86782155297
4701.465615665394,88639.28466308439
4701.490065725618,88848.61912336203
4701.514515912995,88819.77616623856
4701.5389662275265,88923.05929329098
4701.563416669212,88451.30904203825
4701.587867238052,88743.47768201226
4701.612317934048,88618.61804550851
4701.636768757201,88816.67278971628
4701.66121970751,88558.34551494522
4701.685670784977,87851.51184232181
4701.710121989603,87604.6213003938
4701.734573321387,87359.99447325384
4701.759024780331,87038.9050937273
4701.783476366435,87389.92002294425
4701.8079280797,87830.60032022098
4701.832379920127,87845.48417386702
4701.856831887716,88335.28995307475
4701.881283982468,88384.04131458416
4701.905736204383,88483.49683324242
4701.930188553462,88478.30676866963
4701.954641029707,87870.65817122882
4701.979093633117,87367.45793307917
4702.003546363693,86623.79871157049
4702.027999221436,86188.80441961122
4702.052452206347,85561.78364513432
4702.076905318427,84820.78055636966
4702.101358557674,83739.75953332354
4702.125811924092,82148.3271637335
4702.150265417679,79948.84130598727
4702.174719038438,77372.23146453129
4702.199172786368,74956.46403769919
4702.22362666147,71467.34805938727
4702.248080663745,67754.38076463324
4702.272534793193,63306.808731488636
4702.296989049815,58186.7368440254
4702.321443433613,53098.135288494916
4702.345897944586,48056.13556495674
4702.370352582735,43194.29850497378
4702.394807348061,39897.75680071031
4702.419262240564,37822.39357627786
4702.443717260246,37108.58134326076
4702.468172407106,38128.583569519826
4702.492627681146,40534.33985777444
4702.517083082365,44070.15290856665
4702.541538610766,48574.41137210349
4702.565994266348,53456.74849332289
4702.5904500491115,58445.7533816499
4702.614905959059,63024.259964827266
4702.639361996189,66853.83549227017
4702.663818160503,70775.15723696789
4702.688274452003,74247.13970226755
4702.712730870687,76643.50004943712
4702.737187416557,79171.111166691
4702.7616440896145,80880.56447431134
4702.78610088986,82303.39435449846
4702.810557817293,83572.48087052966
4702.835014871914,84446.29491166356
4702.859472053725,84919.60615194468
4702.883929362725,84934.68544268109
4702.908386798917,85108.36933463039
4702.9328443623,85246.35082180306
4702.957302052875,84977.34562296535
4702.981759870642,84345.31755338343
4703.006217815603,84031.20123663789
4703.030675887758,83769.03121750471
4703.055134087108,83312.05938927423
4703.079592413653,82872.99720627247
4703.104050867393,82153.49964575442
4703.128509448331,81073.12819787143
4703.152968156466,79966.20811700738
4703.177426991799,78713.47090137874
4703.2018859543305,77034.33097789137
4703.226345044061,76188.61918071756
4703.250804260992,75508.85332341843
4703.275263605123,75773.68626177925
4703.299723076456,77147.05369919189
4703.32418267499,78647.01165912481
4703.348642400728,80290.46087209869
4703.373102253668,81933.27872789204
4703.397562233812,83045.28685146848
4703.422022341161,84313.47442444097
4703.446482575715,85138.38618250836
4703.470942937475,86458.43558503655
4703.495403426442,87649.82794385133
4703.519864042616,88003.54393356112
4703.544324785998,88515.8328344237
4703.568785656588,88648.08846923731
4703.593246654387,89532.44684708348
4703.617707779397,89147.93757980414
4703.642169031617,89519.73810414379
4703.666630411049,88600.41378079042
4703.691091917691,88104.8168952592
4703.715553551547,87850.72867718384
4703.7400153126155,87006.73040062285
4703.764477200898,85828.41916005015
4703.788939216395,84899.92014081281
4703.813401359107,83758.6286896637
4703.837863629035,82884.69666446137
4703.86232602618,82196.2399508517
4703.8867885505415,82023.8493993792
4703.911251202121,82269.35516564315
4703.93571398092,82515.84390960523
4703.960176886937,83272.93451881473
4703.984639920173,83818.17422290125
4704.009103080632,84530.14145402334
4704.03356636831,85624.06861366153
4704.05802978321,86357.40885569814
4704.082493325333,87101.91937244956
4704.1069569946785,87624.70087717219
4704.131420791248,87803.36260857001
4704.155884715043,87640.44312602327
4704.180348766062,87937.75322070469
4704.204812944307,86916.71630685833
4704.2292772497785,86010.71820237135
4704.253741682477,84672.45518022223
4704.278206242403,83066.44456929242
4704.302670929558,80532.63505139023
4704.327135743942,78018.36976906449
4704.351600685555,76105.77790333664
4704.376065754399,74661.0317135709
4704.400530950474,74413.45161489295
4704.42499627378,74907.17542356452
4704.449461724319,75934.6527291215
4704.473927302091,77622.4214972828
4704.498393007097,79779.31715180288
4704.522858839337,81460.66465243259
4704.547324798812,83037.43790178053
4704.571790885522,84552.68450568177
4704.59625709947,85901.32329084269
4704.620723440654,86746.05876547772
4704.645189909075,87540.32256399687
4704.669656504736,88255.09239504712
4704.694123227635,88659.87314491333
4704.718590077773,88528.69988022298
4704.743057055152,88409.12336038334
4704.767524159773,88269.74279842887
4704.791991391634,87689.1056579022
4704.816458750738,87028.63225339103
4704.840926237085,86069.38589070582
4704.865393850676,85538.43956580668
4704.88986159151,84932.60931602959
4704.91432945959,84597.77021166187
4704.938797454915,84558.55197386471
4704.963265577487,84965.21545632441
4704.987733827305,85764.56760410366
4705.0122022043715,86548.30790443091
4705.036670708686,86877.39664231267
4705.06113934025,86957.49967698348
4705.0856080990625,87802.80643924382
4705.1100769851255,88015.04648028959
4705.1345459984395,88827.52793601684
4705.1590151390055,88862.86731968055
4705.1834844068235,89027.65998663481
4705.207953801894,89315.29561888488
4705.232423324218,89365.5376214498
4705.256892973796,89396.82077318536
4705.28136275063,89124.63396535828
4705.305832654719,88706.69903406313
4705.330302686064,88404.9537239772
4705.354772844666,89189.8938809489
4705.3792431305255,88818.75460511332
4705.403713543643,88866.94099858732
4705.428184084019,88892.86020150929
4705.452654751655,88906.06616187915
4705.477125546552,89284.20879686582
4705.501596468709,89291.95085731354
4705.526067518127,89369.8636643802
4705.550538694808,89540.61965783633
4705.575009998751,89531.60607619208
4705.599481429958,89673.28968742082
4705.623952988429,89791.13973456832
4705.648424674165,89681.11361527794
4705.672896487166,89591.38865502778
4705.6973684274335,89253.40283817578
4705.721840494968,89103.2842432931
4705.74631268977,88532.90592527135
4705.7707850118395,89256.29264879262
4705.795257461178,87950.82557368773
4705.819730037786,87224.90569051247
4705.844202741664,86208.75271725378
4705.868675572813,84848.54278250625
4705.893148531233,83407.68739341515
4705.917621616925,81579.94768350024
4705.94209482989,79778.9835297968
4705.966568170129,78190.4158881039
4705.9910416376415,77766.78632043452
4706.015515232429,77920.18256090175
4706.0399889544915,78632.60160674158
4706.06446280383,80184.7168181581
4706.088936780446,81445.00291633465
4706.113410884339,82279.74322310358
4706.13788511551,83873.1356394337
4706.1623594739585,84998.1378143703
4706.186833959688,85798.66223218913
4706.211308572697,87415.72107834548
4706.235783312986,87658.51969359102
4706.260258180557,88552.69100897
4706.28473317541,88784.50084077708
4706.309208297545,89373.26205084854
4706.3336835469645,89280.11602308064
4706.358158923667,89312.83063212219
4706.382634427655,88586.74062750743
4706.407110058928,88485.64367313779
4706.431585817487,88192.217897807
4706.456061703333,86730.19159161643
4706.480537716466,85117.0336988347
4706.505013856887,83754.48111520613
4706.529490124596,81506.73062979046
4706.553966519595,78519.87046799698
4706.5784430418835,74842.76090253201
4706.602919691462,70990.89726518864
4706.627396468333,66183.64350481222
4706.651873372496,61707.13346340818
4706.676350403951,57272.768082137234
4706.7008275626995,54697.625982682104
4706.725304848742,54203.11764664984
4706.749782262078,54423.11504446376
4706.774259802711,55782.4333610199
4706.798737470639,57762.93661722708
4706.823215265863,59600.28173939138
4706.847693188385,61583.42023056139
4706.872171238205,63377.61322017156
4706.896649415323,64561.97811960454
4706.921127719741,66287.98142099337
4706.945606151458,68449.91058104965
4706.970084710476,71010.27743567222
4706.9945633967955,73620.34181200755
4707.019042210416,76544.55311244815
4707.0435211513395,79100.83186211796
4707.068000219567,81040.59141711736
4707.092479415097,82524.59301546715
4707.116958737932,84390.1380073213
4707.141438188072,85191.90110627607
4707.165917765518,86016.07654748895
4707.190397470271,86361.09092644414
4707.214877302331,86827.39901044029
4707.239357261698,87186.17450306643
4707.263837348375,86873.89985792979
4707.28831756236,85872.50063743416
4707.312797903655,84688.44446480712
4707.337278372261,83400.24052997369
4707.361758968177,81245.66408118031
4707.3862396914055,78809.58834145612
4707.410720541947,77165.20738712694
4707.435201519801,75944.22824027807
4707.459682624969,75426.04705257292
4707.484163857451,76041.76155096103
4707.508645217248,77280.18297187179
4707.533126704362,78714.01647017684
4707.557608318792,80684.8753073521
4707.582090060538,82244.74524117274
4707.606571929602,83444.24272771199
4707.631053925986,85388.20429131638
4707.655536049688,85916.19507016739
4707.680018300709,86857.56940880114
4707.704500679051,87466.9941638076
4707.728983184715,87467.95163110385
4707.753465817699,87846.27621676879
4707.7779485780065,87182.67390621423
4707.802431465637,86637.42774999716
4707.826914480591,85604.08892393702
4707.85139762287,83774.54604030625
4707.875880892473,81368.08104438694
4707.900364289402,78837.75374710951
4707.924847813658,75174.12263965847
4707.949331465241,70869.73291351656
4707.9738152441505,66295.21438619937
4707.998299150389,61059.28789906596
4708.0227831839575,56053.1487868725
4708.047267344855,51557.765074799514
4708.071751633082,47874.42571769464
4708.096236048641,46067.73757106817
4708.120720591531,46003.46731664149
4708.145205261754,47357.672065634615
4708.16969005931,50477.511369540196
4708.194174984199,54032.89397649769
4708.218660036422,57721.645702060174
4708.243145215981,61439.723519580075
4708.267630522875,64766.18897476299
4708.292115957106,67360.9009897119
4708.316601518673,69068.83081738559
4708.341087207578,69916.53514236733
4708.3655730238215,69945.18965949622
4708.390058967404,69718.48935837796
4708.414545038326,68620.44656427883
4708.439031236589,67476.50083929257
4708.463517562192,66640.47194969776
4708.488004015136,65702.9094809451
4708.5124905954235,65373.73808895923
4708.536977303053,66093.62329014271
4708.561464138026,67456.96660735089
4708.585951100345,69884.31847895081
4708.610438190007,72522.46255495507
4708.6349254070155,75568.81824401834
4708.65941275137,77896.14708458685
4708.683900223071,79924.71528932433
4708.70838782212,82331.40880739185
4708.732875548517,83993.84724765107
4708.757363402263,85838.7218454727
4708.781851383359,86544.10476578028
4708.8063394918045,87257.14724573585
4708.830827727601,88214.8809071815
4708.8553160907495,88651.33836309274
4708.879804581249,89089.18054772013
4708.9042931991025,88857.30135040838
4708.92878194431,88500.03587409414
4708.95327081687,88497.52728948416
4708.977759816786,87611.48939995134
4709.002248944057,86430.56960132906
4709.026738198685,84702.23178493886
4709.051227580669,82911.0705625995
4709.075717090011,80881.2865939435
4709.100206726711,78506.9258531439
4709.12469649077,77054.22361575824
4709.1491863821875,76020.67302493419
4709.173676400966,75928.92832436528
4709.198166547105,76890.45434304947
4709.222656820605,77937.13138877717
4709.247147221468,79657.04905120908
4709.271637749694,81055.39600221219
4709.296128405283,82223.09413477386
4709.3206191882355,83736.95776530732
4709.345110098554,84965.34433635198
4709.369601136237,85927.51218060152
4709.394092301286,86186.24784762015
4709.418583593702,86418.52747876823
4709.443075013486,86021.36963851468
4709.467566560637,85631.16132885852
4709.492058235158,85041.16299110823
4709.516550037048,83941.02043275432
4709.541041966308,82596.72055187133
4709.565534022939,80277.14256004097
4709.590026206941,77628.91648787892
4709.614518518315,74681.32613854011
4709.639010957061,71235.09057878391
4709.663503523182,67872.61484494568
4709.687996216676,65568.54387962898
4709.712489037545,64042.36701703068
4709.7369819857895,64279.94805510554
4709.76147506141,65736.52256634751
4709.785968264407,68171.97415650693
4709.810461594781,71022.132940468
4709.834955052534,74290.07124306815
4709.859448637665,77253.01514670339
4709.883942350176,79717.32452592032
4709.908436190066,81718.84724611387
4709.932930157337,83952.85757562763
4709.95742425199,85437.05472728425
4709.9819184740245,86532.24359127584
4710.006412823442,88074.04788778101
4710.030907300242,89097.45681758627
4710.055401904427,89144.46714634718
4710.079896635996,89468.74609417525
4710.1043914949505,89721.42490931168
4710.1288864812905,89964.59381233352
4710.153381595018,90226.38889469813
4710.177876836132,90374.78938201474
4710.202372204634,90791.55497242624
4710.226867700526,90676.19942736639
4710.251363323806,90490.88926979936
4710.275859074476,91276.80690143305
4710.3003549525365,90666.51073828766
4710.324850957989,91193.73769079283
4710.349347090833,91240.63109026052
4710.37384335107,90924.69908540585
4710.398339738699,90966.05093272412
4710.422836253723,91527.64239659533
4710.447332896141,91824.91094022177
4710.471829665956,91636.07956771344
4710.496326563165,91705.84755321074
4710.520823587771,91706.31563897358
4710.545320739774,91579.59871989144
4710.569818019176,91400.82494609078
4710.594315425976,91594.8339813193
4710.618812960174,91616.17003274332
4710.643310621774,91492.027293233
4710.6678084107725,91220.93194534973
4710.692306327173,91193.29755029095
4710.716804370976,90183.53347717001
4710.741302542181,90101.33584315315
4710.76580084079,89956.11804750087
4710.790299266801,89384.84635630003
4710.814797820219,88827.18763850338
4710.839296501041,87975.94896999931
4710.863795309268,87321.02176413819
4710.888294244903,86589.43512874452
4710.9127933079435,85895.00828818664
4710.937292498393,85544.80580283178
4710.961791816251,85992.0767350565
4710.986291261518,86378.87030830028
4711.010790834194,86922.1981290531
4711.035290534282,88200.17433359235
4711.05979036178,88467.85629593515
4711.08429031669,88666.69467363825
4711.108790399013,88765.72722509051
4711.133290608749,89631.38402580508
4711.157790945898,90528.14026655417
4711.182291410462,90681.44465690202
4711.206792002442,90259.97237982022
4711.231292721836,90340.81667926667
4711.255793568648,90263.64306723804
4711.280294542877,90387.16828444222
4711.304795644523,89473.17274677857
4711.329296873588,89053.77772708895
4711.353798230071,89105.68885071237
4711.378299713975,88725.02527587983
4711.402801325299,87972.20229204297
4711.427303064044,87293.53024321473
4711.451804930211,86494.56614684449
4711.476306923801,85486.14164484247
4711.500809044813,85067.91491052655
4711.52531129325,84917.9635461486
4711.549813669109,85529.26311606908
4711.574316172396,85533.47821915502
4711.598818803107,85245.14361044439
4711.623321561245,85329.34638315983
4711.647824446809,85677.33584354362
4711.672327459802,85487.25930708487
4711.696830600223,85478.53717574029
4711.721333868073,86360.50411529002
4711.745837263352,86699.78084537685
4711.770340786063,87090.62753123717
4711.794844436204,87466.50118957588
4711.819348213776,87863.73857312211
4711.843852118781,88043.74842345713
4711.868356151219,88132.64535264962
4711.892860311091,88429.47716209316
4711.917364598397,87919.14358185968
4711.941869013138,88073.63121331685
4711.966373555315,88002.265737176
4711.990878224928,87664.96908954612
4712.015383021978,87094.91714988239
4712.039887946466,87015.10192639258
4712.064392998392,87100.94949996796
4712.088898177757,87081.06837803143
4712.113403484562,86690.30609867991
4712.137908918807,86405.15483854455
4712.162414480493,86367.62218551223
4712.186920169621,86033.46337747312
4712.21142598619,86194.17232555393
4712.235931930203,85952.0257579702
4712.26043800166,86115.04293535562
4712.284944200561,86416.72624797602
4712.309450526906,86058.79009090386
4712.333956980698,86365.06619837267
4712.358463561935,86462.7201352798
4712.38297027062,85941.4986443844
4712.407477106752,85801.93594808558
4712.431984070333,85239.0659954268
4712.456491161362,84663.61080742105
4712.4809983798405,83764.656777933
4712.50550572577,82877.70922698277
4712.53001319915,81662.6771935195
4712.554520799982,80396.48468326348
4712.579028528266,79476.10597357624
4712.603536384003,79089.24885918206
4712.628044367193,78825.10226177983
4712.652552477837,79038.62927841936
4712.677060715937,79995.04210573426
4712.701569081492,80928.08991084456
4712.7260775745035,82477.06293577605
4712.750586194971,83571.30415093142
4712.775094942897,84952.52369944246
4712.799603818281,85995.77351228266
4712.824112821124,87463.59979097397
4712.848621951426,88439.99998138197
4712.873131209189,88948.80255089646
4712.897640594412,89266.4152883432
4712.922150107097,89623.97363619904
4712.946659747244,90517.72248505497
4712.9711695148535,90076.31354398497
4712.995679409927,90646.79079316977
4713.020189432465,90917.68587286923
4713.044699582467,91086.8852904525
4713.069209859935,91393.2289134982
4713.093720264869,91134.84453261118
4713.1182307972695,90964.49425337529
4713.142741457138,90863.34522788996
4713.167252244474,90409.48028846459
4713.19176315928,90198.0550311614
4713.216274201554,89970.86687657189
4713.240785371299,89589.44761366806
4713.2652966685155,89377.22320507103
4713.289808093203,88596.31224432169
4713.314319645362,87663.01499974569
4713.338831324993,86829.06072756542
4713.3633431320995,85366.4355479584
4713.387855066679,83965.34554497678
4713.412367128733,82740.07844330334
4713.436879318263,81482.56427912792
4713.461391635269,79806.84756518481
4713.485904079752,78873.1264497752
4713.510416651712,78544.91862653593
4713.53492935115,77963.8884859939
4713.559442178067,78040.3825572371
4713.583955132463,77364.63925968415
4713.60846821434,76798.37520532518
4713.632981423697,76223.0102055913
4713.657494760536,74904.7484286149
4713.682008224857,72624.48334981604
4713.70652181666,69427.05877508517
4713.731035535947,66148.78291355264
4713.755549382718,62480.83400786246
4713.780063356973,58093.142776576526
4713.804577458714,53960.38077577573
4713.829091687941,51418.38887617441
4713.853606044655,50474.22548444421
4713.878120528856,51051.294842912066
4713.9026351405455,52832.07908832988
4713.927149879723,55776.29699216436
4713.951664746391,59753.240270764174
4713.976179740548,63421.38679339199
4714.000694862196,66953.23652912822
4714.025210111335,70578.3020093808
4714.0497254879665,73722.56299216623
4714.07424099209,76422.687387481
4714.098756623707,78670.99547214706
4714.123272382819,80867.21047893465
4714.147788269425,82565.59827030139
4714.1723042835265,83819.2145558985
4714.196820425123,84469.74732764182
4714.221336694218,85349.96058142523
4714.245853090809,85773.88540693298
4714.270369614898,85756.45163561543
4714.294886266486,86438.42700881648
4714.319403045573,86980.484505354
4714.34391995216,86784.51448710565
4714.3684369862485,86688.1097584356
4714.392954147837,87589.40958033371
4714.417471436928,87679.85725218596
4714.441988853522,87633.84298932455
4714.466506397619,87637.92456734665
4714.49102406922,87496.7180828339
4714.515541868325,87495.79277644804
4714.5400597949365,87371.65167171232
4714.5645778490525,87106.31628232235
4714.589096030676,87445.18852922627
4714.613614339807,87973.61770795965
4714.638132776446,87809.61948059167
4714.662651340593,88497.16292325128
4714.687170032249,88433.40015216765
4714.711688851416,88226.72291138231
4714.736207798092,88755.64622846492
4714.76072687228,89126.51186428619
4714.7852460739805,89212.24233619745
4714.809765403193,89595.87086973019
4714.834284859919,89532.51607496245
4714.8588044441585,89420.55301971428
4714.883324155912,88784.06062172132
4714.907843995182,88350.18416442911
4714.932363961968,87469.98563173151
4714.95688405627,86202.41138360869
4714.981404278089,85318.92710735531
4715.005924627426,83747.93011778587
4715.030445104281,82026.81404306325
4715.054965708656,80029.96832044756
4715.079486440551,78145.07365372725
4715.104007299966,75770.37677240794
4715.128528286902,73390.57976456458
4715.1530494013605,70765.96123344413
4715.177570643341,69201.4992736176
4715.202092012845,68213.13911803784
4715.226613509873,68785.00940518154
4715.251135134425,70195.6541378341
4715.2756568865025,72458.86530715099
4715.300178766105,74835.7082223983
4715.324700773235,77129.9622053126
4715.349222907892,79704.4654232614
4715.373745170076,82004.95473338566
4715.39826755979,84019.67007806756
4715.422790077032,85441.7739195679
4715.447312721804,86924.39739283727
4715.471835494107,88446.82901230751
4715.496358393941,88868.02889660033
4715.5208814213065,90065.84019693409
4715.545404576204,90768.47678215122
4715.569927858635,90969.06237323978
4715.5944512686,90897.5462907411
4715.6189748061,91202.23161198407
4715.643498471134,91430.64701452071
4715.668022263705,91306.07517229616
4715.692546183812,91540.7881816595
4715.717070231455,91261.21361776319
4715.741594406637,90743.99738658704
4715.766118709357,90257.6353409665
4715.790643139616,90143.84973285385
4715.815167697415,89551.79128453655
4715.839692382754,88824.73918199643
4715.864217195634,88626.38804464236
4715.888742136057,88309.04895335049
4715.913267204021,88381.23115024815
4715.937792399529,88729.24062419165
4715.96231772258,88890.11968186423
4715.986843173177,88755.20731509358
4716.011368751318,88851.9833324666
4716.035894457004,88870.60089576998
4716.060420290237,88653.78482881798
4716.084946251017,88673.47765693773
4716.109472339344,88628.43449844167
4716.133998555221,88146.50857454486
4716.158524898646,87940.37341508696
4716.183051369621,87881.38197930495
4716.207577968146,87785.81510820964
4716.2321046942225,88074.74707446559
4716.256631547851,88232.68706040466
4716.281158529031,88952.47176505177
4716.305685637764,89150.44375480207
4716.3302128740515,89633.41910564198
4716.354740237893,89827.33381577322
4716.3792677292895,89826.39893328026
4716.403795348241,90049.32738592706
4716.42832309475,89943.42322070681
4716.452850968815,89849.81116197971
4716.477378970439,89747.92882343582
4716.50190709962,89901.97492798095
4716.526435356361,89667.57188564789
4716.550963740661,89797.76577144428
4716.575492252521,89877.24830565018
4716.600020891943,89768.7988724476
4716.624549658926,89477.79145260391
4716.649078553472,89690.58398447739
4716.67360757558,89503.2877897853
4716.698136725252,89529.92270697566
4716.722666002488,89701.42269397133
4716.74719540729,89147.7653436323
4716.771724939656,89210.66404293929
4716.79625459959,89111.76830686095
4716.82078438709,89317.36731273893
4716.845314302158,88987.68532641527
4716.869844344794,88285.0893380685
4716.894374514999,87869.94965559168
4716.918904812774,87105.71362305358
4716.943435238119,85998.55025544504
4716.967965791035,84906.95727295676
4716.992496471522,83983.22342142134
4717.017027279581,82997.28423572116
4717.0415582152145,82607.03317036509
4717.066089278421,82830.12307186867
4717.090620469201,83255.96486118392
4717.115151787556,83490.81151969044
4717.139683233488,84101.46245999675
4717.164214806995,84559.5526810192
4717.188746508079,84954.74818739007
4717.213278336741,85097.42394654822
4717.237810292981,85584.93716224589
4717.262342376799,85948.38968065922
4717.286874588198,86033.25662811287
4717.311406927176,86505.84542085766
4717.335939393736,86977.0241806281
4717.360471987877,87738.23923805394
4717.3850047096,88388.15003880748
4717.409537558907,88663.61602139712
4717.434070535796,89115.54066956512
4717.458603640271,89593.05131760948
4717.483136872329,90352.77684110412
4717.507670231974,90062.80563455235
4717.532203719204,90351.71780221314
4717.556737334022,90156.03900617716
4717.581271076427,90356.94275696564
4717.605804946419,89894.77784297058
4717.630338944002,89522.38164113784
4717.654873069173,88946.35112306554
4717.679407321934,87950.31888294668
4717.703941702287,86207.7629670839
4717.728476210231,84469.05744414357
4717.753010845768,82119.00274057276
4717.777545608897,79806.54435289204
4717.802080499619,77260.22013468857
4717.826615517935,75123.4213369589
4717.851150663847,73935.79269788736
4717.875685937354,74076.93301541198
4717.900221338457,74830.25911819866
4717.924756867157,76579.42312706201
4717.9492925234545,78110.21250759687
4717.97382830735,80075.66125610181
4717.9983642188445,82211.5492962625
4718.022900257938,84142.35666862491
4718.047436424632,85416.07068800161
4718.071972718927,86978.14341851119
4718.096509140823,87941.17101060675
4718.121045690322,88986.21334849267
4718.145582367423,89694.0950435583
4718.170119172128,90219.08548925548
4718.194656104436,90970.68195305951
4718.219193164349,91189.79011388347
4718.243730351868,91143.18352130063
4718.268267666994,91394.7935998578
4718.292805109725,91806.58121733351
4718.317342680065,91832.34820059969
4718.341880378012,91820.08912331458
4718.366418203568,91923.68845609395
4718.390956156733,91924.86506209816
4718.415494237509,92103.51631578433
4718.440032445896,91387.37990595674
4718.464570781893,91554.27042268417
4718.489109245503,91521.03675161181
4718.513647836726,91433.70172744397
4718.538186555562,91137.93491171281
4718.562725402012,90906.66478705089
4718.587264376077,91045.52298832338
4718.611803477756,90914.55957294232
4718.636342707053,90538.24636195862
4718.660882063966,89875.05020211569
4718.685421548496,89750.4512965757
4718.7099611606445,89608.90710963766
4718.734500900411,88328.9826446143
4718.759040767798,87512.46981558655
4718.783580762804,86464.57153344619
4718.808120885432,84472.13361880578
4718.832661135681,82260.60415850545
4718.8572015135505,79879.67223568275
4718.881742019044,76752.35190242245
4718.906282652161,74105.24211994538
4718.930823412902,72080.24005138953
4718.955364301267,71443.42924400461
4718.979905317258,71310.26364147472
4719.0044464608745,72605.58886061431
4719.028987732118,74298.25919767172
4719.053529130989,76142.41435930408
4719.078070657488,77943.71956745628
4719.102612311615,79738.96033827365
4719.127154093372,80861.46618447606
4719.151696002758,82008.47183870219
4719.176238039776,82869.37355256017
4719.2007802044245,83532.13885887306
4719.225322496705,84090.98616709169
4719.249864916619,84300.68110078508
4719.274407464166,84197.93756490864
4719.298950139347,84190.41427518615
4719.3234929421615,84747.07395926438
4719.348035872613,84789.20670678063
4719.372578930699,84378.31010688985
4719.397122116422,84741.04231786853
4719.4216654297825,84631.23089211815
4719.446208870781,83767.89593254485
4719.470752439419,83402.80403614054
4719.495296135695,82777.9753708769
4719.519839959611,81245.80978289284
4719.544383911169,79986.6230296078
4719.568927990366,79539.7250517567
4719.593472197207,79804.12603682966
4719.61801653169,80270.67120615343
4719.642560993816,81474.91839576288
4719.667105583586,82878.63786272702
4719.691650301001,83876.81498374278
4719.71619514606,85274.63615593113
4719.740740118767,86214.74732054371
4719.765285219119,87363.09322393325
4719.789830447118,88597.55105416296
4719.814375802766,89162.69102470609
4719.838921286062,89878.20481885415
4719.863466897008,90624.0036695837
4719.888012635603,90981.13651291394
4719.912558501849,90960.1924200541
4719.937104495746,90994.49001865112
4719.961650617295,91281.1630754534
4719.986196866496,91291.46472148299
4720.0107432433515,91281.90515219321
4720.035289747861,91242.91222618635
4720.059836380024,91224.61798183146
4720.084383139842,91908.26596690722
4720.108930027317,91591.32108705647
4720.133477042447,91321.54944295435
4720.158024185236,91153.23382770954
4720.182571455682,90768.81645053571
4720.207118853787,90683.25393719149
4720.23166637955,90346.63714378294
4720.256214032974,89597.01891964271
4720.280761814058,88844.52645695266
4720.305309722804,87329.26342075318
4720.32985775921,86194.50750069287
4720.354405923281,85128.49736517893
4720.378954215013,83065.42974895857
4720.40350263441,81900.3886907701
4720.428051181471,80730.24615841052
4720.4525998561985,80204.39942858847
4720.4771486585905,80845.26590130411
4720.501697588649,81870.11620085238
4720.5262466463755,82715.30383052066
4720.550795831769,83494.71434467708
4720.575345144832,85117.13932210115
4720.599894585564,85942.19979889356
4720.624444153965,86609.92002224187
4720.648993850036,87234.7326560143
4720.67354367378,87995.49546078885
4720.698093625195,89096.1742109133
4720.722643704282,89775.51918496042
4720.747193911042,89875.24287259672
4720.771744245477,90032.51457254414
4720.796294707585,90631.88660963539
4720.8208452973695,90846.55803648371
4720.845396014829,91170.22268669163
4720.869946859965,90966.27035260889
4720.894497832778,91103.9472199219
4720.91904893327,91423.62850784426
4720.943600161439,91637.69808145065
4720.968151517288,91808.94405244628
4720.992703000816,91691.49551168473
4721.017254612025,91862.78806069633
4721.041806350915,92428.88525091734
4721.066358217487,92500.87713569966
4721.090910211741,92082.49818055304
4721.115462333679,92676.38245800995
4721.1400145832995,92370.6344217354
4721.164566960605,92326.39813478733
4721.1891194655955,92272.20770567216
4721.213672098273,92104.4826656332
4721.2382248586355,92084.2308447611
4721.262777746685,92016.39136464831
4721.287330762422,91992.9713821989
4721.311883905849,91151.99179514578
4721.336437176964,90750.92484948358
4721.360990575769,90005.76930540134
4721.385544102264,89045.16421097086
4721.41009775645,87523.43595004726
4721.434651538329,86014.70369904311
4721.4592054479,83989.7287506291
4721.483759485163,80923.68961824302
4721.508313650121,77765.74008286695
4721.532867942772,74473.31394490578
4721.557422363119,71664.03338810167
4721.581976911161,69926.25046064515
4721.606531586901,68936.29172493827
4721.631086390336,69959.3859261171
4721.65564132147,71767.14185389174
4721.680196380303,73505.35402757119
4721.704751566834,75762.22190335499
4721.729306881064,78359.10158198557
4721.753862322996,80212.66471651141
4721.778417892628,81968.761302116
4721.802973589962,84388.58741369678
4721.827529414998,86138.09770961553
4721.852085367737,87634.64924517827
4721.876641448181,88392.61039365717
4721.901197656328,89252.3959752545
4721.92575399218,89726.2604482494
4721.950310455739,90270.67589713425
4721.9748670470035,90661.88124976453
4721.999423765975,90364.74466188814
4722.023980612654,90283.50647382998
4722.048537587041,90429.10451809244
4722.073094689138,90509.01251100647
4722.0976519189435,90099.18632904351
4722.12220927646,90134.56342560073
4722.146766761688,90341.79856922755
4722.171324374627,90340.58419743473
4722.195882115278,90286.73525031804
4722.220439983643,90797.72456951627
4722.244997979721,91369.31669229944
4722.269556103513,91004.14659231475
4722.2941143550215,90679.63753778386
4722.3186727342445,90586.87639245417
4722.343231241183,90729.87817417209
4722.36778987584,90193.40595994712
4722.392348638214,89648.0313735351
4722.416907528306,89651.79049170563
4722.441466546118,89373.00940350705
4722.466025691649,88524.35170161098
4722.490584964899,87715.94683020817
4722.515144365872,87085.73259473144
4722.539703894566,86470.86938808653
4722.564263550982,86225.62635344082
4722.588823335121,85543.9026571824
4722.613383246984,85672.6199243947
4722.637943286571,85389.59902603566
4722.662503453883,84305.84944671959
4722.68706374892,83391.15473832452
4722.711624171684,81960.84395862583
4722.736184722175,80893.96158222156
4722.760745400393,80694.26958030905
4722.78530620634,79685.83709888034
4722.809867140015,80229.34597742997
4722.83442820142,81436.40005661274
4722.8589893905555,82191.18581508895
4722.883550707422,83912.8552670176
4722.90811215202,85125.29136208016
4722.93267372435,86533.96371569166
4722.957235424413,87616.70283489536
4722.98179725221,88196.4433691677
4723.00635920774,89120.62921277876
4723.030921291007,90063.55949509074
4723.055483502008,90348.61373598609
4723.080045840746,90802.12926619529
4723.104608307221,91104.1490979931
4723.129170901432,91243.30336043953
4723.153733623382,91283.31776400692
4723.178296473072,91577.62391663069
4723.202859450501,91294.786770405
4723.22742255567,91109.89088919105
4723.25198578858,91110.13840891492
4723.276549149231,90938.40566713881
4723.301112637625,91431.87560069044
4723.325676253761,91436.71655054139
4723.350239997641,91502.73602412899
4723.374803869266,91914.78813387828
4723.399367868635,91917.98417705065
4723.42393199575,91689.79355538843
4723.448496250611,91480.99335766018
4723.473060633219,92055.76891258248
4723.497625143574,92403.20345182424
4723.522189781677,91894.61070383702
4723.54675454753,91793.93966842492
4723.571319441132,91933.65702235028
4723.595884462484,91439.56559018543
4723.620449611587,91238.3794206107
4723.645014888441,90382.44993634925
4723.669580293048,89758.89790075146
4723.694145825408,88714.84224364122
4723.7187114855205,87332.42654186067
4723.743277273388,86116.54232010241
4723.76784318901,84752.49480594997
4723.792409232387,83191.50591769519
4723.816975403522,82364.5647874759
4723.8415417024125,82400.66181443655
4723.86610812906,82580.36772817653
4723.890674683466,82444.13963958409
4723.915241365631,82704.07925868542
4723.939808175556,83172.10797138148
4723.964375113241,83952.49519721375
4723.988942178687,84679.43354653327
4724.013509371894,85423.11742818904
4724.038076692863,86600.81382466388
4724.062644141594,87726.8139709018
4724.08721171809,88040.01040890644
4724.111779422349,88247.88453271409
4724.136347254374,89188.71998428313
4724.160915214164,89800.76499941252
4724.18548330172,90367.49097619577
4724.210051517042,90631.69535691747
4724.234619860133,91013.98711158604
4724.2591883309915,91110.36141380033
4724.283756929619,90912.92200483655
4724.308325656015,90687.86707003097
4724.332894510182,90540.19688841884
4724.35746349212,90850.66862611199
4724.3820326018285,91055.65924334397
4724.40660183931,91010.0625583084
4724.431171204564,89833.1243172728
4724.455740697591,89554.7616312229
4724.480310318393,89266.32602738288
4724.504880066969,89390.52423985348
4724.52944994332,89478.89750588754
4724.554019947448,89546.55229477138
4724.578590079353,89536.5438415852
4724.603160339035,89355.8635574555
4724.627730726495,90188.46351649512
4724.652301241734,90684.68858154908
4724.6768718847525,90628.59646039929
4724.701442655551,90850.74707400175
4724.72601355413,91544.66440113919
4724.75058458049,91877.15134328717
4724.775155734633,91992.87616825207
4724.799727016559,92286.31334930331
4724.824298426267,91798.40943358444
4724.84886996376,91496.67761152702
4724.873441629037,92389.94476231928
4724.898013422101,92071.91502668813
4724.92258534295,92574.1976073053
4724.947157391585,92044.1170907412
4724.971729568008,92059.38069624215
4724.99630187222,92145.01941025576
4725.02087430422,92030.45854651845
4725.045446864009,91579.05787564401
4725.070019551589,91606.15640573493
4725.09459236696,92206.13467045175
4725.1191653101205,92104.41943559366
4725.143738381074,91602.13090230634
4725.1683115798205,92156.68335006086
4725.192884906361,91606.73168759185
4725.217458360695,90956.87204710166
4725.242031942823,90906.91888685124
4725.266605652747,91576.44872699551
4725.291179490467,91171.58815506956
4725.315753455983,90678.3727520667
4725.340327549297,90465.39235727258
4725.364901770409,89915.17349764434
4725.38947611932,89325.13300873186
4725.41405059603,89093.83776396835
4725.438625200541,88794.761482616
4725.463199932851,88624.38049196372
4725.487774792963,88482.62847752999
4725.512349780877,88058.38138862417
4725.536924896594,88125.59838161609
4725.561500140115,87772.66254057651
4725.586075511439,87895.7538362838
4725.610651010567,88161.0663487959
4725.635226637502,88867.93407588308
4725.659802392242,89682.88942209825
4725.684378274789,89685.61588224844
4725.708954285144,89899.84956597663
4725.733530423306,90400.83024223277
4725.758106689276,91176.14329198921
4725.782683083057,90985.24087083418
4725.807259604647,91240.39474119233
4725.831836254048,90898.56906150415
4725.856413031261,91192.07353830614
4725.880989936285,91270.43850492424
4725.9055669691215,91164.03516530634
4725.930144129772,91399.29247579082
4725.954721418236,91539.80053909402
4725.979298834515,91666.37031454993
4726.003876378609,91816.02504479322
4726.028454050519,91637.66428446936
4726.053031850246,91444.74044149654
4726.07760977779,91577.36567054236
4726.102187833152,91549.46201585143
4726.126766016333,91605.14569122101
4726.151344327333,91975.11344621991
4726.175922766153,92170.33864094343
4726.2005013327935,91959.74906611914
4726.225080027256,91503.9354780238
4726.24965884954,91059.60131824591
4726.2742377996465,90995.02761356547
4726.2988168775755,90837.73717434026
4726.3233960833295,90801.91941337768
4726.347975416908,90998.13211451782
4726.372554878311,90269.87428586172
4726.397134467541,90083.94818113263
4726.4217141845975,89913.45084973866
4726.446294029481,89303.01754817803
4726.470874002192,88171.58109110368
4726.495454102733,87002.61916892706
4726.520034331102,85889.46599768128
4726.544614687301,84458.65345506236
4726.569195171332,83748.72558144297
4726.5937757831925,82496.35688074323
4726.618356522886,81231.61815984937
4726.642937390411,79883.42692598255
4726.667518385771,78497.16744575136
4726.692099508963,76656.56997403104
4726.716680759991,74624.89001299221
4726.741262138853,72410.31410584308
4726.765843645552,69493.55763206692
4726.790425280087,66553.80111908147
4726.81500704246,64234.135181018326
4726.83958893267,62084.35285162853
4726.864170950719,61990.86485377559
4726.888753096608,62308.08502217376
4726.9133353703355,64210.04193384065
4726.937917771904,67105.90210377736
4726.962500301314,69355.74860491429
4726.987082958566,72146.00672965481
4727.01166574366,75625.52159060752
4727.036248656598,78251.73940910453
4727.060831697379,80589.25370421883
4727.0854148660055,82799.80678509675
4727.1099981624775,83615.63474509293
4727.134581586794,85016.61999111496
4727.159165138958,86204.07848328953
4727.183748818969,85445.70161689472
4727.208332626828,85384.71547413916
4727.232916562536,85264.70683549283
4727.257500626093,85225.40051431343
4727.2820848175,85106.75729272747
4727.306669136757,85189.51675292876
4727.331253583865,85587.4970582467
4727.3558381588255,86093.18070262652
4727.380422861638,86626.93110521705
4727.405007692304,86820.88349847995
4727.429592650824,86464.53948708942
4727.454177737198,86978.35132435574
4727.478762951428,86804.36142171705
4727.503348293513,86226.73741603155
4727.527933763456,86592.49230814124
4727.552519361255,86779.76327575422
4727.577105086912,86486.92744232704
4727.601690940427,86107.23290296692
4727.626276921802,86025.66786258375
4727.650863031036,85943.01461855644
4727.675449268132,85645.1046255065
4727.700035633088,85348.60094260241
4727.7246221259065,84305.32810220946
4727.749208746587,83438.05460512922
4727.773795495131,81607.75579812919
4727.7983823715385,79694.48324319383
4727.822969375811,77378.29840192408
4727.847556507949,74774.80087871024
4727.872143767952,72097.79935041978
4727.896731155822,69296.25520878972
4727.921318671559,66750.69492447138
4727.9459063151635,64762.842086469085
4727.970494086637,63541.310267280045
4727.99508198598,63898.968643379165
4728.019670013192,65806.87815337902
4728.044258168275,68170.9494492295
4728.068846451229,71299.78825234454
4728.093434862054,74152.41371582418
4728.1180234007525,76771.78315131844
4728.142612067324,79392.77041853192
4728.16720086177,81599.57714901083
4728.191789784089,83299.7152705257
4728.216378834284,84892.56065288866
4728.240968012355,86283.99543655639
4728.265557318302,87048.52636440248
4728.290146752126,87294.03970741438
4728.314736313829,87182.61252019102
4728.339326003409,86585.37208604312
4728.363915820869,86415.09305714523
4728.388505766208,85347.98017517496
4728.413095839429,83927.12543293061
4728.43768604053,83361.42259474688
4728.462276369513,82989.8851728229
4728.486866826379,82733.51469220633
4728.511457411127,83212.77644069659
4728.536048123759,83956.23021291968
4728.560638964276,84335.40722097621
4728.585229932678,84731.49343227803
4728.6098210289665,85153.53932481071
4728.634412253141,85469.49587469545
4728.659003605202,86031.14637711455
4728.683595085151,85961.43554229716
4728.708186692988,86337.56780035692
4728.732778428715,86723.98635753011
4728.757370292332,86995.72186941229
4728.781962283839,87205.54663471912
4728.806554403237,87433.82128167232
4728.8311466505265,87459.01616026108
4728.855739025709,87619.1788526222
4728.880331528784,88108.98262647091
4728.904924159754,87757.38223584987
4728.929516918617,87213.53391301581
4728.954109805376,86965.42119885312
4728.978702820031,86361.22640467576
4729.003295962581,85775.52847956131
4729.02788923303,84815.95933613776
4729.052482631376,83916.90019591752
4729.07707615762,83309.24494760399
4729.101669811763,82814.96390266367
4729.1262635938065,82160.74132107518
4729.15085750375,81950.29873734707
4729.175451541594,82468.00107330563
4729.200045707341,82921.92198088783
4729.224640000989,83726.53295449393
4729.249234422541,84051.86486679722
4729.273828971997,84255.24499900592
4729.298423649357,84302.9796817988
4729.323018454622,84102.54293128775
4729.347613387793,83411.66625976712
4729.37220844887,82062.01727737095
4729.396803637855,80636.95726858021
4729.421398954747,79278.21455443349
4729.445994399547,77844.71784815722
4729.470589972257,76718.90345688672
4729.495185672876,76303.21058324406
4729.519781501406,76759.36020371015
4729.544377457846,78098.09826223888
4729.568973542199,79073.74735730395
4729.593569754464,80158.58906582564
4729.618166094642,81623.61286766948
4729.642762562734,82885.3223376983
4729.66735915874,84305.68244852149
4729.691955882661,84920.31233414737
4729.716552734498,85234.15305501019
4729.741149714251,85261.13849854155
4729.765746821921,84804.38994675956
4729.790344057509,84471.91096767118
4729.814941421016,83996.50061681271
4729.839538912442,83642.97182870287
4729.864136531786,84339.29455985887
4729.888734279052,84382.61300597557
4729.913332154239,85127.6308701924
4729.937930157347,85723.89745626498
4729.962528288378,85896.51488733215
4729.987126547332,86206.66280097367
4730.011724934209,85859.63070114468
4730.036323449011,85069.94840144586
4730.060922091738,84417.15586990725
4730.085520862391,83356.15086907058
4730.11011976097,81824.58872469992
4730.134718787475,81119.44797181209
4730.159317941909,81696.21166140649
4730.183917224271,81834.55503723923
4730.208516634562,81928.35467952603
4730.233116172783,82769.6165704779
4730.257715838934,83744.31706326365
4730.282315633016,84229.79934135551
4730.30691555503,84030.20872148394
4730.331515604977,84070.3236753719
4730.356115782855,83607.05464297901
4730.380716088669,82856.05734310209
4730.405316522416,82618.66053997511
4730.429917084099,82445.01131074382
4730.454517773716,82432.14298016585
4730.479118591271,82422.47187947751
4730.503719536762,82731.51291238544
4730.528320610191,82068.34181152153
4730.552921811558,81954.16620833622
4730.577523140864,81233.27347355006
4730.602124598111,80101.92528738282
4730.626726183297,77974.42149052423
4730.651327896425,75650.16458195256
4730.675929737494,72899.06790010068
4730.700531706505,69397.68746019385
4730.725133803459,65268.45117876677
4730.749736028357,60465.596426188386
4730.774338381199,55434.40301191255
4730.798940861987,50267.21753856237
4730.82354347072,45423.17357089691
4730.8481462074,42000.44223909136
4730.872749072026,39620.15982002755
4730.8973520646,38637.30923671966
4730.921955185122,39627.00721359076
4730.946558433594,42201.13846051378
4730.971161810015,45766.91802881706
4730.9957653143865,50256.31189866791
4731.020368946708,55166.20082928044
4731.044972706983,59748.52963290566
4731.069576595209,64004.486546286316
4731.094180611388,67952.72883158117
4731.118784755521,71087.16121013155
4731.1433890276085,73509.57050834372
4731.167993427651,74905.22755643129
4731.192597955648,76731.2148388098
4731.217202611602,77722.12599722829
4731.241807395513,78383.45158385039
4731.266412307382,79689.17084175919
4731.291017347209,81275.6634359669
4731.315622514995,82746.01367652435
4731.340227810741,84257.68094060026
4731.364833234447,85697.57585810844
4731.389438786114,86934.13162682037
4731.414044465742,87971.43301581896
4731.438650273333,88686.7977879802
4731.463256208887,89538.58157983617
4731.487862272405,90153.7830198787
4731.512468463887,90816.12573782697
4731.537074783334,91034.7260619192
4731.561681230746,91259.04974921205
4731.586287806124,91781.04242765965
4731.61089450947,91561.89782896121
4731.635501340784,91652.00598032476
4731.660108300065,91357.95246608435
4731.684715387316,90594.35387743641
4731.709322602535,90075.82682195875
4731.733929945726,89294.42023780965
4731.7585374168875,88324.48525718665
4731.78314501602,87243.93124797204
4731.807752743126,85553.17989722673
4731.832360598204,84180.05683125212
4731.856968581255,82941.72629850794
4731.881576692282,82105.09059095902
4731.906184931283,81646.80835386594
4731.930793298259,81873.9853629621
4731.955401793212,82057.08687928932
4731.980010416142,83149.39833404488
4732.00461916705,84299.51221801447
4732.029228045935,85126.8892027444
4732.0538370528,86230.6550238563
4732.078446187645,87005.1664737831
4732.103055450469,87731.92232365129
4732.127664841274,88814.92773307771
4732.152274360062,89340.91591970579
4732.176884006831,89758.28032948487
4732.201493781583,90582.09657034004
4732.226103684319,90878.82217840676
4732.250713715039,90735.80968026542
4732.275323873744,91245.21409026653
4732.2999341604345,91252.97479506995
4732.324544575112,90950.18669903245
4732.349155117776,91128.62717558304
4732.373765788427,91520.15465677102
4732.398376587066,91536.062670057
4732.422987513695,91331.15029695616
4732.447598568313,91398.2863050693
4732.472209750922,91544.88348861776
4732.496821061521,92081.21529358094
4732.521432500112,92097.08901160267
4732.546044066695,92108.39018022506
4732.570655761271,92108.57172251744
4732.595267583841,91967.7110257449
4732.619879534404,92065.85713117609
4732.644491612964,92174.04603616348
4732.669103819518,91835.21255753258
4732.693716154069,91495.88691346356
4732.718328616616,91171.67145038997
4732.7429412071615,90577.60583643128
4732.767553925704,90004.30738188277
4732.792166772247,89237.87264191869
4732.816779746789,87884.90915697144
4732.841392849331,86296.88690911901
4732.866006079874,84713.23356303867
4732.890619438418,81281.715340345
4732.9152329249655,78434.69866568292
4732.939846539515,75153.67091263457
4732.964460282068,71674.91634357163
4732.989074152626,68640.93291909902
4733.013688151188,66543.39020652646
4733.038302277756,65961.41733099803
4733.06291653233,66852.13662145923
4733.087530914911,68601.42746499759
4733.1121454255,70973.00351444475
4733.136760064097,73987.09188125642
4733.161374830703,77077.57907412888
4733.185989725317,79300.55273486661
4733.210604747943,80952.72963862338
4733.235219898579,82898.81612159514
4733.259835177228,84413.39628144367
4733.2844505838875,85492.82183606466
4733.309066118561,86609.1536699888
4733.333681781247,86898.34371987468
4733.358297571948,86982.85326979477
4733.382913490664,87047.24878416043
4733.407529537395,86325.54521691556
4733.432145712142,85464.150736007
4733.456762014906,84907.23017024327
4733.481378445688,84159.35740880911
4733.505995004489,83543.23227777673
4733.530611691308,82406.34392506086
4733.555228506146,81547.6500495819
4733.579845449005,81495.27422226936
4733.604462519885,81362.9281148285
4733.629079718786,81746.21895157546
4733.653697045709,81576.09404707381
4733.678314500655,81534.08266751724
4733.702932083625,82392.51021899165
4733.727549794618,83005.30451608398
4733.752167633637,83716.57154443256
4733.776785600682,84948.64996865252
4733.801403695753,86096.1676320437
4733.82602191885,87089.19360950771
4733.850640269975,87788.0480789254
4733.875258749128,88176.19112791383
4733.89987735631,89078.53016173281
4733.924496091521,89400.55970394993
4733.949114954763,89539.74561990738
4733.973733946036,90164.41408425623
4733.99835306534,90085.65088119893
4734.022972312677,90188.09097120611
4734.047591688046,90444.72739946021
4734.072211191448,90393.94048216614
4734.096830822885,90319.51422024283
4734.121450582357,90502.87343123848
4734.146070469864,90939.30829511632
4734.170690485407,90985.90395077236
4734.1953106289875,90569.25907476607
4734.2199309006055,90460.30605278537
4734.244551300261,90351.61918396362
4734.269171827957,90364.8692697658
4734.293792483691,90110.38405568285
4734.318413267465,89044.1777392142
4734.343034179281,88939.7592934713
4734.367655219137,89617.31766144137
4734.392276387037,89150.52894257141
4734.416897682979,89049.72622668998
4734.441519106964,89829.23747860931
4734.466140658994,89792.402708713
4734.490762339068,89599.92128143371
4734.515384147188,89989.11090894639
4734.5400060833545,90120.17017503979
4734.564628147567,89989.98965110621
4734.589250339828,89996.43913839721
4734.613872660137,90188.76564159043
4734.638495108494,90794.72644837113
4734.663117684901,90800.98739961881
4734.687740389359,91297.31488181172
4734.712363221866,90888.4972124364
4734.736986182426,91161.17389916722
4734.761609271038,91207.62061375024
4734.786232487702,91328.87545399317
4734.81085583242,91300.72122506663
4734.835479305192,91671.52745837957
4734.860102906019,91716.56323997705
4734.884726634902,91532.72919444733
4734.909350491841,91714.86335918999
4734.933974476837,91686.89707394305
4734.958598589889,91397.17070634871
4734.983222831001,91503.3701240952
4735.0078472001705,91521.69952793476
4735.0324716974,90646.5995141214
4735.05709632269,90776.22911402024
4735.081721076041,89514.92830561142
4735.1063459574525,88433.63409884331
4735.130970966927,87005.67992599001
4735.155596104463,84935.33986472267
4735.180221370064,82994.72964375112
4735.204846763729,80390.73585233362
4735.229472285458,77808.69978474389
4735.2540979352525,75826.43568397872
4735.278723713114,74477.20544636596
4735.303349619042,74528.83858220017
4735.327975653037,75770.14624294204
4735.352601815101,77213.01140060993
4735.377228105233,78873.00854203606
4735.401854523435,80290.70944986721
4735.426481069707,82130.43863879662
4735.45110774405,83669.14495402163
4735.475734546464,85146.72670680753
4735.50036147695,86319.93159363608
4735.52498853551,87262.3723376882
4735.549615722142,87928.85750061512
4735.574243036849,88378.33691999188
4735.598870479631,89267.08478954046
4735.623498050489,89663.44398518113
4735.6481257494215,89913.2863214322
4735.672753576432,90225.16112349615
4735.69738153152,90419.51634762206
4735.722009614685,90625.29505723633
4735.74663782593,90700.69676977921
4735.771266165254,91156.00623372906
4735.795894632658,91124.35959574876
4735.8205232281425,90803.85983355982
4735.845151951709,90542.3481078866
4735.869780803358,90112.89019625762
4735.894409783089,88674.57388041337
4735.919038890905,87746.07953261613
4735.9436681268035,86331.96972184198
4735.968297490787,84584.54189132094
4735.992926982856,82270.75714884637
4736.017556603012,79761.23990318736
4736.042186351254,76474.61560756837
4736.066816227583,72339.24098842678
4736.0914462320015,67512.71020463234
4736.116076364508,62272.61236036201
4736.140706625104,57477.298945916344
4736.16533701379,53069.87723789114
4736.189967530568,49965.83720050896
4736.214598175436,48699.70766034188
4736.239228948397,48947.04237951166
4736.2638598494505,51063.64510518002
4736.288490878597,52998.579434914966
4736.313122035838,56698.978906719356
4736.337753321174,59649.31744352459
4736.362384734605,62269.61805531137
4736.387016276132,65242.54440237623
4736.411647945757,67803.53623638985
4736.436279743478,69985.83479342774
4736.460911669298,72191.45017579776
4736.485543723216,74446.4305929992
4736.510175905235,76795.86910826818
4736.534808215353,78959.09866402895
4736.559440653572,80337.92959731714
4736.584073219892,81090.2291912111
4736.608705914315,81642.99770696138
4736.63333873684,80652.20715216082
4736.6579716874685,79587.25623168246
4736.682604766202,78597.81502124874
4736.70723797304,77152.20797767483
4736.731871307982,76399.59670190973
4736.756504771031,75594.41991226176
4736.781138362187,75470.00590993771
4736.805772081451,75601.2085443804
4736.830405928823,76556.47965273059
4736.855039904303,78627.45779854908
4736.879674007893,80226.29858416971
4736.904308239593,81260.31995060237
4736.928942599404,82586.76989846006
4736.953577087326,83524.85828385723
4736.97821170336,83972.58721640983
4737.002846447508,84270.7811678874
4737.027481319768,84109.15158131951
4737.052116320143,84190.98134540231
4737.076751448632,84790.75895921467
4737.101386705237,85342.59732471078
4737.1260220899585,85827.72658868223
4737.150657602796,86756.56461642486
4737.175293243751,87251.1971561708
4737.199929012825,87884.0293558635
4737.224564910017,88842.63028481056
4737.249200935328,89699.92434895353
4737.27383708876,89878.61794749451
4737.298473370312,89842.87255122342
4737.323109779986,90484.22116311823
4737.347746317782,91140.22214546098
4737.372382983702,91325.47203419873
4737.3970197777435,91577.942854764
4737.42165669991,91535.82201201367
4737.446293750201,91643.43183964088
4737.470930928618,91109.73325968003
4737.49556823516,91372.67841679459
4737.52020566983,91241.90490301557
4737.544843232627,90933.69857729974
4737.569480923552,90156.10058398335
4737.594118742606,89586.3596397956
4737.618756689789,88645.34484735734
4737.643394765102,87258.9747119378
4737.668032968547,86393.50117357673
4737.692671300122,85806.65893015711
4737.71730975983,85153.48856293726
4737.74194834767,84833.00538877385
4737.766587063644,84909.40431065901
4737.791225907752,85113.86801069973
4737.8158648799945,85348.92647670544
4737.840503980373,85522.62674782008
4737.865143208887,85594.56669796843
4737.889782565539,85932.96530302946
4737.914422050327,87144.73405025431
4737.939061663254,87289.66283406423
4737.963701404319,88217.40785452753
4737.9883412735235,88480.5483294059
4738.012981270868,89362.492373364
4738.037621396355,90329.16633217517
4738.062261649981,90936.8850071341
4738.0869020317505,91338.91842802595
4738.111542541663,91558.51287853123
4738.136183179718,91547.74408340658
4738.160823945917,91529.3716222421
4738.185464840261,91559.8140868482
4738.210105862751,91612.73504062417
4738.234747013387,91875.76935480034
4738.25938829217,91926.43783967406
4738.2840296991,91545.8955615932
4738.308671234178,91440.94610437106
4738.3333128974045,90648.36394176121
4738.357954688781,90004.2076546732
4738.382596608308,89456.98757310733
4738.407238655985,87920.6128374623
4738.431880831814,86375.59660108064
4738.456523135794,85465.5290378039
4738.481165567928,84111.7202991729
4738.505808128215,82717.55930531607
4738.5304508166555,81652.31779607003
4738.555093633251,81411.43095278979
4738.579736578003,81816.72487570673
4738.60437965091,82959.06010660168
4738.629022851974,84348.56865678009
4738.653666181195,84865.78855892329
4738.678309638575,85691.79353065652
4738.702953224113,87317.88111211434
4738.7275969378115,88072.62317504079
4738.752240779669,88848.63308061809
4738.776884749687,89249.47834464257
4738.801528847868,89418.79272331839
4738.82617307421,89299.89614543928
4738.850817428714,88978.60018632021
4738.875461911383,88900.90239423951
4738.9001065222155,88477.63118435333
4738.924751261213,88338.81496788572
4738.949396128375,87983.08913891396
4738.974041123704,87992.23217547077
4738.9986862472,87571.53929905378
4739.023331498863,88058.43668744237
4739.047976878694,88399.83335612701
4739.072622386693,88337.48052641214
4739.097268022862,88769.44537472239
4739.121913787202,89286.34403847635
4739.1465596797125,89491.67680288227
4739.171205700393,89542.0529420694
4739.195851849247,89954.62546143179
4739.220498126273,90682.41217591766
4739.245144531474,90965.13485667828
4739.269791064847,91147.59970930144
4739.294437726396,90955.67384536582
4739.31908451612,90966.80086935923
4739.34373143402,91201.63737788545
4739.368378480097,91515.97199230762
4739.393025654351,91339.72957336767
4739.4176729567835,91305.04480112612
4739.442320387395,91124.27012288546
4739.466967946185,90658.42809866618
4739.491615633156,89879.92636551683
4739.516263448308,88731.9139427689
4739.54091139164,87356.60515765696
4739.565559463155,85842.82280008888
4739.590207662853,84184.10989605993
4739.614855990734,82134.67242789407
4739.639504446799,79718.50305460645
4739.66415303105,77488.76359214718
4739.688801743485,75489.41974598642
4739.713450584107,73952.51355746729
4739.738099552915,73440.55886816603
4739.7627486499105,73498.86710750565
4739.787397875094,73570.09828832115
4739.812047228466,74476.16230285006
4739.836696710029,75265.15507855128
4739.861346319781,75433.53321900313
4739.885996057724,76108.39344384818
4739.910645923858,77083.05736517644
4739.935295918184,78635.0587148421
4739.9599460407035,80276.9537102362
4739.984596291416,81837.41756508846
4740.009246670323,83599.96772917364
4740.033897177424,85194.75569950344
4740.0585478127205,86467.20245432181
4740.083198576213,87614.07587448682
4740.107849467903,88643.25376480333
4740.13250048779,89391.75802152332
4740.157151635875,89718.49573800851
4740.18180291216,89744.38239145245
4740.2064543166425,89537.322968606
4740.231105849326,89789.45114007486
4740.25575751021,89011.43918375955
4740.2804092992965,87556.81204360763
4740.305061216583,86875.32451331061
4740.329713262075,85777.12522529319
4740.354365435768,84005.31528165733
4740.379017737666,83368.26551307215
4740.403670167769,82659.63965253229
4740.428322726078,81912.79386770434
4740.4529754125915,81850.05792232396
4740.477628227312,82403.6237100732
4740.502281170241,82794.98017053575
4740.526934241378,83665.68331143793
4740.551587440723,84354.49832954595
4740.576240768278,85231.32809725111
4740.600894224042,86620.2647280625
4740.625547808018,87235.89068616898
4740.650201520205,87952.91288085241
4740.674855360604,88700.88641512587
4740.699509329216,88722.02815283554
4740.724163426042,89129.38615732762
4740.748817651081,88589.47355667238
4740.7734720043345,87726.61147829842
4740.7981264858045,86585.11973638706
4740.82278109549,85308.74990257109
4740.847435833392,82749.92533121392
4740.872090699512,80268.47250979439
4740.896745693851,77488.2023875137
4740.921400816407,74528.40983255739
4740.946056067183,72602.39607607319
4740.97071144618,71931.21425511166
4740.995366953396,72141.81005419395
4741.020022588835,73191.46021243552
4741.044678352496,75157.14818642172
4741.069334244379,77366.22975135114
4741.093990264486,79274.93911352838
4741.118646412816,81186.48436778753
4741.143302689372,83070.5894701577
4741.167959094153,84638.28837954333
4741.19261562716,86251.98552224922
4741.217272288394,87759.42473154762
4741.241929077855,88657.69517717602
4741.266585995544,89821.50394231372
4741.291243041463,90641.23974090909
4741.31590021561,90751.12225485916
4741.340557517988,90917.29124154261
4741.365214948596,91248.43739808458
4741.389872507436,90888.61189209104
4741.414530194508,90742.42890753665
4741.439188009813,90260.04757431109
4741.463845953351,89947.42944243607
4741.488504025124,89477.55212991226
4741.51316222513,88632.3317088154
4741.5378205533725,87647.42348803373
4741.562479009852,87351.59770833023
4741.587137594567,87228.60052276145
4741.611796307519,86699.78394602574
4741.63645514871,86264.89167241461
4741.66111411814,86042.18109708132
4741.68577321581,86138.29456969455
4741.710432441719,86801.40143152246
4741.735091795868,87324.38552932465
4741.7597512782595,87495.62254558814
4741.784410888893,88211.1633304073
4741.809070627769,89040.89092444534
4741.833730494889,89444.90197139906
4741.8583904902525,89594.59195370828
4741.883050613861,89556.53512735253
4741.907710865716,89951.95167843992
4741.932371245815,89423.95498833271
4741.957031754162,89313.82473812014
4741.9816923907565,89700.88959321422
4742.006353155599,89311.26607874603
4742.03101404869,89381.11420184205
4742.055675070031,89599.90218080334
4742.080336219621,89022.04197543116
4742.104997497463,89026.91389914088
4742.1296589035555,88922.95465112785
4742.1543204379,88201.21754142395
4742.178982100499,87569.86361243496
4742.20364389135,87026.49966730704
4742.228305810455,86625.82198029902
4742.252967857816,86435.88959416412
4742.277630033431,86525.39030946369
4742.302292337303,86415.78145478266
4742.326954769431,85655.23321108677
4742.351617329817,85752.82932952954
4742.37628001846,85571.35364936331
4742.400942835364,84918.67588755923
4742.425605780526,84131.68632494024
4742.450268853948,83666.07697949366
4742.474932055631,83100.9158303548
4742.499595385576,82992.52366587207
4742.524258843782,82959.6567937906
4742.548922430252,83325.7498071144
4742.573586144985,83578.21990259521
4742.598249987982,84052.29707105206
4742.622913959243,84860.34143002659
4742.647578058771,86089.91152150549
4742.672242286564,87273.99155439845
4742.696906642624,87848.3202491161
4742.721571126952,88510.26802771806
4742.746235739547,89175.27315630806
4742.770900480412,89423.74977556753
4742.7955653495455,90115.046546981
4742.82023034695,90741.82727681662
4742.844895472625,90941.9062175508
4742.869560726571,91433.74114536367
4742.894226108789,91353.6112943641
4742.91889161928,91667.13658428442
4742.943557258044,91888.7028108277
4742.968223025083,92437.37571197473
4742.992888920397,92139.38788795499
4743.0175549439855,91713.5125623003
4743.04222109585,92295.14093803713
4743.066887375992,92044.1277592187
4743.091553784412,92049.88735899831
4743.11622032111,92311.29518531986
4743.140886986085,92189.89422335665
4743.165553779341,91639.25671120879
4743.190220700877,92083.4100266206
4743.214887750693,92079.07438830254
4743.239554928791,92090.48802879955
4743.2642222351715,92313.53833491067
4743.288889669834,91865.1530697185
4743.313557232781,91575.25402516898
4743.338224924011,91846.00338285319
4743.362892743527,92352.86893414591
4743.387560691328,92556.32888136948
4743.4122287674145,92258.51620278279
4743.436896971788,92211.37484324921
4743.461565304449,92378.21191498303
4743.4862337653985,92275.30213564684
4743.5109023546365,92026.51891239038
4743.535571072164,91864.60032130747
4743.560239917982,91301.82071661734
4743.58490889209,90633.89663472632
4743.60957799449,90183.94978039444
4743.634247225182,89428.59831811977
4743.658916584167,88072.09817864787
4743.6835860714455,86688.70970774892
4743.708255687018,85218.36172309892
4743.732925430885,82579.83161037497
4743.757595303047,79814.59164776691
4743.782265303506,77715.57834799087
4743.806935432262,76367.1539103919
4743.831605689315,75843.31184459405
4743.856276074666,76491.15205852655
4743.880946588317,77815.50710014686
4743.905617230266,79274.9248522516
4743.930288000516,80862.18274002349
4743.954958899066,82574.57000108033
4743.979629925918,84309.97995558502
4744.004301081072,85844.99367032245
4744.028972364529,86704.48912886949
4744.053643776289,87524.20681162756
4744.078315316354,88606.62011460394
4744.102986984723,88850.34788185716
4744.127658781398,88942.39501380538
4744.152330706379,89292.587363727
4744.177002759667,89116.88481374278
4744.201674941261,89260.03529029062
4744.226347251165,88808.33830215968
4744.251019689377,88356.5220760499
4744.275692255899,87869.05494740896
4744.300364950731,88126.66114199668
4744.325037773873,87356.79438223079
4744.349710725327,87325.199976616
4744.374383805093,87176.79975930681
4744.399057013173,87115.05677200256
4744.423730349565,87278.2750739778
4744.448403814272,87952.60174730398
4744.473077407293,88525.22361186195
4744.49775112863,88665.58578884749
4744.522424978283,89059.71762638834
4744.547098956253,89367.89450489698
4744.57177306254,89614.45436690909
4744.596447297146,89854.25899565242
4744.6211216600705,90153.76641181293
4744.645796151314,90104.95774606119
4744.670470770879,89729.93793582605
4744.695145518764,89912.06907838237
4744.719820394969,90285.76836650354
4744.744495399498,90281.54701876608
4744.76917053235,90424.4037599238
4744.793845793524,90653.73298925225
4744.818521183023,90723.37464726578
4744.843196700847,90659.59038869881
4744.867872346997,90599.64551315611
4744.892548121472,90787.37891860573
4744.917224024274,90652.54044166912
4744.9419000554035,89950.420367528
4744.966576214862,89545.40424042963
4744.991252502648,88512.48240583451
4745.015928918765,87464.8235587735
4745.040605463211,85991.95523027894
4745.065282135988,83739.98847861936
4745.089958937097,82128.7077910012
4745.114635866538,79440.63812097654
4745.139312924312,76619.22505042709
4745.163990110419,73954.45944206187
4745.188667424861,71313.94127575039
4745.213344867637,69613.35215105148
4745.238022438749,68859.67813950194
4745.262700138197,69396.64379618126
4745.287377965981,71184.39571214672
4745.312055922104,73486.16958273895
4745.336734006564,76273.93976634443
4745.361412219364,78883.00998630782
4745.386090560502,80925.89973449512
4745.410769029982,82855.96026861116
4745.435447627801,84802.040513037
4745.460126353963,86548.58411131983
4745.484805208466,87806.17041075937
4745.509484191312,88737.96063826371
4745.534163302503,89546.15477874913
4745.5588425420365,90243.3782383599
4745.583521909915,90441.67396688244
4745.60820140614,90573.42115762187
4745.63288103071,90793.48184433767
4745.6575607836285,90932.57669724741
4745.6822406648935,90545.11209652046
4745.706920674506,90893.68516174605
4745.731600812468,90290.23694125016
4745.75628107878,90466.81387501114
4745.7809614734415,90703.91853113192
4745.805641996454,90541.70979846269
4745.830322647818,90715.35139453885
4745.855003427535,90861.3508424724
4745.879684335604,91273.16915365617
4745.904365372026,91233.00543882104
4745.929046536803,91800.86127586485
4745.953727829935,92113.11318713197
4745.978409251423,92092.81905897583
4746.003090801266,92344.26448363479
4746.027772479466,92574.2552513321
4746.052454286024,92281.18818514243
4746.077136220941,92144.3132612145
4746.101818284215,92338.35871300382
4746.12650047585,92385.97188248143
4746.151182795845,92355.30872189306
4746.1758652442,92163.3199856668
4746.200547820917,92102.17051838577
4746.225230525996,92226.73452945419
4746.249913359438,92118.13896562859
4746.274596321244,91938.79421712247
4746.299279411414,91641.32918871188
4746.323962629949,91704.43033280608
4746.348645976849,91802.69540321054
4746.373329452115,91647.1936397205
4746.398013055749,91067.49071735021
4746.42269678775,91203.00387912136
4746.447380648119,90993.26041952556
4746.472064636857,90549.37340805828
4746.496748753965,89644.08548308324
4746.521432999442,89148.88997565987
4746.546117373291,89338.08012110341
4746.570801875511,89043.11366508962
4746.595486506104,88849.15781804734
4746.620171265069,89197.2974423039
4746.6448561524085,88547.21888189172
4746.669541168121,88934.90857211126
4746.694226312209,89413.92411009669
4746.718911584673,89808.71236357832
4746.743596985512,90093.09914597537
4746.768282514729,90242.8740015314
4746.7929681723235,90909.66483126352
4746.8176539582955,90995.03221975063
4746.842339872647,91233.8912642365
4746.867025915378,91467.11905732263
4746.891712086489,91556.23551438718
4746.916398385982,91816.02389849308
4746.941084813855,92005.57782968847
4746.965771370111,92034.41975357349
4746.990458054749,92086.68234616955
4747.015144867772,92109.7001912704
4747.039831809178,91821.63426050555
4747.0645188789695,91560.32193227307
4747.089206077147,91664.4151910636
4747.11389340371,91654.03129331354
4747.13858085866,91390.15376707705
4747.163268441997,91050.08015584583
4747.1879561537235,90653.83722821937
4747.212643993838,90431.34840643236
4747.237331962343,90141.37802520291
4747.262020059237,89607.48036521664
4747.286708284523,88378.08868844845
4747.311396638201,87742.90262935302
4747.33608512027,86073.65648886556
4747.360773730732,85432.14516515103
4747.385462469588,83261.33479914551
4747.410151336839,81061.01826081985
4747.434840332484,78757.26934187283
4747.459529456524,75712.94324728545
4747.484218708961,72811.4467944966
4747.508908089795,69681.60293363828
4747.5335975990265,67441.05655463893
4747.558287236656,66001.30642712406
4747.582977002685,65954.48318175465
4747.607666897113,67535.55307705175
4747.632356919941,69698.22653350513
4747.65704707117,72191.00827758649
4747.681737350802,75023.41194824976
4747.706427758835,77804.77627220866
4747.731118295271,80580.57558697429
4747.755808960111,82348.9977393664
4747.780499753355,84017.1656120602
4747.805190675004,85715.94583880353
4747.829881725059,87159.10451935609
4747.8545729035195,88682.91541923424
4747.879264210387,89486.49073902868
4747.903955645663,89983.53143263093
4747.928647209346,90302.58120160465
4747.953338901439,90225.94182637415
4747.978030721941,90067.42492404212
4748.0027226708535,89592.55504827538
4748.027414748177,88995.98718566613
4748.052106953912,87860.74434581542
4748.076799288059,86733.9993647805
4748.10149175062,85603.92001451134
4748.126184341593,84608.02841264944
4748.150877060982,83761.70157139405
4748.175569908784,83685.65505559878
4748.200262885003,83642.63211197265
4748.224955989638,84422.54442631977
4748.24964922269,85314.22320741175
4748.27434258416,86183.47070151081
4748.299036074048,87038.10485529118
4748.323729692355,87981.68595884986
4748.348423439082,88577.66141818905
4748.373117314228,88888.38833507786
4748.3978113177955,89504.17383073083
4748.422505449786,90084.16310816661
4748.447199710197,90246.27739562176
4748.4718940990315,90190.69859200683
4748.49658861629,90049.20244517764
4748.521283261973,89658.48623222555
4748.54597803608,89809.78026936532
4748.570672938613,89778.95119072005
4748.595367969572,89553.4707462466
4748.6200631289585,89304.13812507862
4748.644758416773,89271.718922496
4748.669453833016,89263.32977675046
4748.694149377687,89034.42955323395
4748.718845050787,89032.59186035863
4748.743540852319,89350.26634956189
4748.768236782282,89541.00695151897
4748.792932840675,89657.19046284903
4748.817629027501,89811.30563534154
4748.842325342761,89905.76324864697
4748.867021786454,89691.79333176817
4748.891718358581,89368.62179475544
4748.916415059143,89061.57313087901
4748.941111888141,88546.95363756613
4748.965808845575,88250.87403293261
4748.990505931446,88011.17052281932
4749.015203145756,87607.49266478843
4749.039900488502,87325.82758479714
4749.064597959688,86987.85841730198
4749.089295559314,87030.0216801998
4749.11399328738,86976.26089005082
4749.138691143888,86742.76619548353
4749.163389128837,87418.90541178462
4749.188087242228,87859.0335549962
4749.212785484062,87608.5650430718
4749.237483854339,87628.40011269554
4749.262182353062,87515.38010834546
4749.2868809802285,86788.15080808706
4749.311579735841,86066.28511995477
4749.3362786199,84818.73385017822
4749.360977632407,84382.39702241072
4749.3856767733605,84314.34289842032
4749.410376042763,84525.8379743042
4749.435075440614,84861.30828423279
4749.459774966916,86217.46316781853
4749.484474621667,86746.54639331023
4749.509174404869,87407.84970001383
4749.533874316523,88359.81122610139
4749.558574356629,89400.06278432644
4749.583274525188,89653.51757518947
4749.607974822202,90418.48044065753
4749.632675247669,91173.26503875598
4749.657375801591,91186.47789436474
4749.6820764839695,91472.00156540307
4749.706777294804,91486.23271904157
4749.731478234095,91677.85736307384
4749.756179301845,92060.8935583248
4749.780880498052,91945.18582661104
4749.8055818227185,91590.25887615838
4749.830283275845,91934.29393790217
4749.854984857432,92085.67874460541
4749.879686567479,91895.87596881608
4749.904388405989,91954.37892168814
4749.929090372961,92112.02709346655
4749.9537924683955,92260.02108651743
4749.978494692295,92273.15026318107
4750.003197044657,92233.06144181173
4750.027899525485,92183.03817995719
4750.052602134779,92156.56551361973
4750.077304872539,91813.77124556019
4750.102007738766,91710.21808262538
4750.126710733461,92133.91894477201
4750.1514138566245,92086.69448163913
4750.176117108256,91609.56956458795
4750.200820488359,91853.66530276879
4750.225523996931,92362.53285734446
4750.250227633975,92222.56793147886
4750.274931399489,91920.56054275345
4750.299635293477,91518.31320740668
4750.324339315937,91268.3573103441
4750.349043466872,90989.4316502594
4750.373747746281,90419.02692019366
4750.398452154165,89975.04614542132
4750.423156690525,89219.71704777324
4750.44786135536,88561.76636923244
4750.472566148674,87597.19390197004
4750.497271070464,87104.94711468564
4750.521976120734,86621.87983019832
4750.546681299482,86653.52565665026
4750.57138660671,86872.19640194021
4750.596092042419,87152.7970855085
4750.620797606608,87671.5781224651
4750.645503299279,88275.61555835415
4750.670209120433,89137.08106046946
4750.69491507007,89480.49185573905
4750.7196211481905,90313.03787609383
4750.744327354795,90322.91320432573
4750.769033689886,90225.298315385
4750.793740153461,90350.33282461732
4750.818446745524,90814.79029019657
4750.843153466073,90511.77320262858
4750.86786031511,90496.45818020176
4750.892567292635,90550.74052341974
4750.91727439865,90085.31567359972
4750.941981633155,89630.00018722836
4750.96668899615,89487.40095989913
4750.991396487636,89339.18315737529
4751.0161041076135,89381.75316797534
4751.040811856084,89126.13123509516
4751.065519733047,89638.26445771917
4751.090227738504,89410.85046918145
4751.114935872455,89566.5697169399
4751.139644134902,89262.86703090034
4751.164352525844,88989.71938484599
4751.189061045283,88490.11737357259
4751.21376969322,88279.60542729324
4751.238478469653,88021.97167424117
4751.263187374585,87619.62029587622
4751.287896408016,87301.37334339395
4751.312605569948,87268.60533376731
4751.33731486038,87091.95565324728
4751.362024279312,86837.4404373835
4751.386733826746,86459.26421389045
4751.411443502684,85852.96651019722
4751.436153307124,85142.02386043008
4751.460863240068,84101.28039368549
4751.4855733015165,82836.17787227983
4751.51028349147,81426.6462867509
4751.534993809929,80896.09568887409
4751.559704256895,81099.09342062511
4751.584414832368,81335.64787773123
4751.609125536349,81700.33457499734
4751.633836368838,82498.5242395513
4751.658547329836,82803.15367349604
4751.683258419344,82736.36058406971
4751.707969637363,82632.64202789482
4751.732680983893,81828.29926769882
4751.757392458935,80596.57509496635
4751.7821040624885,79307.45587141695
4751.806815794556,78078.24157680062
4751.8315276551375,77011.90733420105
4751.856239644233,76502.10939985633
4751.880951761844,76454.71213516167
4751.905664007971,76940.66710697614
4751.930376382614,78689.02091496014
4751.955088885774,80321.32326412835
4751.979801517452,81554.60304446983
4752.004514277649,83317.10051896748
4752.029227166365,84499.4945384417
4752.0539401836,85751.88791072479
4752.078653329357,86934.86142867766
4752.103366603634,87553.90814597382
4752.128080006433,88329.86017321087
4752.152793537755,88882.57757873523
4752.1775071976,89571.90528103327
4752.202220985969,90252.83279071974
4752.226934902862,90291.01947010276
4752.2516489482805,90454.27625691022
4752.276363122224,90594.333781874
4752.301077424696,91012.82623582383
4752.325791855694,90674.90406850647
4752.35050641522,90575.14747783513
4752.375221103274,90876.70151428894
4752.399935919858,91014.4615488381
4752.424650864971,90831.58315433051
4752.449365938615,90697.38132421185
4752.47408114079,90623.5920746638
4752.498796471497,91083.77722292198
4752.523511930737,90874.49793219393
4752.54822751851,90359.62261564721
4752.572943234817,90649.73716885225
4752.597659079658,90886.55650560664
4752.622375053034,90567.65105654226
4752.647091154947,90717.52499173819
4752.671807385396,91094.89173703447
4752.696523744382,90728.1710575474
4752.721240231906,91028.51133058609
4752.745956847969,91198.74224321991
4752.77067359257,91242.80993255266
4752.795390465712,91086.9334309926
4752.820107467394,91268.81784464406
4752.844824597619,91451.91447575575
4752.869541856384,90962.99136387018
4752.8942592436915,91305.83635643015
4752.918976759543,91093.80177037852
4752.943694403938,91246.27785131279
4752.968412176878,91737.97134828127
4752.993130078363,91380.44273413157
4753.017848108394,90832.78313431765
4753.042566266971,91306.96961996867
4753.067284554096,90779.6975377118
4753.092002969768,90395.50468759378
4753.116721513989,90066.81036547455
4753.1414401867605,89334.98565632639
4753.1661589880805,89148.2834221352
4753.190877917951,88640.40150774573
4753.2155969763735,87603.24171469292
4753.240316163347,85618.70558100556
4753.265035478875,84077.90934525439
4753.289754922955,81738.58507411649
4753.314474495589,78696.84456599239
4753.3391941967775,74744.83608250499
4753.363914026521,70447.28695169956
4753.38863398482,65919.41289118063
4753.413354071677,61617.837593508
4753.438074287091,58177.64247366742
4753.462794631062,56287.77294732004
4753.487515103592,56234.13883617498
4753.512235704682,57401.006330460594
4753.536956434332,60626.31406357804
4753.561677292541,64254.50138593609
4753.586398279313,67816.21430762969
4753.611119394646,71668.14395116737
4753.635840638542,74793.01067274106
4753.660562011001,77824.34795906603
4753.685283512024,80447.44554334103
4753.710005141612,82715.78640927549
4753.7347268997655,84333.2663810441
4753.759448786484,86247.45903111206
4753.78417080177,87032.16915412512
4753.8088929456235,88003.68588679112
4753.833615218044,89159.13889195236
4753.858337619034,89009.99849699775
4753.883060148592,89189.87472726445
4753.907782806721,89458.62646860757
4753.932505593421,89220.95812870572
4753.957228508692,88970.2916230163
4753.981951552535,88658.6489795732
4754.00667472495,87720.99280316036
4754.031398025939,87232.56353137389
4754.056121455502,86705.49672273568
4754.080845013639,85452.24759918539
4754.105568700353,84181.95126640385
4754.1302925156415,83143.2195459142
4754.155016459506,82258.24764559853
4754.179740531949,81794.31207389462
4754.20446473297,81514.511172826
4754.22918906257,81881.11494862821
4754.253913520749,83036.0073561231
4754.2786381075075,84154.33985872255
4754.303362822847,85019.72271707667
4754.328087666768,86167.91132685947
4754.352812639271,87287.30501831131
4754.377537740356,88001.0480404328
4754.402262970025,88698.63948795423
4754.426988328278,89362.12291923887
4754.451713815116,89663.39129432496
4754.476439430538,89790.65316536433
4754.501165174548,90105.30662825673
4754.525891047144,90500.97531018936
4754.550617048327,90437.33490980112
4754.575343178098,90322.59501324155
4754.6000694364575,90080.25246621565
4754.624795823407,90141.35750291143
4754.649522338946,90003.27002622087
4754.674248983076,90036.34394483519
4754.698975755798,90112.50613707158
4754.72370265711,89890.65311334022
4754.748429687017,90061.79692322572
4754.7731568455165,89510.36054843699
4754.797884132609,89150.33839136304
4754.822611548298,88992.72967289182
4754.847339092581,89085.62419859771
4754.872066765461,89171.53391478347
4754.896794566937,88409.99409671107
4754.921522497011,87494.25280796655
4754.946250555683,86817.15003076632
4754.970978742954,86153.54402661452
4754.995707058823,85419.83994430446
4755.020435503294,83862.36314377088
4755.045164076365,81710.44546678902
4755.069892778037,79305.16110239411
4755.094621608311,77260.2165541005
4755.119350567188,75376.58217308015
4755.1440796546685,73667.39075825065
4755.168808870753,73051.16284163452
4755.1935382154425,73405.83896794873
4755.218267688737,73879.9546904555
4755.2429972906375,74962.97699869666
4755.267727021145,76709.065025817
4755.292456880261,78014.93715146952
4755.317186867984,79213.41425033593
4755.3419169843155,80479.46008745398
4755.366647229257,80983.47664215854
4755.3913776028085,80897.26296751082
4755.416108104971,80671.0512584271
4755.4408387357435,79110.66662869716
4755.46556949513,77029.31221207419
4755.490300383128,75230.50061559938
4755.51503139974,73265.75379319294
4755.539762544966,72034.89138165874
4755.564493818807,72536.08280083467
4755.589225221263,73814.38706419036
4755.613956752336,75175.20172875785
4755.638688412025,76761.18567271424
4755.6634202003315,78349.2461862919
4755.688152117256,79577.78968857147
4755.7128841628,80379.17043854766
4755.737616336963,80955.56464655975
4755.762348639746,80904.0329742663
4755.78708107115,80129.94594529027
4755.811813631176,78744.00544366169
4755.836546319823,76733.16179073887
4755.861279137093,74152.5803306246
4755.886012082988,71438.41990186332
4755.9107451575055,69034.46820720007
4755.935478360649,67446.14656131419
4755.960211692417,67136.22829884688
4755.984945152812,68161.21066639971
4756.009678741832,70256.16297609697
4756.034412459481,72815.84695494291
4756.059146305759,75678.43549281673
4756.083880280665,77989.7308706833
4756.1086143842,80232.26618647057
4756.133348616366,82548.04480511128
4756.158082977162,84278.941718884
4756.18281746659,86301.42170352003
4756.207552084649,87865.4790168665
4756.232286831342,88912.83271010466
4756.257021706669,89401.1306194069
4756.281756710629,89690.55534177004
4756.306491843225,90513.49032129155
4756.331227104456,90931.43320639779
4756.355962494323,91243.59098978719
4756.380698012827,91734.32933900211
4756.405433659968,91846.40209978847
4756.430169435748,91672.90179539326
4756.454905340167,91648.32109990696
4756.479641373225,91917.93077147925
4756.504377534923,92042.76504082815
4756.529113825262,91935.10052194836
4756.553850244243,92199.60532522916
4756.578586791867,91907.39636759777
4756.603323468132,91501.44052368045
4756.628060273041,91634.01416366866
4756.652797206595,91557.64401423401
4756.677534268793,91840.83845786306
4756.702271459638,91138.26388246324
4756.727008779128,90590.19285788774
4756.751746227265,90298.15954373391
4756.77648380405,90005.88959884914
4756.801221509483,89487.91608815765
4756.825959343565,88901.33136880028
4756.850697306296,87914.39654516225
4756.875435397678,86788.08689844975
4756.900173617711,85343.14584857866
4756.924911966395,83886.76807851747
4756.949650443731,81999.45756181498
4756.97438904972,80058.13790482075
4756.999127784364,78790.37496478992
4757.023866647661,78625.08018050567
4757.048605639613,79400.91285592905
4757.073344760221,80288.83135556232
4757.098084009484,81358.30938389557
4757.122823387405,82619.23946041641
4757.147562893983,83616.5806781853
4757.17230252922,84638.26278006275
4757.197042293116,85682.3427338487
4757.221782185671,85894.53289573755
4757.246522206887,86405.66310789553
4757.271262356763,87205.88438491555
4757.296002635301,87584.78011924084
4757.320743042502,87964.24821782371
4757.345483578365,88450.93612512689
4757.370224242893,88590.9112744947
4757.394965036084,88337.41543651177
4757.41970595794,87891.58764345477
4757.444447008462,87404.48306432951
4757.46918818765,86555.44363492313
4757.493929495505,85925.31902009105
4757.518670932028,85329.37343427619
4757.543412497219,84517.83146845532
4757.568154191079,84805.04042648707
4757.592896013609,85289.79174596755
4757.617637964809,85579.47574988106
4757.642380044679,86750.3810282983
4757.667122253222,87275.65217721257
4757.691864590437,88180.20942564619
4757.716607056325,88817.1594028479
4757.741349650887,89320.43301425556
4757.766092374122,89491.48729079013
4757.790835226034,89808.10679549514
4757.815578206621,90477.91246893373
4757.840321315883,90865.05099493708
4757.865064553823,90994.27713873706
4757.889807920441,91041.64720106202
4757.914551415736,91174.88675555277
4757.939295039711,90473.62325643495
4757.964038792366,91107.14664683938
4757.988782673701,91094.32084171922
4758.013526683717,90657.28034022017
4758.038270822415,91002.7081085676
4758.063015089795,90420.84468284214
4758.0877594858575,90856.20010408187
4758.112504010604,90475.02271595635
4758.137248664036,90007.24614796185
4758.161993446152,90400.40843761284
4758.186738356954,90619.97878078592
4758.211483396442,90309.47219229172
4758.236228564618,90254.67267578434
4758.26097386148,90925.86071376476
4758.2857192870315,91096.34330225662
4758.310464841273,90783.91516879248
4758.335210524203,90650.41962102549
4758.359956335823,90528.10664750251
4758.384702276135,90593.57218030763
4758.409448345138,90496.09760679486
4758.434194542834,90541.07563997821
4758.458940869223,91027.83179603725
4758.483687324305,90517.10576504596
4758.508433908082,89911.10159090706
4758.533180620554,89689.55783409113
4758.557927461722,89529.84338825526
4758.582674431586,88282.39835351311
4758.607421530147,87091.89623944387
4758.632168757406,85994.85220531581
4758.656916113364,84936.02992785555
4758.68166359802,83922.8197232155
4758.706411211377,83474.88687762679
4758.731158953433,83667.49345356843
4758.755906824191,84106.75009165752
4758.78065482365,85118.79186669129
4758.8054029518125,86356.17253360047
4758.830151208677,87038.14005182614
4758.8548995942465,87591.47077811467
4758.87964810852,88374.73622210493
4758.904396751498,88848.5484075297
4758.929145523182,89160.69758862973
4758.953894423573,89169.42773016501
4758.978643452671,89552.57110200956
4759.003392610476,89585.65078322092
4759.028141896991,89947.49080050888
4759.052891312213,89895.28933729713
4759.077640856147,89589.75129585218
4759.10239052879,89802.28402695878
4759.127140330144,90138.4142481771
4759.151890260211,90180.48509108581
4759.17664031899,90308.1093000602
4759.201390506482,90572.23624633967
4759.226140822688,90813.36784643754
4759.2508912676085,90866.66311851329
4759.275641841244,90827.16814436873
4759.300392543595,90573.16908638741
4759.325143374663,90281.90615282867
4759.3498943344475,90356.50332157973
4759.37464542295,90546.6761925641
4759.399396640171,90169.41312999943
4759.424147986112,90126.26223345436
4759.448899460772,90062.4310589181
4759.473651064153,89902.00788960404
4759.498402796255,89647.92489386055
4759.5231546570785,89373.03005331472
4759.547906646625,89609.90265701144
4759.572658764894,88978.44208190308
4759.597411011888,89139.57542137879
4759.622163387606,89574.00396368644
4759.646915892049,89910.2174731765
4759.671668525218,90194.01001891881
4759.6964212871135,90497.20281686368
4759.721174177736,90747.79584404845
4759.7459271970865,91345.49395528469
4759.770680345166,91460.72042757791
4759.795433621974,91446.7653402308
4759.8201870275125,91941.00853002102
4759.844940561781,91855.98691579394
4759.869694224781,92017.15243187787
4759.894448016513,91720.43715363553
4759.9192019369775,91994.94187798788
4759.943955986175,91935.0231839209
4759.968710164107,92007.50748534956
4759.993464470773,91481.9541548978
4760.018218906174,92111.26435162418
4760.042973470311,92114.57068448668
4760.067728163185,92022.01563944192
4760.092482984796,92026.13599940213
4760.117237935145,91745.18390540249
4760.141993014233,92210.39136288184
4760.166748222059,91657.43502847869
4760.191503558626,91323.91998799588
4760.216259023933,91826.7984858478
4760.241014617982,91806.60400297387
4760.265770340772,91511.37379781743
4760.290526192306,91414.19295803622
4760.315282172583,91052.39725920784
4760.340038281603,90099.09415242594
4760.364794519367,89860.48803601372
4760.389550885878,89429.92486196652
4760.414307381134,88712.44471151994
4760.439064005137,88405.01398362177
4760.463820757886,88013.47962173437
4760.488577639385,87139.30439645294
4760.513334649631,86626.62424189843
4760.538091788628,86397.31219818073
4760.562849056373,86118.72263791542
4760.58760645287,86004.23318249053
4760.612363978118,86203.86172699118
4760.637121632118,86624.65540732509
4760.66187941487,86739.29256999474
4760.686637326376,86561.5422290704
4760.711395366636,86259.98267076514
4760.73615353565,86323.42425446409
4760.76091183342,85789.07628029339
4760.785670259946,84639.32201889453
4760.810428815228,83122.2265299817
4760.835187499268,81246.73817361929
4760.859946312065,79234.8395295369
4760.884705253622,76912.03649796624
4760.909464323938,75133.89062767358
4760.934223523013,73774.5541993255
4760.958982850851,73231.18111489635
4760.983742307448,73885.0360010437
4761.0085018928075,75109.09833917551
4761.03326160693,76593.99170572573
4761.058021449816,78296.19800912245
4761.082781421466,79919.95010132261
4761.107541521881,81590.98447952702
4761.13230175106,82894.93996788596
4761.157062109007,84564.36228009487
4761.1818225957195,85983.99790397615
4761.206583211199,87325.14434463922
4761.231343955447,88587.50606869515
4761.256104828464,88869.54503217252
4761.280865830251,89741.31746745469
4761.305626960807,90508.02517254201
4761.330388220134,90682.91792103648
4761.355149608233,91016.34749864385
4761.379911125103,91089.83424768921
4761.404672770746,90749.55507857831
4761.429434545163,90314.23721911095
4761.454196448353,89913.63427495558
4761.478958480318,89770.2229867168
4761.50372064106,89190.76087247145
4761.5284829305765,88022.43290546503
4761.55324534887,86571.93974162266
4761.5780078959415,84594.2303719305
4761.602770571791,82335.90994303559
4761.627533376419,79335.28331740605
4761.652296309826,75480.85323019746
4761.677059372013,71113.62734798431
4761.701822562982,66493.20030218964
4761.726585882731,61656.301467642115
4761.751349331263,57165.91696734123
4761.7761129085775,54113.175858199975
4761.800876614676,52167.11011904547
4761.825640449558,51263.1741870962
4761.850404413225,51554.29443700637
4761.875168505677,51977.00076155321
4761.899932726916,52746.6814668961
4761.924697076941,53590.674783719594
4761.949461555753,54087.37926364713
4761.974226163355,54878.9267432392
4761.998990899744,56040.69539827395
4762.023755764923,56704.85840072905
4762.048520758893,56603.531531995526
4762.073285881653,56263.05357050448
4762.0980511332045,55398.18849792541
4762.122816513548,54326.16189389081
4762.147582022685,53022.74835551872
4762.172347660615,51502.152250348096
4762.19711342734,51091.04926566373
4762.2218793228585,51917.56643880728
4762.246645347173,54512.69327606718
4762.271411500284,57979.21857382614
4762.296177782192,62007.963629833066
4762.320944192897,66143.95852422625
4762.3457107324,70081.93442090423
4762.370477400703,73599.78379086648
4762.3952441978045,77061.0739321986
4762.420011123706,79841.61706327066
4762.444778178409,81640.80361406165
4762.469545361913,84249.10935480092
4762.49431267422,86523.88968998285
4762.519080115329,87628.92821610025
4762.543847685242,88928.43076700554
4762.568615383959,89891.00740199769
4762.5933832114815,90362.00369458106
4762.618151167809,90802.66522332175
4762.642919252942,90889.44731092274
4762.667687466883,90793.07305213742
4762.692455809632,91129.78194639576
4762.7172242811885,91128.5196412474
4762.741992881553,91033.19853385576
4762.766761610728,91008.74835467829
4762.791530468714,91264.0491823006
4762.81629945551,91151.77796639444
4762.841068571117,90946.23613693814
4762.865837815537,90759.75278812194
4762.89060718877,90483.39230010245
4762.915376690817,90098.83810223766
4762.940146321677,89496.7266588569
4762.964916081353,88668.73081098845
4762.989685969844,87886.02210269573
4763.014455987151,86542.51073436187
4763.039226133276,84859.88351046699
4763.063996408218,83013.11711212032
4763.0887668119785,80778.17260480528
4763.113537344558,78053.41985820125
4763.138308005957,74650.46787759261
4763.163078796176,70888.38812417194
4763.1878497152165,66554.00379627061
4763.212620763078,61493.87072305667
4763.237391939762,55960.12127632598
4763.262163245269,51623.45246156384
4763.2869346796,48043.78170769856
4763.311706242755,46198.114743615995
4763.336477934735,45385.239783656056
4763.3612497555405,46906.072440847056
4763.386021705172,49720.95116569834
4763.410793783632,53818.55028128494
4763.435565990918,57999.86026142494
4763.460338327033,62707.42884028171
4763.485110791977,67084.04839023207
4763.50988338575,70912.87375572619
4763.534656108354,74290.31809724975
4763.559428959789,77403.32518826857
4763.584201940056,79909.58251882727
4763.608975049155,81279.06167493614
4763.633748287087,81686.39208065833
4763.658521653852,81961.57905544745
4763.6832951494525,81583.07892615892
4763.708068773888,80813.27418841636
4763.732842527159,79734.55843746818
4763.757616409266,78297.81788181515
4763.78239042021,76204.9136249028
4763.807164559992,73199.3403543796
4763.831938828612,69889.33050537783
4763.856713226071,66407.17316777169
4763.881487752371,62208.64967751012
4763.9062624075095,58426.477855793884
4763.931037191491,55287.57250721026
4763.955812104313,53683.72273368484
4763.980587145978,53534.504038279156
4764.005362316485,54833.46966342495
4764.030137615837,56462.3365400031
4764.054913044032,58490.162172893244
4764.079688601073,60330.61993063748
4764.10446428696,61715.01687440407
4764.129240101693,63466.436355182035
4764.154016045273,65468.992928537846
4764.178792117701,68196.12588778934
4764.203568318977,70599.62782432488
4764.228344649103,73580.90397157313
4764.253121108078,76157.8722955809
4764.277897695903,79049.42062001949
4764.302674412581,81356.26443599348
4764.327451258109,83068.64895298849
4764.35222823249,84839.56063173614
4764.377005335724,85954.15061242433
4764.401782567812,86977.22187368922
4764.426559928755,86838.8004912604
4764.451337418552,86812.93398579904
4764.476115037205,87081.56253002917
4764.500892784716,86863.23524577064
4764.525670661083,86743.38742983957
4764.550448666307,86427.53450809799
4764.57522680039,86177.0016360256
4764.600005063333,86124.38547881764
4764.624783455135,86086.98161142417
4764.649561975797,85784.58534776876
4764.674340625322,85809.98986145714
4764.699119403707,84930.22813590674
4764.7238983109555,84033.07160299018
4764.748677347066,82849.48894650368
4764.773456512042,81840.36086774502
4764.798235805882,80243.71832192878
4764.823015228586,78616.06216894765
4764.8477947801575,77251.12048804217
4764.8725744605945,76490.48962794825
4764.897354269899,75777.93351806334
4764.922134208071,76251.38270150167
4764.946914275112,76766.86425195099
4764.971694471023,77097.53677360193
4764.996474795802,78182.87215159096
4765.021255249452,79802.20082981623
4765.046035831974,80881.12418703354
4765.070816543368,81349.10189263834
4765.095597383634,81590.77151640641
4765.1203783527735,81412.6595091022
4765.145159450787,80829.33010688418
4765.169940677674,79490.12426974766
4765.194722033438,77503.90371361034
4765.219503518077,75181.1292111917
4765.244285131592,73147.84820768118
4765.269066873985,71640.59956737746
4765.293848745256,70551.94320798958
4765.318630745405,71073.36048471129
4765.343412874434,72769.62512161337
4765.368195132342,74997.33119912253
4765.392977519131,77165.01003300918
4765.417760034801,79680.74530042117
4765.442542679354,81770.12790306532
4765.467325452789,83475.96979086059
4765.492108355107,84887.47724933474
4765.516891386309,85840.63148472748
4765.541674546395,87029.7437858135
4765.566457835368,87183.84329378154
4765.591241253225,87621.32145383157
4765.616024799971,87251.84948108264
4765.640808475602,86733.86432616314
4765.665592280122,85682.13109064887
4765.690376213531,83775.99338900711
4765.715160275829,81407.50057198244
4765.739944467016,78618.27304662652
4765.764728787095,75298.80218892123
4765.7895132360645,71550.5428256201
4765.814297813927,68256.84421586331
4765.839082520681,66272.76579353935
4765.863867356328,65290.38810083426
4765.88865232087,65621.39382197031
4765.913437414307,67158.83706929279
4765.938222636639,68883.5606901592
4765.963007987866,70364.7959720183
4765.987793467991,71626.93120415749
4766.012579077013,72284.71763380514
4766.0373648149325,72838.22457562972
4766.0621506817515,73254.18424379497
4766.08693667747,73512.94027922697
4766.111722802088,73876.52052729319
4766.1365090556055,74580.700110675
4766.161295438026,75318.34205263547
4766.186081949349,76025.58765277505
4766.210868589573,77190.02338816976
4766.2356553587015,78028.53871226532
4766.260442256734,79205.10892260926
4766.285229283671,80811.4472318662
4766.310016439513,82084.77480099784
4766.334803724261,83396.4555242845
4766.359591137917,84621.06081190587
4766.384378680479,85889.33874828603
4766.40916635195,86768.97131039419
4766.4339541523295,87784.75659153705
4766.458742081618,88541.37947109276
4766.483530139817,89093.24721005716
4766.508318326927,89631.89295919769
4766.533106642948,89843.70290217927
4766.557895087882,90588.37634962652
4766.582683661727,90593.77527031249
4766.607472364487,90492.55785475076
4766.6322611961605,90139.04681717175
4766.657050156749,90089.10536639634
4766.681839246253,90082.1824877158
4766.706628464673,89994.12824428898
4766.73141781201,90143.42185347379
4766.756207288264,90537.58352380525
4766.780996893436,90434.20426827979
4766.805786627528,90673.63579375473
4766.830576490538,91238.48378683465
4766.8553664824685,91063.24632987197
4766.880156603321,91099.76853121811
4766.904946853094,91213.42413391279
4766.929737231789,91221.35661204412
4766.954527739407,91469.45115273332
4766.979318375948,91881.18775499621
4767.004109141414,91770.86581130937
4767.028900035805,91426.8507130127
4767.053691059121,91001.73177468061
4767.078482211363,90874.4611066228
4767.103273492532,91121.17339661696
4767.128064902629,91620.72720572303
4767.152856441654,91491.83512927596
4767.177648109608,90809.64461707794
4767.202439906491,90181.49600666125
4767.227231832305,90119.39844768318
4767.252023887048,89611.460080025
4767.276816070725,89577.65237527652
4767.301608383333,89533.88598091545
4767.326400824873,89208.95537919935
4767.351193395349,89702.49618101543
4767.3759860947575,89826.87881959023
4767.400778923101,89646.84506679387
4767.42557188038,89633.33454037842
4767.450364966596,89422.64202711721
4767.475158181748,89362.46838718333
4767.499951525838,88933.9367627769
4767.5247449988665,88371.1222847455
4767.549538600833,87917.32129448077
4767.57433233174,86989.01223380094
4767.599126191587,85275.16927666766
4767.6239201803755,83004.44572100922
4767.648714298105,81034.71545072827
4767.673508544776,78320.76625353661
4767.698302920391,75259.24383908401
4767.72309742495,72552.45862517359
4767.747892058453,70530.96959915258
4767.7726868209,69390.29288337902
4767.797481712293,69308.77531360016
4767.822276732632,70236.0474115106
4767.847071881919,72057.5669775975
4767.871867160154,74049.07111867752
4767.896662567336,75995.39823706179
4767.921458103468,78489.92554986608
4767.946253768549,80561.11562194777
4767.9710495625795,81837.22629802479
4767.995845485562,83071.13094700586
4768.020641537497,84078.88956434208
4768.045437718383,85260.69162818242
4768.070234028222,85280.84122829147
4768.095030467015,85095.17174517208
4768.119827034763,85254.46229650041
4768.144623731466,84807.44999783457
4768.169420557124,84554.35217293295
4768.194217511738,84511.7300317352
4768.21901459531,84735.65483387881
4768.243811807839,84915.29337016007
4768.268609149326,85014.18503517631
4768.293406619773,85730.98856341252
4768.318204219179,86085.27678914263
4768.343001947546,87216.10326800455
4768.367799804874,87892.43360877223
4768.392597791163,88598.02624964647
4768.417395906416,89199.17246980045
4768.442194150631,89507.43333022772
4768.466992523809,90328.76995707181
4768.491791025952,90719.66128335586
4768.516589657061,91372.79664109086
4768.541388417134,91517.80437958073
4768.5661873061745,91560.97044752966
4768.590986324182,91858.74602959598
4768.615785471157,92079.24367611762
4768.640584747101,91837.2025684813
4768.665384152014,91720.85954353411
4768.690183685896,92280.7864258607
4768.714983348749,92022.94174986213
4768.739783140573,91814.4992175895
4768.764583061369,92003.72501303005
4768.789383111137,91572.33957313307
4768.814183289878,91544.03802658748
4768.838983597594,91636.02222906025
4768.8637840342835,92116.83203747244
4768.888584599948,92174.5677202588
4768.913385294589,92060.20211007746
4768.938186118206,91714.3218253395
4768.9629870708,92019.85745073474
4768.987788152373,91703.13130780793
4769.012589362923,91617.63513007046
4769.037390702452,91434.38853522211
4769.062192170963,91153.44082530221
4769.086993768452,90762.89687115069
4769.111795494923,90232.27829308152
4769.136597350376,90185.3297012687
4769.161399334812,90024.11948675977
4769.186201448231,89450.82361170916
4769.211003690633,88287.61140278638
4769.235806062021,87658.72442442359
4769.260608562393,87302.72288567813
4769.285411191751,86971.40463547416
4769.310213950096,85903.82347643943
4769.335016837428,84472.24800333806
4769.3598198537475,83361.49257515055
4769.384622999056,81177.50643035745
4769.409426273354,79661.75446260574
4769.434229676642,78592.94616809202
4769.459033208919,77630.85200141021
4769.4838368701885,77970.05532746144
4769.50864066045,79075.31099271064
4769.533444579703,80313.39061956115
4769.558248627951,81797.37741124869
4769.583052805192,82999.4246179313
4769.607857111428,84658.91670628285
4769.632661546658,86045.05049644045
4769.657466110885,87081.05780124577
4769.682270804108,88279.84247913174
4769.707075626329,88122.77159051421
4769.731880577548,88407.4713328231
4769.756685657765,88931.77121175708
4769.781490866982,89008.92239268498
4769.806296205197,89827.2988445486
4769.831101672415,90384.34974213199
4769.855907268633,90756.22550015792
4769.880712993853,90949.97813042508
4769.905518848076,90714.50039453324
4769.930324831303,91230.54064946694
4769.955130943533,91291.30335793727
4769.979937184768,91574.54693972452
4770.004743555008,91761.1042713673
4770.029550054254,91835.85520992517
4770.054356682507,91764.79157225863
4770.079163439767,91707.33325200668
4770.103970326036,91984.9300251338
4770.128777341312,91817.61342575353
4770.153584485599,91939.37573278202
4770.178391758895,92080.62414172887
4770.203199161202,91899.35716557733
4770.2280066925205,92145.65081568595
4770.252814352851,91823.48280703858
4770.277622142194,92029.07345436714
4770.30243006055,92475.42470251743
4770.3272381079205,92274.47549790094
4770.352046284306,91949.62782246718
4770.376854589706,91834.44088420419
4770.401663024123,91450.74869425314
4770.426471587556,91110.72590155632
4770.451280280007,90896.61848495685
4770.476089101476,90537.32110874614
4770.500898051963,89816.39380644455
4770.525707131471,89360.8669663724
4770.550516339998,89619.44874687519
4770.575325677546,89447.80782539626
4770.600135144115,88640.4219674142
4770.624944739707,88366.6824258302
4770.649754464321,88191.3615988378
4770.674564317958,87031.38292945872
4770.69937430062,86578.95583880016
4770.724184412306,85504.6417958627
4770.748994653018,83715.995275231
4770.773805022756,81597.08942937174
4770.798615521521,79383.79857610354
4770.8234261493135,76750.61415065012
4770.848236906134,73804.74613066198
4770.873047791983,71197.11046428836
4770.897858806861,69611.75213720859
4770.922669950771,68358.47441518317
4770.94748122371,68059.17519101338
4770.972292625682,67797.75562425495
4770.997104156685,67817.44412540007
4771.021915816721,67148.14457741717
4771.046727605791,65898.0307051815
4771.071539523894,64025.35656704773
4771.096351571033,61491.7269756498
4771.121163747207,59914.07992080048
4771.145976052418,58576.41972500688
4771.170788486665,58576.331292786315
4771.19560104995,59664.65129758245
4771.220413742272,62043.52547372584
4771.245226563635,65425.213713040466
4771.270039514036,69034.43828432437
4771.294852593478,72270.63400789676
4771.319665801961,75433.632476784
4771.344479139484,78625.9901676744
4771.36929260605,81225.8147563208
4771.394106201659,83819.45295564875
4771.418919926313,85653.38321751614
4771.443733780009,87150.23169328945
4771.468547762752,88124.74464196854
4771.493361874539,89440.27339196362
4771.518176115373,90269.12788643461
4771.5429904852535,90762.57305204029
4771.567804984182,91256.41065284089
4771.592619612158,91455.4161704901
4771.617434369184,91617.3420046784
4771.642249255258,92099.52747619257
4771.667064270384,92000.21187273547
4771.69187941456,91764.78920798683
4771.716694687789,91684.54701766025
4771.741510090069,91518.84021200829
4771.766325621402,91475.5244374553
4771.791141281788,92154.9261685373
4771.81595707123,91504.82929929937
4771.840772989726,91773.7812202521
4771.8655890372775,91563.89840438848
4771.890405213886,91478.16438893988
4771.915221519551,91422.60371352723
4771.940037954274,91153.18992008427
4771.964854518054,90937.14088384526
4771.989671210895,90110.77604865357
4772.014488032794,89581.69836466305
4772.039304983755,88527.52179079257
4772.064122063776,87181.26024702688
4772.088939272859,85423.97753021683
4772.113756611004,83479.68565651943
4772.1385740782125,80803.11394803539
4772.163391674484,77752.38459447121
4772.18820939982,74644.55030253391
4772.213027254222,72074.35515521097
4772.237845237689,69848.78550052071
4772.262663350222,68779.96041493908
4772.287481591823,69765.87849333971
4772.312299962491,71344.02700795903
4772.337118462227,73129.53704825029
4772.361937091034,75507.19485678714
4772.386755848909,77862.79036923591
4772.411574735855,79548.00635319839
4772.436393751872,81633.93120183487
4772.46121289696,83506.14815393786
4772.486032171121,84711.96381373181
4772.510851574356,86200.69083853137
4772.535671106664,87111.07035160222
4772.560490768046,87817.5610878865
4772.585310558504,87747.99935586083
4772.610130478038,88881.456992851
4772.634950526647,89560.14021548229
4772.659770704335,90270.27747409523
4772.684591011099,89994.21478398262
4772.709411446942,89759.60649534476
4772.734232011865,89844.17308819506
4772.759052705866,89609.67628399961
4772.78387352895,89595.91431311888
4772.808694481113,89687.82490987016
4772.833515562359,89336.19015620262
4772.858336772687,88908.57768085609
4772.8831581120985,89345.31310085295
4772.907979580594,89599.6619815596
4772.932801178174,89673.65222826278
4772.957622904838,89660.36280858576
4772.982444760589,89978.06431537174
4773.007266745426,90400.61996472906
4773.032088859351,89881.87866718479
4773.056911102363,89944.4759884078
4773.081733474464,89696.77500748227
4773.106555975654,89578.56936935052
4773.1313786059345,89374.1573495425
4773.156201365305,89545.26373123405
4773.181024253767,89344.97343489503
4773.20584727132,88858.57295159322
4773.230670417966,88470.67073661242
4773.255493693706,87986.18561676648
4773.280317098539,87290.65266979471
4773.305140632467,86479.51265474132
4773.32996429549,86098.8947895448
4773.354788087609,85680.1227960633
4773.3796120088255,85780.10439400034
4773.404436059138,86099.81972001289
4773.429260238549,86060.40549665497
4773.454084547058,86976.6010218069
4773.478908984667,87522.7036656261
4773.503733551376,88125.02591829465
4773.528558247185,88194.21306421407
4773.553383072096,89077.51649925087
4773.578208026109,89546.94142319358
4773.603033109224,89541.45000040591
4773.627858321443,90477.3320524861
4773.652683662765,91050.42801435724
4773.677509133193,91458.380895186
4773.702334732726,91916.91490775679
4773.727160461364,91723.77430072696
4773.751986319109,91832.72240730193
4773.776812305961,91997.3802170478
4773.801638421923,91971.15602728454
4773.826464666991,92308.60480289323
4773.85129104117,92273.6787778063
4773.876117544459,92144.77234457582
4773.9009441768585,92070.29765481857
4773.925770938369,92169.77756044576
4773.950597828992,92643.87305676092
4773.975424848727,92907.68761317477
4774.000251997576,92260.52398224204
4774.025079275539,92154.45016859859
4774.049906682617,92404.912587846
4774.07473421881,92327.55072288471
4774.099561884119,92277.8512174715
4774.1243896785445,91557.62849077652
4774.149217602088,91788.7665803304
4774.1740456547495,91778.02373513115
4774.19887383653,91617.64763802967
4774.223702147429,91902.6625088203
4774.248530587449,92004.86656718173
4774.273359156589,91807.04159645544
4774.298187854851,92145.16874534416
4774.323016682235,92332.85250306503
4774.347845638741,91965.03855732328
4774.372674724372,91975.03896874552
4774.397503939126,91965.19691312432
4774.422333283005,92201.7115519641
4774.44716275601,92450.77697174526
4774.471992358141,91981.615663575
4774.496822089398,91866.7969871731
4774.521651949783,91638.68613265459
4774.5464819392955,91614.61679890084
4774.571312057938,91627.88690252669
4774.59614230571,91448.75401603131
4774.620972682611,91470.49237302854
4774.645803188643,91658.15436642809
4774.670633823807,91533.6979266674
4774.695464588103,91608.02469775043
4774.720295481533,91943.99352134546
4774.745126504095,91666.47546131912
4774.7699576557925,91290.99468399977
4774.794788936624,91377.7673042498
4774.819620346591,91702.52464279134
4774.844451885694,91463.71749360669
4774.869283553935,90944.91408703581
4774.894115351312,90853.1980308541
4774.918947277829,90568.23634391626
4774.943779333484,90660.52858843282
4774.9686115182785,89765.03643862682
4774.9934438322125,89896.11622717125
4775.018276275288,89799.60208963708
4775.043108847506,89608.98426554221
4775.067941548866,88913.63108428987
4775.092774379368,88638.11034907779
4775.117607339014,88090.07264527684
4775.142440427804,86748.09182750547
4775.167273645739,85477.32244296244
4775.19210699282,84306.79918533331
4775.216940469048,82363.61775881937
4775.241774074422,80184.99863115393
4775.266607808943,78003.0106935123
4775.2914416726135,75851.04158230138
4775.316275665433,74651.11735869375
4775.341109787401,74112.63608355625
4775.365944038521,74117.06013173469
4775.39077841879,75110.67779622058
4775.415612928212,76760.59890030476
4775.440447566786,77878.04937112184
4775.465282334513,79038.19934909392
4775.490117231394,80804.78505295062
4775.514952257429,81894.61414202579
4775.539787412619,83479.35229175251
4775.564622696965,84669.90760864435
4775.589458110467,85490.26303844115
4775.614293653126,86071.98620403414
4775.639129324943,85910.15467798976
4775.663965125918,86342.28639066471
4775.688801056052,86110.64730573873
4775.7136371153465,85229.5494794724
4775.738473303801,84884.88068496362
4775.763309621417,83999.13799958721
4775.788146068194,83263.36627213472
4775.812982644133,83023.1248149329
4775.837819349235,83187.71423828731
4775.862656183503,83259.02348147825
4775.887493146933,83839.65198552962
4775.912330239529,84431.01349130056
4775.937167461291,85042.35709505127
4775.962004812219,86146.53941491833
4775.986842292315,87176.34032887392
4776.011679901577,88207.6379473634
4776.036517640009,88654.10093413664
4776.06135550761,89331.02748595247
4776.0861935043795,90064.98606525012
4776.111031630321,90333.4027171762
4776.135869885433,91016.73699343379
4776.160708269716,91349.57270769596
4776.185546783173,91445.96392255717
4776.210385425802,91940.52148533624
4776.235224197606,92059.04895697975
4776.2600630985835,92361.75728831864
4776.284902128737,91994.0197735268
4776.309741288065,91609.90241994978
4776.33458057657,91825.89797572095
4776.359419994254,91831.1364375049
4776.384259541113,92359.67973629359
4776.409099217152,92059.65039096144
4776.43393902237,92135.13197263912
4776.458778956769,92229.72967448755
4776.483619020347,92134.09916695236
4776.508459213107,91977.30380353816
4776.533299535048,91475.02953240256
4776.558139986173,91790.39484824639
4776.58298056648,91246.8336591888
4776.607821275971,91868.30327871093
4776.632662114647,91597.08166596931
4776.657503082509,91658.58296431461
4776.682344179556,91763.46836076355
4776.7071854057895,91739.29931978848
4776.73202676121,92103.19531942983
4776.7568682458195,92137.44082256437
4776.781709859617,92409.3122296744
4776.806551602604,91960.80998349849
4776.83139347478,92632.05920822441
4776.856235476147,92466.08312714288
4776.881077606706,92482.11278775285
4776.905919866456,92434.16795555841
4776.9307622554,92362.82802249944
4776.955604773537,92432.29042714082
4776.980447420867,92329.12986968351
4777.005290197392,91859.26082432402
4777.030133103112,91939.8552457915
4777.054976138029,91365.65336995349
4777.079819302142,90890.75186766702
4777.104662595453,90490.90837110367
4777.129506017961,89955.08771656145
4777.154349569669,89615.77142494329
4777.179193250575,89516.1492270512
4777.204037060682,89468.8050551912
4777.228880999989,89614.82440414396
4777.253725068497,89609.07039153237
4777.278569266208,90054.27992599586
4777.303413593122,90260.71106270666
4777.328258049239,90553.56006798332
4777.35310263456,90818.57602862615
4777.377947349085,90728.37668129112
4777.402792192816,91607.97341392316
4777.427637165753,91242.75414892581
4777.452482267897,91377.42859216049
4777.4773274992485,91587.00106855041
4777.502172859808,91598.4930041597
4777.527018349576,92141.20301060023
4777.551863968553,91764.67653358597
4777.576709716741,91346.70442973865
4777.601555594139,90824.38474637695
4777.62640160075,90602.09050441295
4777.651247736571,90097.98214659646
4777.6760940016065,90289.22028644408
4777.700940395855,90656.69088556254
4777.725786919317,91069.42405376566
4777.7506335719945,90689.84158192389
4777.775480353887,91107.50204523304
4777.800327264996,91235.64929366563
4777.8251743053215,91173.42535813632
4777.850021474865,91628.48726181248
4777.874868773626,91586.8506917938
4777.899716201607,91703.46449294026
4777.9245637588065,91930.53004809406
4777.949411445226,92006.564349995
4777.974259260866,92120.67119561852
4777.999107205729,91521.36938597167
4778.023955279814,91574.16031591379
4778.048803483121,91897.04469652362
4778.073651815652,91909.01499687062
4778.098500277407,92160.25284144614
4778.123348868387,92300.6963528611
4778.148197588593,92331.29999552442
4778.173046438024,92129.39616348948
4778.197895416683,92297.4729334022
4778.22274452457,91935.2392866282
4778.247593761685,91675.15999447838
4778.272443128028,92092.52854453039
4778.297292623601,91646.42911788629
4778.322142248405,91430.39103357881
4778.346992002439,91329.24257652811
4778.371841885704,90898.22519631499
4778.396691898203,90814.66013615532
4778.421542039934,90470.15148482214
4778.446392310899,90089.4246351828
4778.471242711098,89818.83433020442
4778.496093240532,89753.5769295038
4778.5209438992015,89848.25928260511
4778.545794687107,89915.37466898396
4778.570645604251,90426.09591305187
4778.5954966506315,90288.63385969885
4778.6203478262505,90379.76306722181
4778.645199131109,90369.28192952844
4778.670050565206,90271.7320406929
4778.6949021285445,89994.1599571127
4778.719753821123,89915.53987600381
4778.744605642944,89483.66002423684
4778.769457594008,88273.50738036633
4778.794309674314,87467.0480362649
4778.819161883864,86381.5528075156
4778.844014222657,85376.79311638215
4778.868866690697,85398.75502613888
4778.893719287982,85181.63436903854
4778.918572014513,85414.42046635732
4778.943424870292,85915.04688893243
4778.968277855319,86463.54152282377
4778.993130969593,87161.15541654921
4779.0179842131165,87168.41969702653
4779.04283758589,87123.70763732566
4779.067691087915,86418.36284570338
4779.092544719189,85522.54891284683
4779.117398479716,84321.66687849001
4779.1422523694955,82161.6515478324
4779.167106388528,79982.59869055613
4779.191960536814,77083.05136320982
4779.216814814355,73252.65428718802
4779.241669221151,68902.11720000407
4779.266523757202,64039.77466598508
4779.29137842251,58119.309784538425
4779.316233217076,52739.45371535301
4779.341088140899,47676.970217201844
4779.3659431939805,43384.370286066944
4779.390798376321,40594.38604991568
4779.415653687922,39656.07642760395
4779.440509128783,40212.275172035996
4779.4653646989045,42820.44516602157
4779.490220398289,46281.42364085945
4779.515076226936,50567.90780778475
4779.539932184845,55127.9155926165
4779.5647882720195,60409.06383302859
4779.589644488457,65352.05588386708
4779.614500834161,69627.74934408633
4779.639357309131,73521.42582322856
4779.664213913366,77097.43008195826
4779.68907064687,80278.05221044569
4779.713927509641,82829.96884322228
4779.738784501681,84754.51411961316
4779.76364162299,86493.07900788201
4779.788498873569,87865.11670508876
4779.813356253418,89100.87472419362
4779.8382137625385,89971.62841152836
4779.863071400931,90920.903184158
4779.887929168597,91110.29326058025
4779.912787065536,91267.97096730751
4779.937645091748,91853.29404406973
4779.962503247235,91922.94425093645
4779.9873615319975,92156.30649945959
4780.012219946037,92265.40837407632
4780.037078489351,91870.10094945302
4780.061937161944,92246.64609392826
4780.086795963814,92122.3872786033
4780.111654894963,91880.86116809203
4780.136513955392,91943.53086632145
4780.161373145101,91372.10822986858
4780.18623246409,91386.66079124372
4780.21109191236,91376.2439552824
4780.235951489913,91055.5712603342
4780.260811196747,90729.82620656888
4780.285671032866,90420.25328523506
4780.310530998269,90838.54811459816
4780.335391092956,90885.13714958372
4780.360251316929,91153.10590279792
4780.385111670188,91412.87193796103
4780.409972152734,91727.30950386495
4780.434832764567,91645.27284906199
4780.459693505687,91806.7249201806
4780.484554376098,92065.55516636165
4780.509415375796,91915.318683263
4780.534276504785,91793.48918719482
4780.559137763065,92117.86742914024
4780.583999150637,92255.84280995984
4780.608860667501,92649.0231331561
4780.633722313657,92251.45247697968
4780.6585840891075,91998.70287476768
4780.683445993851,92032.00501840765
4780.70830802789,92165.85184641549
4780.733170191224,92422.26227961766
4780.758032483855,91793.43762788216
4780.782894905782,92121.59342620033
4780.807757457006,91993.35961071763
4780.832620137529,92028.42533372235
4780.857482947351,91771.23699384682
4780.882345886473,91603.39996462587
4780.907208954894,91898.35061293765
4780.9320721526165,91885.45426727546
4780.95693547964,91818.66975864489
4780.981798935966,91993.84149525323
4781.006662521595,91982.35376338058
4781.0315262365275,91912.59272047118
4781.056390080764,91117.41421770853
4781.081254054306,90751.79145136937
4781.106118157152,90794.05230295943
4781.130982389306,90566.84381292663
4781.155846750766,90149.39346806917
4781.180711241534,90225.21618286349
4781.20557586161,89923.46176409104
4781.230440610995,89924.80613100254
4781.25530548969,90074.47934565754
4781.280170497695,90023.20116449703
4781.30503563501,90302.15781330489
4781.329900901637,90045.16413896214
4781.354766297577,90128.60797561184
4781.37963182283,90171.59831278247
4781.404497477396,89900.67042731222
4781.429363261277,89399.57654590673
4781.454229174472,89405.66213799574
4781.479095216983,89063.71576875196
4781.503961388811,88965.51343940465
4781.5288276899555,89005.2068661399
4781.553694120417,89681.45951812452
4781.578560680198,89648.04286178264
4781.603427369298,89979.84399003466
4781.628294187717,90271.44162740682
4781.653161135457,90998.20764259432
4781.678028212517,91038.83227638785
4781.702895418899,91545.76502479898
4781.727762754604,91315.17552287653
4781.752630219632,91344.20418633847
4781.777497813983,91841.222272729
4781.802365537659,92101.96720893387
4781.82723339066,92199.84959779067
4781.852101372987,92395.29720008167
4781.87696948464,92061.33485926196
4781.90183772562,91727.53232989098
4781.926706095927,91846.27348940022
4781.951574595564,92156.80651258916
4781.976443224529,92178.1300918941
4782.0013119828245,91940.84302146887
4782.02618087045,92239.95255760042
4782.051049887407,92054.15866046454
4782.075919033696,92093.4956720279
4782.100788309316,91933.29329201227
4782.12565771427,91501.2512850961
4782.150527248558,91425.460074195
4782.175396912181,91442.84487560685
4782.200266705138,91088.05903655203
4782.225136627432,90842.48868197118
4782.250006679062,90790.31685702875
4782.274876860029,90176.45536974978
4782.299747170334,89515.70728838276
4782.324617609977,89038.08188352741
4782.349488178959,88056.28879904431
4782.374358877282,87006.49654870988
4782.399229704945,86407.41410910798
4782.4241006619495,85811.87359136723
4782.448971748296,85584.1080447812
4782.473842963984,85819.41675274438
4782.498714309016,85896.98547503045
4782.523585783391,85772.21314132254
4782.548457387112,85507.53045676452
4782.573329120178,85018.2221397629
4782.598200982589,84207.50780703622
4782.623072974347,82848.72549784828
4782.647945095453,81215.56338869677
4782.672817345906,78898.67514588634
4782.697689725707,76284.98951495628
4782.722562234859,72234.32856898765
4782.74743487336,67772.19009464301
4782.772307641211,63174.612845564814
4782.797180538415,58818.79593262373
4782.82205356497,55506.454782384026
4782.8469267208775,54025.98637928301
4782.871800006138,54087.83463495491
4782.896673420753,55561.709227268206
4782.921546964722,58885.78714963961
4782.946420638048,62623.4786097168
4782.971294440728,66367.28494181973
4782.996168372766,70462.21429219276
4783.021042434161,73792.34385791479
4783.045916624914,76630.59184348042
4783.070790945026,79080.96564261615
4783.095665394497,80903.49374533606
4783.120539973328,82806.4818076856
4783.1454146815195,84034.60795235093
4783.170289519073,84505.97728467686
4783.195164485988,84965.22554253039
4783.2200395822665,84807.76366680322
4783.244914807908,84593.06810010568
4783.2697901629135,84593.84284918099
4783.294665647283,84467.84313848926
4783.319541261019,84164.2907973406
4783.34441700412,83856.1189722408
4783.3692928765895,83531.1762667305
4783.394168878425,83315.64658413666
4783.419045009629,83306.3033486929
4783.443921270202,83753.00326251582
4783.468797660144,84513.6725303231
4783.493674179457,85527.42050291896
4783.51855082814,86506.19412540928
4783.543427606195,87593.50960659538
4783.568304513622,88660.6436600891
4783.593181550422,89112.28422950022
4783.6180587165945,89584.67733017939
4783.642936012142,90886.38563182598
4783.667813437064,91313.14147616722
4783.692690991362,91389.88656457332
4783.717568675036,91535.20594831253
4783.742446488087,91369.26834564199
4783.767324430515,91482.95705218537
4783.792202502322,91762.77976623132
4783.817080703507,91928.74798210512
4783.841959034072,92034.07566219613
4783.866837494017,91693.53132056574
4783.891716083343,92508.95738828708
4783.916594802051,92087.53741632296
4783.94147365014,91749.14000536813
4783.966352627614,91517.21981255629
4783.99123173447,91490.34705366459
4784.0161109707105,91439.79136219417
4784.040990336336,91047.3159572119
4784.065869831347,91044.27434256795
4784.090749455745,90857.16293704003
4784.115629209529,91245.75743503803
4784.140509092701,91287.41765271363
4784.165389105262,91031.7149861934
4784.190269247211,91463.29544108835
4784.21514951855,91332.44477006292
4784.24002991928,91429.41316012712
4784.264910449399,91322.37891282498
4784.289791108911,91429.50633858936
4784.314671897816,91650.46119144348
4784.339552816113,91390.94863058558
4784.364433863804,91717.23917758907
4784.389315040889,91627.29915947841
4784.414196347369,91942.11583066636
4784.439077783246,91402.31561324638
4784.463959348518,91424.97443080068
4784.488841043188,91303.91290433507
4784.513722867255,90940.36956506287
4784.538604820721,90725.30636467547
4784.563486903586,90711.06969637738
4784.58836911585,91061.9082943848
4784.613251457515,90802.7319462284
4784.638133928581,90504.58623052212
4784.663016529048,91184.35803792525
4784.687899258918,91238.35758037725
4784.712782118191,91229.68067425444
4784.737665106868,91052.73451831947
4784.76254822495,90786.47701815807
4784.787431472437,90770.53095357172
4784.812314849329,90939.91269481475
4784.837198355627,91101.20071467603
4784.862081991333,90944.18580458958
4784.886965756447,90957.12139540464
4784.911849650969,91001.96791266074
4784.936733674901,91234.86946853912
4784.961617828242,90953.9950110864
4784.986502110994,90818.59713563038
4785.011386523157,90318.89045327497
4785.036271064731,89681.35109044578
4785.061155735719,89760.83154869272
4785.08604053612,88918.15466141378
4785.110925465934,88712.37923629732
4785.135810525163,88228.48186759293
4785.160695713807,88862.03385247846
4785.1855810318675,88899.03183419534
4785.210466479343,88723.5193357844
4785.235352056237,88773.20111329056
4785.260237762549,88521.05526334507
4785.28512359828,88472.66807929354
4785.310009563429,88282.67479295775
4785.3348956579985,87128.94713001091
4785.359781881989,86514.74903481509
4785.384668235401,86139.94544302166
4785.409554718233,86392.14801771619
4785.43444133049,86717.74633978
4785.459328072169,86343.89489296434
4785.4842149432725,86120.86292549937
4785.5091019438,86742.43330738373
4785.533989073753,87233.2203686454
4785.5588763331325,87054.93637509906
4785.583763721938,86908.02435351312
4785.608651240172,86458.03061864637
4785.633538887832,86329.80807554441
4785.658426664922,85373.86537348079
4785.683314571442,85051.7945117426
4785.70820260739,83768.3400505524
4785.733090772771,82486.16231617861
4785.757979067582,81628.05212032476
4785.7828674918255,80062.25269550284
4785.807756045501,77685.78708204822
4785.832644728611,75069.01181075355
4785.857533541154,71516.16093118428
4785.882422483132,67435.48078668064
4785.907311554546,63279.14843822254
4785.9322007553965,59278.12855393794
4785.9570900856825,56432.590203256506
4785.981979545407,54608.17514967587
4786.006869134569,54052.86899679974
4786.03175885317,54874.93675425912
4786.056648701209,56241.589688765656
4786.08153867869,57664.80030430166
4786.106428785612,59089.20753681236
4786.1313190219735,58889.5196071009
4786.156209387778,58767.15518416193
4786.181099883026,58010.06371784885
4786.205990507718,57946.70545328829
4786.230881261852,58193.25335328062
4786.255772145432,59784.27391744588
4786.280663158458,62402.48359024435
4786.30555430093,65603.69782047316
4786.3304455728485,69302.31112229459
4786.355336974215,72619.59732795152
4786.380228505029,76067.66904303848
4786.405120165292,78609.37543181576
4786.430011955005,80586.58539217088
4786.454903874168,82908.44669404143
4786.479795922782,85092.04749670735
4786.5046881008475,86155.89664171443
4786.529580408365,87360.1748688234
4786.554472845336,88286.10297031091
4786.57936541176,88664.32001560226
4786.604258107638,89664.30836824836
4786.629150932972,89841.18945973186
4786.654043887761,90307.93580880255
4786.678936972006,90584.30289514562
4786.703830185708,90936.91797054005
4786.728723528868,91349.71471139046
4786.753617001486,91277.402854755
4786.7785106035635,91216.05808194657
4786.8034043351,91246.06600173283
4786.828298196097,91318.62882708626
4786.853192186555,91478.8794505744
4786.878086306475,91509.57167651739
4786.9029805558575,91911.85584494215
4786.927874934702,91282.32864851058
4786.952769443011,91791.80248097122
4786.977664080784,91483.70098905187
4787.002558848022,91606.92731158118
4787.027453744726,91737.23672810153
4787.052348770896,91278.81865387018
4787.077243926534,90798.96724055121
4787.102139211639,90685.5263418238
4787.127034626212,90219.65829520294
4787.151930170255,89050.92714337555
4787.176825843767,88323.96685814172
4787.201721646749,87492.18348245835
4787.226617579203,85957.7758597314
4787.251513641128,85408.43443400023
4787.276409832527,85753.43908312592
4787.3013061533975,85930.07995458819
4787.326202603743,86050.26144993
4787.351099183562,86710.74311115629
4787.375995892856,87429.22891160476
4787.400892731626,87812.65328750819
4787.425789699873,88520.93666928122
4787.450686797597,88380.76932033287
4787.475584024799,89762.99677866428
4787.5004813814785,89850.174852836
4787.525378867638,90207.45384861209
4787.550276483277,90795.56594582963
4787.575174228397,91155.34951240564
4787.600072102998,91244.50940773805
4787.624970107081,90853.26623233636
4787.649868240646,90642.25848322085
4787.674766503695,91421.72213643132
4787.699664896227,91166.36874202016
4787.724563418244,91046.84752870703
4787.749462069746,91454.23576036324
4787.774360850734,91045.94338899414
4787.799259761209,91314.87003365826
4787.824158801171,91423.40429940932
4787.84905797062,91231.51865253138
4787.8739572695595,91291.1907013197
4787.898856697987,91278.322392627
4787.923756255905,90758.09403585624
4787.948655943313,90137.41237246334
4787.973555760213,89866.69670522881
4787.998455706604,89086.42154056096
4788.023355782489,87759.31321222984
4788.048255987866,86093.10340730235
4788.073156322737,83664.68347816514
4788.098056787103,81327.40059461968
4788.122957380965,79005.42002870092
4788.147858104322,76428.46300834187
4788.1727589571765,74684.3175529599
4788.1976599395275,74203.61452226786
4788.222561051378,74189.18354642925
4788.247462292726,76146.4894287078
4788.272363663573,77971.5203177051
4788.297265163921,79973.68158104592
4788.32216679377,81706.26878328914
4788.347068553119,83146.96442981841
4788.371970441971,85019.53086507652
4788.3968724603255,86743.18488368895
4788.421774608183,87627.0291853586
4788.4466768855455,88278.8420629672
4788.471579292413,89171.2370440026
4788.496481828784,89671.56729658322
4788.521384494663,89481.77954505077
4788.546287290048,89744.13395326691
4788.5711902149405,89255.55831342812
4788.5960932693415,88213.64794351267
4788.620996453251,86975.02372601363
4788.6458997666705,85363.66269575777
4788.670803209599,83329.98859755829
4788.695706782039,80821.55587985489
4788.720610483991,78067.54493061939
4788.745514315455,75716.41904577808
4788.770418276431,73911.97939664824
4788.795322366921,72671.16665603359
4788.820226586925,72821.18498503331
4788.845130936445,72348.40560821744
4788.870035415479,72268.9028210303
4788.89494002403,71946.12607410543
4788.9198447620975,71455.33980096661
4788.9447496296825,70152.52845234264
4788.969654626786,68254.77061019748
4788.994559753409,66188.14839575665
4789.019465009551,63504.194595821515
4789.044370395212,61168.383460205325
4789.069275910396,60434.14486585073
4789.0941815551005,61151.63252896175
4789.119087329328,62750.120394281716
4789.143993233078,65255.34213511391
4789.168899266351,68549.8344413216
4789.1938054291495,72200.62607504659
4789.218711721472,75362.7377658539
4789.24361814332,78217.72153218676
4789.268524694696,80916.17521814925
4789.293431375597,83058.59543648224
4789.318338186026,85016.57453905382
4789.343245125984,86621.38651290935
4789.368152195471,88050.37418572877
4789.393059394488,88819.09437953586
4789.417966723035,90154.10339552947
4789.4428741811125,90444.03480732451
4789.467781768722,90977.05358681359
4789.492689485864,91578.66274342153
4789.517597332539,91457.69865494911
4789.542505308747,90995.54429704395
4789.567413414491,91006.42395442742
4789.5923216497695,91572.66032746893
4789.617230014583,91503.93177318032
4789.642138508933,90643.05290762597
4789.667047132821,90636.48852962207
4789.691955886246,90327.93204763108
4789.71686476921,90218.37674567732
4789.741773781712,89959.28333111145
4789.766682923755,89933.06870317906
4789.791592195338,90217.85779635621
4789.816501596462,90251.1711046826
4789.841411127129,90178.42663990945
4789.866320787337,90447.38096348818
4789.891230577088,90549.99880185076
4789.916140496383,90499.21344276516
4789.941050545223,90359.76653929237
4789.965960723609,90132.088505489
4789.990871031539,89979.70210732151
4790.015781469017,89980.559504933
4790.040692036042,90368.38374003027
4790.065602732615,90376.84265413087
4790.090513558735,90391.50765743942
4790.115424514406,90459.41967864711
4790.140335599626,90037.07631581722
4790.165246814397,90123.7912111258
4790.190158158719,90168.22803326053
4790.2150696325925,90423.1532652794
4790.239981236019,89831.38824647613
4790.264892968999,90001.18779059564
4790.289804831533,89855.47430418587
4790.314716823621,89492.48493229285
4790.339628945265,89372.7890482943
4790.364541196464,89233.94136023111
4790.389453577221,88920.71180309357
4790.414366087534,88377.34515167549
4790.4392787274055,87541.760193993
4790.464191496836,86830.6749598515
4790.489104395825,85489.89358874958
4790.514017424374,84078.98385151764
4790.538930582485,82580.3114386281
4790.563843870156,80766.30131690128
4790.58875728739,79521.2112107786
4790.613670834186,78751.94213348486
4790.638584510546,78196.01912978725
4790.6634983164695,78085.03887546946
4790.688412251958,78771.97861812188
4790.713326317011,80104.1798398945
4790.738240511631,81467.04521979214
4790.763154835818,82612.62395815135
4790.7880692895715,83843.0063480194
4790.812983872894,85641.92454021444
4790.837898585784,86371.90618749047
4790.862813428244,87229.26038456612
4790.887728400275,87776.44021064856
4790.912643501876,88299.93674589657
4790.937558733049,88780.09368985887
4790.962474093793,89081.0753488856
4790.98738958411,89274.23862267623
4791.012305204002,89300.9091474537
4791.037220953466,89287.42122524086
4791.062136832506,89423.30683541128
4791.0870528411215,90113.16175963708
4791.111968979313,89616.30297489311
4791.136885247081,89835.0976275751
4791.161801644428,89866.4380477155
4791.1867181713515,90388.71672041662
4791.211634827855,90264.82873742325
4791.236551613937,89959.7698086687
4791.2614685296,90142.88763491513
4791.286385574844,90392.1994613869
4791.311302749669,90873.19545228173
4791.336220054077,91421.48971485953
4791.361137488067,91612.52889147894
4791.386055051641,91403.63497631976
4791.4109727447985,91182.76432250238
4791.435890567542,90933.07365314588
4791.460808519871,91201.87539386575
4791.485726601786,90454.51380518379
4791.510644813287,89740.22911371029
4791.535563154377,89553.60999137256
4791.560481625055,88668.20474991733
4791.585400225322,87291.36291548032
4791.610318955179,86478.18883059277
4791.635237814626,85328.55508154888
4791.660156803663,82953.15572568147
4791.6850759222925,80805.0043776758
4791.709995170515,78482.9065495813
4791.7349145483295,75227.93435105443
4791.759834055738,72364.31804485964
4791.784753692741,69521.26032312779
4791.809673459339,67042.97990362
4791.834593355533,64797.514225453764
4791.859513381322,63361.39289185329
4791.884433536709,63131.910076179476
4791.909353821695,63490.92285409642
4791.934274236278,65010.804691043624
4791.95919478046,67245.84942238746
4791.984115454243,70005.4398057035
4792.009036257625,72589.17181381212
4792.033957190609,75908.89407770001
4792.058878253194,78996.75820474965
4792.083799445382,81231.10577426845
4792.108720767173,82892.13096135
4792.133642218568,84126.92406891439
4792.158563799567,85228.28809890714
4792.1834855101715,86107.60389244037
4792.208407350382,86334.6753424029
4792.233329320198,86330.04096518128
4792.258251419622,86383.89618501638
4792.283173648654,86896.71778144676
4792.308096007295,87091.15552295174
4792.333018495544,87202.22984040173
4792.357941113403,87554.02632331908
4792.382863860873,88252.31389985257
4792.407786737955,88746.23510651881
4792.432709744648,89050.31450622156
4792.457632880953,89235.6042012171
4792.4825561468715,89352.28732338213
4792.507479542404,89571.92613344111
4792.532403067552,89671.5190060518
4792.557326722314,89605.68221806904
4792.582250506693,89709.63560513407
4792.607174420688,90192.80252436534
4792.632098464301,90424.81253475822
4792.657022637531,89904.33082861152
4792.68194694038,89922.12251658755
4792.706871372848,89982.53303185928
4792.731795934937,90107.65313284501
4792.756720626645,90373.12247492987
4792.781645447975,90407.93790092319
4792.806570398928,90289.56624451296
4792.831495479502,90247.4883168378
4792.856420689701,90394.87056153579
4792.881346029523,91119.10863421303
4792.90627149897,90704.79966520309
4792.9311970980425,91387.8515691956
4792.956122826741,91286.22345378603
4792.9810486850665,91601.37666154944
4793.0059746730185,91630.06009266173
4793.030900790599,91639.75000470396
4793.055827037809,91898.04788700526
4793.080753414647,91793.27888153034
4793.1056799211165,91772.81224991874
4793.130606557216,92025.9260431325
4793.155533322947,91612.20890435281
4793.18046021831,91763.01128245355
4793.205387243306,91863.03790478167
4793.230314397935,91853.05236598682
4793.255241682199,91818.31784377442
4793.280169096098,92066.7441885591
4793.305096639631,91751.92449378374
4793.3300243128015,91335.7390467346
4793.354952115608,91268.44646714866
4793.379880048053,91284.54174557548
4793.404808110135,91330.43441752782
4793.429736301857,91388.57105065291
4793.4546646232175,91320.44129269171
4793.479593074218,91408.22299235125
4793.504521654861,91437.90843561142
4793.529450365144,91270.29967860845
4793.554379205069,91275.65046442274
4793.579308174639,91114.31887442966
4793.60423727385,91555.84065256313
4793.629166502707,91614.55168319252
4793.654095861209,91363.2245946442
4793.6790253493555,91413.3823174396
4793.703954967149,91415.810642167
4793.728884714589,91041.69269940395
4793.753814591677,90789.12311766135
4793.778744598413,90878.01774817065
4793.803674734798,90921.42343881007
4793.828605000833,90871.85635969152
4793.853535396518,90913.09576048322
4793.878465921854,90902.44857006804
4793.903396576842,91574.38347401717
4793.928327361482,91533.13904346214
4793.953258275775,91333.73709494126
4793.978189319721,91361.81825144727
4794.003120493323,91421.36483979588
4794.028051796579,91294.57191850686
4794.052983229491,91135.81482936366
4794.077914792059,91027.53497664093
4794.102846484285,90934.84851061067
4794.127778306168,90800.26286113565
4794.152710257709,89753.06763388496
4794.177642338909,89656.48422387663
4794.202574549769,89324.23919196315
4794.227506890291,89084.50696578593
4794.252439360473,89005.4447544015
4794.277371960316,88799.57224100707
4794.302304689822,88992.1330978684
4794.327237548991,89340.34113283573
4794.352170537824,89554.4728434944
4794.377103656322,89772.3143799483
4794.402036904485,90254.08237106394
4794.426970282313,90932.9748504666
4794.451903789808,91131.240357765
4794.47683742697,91173.71063460413
4794.5017711938,91177.12558433987
4794.5267050902985,91051.85842675985
4794.5516391164665,91284.02075139112
4794.576573272304,90928.24185289248
4794.601507557812,90811.57982834821
4794.626441972991,91130.62431176486
4794.651376517842,90964.5414960784
4794.6763111923665,91027.14665261966
4794.701245996564,91177.7672846045
4794.726180930434,90980.29441081772
4794.7511159939795,91317.35613844712
4794.7760511872,91391.4465479205
4794.800986510098,91101.71350366996
4794.825921962671,91210.22900287576
4794.850857544921,90986.46293207558
4794.87579325685,90577.77122778253
4794.900729098457,90382.7664756632
4794.925665069743,90186.78756648298
4794.95060117071,90250.7398285044
4794.9755374013575,90554.99671836889
4795.000473761686,90589.99465762611
4795.0254102516965,90681.3835001433
4795.05034687139,90858.33020082531
4795.075283620767,90823.64827529478
4795.100220499827,91028.09621269463
4795.125157508573,91073.67097755945
4795.150094647003,91545.55472703963
4795.17503191512,91560.76554069183
4795.199969312924,91135.7462492145
4795.224906840414,91145.81144098665
4795.249844497594,91228.79517612698
4795.274782284461,91028.21118164615
4795.299720201018,90605.56658176282
4795.324658247266,90750.27508946726
4795.349596423203,90957.33591462103
4795.374534728833,90942.59701582945
4795.399473164155,90914.52709146343
4795.424411729169,90690.13124904151
4795.449350423877,90616.69059211123
4795.474289248279,89867.03194674871
4795.499228202376,90064.64001503513
4795.524167286168,89206.2849170855
4795.549106499658,88641.46332806055
4795.574045842843,88753.26083917062
4795.598985315725,88358.60459559668
4795.623924918307,87755.22003734368
4795.648864650587,87801.63143741006
4795.673804512567,88174.10707228092
4795.698744504246,88690.61762140822
4795.723684625626,89437.34099899224
4795.748624876709,89777.72088741783
4795.773565257494,89536.428619611
4795.798505767981,89536.33234721742
4795.823446408172,89843.27641614748
4795.848387178067,90035.66408840717
4795.873328077668,90455.03920002368
4795.898269106973,90369.90051181288
4795.923210265985,90418.82973471937
4795.948151554705,90522.06970907986
4795.973092973131,90446.2227096862
4795.998034521266,90454.11068598529
4796.02297619911,90693.45691959909
4796.047918006664,90683.77004886072
4796.072859943928,90478.24132385086
4796.097802010903,90436.20212116858
4796.12274420759,90427.15353604357
4796.147686533989,90662.7901555228
4796.172628990101,90490.31123709555
4796.197571575927,90215.9425499649
4796.222514291467,90337.90317075116
4796.247457136722,89953.52142259148
4796.272400111693,89959.45500798179
4796.297343216381,89829.93494879288
4796.322286450785,89693.15868936939
4796.347229814908,89191.5244339097
4796.372173308749,88832.63251257483
4796.397116932309,88701.86865539066
4796.422060685588,88464.9796013669
4796.4470045685875,88130.38668030029
4796.471948581309,87476.57363187805
4796.496892723752,87064.5439785726
4796.5218369959175,86854.82255125612
4796.546781397807,86200.62687599556
4796.571725929419,87146.54267579796
4796.596670590756,87202.12432503363
4796.621615381818,87470.49366636231
4796.646560302605,87720.10265887908
4796.671505353121,88128.9367107536
4796.696450533362,88699.15110137488
4796.721395843331,89166.35529720063
4796.74634128303,89538.2813944886
4796.771286852458,89800.03951794199
4796.796232551615,89925.14324253246
4796.821178380503,90184.38000951476
4796.846124339121,90504.6072061785
4796.871070427473,90608.02414090036
4796.896016645556,91037.36263927458
4796.920962993373,90655.32623528062
4796.945909470925,90734.38726259017
4796.970856078209,90676.10003585657
4796.9958028152305,90703.71711100404
4797.020749681988,91068.44254986827
4797.04569667848,90916.12237982154
4797.070643804712,90380.83291743434
4797.09559106068,90509.20092051825
4797.120538446387,90665.63268754106
4797.145485961834,90732.24675114082
4797.170433607022,91203.61472010802
4797.195381381948,90925.3650627685
4797.220329286618,90853.47993741323
4797.245277321028,90859.01606108979
4797.270225485182,90372.61980273548
4797.295173779079,90538.81140421209
4797.32012220272,90818.85042939101
4797.345070756106,91044.75797167019
4797.370019439238,90513.72773389956
4797.394968252114,90093.30082829241
4797.419917194738,90187.11730073098
4797.44486626711,90179.3491285702
4797.4698154692305,89835.91176877961
4797.494764801098,89626.80535842925
4797.519714262717,89051.2197110881
4797.544663854084,87787.37588136054
4797.569613575203,86897.68747171192
4797.594563426074,85282.82089226902
4797.619513406697,83378.81427085506
4797.644463517072,81534.61224072234
4797.669413757201,79305.49557669216
4797.694364127084,77546.20250921138
4797.719314626722,75686.03733782344
4797.744265256116,74425.25187775418
4797.769216015266,72543.79253112995
4797.794166904172,69993.1966978768
4797.819117922836,67066.93055571173
4797.844069071259,63558.072122147074
4797.86902034944,59365.60844366783
4797.893971757381,55155.639581857635
4797.918923295082,51888.64817111077
4797.943874962544,49695.699359200495
4797.9688267597685,49245.45813161886
4797.993778686754,50462.09438337457
4798.0187307435035,52813.50111758326
4798.043682930016,56033.29370593183
4798.068635246293,59545.44830533683
4798.093587692335,63596.74774983472
4798.118540268143,67245.84468055658
4798.143492973717,70576.58622465712
4798.168445809058,73739.03379282131
4798.193398774167,76904.10396034896
4798.2183518690435,79556.48810672117
4798.24330509369,82002.60632532071
4798.268258448105,84448.13726005005
4798.293211932291,85798.57338648813
4798.318165546249,86819.02434464732
4798.343119289978,88102.29985780548
4798.3680731634795,89028.74959966559
4798.393027166754,89349.81118222282
4798.417981299802,90507.70864538656
4798.442935562624,90178.04434116631
4798.467889955223,90765.78669811311
4798.492844477596,90802.31591618713
4798.517799129746,90637.28694506105
4798.542753911674,90691.67767307961
4798.567708823378,90841.57560627052
4798.592663864862,90688.38029701868
4798.617619036125,90390.28329916527
4798.642574337167,90140.50774322942
4798.66752976799,89813.73849119217
4798.692485328595,89526.17740801512
4798.71744101898,88607.67558343614
4798.742396839149,87495.53602844678
4798.7673527891,86168.53188812503
4798.792308868837,85558.76248876716
4798.817265078356,84181.36586303878
4798.842221417662,84164.71649742723
4798.867177886754,84236.06615305295
4798.892134485632,84453.82281816167
4798.917091214296,84827.1538491303
4798.9420480727495,85384.68967537644
4798.967005060992,86061.02237837917
4798.991962179022,86833.11561232788
4799.016919426844,86927.05229293622
4799.041876804456,86721.7678341954
4799.066834311859,87099.24266797537
4799.091791949053,86276.24040326578
4799.116749716041,85293.60940151887
4799.141707612822,84394.54886835677
4799.166665639397,82759.87872897893
4799.191623795767,81186.72934664837
4799.216582081932,79774.37024462597
4799.241540497893,78143.35622380009
4799.266499043651,76900.93686315339
4799.291457719206,75577.8737820758
4799.316416524559,74228.59752171049
4799.34137545971,73568.54368068484
4799.366334524662,73305.86236025563
4799.391293719414,73528.80627947074
4799.416253043966,74298.924826759
4799.441212498319,75079.31267020447
4799.466172082475,76462.0745873069
4799.491131796434,78348.92716526112
4799.516091640196,79588.64857628164
4799.541051613762,81416.4973246493
4799.566011717133,82702.89193412535
4799.59097195031,84309.05542339846
4799.615932313292,85630.9810537152
4799.640892806082,86480.70198819532
4799.665853428678,87771.3487004145
4799.690814181084,88410.10941586547
4799.715775063298,88732.88134550494
4799.740736075321,89349.69967736187
4799.765697217154,89748.33051905296
4799.7906584888,89881.82184352736
4799.815619890255,89680.12750671947
4799.840581421524,88943.91964778399
4799.865543082606,88282.42334366802
4799.8905048735005,87560.0858114771
4799.915466794209,86438.66421728572
4799.940428844734,85127.12469201349
4799.965391025074,83202.13601418698
4799.99035333523,80979.26383503077
4800.015315775203,79155.747990356
4800.040278344993,76904.07195618023
4800.065241044602,75190.25176096831
4800.09020387403,74886.21260126685
4800.115166833278,75304.4542293818
4800.140129922345,76386.21139739273
4800.165093141234,78173.37357227906
4800.190056489945,79938.71884312421
4800.215019968478,81273.71385860437
4800.239983576834,82205.58782102284
4800.264947315014,82794.12905497864
4800.289911183018,83178.36829428113
4800.314875180848,83133.33685007888
4800.339839308503,82864.05313402673
4800.3648035659835,82208.76244899031
4800.389767953292,81337.92836253441
4800.414732470428,79994.94135904116
4800.439697117393,79084.49667311748
4800.464661894187,78670.17724379656
4800.489626800811,79061.97897675821
4800.514591837265,80127.02829430506
4800.53955700355,81196.31886979265
4800.564522299666,82562.88036406339
4800.589487725616,84375.9062295626
4800.614453281399,85634.09414258262
4800.639418967015,86301.8279485663
4800.664384782466,87313.46796588185
4800.689350727752,88215.27183282084
4800.714316802874,88601.76878493742
4800.739283007833,89535.8216418219
4800.764249342628,90474.01904295788
4800.789215807263,90648.42371210772
4800.814182401735,91178.98289208725
4800.839149126046,91095.98752613393
4800.864115980197,90934.79966189194
4800.88908296419,91049.35951511488
4800.914050078023,91237.16033504462
4800.939017321698,91025.11143311144
4800.963984695216,91269.48657803779
4800.988952198577,91182.64498808423
4801.013919831783,90736.43962963711
4801.038887594832,90890.67154382444
4801.063855487728,91061.75266529746
4801.0888235104685,90826.5713369843
4801.113791663056,90654.95862876008
4801.138759945491,90495.47792584602
4801.163728357775,90741.2045908885
4801.188696899906,90824.00318654157
4801.213665571888,90819.25752564674
4801.238634373719,91141.96497774764
4801.2636033054005,91010.76498052805
4801.288572366934,90860.12810946925
4801.313541558319,90707.30231225629
4801.338510879558,90842.14097982307
4801.3634803306495,91115.79482254185
4801.388449911595,90957.71608944511
4801.413419622396,90861.90971084184
4801.438389463052,90961.61005849532
4801.463359433564,91274.03639096176
4801.488329533932,91317.12965211339
4801.513299764159,91120.56147967336
4801.538270124243,91267.20376028934
4801.563240614187,91228.71784367165
4801.58821123399,91011.76448959633
4801.613181983653,90578.17051510207
4801.638152863176,91267.56512031314
4801.663123872562,91012.25257382297
4801.688095011809,91494.03261828398
4801.7130662809195,91020.4499965672
4801.738037679894,90956.25241008136
4801.763009208732,90994.91377214754
4801.787980867435,91083.18266750943
4801.812952656004,91025.09036109746
4801.837924574439,90618.83388218693
4801.862896622741,90012.2465953716
4801.887868800911,89569.83200736727
4801.912841108949,89332.8119803747
4801.937813546855,88840.30093613804
4801.962786114632,88459.98078771753
4801.987758812278,88490.50971700008
4802.012731639796,88360.4843647617
4802.037704597185,88592.3141937101
4802.0626776844465,88446.71910510678
4802.087650901582,87978.80648684817
4802.11262424859,87343.96836533272
4802.137597725473,86796.77351438598
4802.16257133223,85738.61365147054
4802.187545068864,84028.03290608342
4802.212518935374,82212.43040616403
4802.237492931761,80195.14770109419
4802.262467058025,78242.45179988512
4802.287441314168,76446.66211906327
4802.31241570019,75339.81147632106
4802.337390216093,75694.97677300638
4802.362364861875,76781.05580525496
4802.387339637538,77956.65420918373
4802.412314543084,79490.52952854017
4802.437289578512,81252.96172474224
4802.462264743823,82766.19982583131
4802.487240039017,83905.11999189299
4802.512215464096,85630.4400197974
4802.537191019061,86975.69892049402
4802.56216670391,87489.49399735185
4802.587142518648,88771.65278047477
4802.612118463271,89120.0688585899
4802.637094537783,89656.80841351535
4802.6620707421835,90034.03714118543
4802.687047076473,90314.90548986061
4802.712023540653,90763.67538553139
4802.737000134723,90972.15412818847
4802.761976858684,91301.95019211939
4802.786953712537,91089.75611001297
4802.811930696283,90961.81027774798
4802.836907809922,91150.63400076519
4802.861885053455,91052.98421639144
4802.8868624268825,90985.12549980664
4802.911839930205,90875.05965766791
4802.9368175634245,90629.80004717775
4802.96179532654,90481.25838639615
4802.986773219553,90427.69642588696
4803.011751242463,90639.11559113837
4803.036729395273,90742.76364799398
4803.061707677982,90431.83270008108
4803.086686090591,90783.5285976382
4803.1116646331,90365.28342973521
4803.136643305512,90292.65312681005
4803.161622107825,90475.05737246123
4803.186601040041,90045.0761631077
4803.21158010216,90313.31242862572
4803.236559294183,90047.4681341137
4803.261538616111,90002.03199236064
4803.286518067945,89884.64515375353
4803.3114976496845,89568.00364863731
4803.33647736133,89208.30090646935
4803.361457202885,88386.5251264072
4803.386437174347,87842.23752845409
4803.411417275717,87553.1164737318
4803.436397506997,87151.4424815925
4803.461377868188,86314.69822508139
4803.486358359289,86362.92588486058
4803.511338980302,86521.15242461492
4803.536319731226,87193.3621922336
4803.561300612065,87403.0247330297
4803.5862816228155,87773.1506982504
4803.611262763481,88171.0961776964
4803.636244034062,88877.95670813537
4803.661225434558,89261.33057010389
4803.686206964971,89469.87997959231
4803.7111886253,89708.49656226159
4803.736170415546,90094.58722673696
4803.761152335712,90037.22654499032
4803.786134385796,89816.53313861693
4803.811116565799,89641.7585238145
4803.836098875723,89426.57392866394
4803.861081315567,89181.37587565184
4803.886063885335,88670.85298205024
4803.9110465850235,88202.732800614
4803.936029414635,87703.13743452443
4803.96101237417,87441.1677071299
4803.98599546363,87427.90873822608
4804.010978683015,87454.76226886851
4804.035962032326,87117.20176663248
4804.060945511563,87408.94172665059
4804.085929120727,86795.79844897735
4804.110912859819,86062.2983294167
4804.135896728839,85669.71919146455
4804.160880727788,85103.92624692665
4804.185864856668,83844.38197126883
4804.210849115477,82269.46627990933
4804.235833504217,80320.8752369506
4804.26081802289,77418.93901328566
4804.285802671495,73922.11385841078
4804.310787450033,69992.93639020828
4804.335772358504,65327.97024156657
4804.36075739691,59890.34149213735
4804.385742565252,54076.077033256166
4804.410727863529,48597.45656543034
4804.435713291743,43479.220640065694
4804.460698849894,38914.954215377096
4804.485684537983,35366.60138986971
4804.5106703560095,33399.206723891075
4804.535656303977,33094.86691800316
4804.560642381883,34343.78215793145
4804.58562858973,37295.72248349515
4804.610614927518,41152.780284706234
4804.635601395248,45469.02119375934
4804.660587992921,50341.04906383427
4804.685574720537,55351.83442228299
4804.710561578097,60478.457796352675
4804.735548565602,64888.70654218525
4804.760535683052,68607.32922434247
4804.785522930448,71724.3204917234
4804.81051030779,74320.1024523019
4804.83549781508,76490.34265492027
4804.860485452317,78859.41791949369
4804.885473219504,81055.76125753355
4804.91046111664,82414.80320246721
4804.935449143726,83861.85167171428
4804.960437300762,85279.22573867707
4804.985425587751,86752.63414220691
4805.010414004691,87227.64015729458
4805.0354025515835,88279.18922476067
4805.06039122843,88722.4613820696
4805.08538003523,89004.0031898408
4805.110368971985,90312.36464178386
4805.135358038696,90189.09255558572
4805.160347235362,90647.99382767867
4805.185336561985,90902.0955530282
4805.210326018566,90588.82013019612
4805.235315605105,90502.86095250114
4805.260305321603,90661.84417899816
4805.285295168061,90547.99221137763
4805.310285144477,90683.22229369925
4805.335275250856,90788.73224617726
4805.360265487196,90769.10446596361
4805.385255853498,91014.32586983895
4805.410246349763,90940.74959325543
4805.435236975991,90703.08387220188
4805.460227732184,90724.37102320332
4805.485218618341,90331.37517260107
4805.510209634464,89885.06226007943
4805.535200780553,89467.59342658154
4805.56019205661,89076.01788749215
4805.585183462634,87981.4407291674
4805.610174998626,86795.51058460311
4805.635166664587,85657.07266890783
4805.660158460518,83967.6099510439
4805.685150386419,82691.71897439682
4805.710142442291,81224.61761825597
4805.735134628134,80317.95247205943
4805.76012694395,79695.06528842945
4805.7851193897395,80130.80416582452
4805.810111965502,80697.20650654967
4805.835104671239,81659.78185800265
4805.860097506951,82843.93880141104
4805.885090472639,84334.56352819136
4805.910083568303,85084.56144466564
4805.935076793944,85649.57545292794
4805.960070149564,86660.66058243132
4805.985063635161,87381.09023818135
4806.010057250737,88060.2992223055
4806.035050996294,88391.75271463986
4806.0600448718305,88616.9528604067
4806.085038877348,88520.03329170843
4806.110033012847,88066.48556619923
4806.135027278329,87869.91784426823
4806.160021673795,87405.31063086395
4806.185016199244,86701.36541773115
4806.210010854677,85021.78066011477
4806.2350056400965,84179.91341760349
4806.2600005555005,82397.65943613231
4806.284995600892,81368.8971114311
4806.30999077627,80021.62076823537
4806.334986081636,78022.04721247058
4806.359981516991,76649.97087726928
4806.384977082335,75485.78964977781
4806.409972777669,74971.98954051228
4806.434968602994,75224.93478440435
4806.459964558309,76054.90843597795
4806.484960643616,77582.67983938663
4806.509956858918,79159.15120016149
4806.534953204211,80692.61491715028
4806.5599496794985,82293.7812593716
4806.58494628478,83626.99594699297
4806.6099430200575,84838.85210347475
4806.634939885332,85717.32292491107
4806.659936880602,86641.26637274283
4806.684934005869,87498.91260607557
4806.709931261134,87644.7145464755
4806.734928646399,88332.04367198038
4806.759926161662,88795.2203520757
4806.784923806926,89118.1996113662
4806.80992158219,89233.83713467237
4806.834919487455,89157.49393864408
4806.859917522724,89184.61072887844
4806.884915687994,88882.06867629148
4806.909913983268,88547.386243494
4806.934912408547,88271.83485971928
4806.959910963829,87888.56243729804
4806.984909649117,86967.68381965143
4807.009908464412,86147.53183093797
4807.034907409713,85373.62476109034
4807.059906485022,84013.70482267546
4807.084905690339,82584.51899096619
4807.109905025664,81656.41851282457
4807.134904491,81209.91352561666
4807.159904086346,81179.75611406907
4807.184903811702,81705.96297232242
4807.20990366707,82740.18723850972
4807.234903652449,83878.2715013139
4807.259903767843,84904.00059378611
4807.284904013249,85539.18099770733
4807.30990438867,86453.45678023418
4807.334904894105,87154.49358004208
4807.359905529557,87843.69288990939
4807.384906295025,88310.29907988831
4807.409907190509,89041.77525449432
4807.4349082160115,88455.09705787941
4807.4599093715315,88674.0301174775
4807.484910657071,88615.76603741357
4807.50991207263,88190.8211291222
4807.534913618209,87536.48238552998
4807.55991529381,87395.58475461685
4807.5849170994325,87216.24464768392
4807.609919035077,87374.51616145404
4807.634921100744,87786.83174564682
4807.659923296435,88095.21200971505
4807.684925622151,88452.22102520101
4807.709928077891,88630.48580800067
4807.734930663658,88674.06085611357
4807.759933379451,88900.72080804512
4807.784936225271,89201.86811553576
4807.809939201118,89010.23422573436
4807.834942306995,88371.16323120962
4807.8599455429,87749.02895242716
4807.884948908835,86897.37785524485
4807.909952404801,85983.83513911115
4807.934956030797,84824.31953849745
4807.9599597868255,83733.39131963062
4807.984963672887,82238.26952705499
4808.00996768898,81337.24254509948
4808.034971835109,80421.85632521853
4808.059976111272,79050.2222390711
4808.084980517469,78115.43846956038
4808.109985053703,78160.36262526002
4808.134989719973,78192.83458227452
4808.159994516281,79079.30626834524
4808.184999442626,79932.59199477742
4808.21000449901,80873.4956585737
4808.235009685433,81121.16758368874
4808.260015001896,81372.23188287108
4808.2850204484,81911.79213283522
4808.310026024945,82079.29712550993
4808.335031731533,82302.6565473041
4808.360037568162,82557.54492650255
4808.385043534835,82141.42996353105
4808.410049631552,82237.5866989109
4808.435055858314,82773.47697360831
4808.460062215121,82906.83168059462
4808.485068701973,83245.51437388785
4808.5100753188735,83825.64064494023
4808.5350820658205,84451.03605248965
4808.560088942816,84869.24595464706
4808.58509594986,85343.75573021903
4808.610103086953,85912.63749287721
4808.6351103540965,86343.99817104265
4808.660117751291,87285.30670935837
4808.685125278536,87628.53252289866
4808.710132935835,88090.52785415198
4808.735140723185,88750.25987889686
4808.760148640589,89196.56870757182
4808.785156688047,89714.29321605731
4808.81016486556,89964.67297952724
4808.835173173129,90255.54652013784
4808.860181610753,90245.56314456022
4808.885190178435,90138.74726418336
4808.910198876174,90627.25825506038
4808.935207703971,90602.1514531843
4808.960216661827,90681.09556026044
4808.985225749743,90524.15105932791
4809.010234967719,90683.35002711057
4809.035244315755,90778.91292809884
4809.060253793854,90757.96419969024
4809.085263402015,90859.83256440985
4809.110273140238,90802.16929758259
4809.135283008525,90641.83541692424
4809.160293006877,90689.67554540445
4809.185303135294,90793.76861543296
4809.210313393775,90603.57153109564
4809.2353237823245,90292.93772494535
4809.26033430094,89994.58316489041
4809.285344949622,89489.98303400328
4809.310355728374,89082.04483567363
4809.335366637194,89011.27885633077
4809.360377676085,88797.94949704641
4809.385388845045,88642.89408113796
4809.410400144076,88698.51038462011
4809.43541157318,89044.31940784275
4809.460423132356,89269.17921576217
4809.485434821605,89282.27631358196
4809.5104466409275,89466.50819678305
4809.535458590324,89566.04816480269
4809.560470669797,89073.15037846395
4809.585482879344,89713.72287649439
4809.610495218969,89411.18389622468
4809.63550768867,89436.41715576989
4809.660520288449,89063.49389278759
4809.685533018307,88293.60013052147
4809.710545878244,87706.89302667927
4809.735558868261,86867.90587467168
4809.760571988359,85427.3404967614
4809.785585238537,83702.42748947124
4809.8105986187975,81476.65950030797
4809.835612129141,78426.69520739085
4809.8606257695665,75233.43964127079
4809.885639540077,71896.64967489665
4809.910653440672,68821.66072347043
4809.935667471352,66206.92704144934
4809.9606816321175,64673.98582194005
4809.98569592297,65141.27838385483
4810.01071034391,66666.13819452486
4810.035724894938,68853.59712838681
4810.060739576054,70867.7602229817
4810.08575438726,73193.53992506608
4810.110769328556,75088.02368666581
4810.135784399942,76701.40389124713
4810.16079960142,78416.00811152271
4810.18581493299,79952.26841391675
4810.2108303946525,81787.02278120753
4810.235845986408,83657.64854160411
4810.260861708258,84869.21467544705
4810.285877560203,85869.77577688174
4810.310893542242,87673.18459291798
4810.335909654379,87694.31688744872
4810.360925896612,87958.51757801803
4810.385942268942,88337.92461586947
4810.410958771371,88791.8228921732
4810.435975403898,88822.91837285238
4810.460992166525,88668.90168855537
4810.486009059252,88650.05039268277
4810.511026082079,88091.25008995256
4810.536043235008,87899.90531601099
4810.56106051804,87688.60783716453
4810.586077931174,87665.3606832996
4810.611095474412,87439.75236013527
4810.636113147753,86921.71794455101
4810.661130951201,86188.89593118924
4810.686148884753,85171.41373458068
4810.711166948411,83802.97244019259
4810.736185142177,82906.52762385228
4810.761203466051,82493.64421830783
4810.7862219200315,82122.67953155936
4810.811240504122,82484.44480166618
4810.836259218322,83101.27879216392
4810.861278062632,84098.44934414454
4810.886297037053,85270.46783166444
4810.911316141586,85968.81220895477
4810.936335376231,86869.33291393162
4810.961354740989,87076.73734306966
4810.986374235861,87888.90740162195
4811.011393860847,88505.7208034502
4811.036413615949,88793.64511226493
4811.061433501165,89306.7848991392
4811.086453516499,89388.85904065918
4811.111473661949,90159.91064784302
4811.136493937517,90227.07138477007
4811.161514343204,90503.30152068016
4811.18653487901,90430.02751882319
4811.2115555449345,90496.92785501778
4811.236576340981,90068.24690334374
4811.261597267147,89848.46638974578
4811.286618323436,89705.41297471184
4811.311639509848,88948.2520593193
4811.336660826381,88736.94433153553
4811.36168227304,88298.35078230515
4811.386703849823,87312.76325072249
4811.411725556731,86630.90139072313
4811.436747393765,85970.95674078164
4811.461769360924,85581.55482067188
4811.486791458212,85009.12638592321
4811.511813685627,84068.728010245
4811.536836043171,83267.23034919809
4811.561858530845,81434.05982067269
4811.586881148647,78951.53960157244
4811.611903896581,76478.43861099088
4811.636926774646,73214.33285239775
4811.661949782843,69214.84917513926
4811.686972921172,65025.57918218173
4811.711996189635,61093.47924229569
4811.737019588232,57886.3808873282
4811.7620431169635,55830.12176642513
4811.787066775831,55422.01874321077
4811.812090564833,57185.09723454195
4811.837114483972,59824.856648822584
4811.862138533249,63116.33156875214
4811.887162712665,66808.67479162978
4811.912187022218,70424.06409007327
4811.937211461911,73421.08065704105
4811.9622360317435,76713.721743941
4811.9872607317175,79156.9157247954
4812.012285561833,81936.6911671968
4812.03731052209,83822.13059366582
4812.06233561249,85670.0399975091
4812.087360833034,86577.7028683223
4812.112386183721,88212.83398898855
4812.137411664554,88929.10334913642
4812.162437275531,89093.07789230444
4812.187463016656,89171.75839444784
4812.212488887927,89271.35683894201
4812.237514889345,88883.35021360438
4812.262541020912,88068.31325784356
4812.287567282628,87489.45320704741
4812.312593674493,87189.96690139093
4812.3376201965075,86725.60262335735
4812.362646848674,86429.92026599876
4812.387673630992,85917.4830642585
4812.412700543462,85844.46016299224
4812.437727586084,85640.31941714264
4812.462754758862,85886.47244965249
4812.487782061792,85688.31937690923
4812.512809494878,85549.16499086314
4812.537837058119,86052.37192266493
4812.562864751517,86340.81218081017
4812.587892575072,86683.614867219
4812.612920528784,87323.4115403655
4812.637948612655,87566.41768308014
4812.662976826685,87908.13586177643
4812.688005170874,88527.44150854756
4812.713033645224,88440.41471678467
4812.738062249735,88196.26750718162
4812.763090984407,87966.89801606406
4812.788119849242,87392.61637015629
4812.8131488442405,86742.91579480539
4812.838177969402,85719.33979434775
4812.863207224728,85005.41546813122
4812.88823661022,84432.96871105065
4812.913266125877,84127.79897462118
4812.938295771701,84080.0158551988
4812.963325547692,84597.82476066529
4812.98835545385,85450.0128330287
4813.013385490177,85739.9538726905
4813.038415656673,86462.4998739748
4813.063445953339,87294.48728925126
4813.088476380176,87245.60978628075
4813.113506937184,87592.80739813962
4813.138537624364,88267.52705425472
4813.163568441716,88513.26871214496
4813.188599389242,88936.20012432219
4813.213630466941,88358.86542885739
4813.238661674815,88658.14450638762
4813.263693012865,87470.09765448197
4813.28872448109,87428.00158872557
4813.313756079492,86800.27578498787
4813.338787808071,86628.34024349808
4813.363819666828,86161.26220579502
4813.388851655764,85840.52417023564
4813.413883774879,86015.57019865456
4813.438916024174,86824.17286792024
4813.46394840365,87231.25685692673
4813.488980913307,87549.53513566988
4813.5140135531465,87923.68398351563
4813.539046323168,88058.98905988537
4813.5640792233735,88662.53252181977
4813.589112253763,88877.62714119282
4813.614145414337,89113.35899005563
4813.639178705097,88889.47785650489
4813.664212126042,88596.30179360083
4813.689245677175,88531.24176840115
4813.714279358494,88503.3858676573
4813.739313170003,88257.281366301
4813.764347111699,88016.42458981757
4813.789381183586,87648.26033748686
4813.814415385662,87442.80595484374
4813.83944971793,87536.86205792803
4813.864484180388,87190.38590010206
4813.8895187730395,86734.3857092309
4813.914553495883,86360.61571496433
4813.939588348921,86214.60912288097
4813.964623332152,85952.63281367645
4813.989658445579,85429.64068137396
4814.014693689201,85506.17327669516
4814.039729063019,85963.43285765899
4814.064764567034,86460.0396064413
4814.089800201247,87131.91877212346
4814.114835965659,87490.64461005795
4814.139871860269,87812.31662593591
4814.164907885079,88395.75154705881
4814.189944040088,88616.3821777564
4814.2149803253,89292.4047650722
4814.240016740712,89494.63197600291
4814.265053286328,89872.38591954706
4814.290089962146,90639.18202287877
4814.315126768168,90568.33128320402
4814.340163704394,90137.72273612555
4814.365200770825,90253.63468339207
4814.390237967463,90697.06396490103
4814.4152752943055,90872.49845453587
4814.440312751356,90409.80491389138
4814.465350338614,90572.48202667164
4814.490388056081,90188.5418236715
4814.515425903757,90517.10677605348
4814.540463881643,90114.07724165934
4814.5655019897395,89795.278269382
4814.590540228046,89747.71898513575
4814.615578596566,89829.66633798834
4814.640617095297,88699.68804745904
4814.665655724242,88252.80340452232
4814.690694483401,88565.7077234965
4814.715733372774,88773.09384977158
4814.7407723923625,88279.0048276119
4814.765811542166,88541.89487870998
4814.790850822187,88726.22708152758
4814.815890232426,88920.23522670055
4814.840929772881,89115.54747369826
4814.865969443556,89274.59231154667
4814.89100924445,89765.23773932997
4814.916049175564,89587.95386499929
4814.941089236899,89601.61115865198
4814.966129428454,89893.37721040497
4814.991169750232,89726.25903004038
4815.016210202232,89251.93689640064
4815.041250784457,89191.24122668564
4815.066291496904,89215.70572899083
4815.091332339577,89140.39990529206
4815.116373312475,88746.14187671657
4815.141414415599,88059.05099026731
4815.1664556489495,87502.18269428301
4815.191497012527,86863.14842823952
4815.216538506334,86273.68073085265
4815.241580130369,86078.49176995327
4815.2666218846325,85854.07597313111
4815.291663769127,85733.5776627389
4815.316705783853,85943.65111242111
4815.341747928809,85914.01134431735
4815.366790203998,85959.73710357702
4815.39183260942,86227.29047149514
4815.416875145075,86251.90111020618
4815.441917810965,86493.98809160554
4815.466960607088,87146.09401846306
4815.492003533448,87662.90928914782
4815.517046590045,87901.99487958843
4815.542089776877,88462.54089888002
4815.567133093948,88882.77847312781
4815.592176541256,88853.18988837097
4815.617220118804,89066.71064749046
4815.642263826591,89227.18565026176
4815.667307664618,89312.91509967546
4815.692351632887,89383.73685020092
4815.717395731397,89142.69111534808
4815.742439960149,88913.30938483616
4815.767484319144,88689.43783028668
4815.792528808383,87977.59844310656
4815.817573427867,87286.0025444168
4815.842618177595,86959.2674582577
4815.867663057569,86452.54882194258
4815.8927080677895,86467.74744321793
4815.917753208257,86390.43533628361
4815.942798478972,86946.40745869011
4815.967843879936,87193.41049503235
4815.992889411148,87480.97231598546
4816.01793507261,87158.55745428937
4816.042980864323,88415.64166184791
4816.068026786287,88870.0589747894
4816.093072838503,89243.96777305136
4816.118119020971,89252.75208688714
4816.143165333692,89880.105622208
4816.168211776668,90276.07713363798
4816.193258349897,89793.48134002824
4816.218305053382,90280.99794178875
4816.243351887122,90634.51873208898
4816.26839885112,90629.95878638052
4816.2934459453745,90567.62324666651
4816.318493169886,90642.13040889702
4816.343540524657,90470.80575550205
4816.368588009687,91057.46476500724
4816.393635624977,90845.00160960264
4816.418683370528,90606.72563183763
4816.44373124634,90221.53330023699
4816.468779252414,90244.71486367268
4816.49382738875,90347.2418486222
4816.51887565535,89536.16653452431
4816.543924052214,89444.9638699058
4816.568972579342,89424.73638017155
4816.594021236736,88769.13605934815
4816.619070024395,88575.21695356238
4816.644118942321,88342.99987478979
4816.669167990515,87596.5130052228
4816.694217168977,86767.87316904287
4816.719266477708,85928.50924538849
4816.744315916708,85704.30050182407
4816.769365485978,85189.50584730582
4816.794415185518,85070.50070661533
4816.819465015331,84548.93226287483
4816.844514975415,85336.18154942915
4816.869565065772,86049.03373267833
4816.894615286403,86560.56030353026
4816.919665637308,86989.9120401259
4816.944716118487,87494.60685775235
4816.969766729942,87758.64469051476
4816.994817471674,87836.19901907953
4817.019868343681,88058.34085135118
4817.044919345967,87744.94052523331
4817.069970478531,87579.33908991523
4817.095021741374,86871.69722032195
4817.120073134496,86131.58518684762
4817.145124657898,85169.30948596734
4817.170176311582,83921.62324739453
4817.195228095547,83013.68396383048
4817.220280009794,82335.3905036811
4817.2453320543245,81905.22721712934
4817.2703842291385,82115.50348179956
4817.295436534237,82537.514449037
4817.320488969619,83033.78909544223
4817.345541535288,83888.03097942268
4817.370594231244,84547.71790522114
4817.395647057486,84797.491308429
4817.420700014015,85378.68655174634
4817.445753100834,85986.4755616135
4817.4708063179405,86318.5340694693
4817.495859665338,86650.28349772615
4817.520913143026,86996.90033810739
4817.545966751004,87043.5308145626
4817.571020489274,86894.97133950221
4817.596074357837,86779.53923133972
4817.621128356693,86645.85306614947
4817.6461824858425,86542.10878090444
4817.6712367452865,86226.95267344922
4817.696291135026,86291.77596262436
4817.721345655061,86812.90835370978
4817.746400305392,87226.97888356626
4817.771455086021,87249.3288334094
4817.796509996947,87453.71948970953
4817.821565038173,88051.91691584644
4817.846620209697,88385.6651467633
4817.871675511521,88721.9479299462
4817.896730943646,88660.47174837004
4817.921786506072,88864.40533366328
4817.9468421987995,89303.84054003858
4817.97189802183,89466.98405687501
4817.996953975164,89768.32996725477
4818.022010058801,89914.17786017136
4818.047066272744,89746.14900780572
4818.072122616992,89614.93149693699
4818.0971790915455,89721.92597131032
4818.122235696406,90051.75618856848
4818.147292431574,90366.18686418852
4818.17234929705,90284.41200663275
4818.197406292834,90475.07640939685
4818.222463418928,90342.37494404142
4818.2475206753315,90365.98879775
4818.272578062046,90301.3434880004
4818.297635579072,90232.45724368321
4818.322693226411,90080.94439104926
4818.347751004061,90145.03439387346
4818.372808912025,90056.57081524922
4818.397866950304,89775.97418752103
4818.422925118897,89251.26808512564
4818.4479834178055,89494.58705585904
4818.473041847031,89306.30113363957
4818.498100406572,89096.3528803389
4818.523159096431,89282.47120716596
4818.548217916609,89615.32564348688
4818.573276867105,89465.04550272085
4818.598335947921,89558.11884171663
4818.623395159057,89900.3990025926
4818.648454500514,89748.26755855103
4818.673513972292,89684.31019394829
4818.698573574393,89705.82267373864
4818.723633306817,90088.12727859286
4818.748693169564,90217.05569428537
4818.773753162635,90290.48605538561
4818.798813286032,90522.44397944085
4818.8238735397545,90239.67531314344
4818.848933923803,90625.19752397672
4818.873994438179,90706.79672924316
4818.899055082881,90262.6545077412
4818.924115857913,89960.74847791491
4818.9491767632735,90063.63920027087
4818.974237798964,90510.8080632148
4818.9992989649845,90486.13169273006
4819.024360261336,89984.18662066953
4819.04942168802,89759.35716217344
4819.0744832450355,89900.81209261063
4819.099544932385,90049.75421698962
4819.124606750067,90227.86531709443
4819.1496686980845,89829.7825207427
4819.174730776437,89847.595516175
4819.199792985125,90140.16706673744
4819.22485532415,90448.57415841272
4819.2499177935115,90346.7278985497
4819.274980393211,90588.56200673351
4819.300043123249,90352.08838058563
4819.325105983627,90895.25545632424
4819.350168974344,90462.14128821588
4819.375232095402,90321.89208986583
4819.400295346801,90494.63086428096
4819.425358728542,90874.3086704532
4819.450422240625,90922.03275408804
4819.475485883052,90955.25108984184
4819.500549655822,90565.25726480027
4819.525613558938,90350.92427156093
4819.550677592399,90308.78906411142
4819.575741756205,89756.50527951613
4819.600806050358,89002.01231514048
4819.625870474859,88275.3327892679
4819.650935029708,87424.27518850539
4819.675999714906,86172.82313476976
4819.701064530452,85172.68588403266
4819.726129476348,83740.08858817241
4819.751194552596,82570.65925166293
4819.7762597591945,81688.72413344431
4819.801325096146,81172.20773289798
4819.826390563449,81275.48648400264
4819.851456161106,82264.27562309857
4819.876521889118,82312.01061148386
4819.901587747484,83789.77175532017
4819.9266537362055,84875.24073528034
4819.951719855283,86014.58117876944
4819.976786104718,86866.80937188132
4820.001852484509,87028.68657413647
4820.026918994659,87815.62315970597
4820.051985635168,88774.90102225897
4820.077052406037,89450.22882173673
4820.102119307266,89800.87647234005
4820.127186338856,89830.13334543085
4820.152253500806,89948.90506583833
4820.17732079312,90070.79094592542
4820.202388215796,89932.20634989039
4820.227455768836,89987.68083899257
4820.25252345224,90118.9058520183
4820.27759126601,89900.19552090135
4820.302659210144,90005.79831943272
4820.327727284645,89478.87617133162
4820.3527954895135,89368.16529580748
4820.3778638247495,88828.59539164431
4820.402932290353,88634.14844226511
4820.428000886327,87818.77587348032
4820.453069612669,86742.78338208579
4820.478138469383,86223.3194406045
4820.503207456468,85424.5859922358
4820.528276573924,84541.00877168858
4820.553345821752,84344.87322686406
4820.578415199953,84716.3257896913
4820.603484708529,85086.08069212508
4820.628554347479,85472.99480903192
4820.653624116803,85984.31302746244
4820.678694016505,86380.34301265523
4820.7037640465815,87097.32297910309
4820.728834207036,87521.9483476584
4820.7539044978685,87896.34820226285
4820.778974919079,88597.36516921334
4820.804045470669,88706.04870783826
4820.829116152639,88667.23731473811
4820.854186964989,88868.55678876325
4820.879257907721,89364.5929932743
4820.904328980834,89240.63767833934
4820.92940018433,89198.15156554228
4820.954471518209,89210.63603677925
4820.979542982473,88951.11003870446
4821.004614577121,89390.32965363078
4821.029686302154,89680.6148797759
4821.054758157573,89682.25417051453
4821.079830143379,89882.88008779979
4821.104902259573,90066.20307352107
4821.129974506153,89879.11838413366
4821.155046883124,90227.2448981815
4821.180119390483,90364.22885243672
4821.205192028232,90597.62294356884
4821.230264796372,90792.84720672466
4821.255337694904,90436.13916072035
4821.280410723827,90178.61203420685
4821.305483883143,90281.88157526821
4821.330557172852,90287.37011262396
4821.355630592957,90200.12571279207
4821.380704143456,90147.88196248312
4821.40577782435,90249.75490610379
4821.43085163564,90069.19101214212
4821.4559255773265,89819.72242473476
4821.480999649411,89593.50316085195
4821.506073851894,89765.95356544356
4821.531148184776,89494.15896451057
4821.556222648057,89016.87987946151
4821.581297241738,89379.58621255076
4821.6063719658205,89622.13328706392
4821.631446820304,89455.3221186633
4821.65652180519,89257.36605632173
4821.681596920479,89538.46430495862
4821.706672166171,89780.96749424464
4821.731747542269,89243.68032092656
4821.7568230487705,89080.2642324416
4821.781898685678,89178.45792652448
4821.806974452992,89147.84901374622
4821.832050350713,89388.22347141072
4821.857126378841,89209.5750882637
4821.882202537377,89155.79291065104
4821.907278826324,89134.29328046125
4821.932355245679,88951.22492042922
4821.957431795446,88686.44341667002
4821.982508475622,88641.87049369571
4822.007585286211,88509.36894141673
4822.032662227212,88219.42802983185
4822.057739298627,88030.14830822212
4822.082816500455,88187.60347709928
4822.107893832697,88257.14246809726
4822.132971295355,88262.75826181212
4822.158048888428,88188.31814477935
4822.183126611919,88493.13505330731
4822.2082044658255,88521.5603217672
4822.233282450151,88774.63480252483
4822.258360564894,88779.22316032171
4822.283438810057,88546.74569003937
4822.30851718564,88701.19729295847
4822.3335956916435,87900.92164529845
4822.3586743280675,87786.9560602783
4822.383753094914,87593.1432106211
4822.408831992183,87168.63427103923
4822.433911019875,86463.73941214291
4822.458990177992,86131.84827074945
4822.484069466533,85071.41645498596
4822.509148885499,83852.10595281178
4822.534228434891,82311.25770860768
4822.559308114709,80214.8830018267
4822.584387924956,77725.99735301944
4822.60946786563,74891.22519215864
4822.634547936733,71115.41537889918
4822.659628138264,66941.10108698568
4822.684708470228,63190.4008519302
4822.7097889326205,59442.47609658465
4822.734869525445,56586.38662096912
4822.759950248701,54687.52439139265
4822.78503110239,53287.59084897114
4822.810112086513,51248.067237179894
4822.83519320107,49342.223732290244
4822.860274446062,47389.94087570143
4822.88535582149,45555.93722557131
4822.910437327353,44881.25771834515
4822.935518963653,45132.93002213751
4822.960600730391,47530.356439753166
4822.985682627566,50469.88648981719
4823.010764655181,54766.63449750461
4823.035846813235,59475.43282276732
4823.06092910173,63851.03432860263
4823.086011520666,68146.16999414063
4823.111094070043,71368.12189078414
4823.136176749862,74047.52723202959
4823.161259560125,76172.40720059103
4823.1863425008305,77862.75542357778
4823.211425571981,78482.9402056947
4823.236508773576,78682.35340676198
4823.261592105617,78023.59386246018
4823.286675568104,76104.0865505635
4823.311759161039,73339.18692020408
4823.336842884421,70442.74577686797
4823.361926738251,66377.13671816992
4823.38701072253,61720.15341063534
4823.412094837259,57064.15366037433
4823.437179082439,51667.527595697415
4823.462263458069,46568.56910796654
4823.487347964152,41802.373965098246
4823.512432600686,38115.25344580992
4823.537517367675,35716.95456827362
4823.562602265117,35104.32208434128
4823.587687293013,35873.68414345319
4823.6127724513635,38070.52216734607
4823.637857740171,41370.82119875773
4823.662943159435,45588.454129271326
4823.688028709156,50518.40753097391
4823.713114389335,55536.75416575605
4823.738200199972,60593.88187209156
4823.763286141068,65397.65580953708
4823.788372212625,69577.6342860209
4823.813458414642,73142.05424776695
4823.838544747121,76513.98043519196
4823.863631210061,79191.61000039404
4823.888717803464,81235.42983500501
4823.91380452733,83260.48623101936
4823.93889138166,84621.74425416942
4823.963978366455,86084.92851255386
4823.989065481715,87407.78350580401
4824.014152727441,88194.79639072559
4824.039240103634,88444.71682781319
4824.064327610295,88783.67166481164
4824.089415247423,88797.75618968144
4824.11450301502,89238.46508175926
4824.139590913086,89146.81247485634
4824.164678941623,89121.18875688966
4824.18976710063,89017.90680699665
4824.214855390109,88983.86670884324
4824.239943810059,88782.9300626944
4824.265032360483,88712.06348532304
4824.29012104138,88178.46213730272
4824.315209852752,88198.08798371449
4824.340298794597,88402.5437740969
4824.365387866919,88429.70788429689
4824.390477069717,88158.78675279119
4824.415566402992,87973.69598220882
4824.440655866744,88347.90696108316
4824.465745460975,88352.28496553931
4824.490835185684,88300.8099595297
4824.515925040873,89113.13304669918
4824.5410150265425,88678.40675117505
4824.566105142692,88639.82797446192
4824.591195389325,88277.58880738672
4824.6162857664385,87855.8677764118
4824.641376274036,87681.14443031361
4824.666466912116,86626.22326453633
4824.691557680681,85313.27011731346
4824.716648579732,84277.51433633908
4824.741739609267,82263.54400148935
4824.766830769289,80801.5009721206
4824.791922059799,79286.19260210928
4824.817013480795,77242.94486371453
4824.84210503228,75971.17619566819
4824.8671967142545,74629.20102910699
4824.892288526719,73612.47369397478
4824.917380469674,73641.40732272953
4824.942472543119,73744.07368620658
4824.967564747057,74076.94964689696
4824.992657081487,74650.87332499214
4825.01774954641,74699.42879186214
4825.042842141827,74571.46540381967
4825.067934867739,74166.7581543447
4825.093027724145,73127.41049215528
4825.118120711048,72304.28895610628
4825.143213828447,72244.79394584747
4825.168307076343,72708.11416401187
4825.1934004547375,74274.1091704161
4825.21849396363,75950.81065958137
4825.243587603022,77442.9237641164
4825.268681372914,79495.07709428461
4825.293775273307,81308.72698525137
4825.318869304201,82989.41828473264
4825.343963465597,84140.68723270722
4825.369057757495,85366.29020150314
4825.394152179898,86545.1659967845
4825.419246732804,87519.34887483057
4825.444341416214,87884.97591191086
4825.469436230131,88580.41762637673
4825.494531174552,88900.050158146
4825.519626249481,89153.99428659394
4825.544721454918,89672.077333829
4825.569816790861,89682.29102746097
4825.594912257315,89758.46462893397
4825.620007854277,89460.97907472127
4825.64510358175,89003.16588935877
4825.670199439734,89289.60872887558
4825.695295428228,89195.15423216426
4825.7203915472355,89719.94701251833
4825.745487796755,89526.50155014217
4825.770584176788,89215.09198655619
4825.795680687336,88964.5876669852
4825.820777328398,89493.3353401589
4825.845874099977,89081.25897122941
4825.870971002071,88857.80053150048
4825.896068034682,89414.36577427525
4825.921165197811,89054.3658130641
4825.946262491458,88794.71653936435
4825.971359915624,88556.05789813478
4825.99645747031,88595.88223099065
4826.021555155516,88262.19557364783
4826.046652971242,88003.9832655726
4826.071750917491,87232.26592301828
4826.096848994262,86770.19241960451
4826.1219472015555,86428.0898902441
4826.147045539374,85705.21846295788
4826.172144007715,84929.8798622104
4826.197242606582,84416.96326413828
4826.222341335975,84073.15710941181
4826.247440195894,84040.45131741076
4826.2725391863405,84387.06060396164
4826.297638307315,84482.48377285957
4826.322737558818,84625.27363573268
4826.347836940849,85253.52712119718
4826.372936453411,85868.71111728484
4826.398036096502,86179.93454842671
4826.423135870125,86690.40455881055
4826.448235774281,87076.22854027592
4826.473335808968,87115.6369040201
4826.498435974189,87505.42143211621
4826.523536269943,87776.25835535846
4826.548636696232,88364.01392848993
4826.573737253057,88605.27176691437
4826.598837940417,88510.20193639734
4826.623938758314,88535.81983626561
4826.649039706748,89173.55491501452
4826.674140785721,89018.12085397886
4826.699241995231,89049.07353131051
4826.724343335281,89204.37925959076
4826.7494448058715,88795.96460294956
4826.774546407002,88844.3736224696
4826.799648138674,88476.99240003366
4826.824750000888,88512.38937209992
4826.849851993645,88695.19272166115
4826.8749541169445,88238.92787426885
4826.90005637079,87601.5481748552
4826.925158755178,87576.05197654299
4826.950261270113,86353.30224373486
4826.975363915593,85985.52186168697
4827.00046669162,85609.39893220352
4827.025569598195,85268.03867878714
4827.050672635318,85154.86949371705
4827.0757758029895,84797.21450270043
4827.100879101211,84793.9710994905
4827.125982529982,85501.68524036666
4827.151086089304,86109.77864846839
4827.1761897791785,86372.82074910891
4827.2012935996045,86723.998153035
4827.226397550583,86916.93433369318
4827.251501632115,87101.76378503865
4827.276605844202,87844.11096961898
4827.301710186844,88340.22783330665
4827.326814660041,88241.41635782547
4827.351919263794,88002.51167520002
4827.377023998105,88461.47803772973
4827.402128862973,88946.01552701251
4827.4272338584,89263.70701120669
4827.452338984384,89061.3818810574
4827.47744424093,88753.72453483517
4827.502549628035,89105.46103673572
4827.527655145702,89152.8857835513
4827.552760793929,89301.26398060245
4827.57786657272,89353.18802828461
4827.602972482074,88957.20158502519
4827.6280785219915,89134.67712637682
4827.653184692474,89356.34310492923
4827.67829099352,88838.0042682568
4827.703397425133,88643.03264397138
4827.728503987312,88764.2944880724
4827.753610680059,88747.19647143027
4827.778717503373,89046.01681971183
4827.803824457255,88799.72818143768
4827.828931541708,88743.69449560967
4827.854038756729,88609.39083494112
4827.879146102321,88384.56163829812
4827.904253578485,88192.73168433575
4827.92936118522,88031.78086364805
4827.954468922529,87575.59989854986
4827.97957679041,86905.18626321324
4828.004684788865,87183.30393784093
4828.029792917894,86957.74397371394
4828.0549011775,87055.68208701331
4828.0800095676805,87097.3773219558
4828.105118088439,86867.78273397112
4828.130226739773,87068.21580334043
4828.1553355216865,87099.25408291693
4828.180444434179,86649.78173811277
4828.20555347725,85947.20361072785
4828.230662650901,85353.7918063769
4828.255771955132,84415.2315332037
4828.280881389946,82867.27000574015
4828.305990955341,80674.18379640178
4828.3311006513195,77782.58865762633
4828.356210477881,74662.03488124996
4828.381320435027,71720.38902887373
4828.406430522758,69027.87450688326
4828.431540741074,66682.02250366457
4828.456651089976,65853.70447406478
4828.481761569465,66473.18969376876
4828.5068721795415,67824.33955384337
4828.531982920206,70065.3911583631
4828.55709379146,71740.5998963579
4828.582204793303,73837.61482863573
4828.607315925737,75677.15272006168
4828.632427188761,76536.07102757704
4828.657538582377,76914.07776925837
4828.682650106585,76679.12415545546
4828.707761761386,76474.83734511044
4828.732873546781,75856.58101892995
4828.75798546277,75012.43367164512
4828.783097509354,74872.82437768903
4828.808209686534,75216.49672936236
4828.833321994311,76128.41818745714
4828.858434432684,77166.87235787997
4828.883547001654,78361.71270441581
4828.908659701224,80006.64178031564
4828.933772531392,81171.02639586721
4828.958885492159,82087.99945335323
4828.983998583529,83165.47014220966
4829.009111805498,83907.95900824569
4829.03422515807,84974.11285273747
4829.059338641243,85626.90859466078
4829.084452255021,85942.70198851702
4829.109565999401,86572.83829387232
4829.134679874386,87140.91504448504
4829.159793879977,87585.288710303
4829.184908016173,87786.78972423862
4829.210022282976,88000.76489047337
4829.235136680386,87987.80314217247
4829.260251208404,88686.00396086955
4829.28536586703,88587.14792894624
4829.310480656266,88767.58010244856
4829.335595576112,88753.31048072375
4829.360710626568,88948.71928374421
4829.385825807636,88538.97902971278
4829.410941119316,88221.5871498301
4829.436056561608,88471.59663457765
4829.461172134514,88090.80472706324
4829.486287838033,88391.37254867748
4829.511403672167,88374.48412733141
4829.536519636917,88516.24116098299
4829.561635732282,88466.54748105309
4829.586751958265,88580.16100100952
4829.611868314865,88786.7729896931
4829.636984802083,88656.13108156493
4829.66210141992,88987.16195272257
4829.687218168376,89571.50976363235
4829.712335047452,89346.20911104916
4829.737452057149,89269.80058597734
4829.762569197467,89356.42885005703
4829.7876864684085,89414.17500896785
4829.8128038699715,89416.42844284089
4829.837921402159,89061.14986467389
4829.8630390649705,89405.48269338997
4829.888156858407,89161.81828306892
4829.913274782468,88923.67746113069
4829.938392837156,88870.40764467831
4829.963511022471,89082.36100503065
4829.988629338413,88946.55393205717
4830.013747784984,89106.92794927281
4830.038866362183,88905.06988737351
4830.063985070013,89010.55242571175
4830.089103908473,88849.24100444003
4830.1142228775625,88976.00766302443
4830.139341977285,89089.3288718527
4830.16446120764,88835.27985443464
4830.189580568627,88769.62919920133
4830.214700060249,89075.72603737238
4830.239819682504,88771.77120670951
4830.264939435396,88607.34290986342
4830.2900593189215,88242.25603664493
4830.315179333084,87786.30219691171
4830.340299477885,87095.5992641872
4830.365419753322,86261.84408971737
4830.390540159399,85323.42619973893
4830.415660696114,83964.15131056652
4830.44078136347,81522.54947117131
4830.465902161465,79264.09517872894
4830.491023090102,76162.12016395481
4830.516144149381,73147.97625446098
4830.541265339303,70675.66176904668
4830.566386659867,68166.31349054378
4830.591508111076,66510.41730553837
4830.616629692929,66939.18968206976
4830.641751405427,68056.32414689806
4830.666873248571,69755.9991930692
4830.6919952223625,71749.11477698051
4830.717117326801,74299.73853002263
4830.742239561887,75793.34019575895
4830.767361927622,77503.11364128995
4830.792484424006,78953.26738213623
4830.81760705104,80397.03163980655
4830.8427298087245,81938.41609301577
4830.867852697061,83069.71581713208
4830.8929757160495,84214.72194933995
4830.918098865691,85223.43943042986
4830.943222145985,85875.51486558716
4830.968345556933,86675.34233754053
4830.9934690985365,87192.27431197382
4831.018592770795,87242.88868102213
4831.04371657371,87313.5558360525
4831.0688405072815,87540.61817519066
4831.093964571511,87622.52962958901
4831.119088766399,87510.95485262069
4831.144213091945,87531.37689122827
4831.16933754815,87814.02799419007
4831.194462135016,87758.41822389045
4831.219586852543,87746.11113686596
4831.244711700731,87994.64810344762
4831.269836679582,88104.59212438477
4831.294961789095,88373.58878009357
4831.320087029273,87960.49743543746
4831.345212400114,87636.76908613172
4831.370337901621,88005.61733333801
4831.395463533792,87653.94138755742
4831.420589296631,87246.5992992103
4831.445715190136,87362.92509180523
4831.470841214309,87340.27474067171
4831.495967369151,87503.37760880822
4831.521093654661,87310.97624430415
4831.546220070842,86541.02285015397
4831.571346617692,86401.22898272381
4831.596473295213,86077.31663340349
4831.621600103407,85372.74436915654
4831.646727042273,84870.10657370584
4831.671854111812,84694.95810891228
4831.696981312024,84088.13633820697
4831.722108642912,84838.13759320379
4831.747236104474,84852.99772236859
4831.772363696712,84915.63333473998
4831.797491419627,85341.13234080013
4831.822619273219,85606.98346280273
4831.847747257489,85658.78550928654
4831.872875372437,85829.28168247142
4831.898003618065,86011.26985747833
4831.923131994372,85795.88080846387
4831.94826050136,85538.68067978532
4831.97338913903,84753.5084454862
4831.998517907381,84041.42666186045
4832.023646806415,82488.23803361625
4832.048775836132,80500.00736114007
4832.073904996533,78495.36946257524
4832.099034287619,77201.45717226362
4832.124163709391,75722.40445390205
4832.149293261848,74964.16423977264
4832.174422944991,75510.0389910105
4832.199552758823,76793.00423958339
4832.224682703342,77832.04930724025
4832.249812778551,79124.95353657819
4832.274942984448,80753.19042072614
4832.3000733210365,81949.41394589227
4832.325203788315,82218.3696568114
4832.350334386285,83361.68833430314
4832.375465114947,83996.73394580718
4832.400595974302,83824.34362411112
4832.42572696435,83267.46898129255
4832.450858085093,82833.31550451157
4832.475989336531,81439.39574496857
4832.5011207186635,79735.91304491609
4832.526252231492,77351.72012516359
4832.551383875019,74633.78720064214
4832.5765156492425,72575.57586780687
4832.601647554165,70613.35053155408
4832.626779589786,69889.84116073979
4832.6519117561065,70663.62724868314
4832.677044053127,71883.21547066534
4832.70217648085,73481.72336384488
4832.727309039273,75264.88485592007
4832.7524417283985,76651.19358073355
4832.777574548228,79044.89697348185
4832.80270749876,80386.2706176844
4832.827840579997,81692.26603852643
4832.85297379194,82928.79868678779
4832.8781071345875,84236.32499479337
4832.903240607941,85354.57938932558
4832.928374212003,86287.17724374727
4832.953507946772,86395.34586783806
4832.978641812249,86927.19310705525
4833.003775808436,87065.1463608601
4833.028909935333,87126.28727509124
4833.05404419294,87143.16009730211
4833.079178581258,86812.97864964101
4833.104313100288,86235.01131851625
4833.1294477500305,86074.05272129166
4833.154582530487,85368.3882531402
4833.179717441656,84407.18311398398
4833.204852483541,83579.45971738712
4833.22998765614,82034.52354327688
4833.255122959456,81227.79638934921
4833.280258393488,80869.17194979462
4833.305393958237,80733.33100734677
4833.330529653705,81018.25859516065
4833.35566547989,81177.63884055424
4833.380801436796,81502.93893819787
4833.4059375244215,82610.08083295301
4833.431073742768,83339.61341346324
4833.456210091835,83893.53230096347
4833.481346571624,84306.91992799733
4833.506483182136,84849.68264356196
4833.531619923372,85310.93858478712
4833.556756795332,85688.1637350225
4833.581893798017,86075.97141611227
4833.607030931427,86211.45320695685
4833.632168195563,86413.75631648672
4833.6573055904255,86825.14018497756
4833.682443116017,87149.07842782623
4833.707580772335,87060.13146722011
4833.732718559382,86665.96855474907
4833.757856477159,86905.18701954525
4833.782994525666,86893.2754462454
4833.808132704905,86127.30345678348
4833.833271014874,86028.05247263136
4833.858409455576,85794.13129352775
4833.883548027011,85022.3703932556
4833.90868672918,84580.97828689971
4833.933825562082,84279.26710899602
4833.95896452572,83686.72037265019
4833.984103620093,83931.65385308079
4834.0092428452035,83806.60492673764
4834.03438220105,83918.60292063693
4834.0595216876345,84286.61136362613
4834.084661304957,84559.76225032433
4834.1098010530195,85319.1502020936
4834.134940931821,85929.19023060301
4834.160080941363,86275.6425702881
4834.185221081646,86740.31399292598
4834.210361352671,86819.5172962676
4834.235501754438,87692.49778134511
4834.2606422869485,87813.65089703671
4834.285782950203,87471.21042656331
4834.310923744201,88326.8685870017
4834.336064668945,88168.87495334496
4834.361205724435,88648.2744096687
4834.386346910672,88811.0579144763
4834.411488227655,88884.24868293045
4834.436629675387,88836.60176496339
4834.461771253867,89078.56399582233
4834.486912963096,89297.27259837474
4834.5120548030745,89233.94083210971
4834.537196773805,89053.42652846428
4834.562338875286,89276.97407372111
4834.587481107519,89061.87823676015
4834.612623470504,88974.65630064279
4834.637765964243,88841.94419681437
4834.662908588736,89086.50758976357
4834.688051343985,88668.79085988115
4834.7131942299875,88868.04212135165
4834.738337246747,88625.86116268365
4834.763480394262,88555.56221594289
4834.788623672535,89131.36770095721
4834.813767081567,89080.50053809934
4834.838910621357,89187.64635281297
4834.8640542919065,88948.84620645223
4834.889198093217,88699.71173999528
4834.914342025287,88617.69734734055
4834.939486088119,88463.86872976137
4834.964630281714,88244.76308525671
4834.989774606071,88189.45949097327
4835.014919061191,87845.77697379835
4835.040063647076,87333.50965425152
4835.065208363725,86721.79369727791
4835.090353211141,86202.29018246818
4835.115498189322,85272.7412542793
4835.14064329827,84685.378241429
4835.165788537986,83574.78708387802
4835.1909339084705,81858.26657935466
4835.216079409724,80424.71031414451
4835.241225041747,78211.74385062858
4835.26637080454,76634.83496317668
4835.291516698105,75451.50270522691
4835.316662722441,74249.4942671476
4835.341808877549,73807.79404834939
4835.36695516343,73675.47407643034
4835.392101580086,73539.3532211516
4835.417248127515,73011.52928596552
4835.44239480572,72077.78005134525
4835.4675416147,71074.2180281999
4835.492688554457,69068.54553807435
4835.517835624992,66728.6054511843
4835.542982826303,63188.79107172865
4835.568130158394,59713.22755683616
4835.593277621263,56547.432461855125
4835.618425214912,53756.0158502607
4835.643572939342,52061.70188773084
4835.668720794553,52016.484167224015
4835.693868780546,53403.360497212205
4835.719016897322,55889.14497675957
4835.744165144881,59346.487376629055
4835.769313523223,63038.93554283231
4835.794462032351,66544.6768932034
4835.8196106722635,69636.65641309612
4835.844759442962,72996.15659017237
4835.869908344447,76085.73385451587
4835.89505737672,78336.49147264303
4835.92020653978,80605.169406969
4835.94535583363,81953.75569903792
4835.9705052582685,83165.7715688934
4835.995654813697,84569.05406102636
4836.020804499917,85322.75546964604
4836.045954316927,85769.86027871021
4836.071104264731,86604.56936875508
4836.096254343326,86727.90028959633
4836.121404552716,86745.08759056129
4836.146554892899,86666.45961029168
4836.171705363877,86029.28669682198
4836.196855965651,85516.11905947565
4836.222006698221,85210.92200322982
4836.247157561587,85146.56413443938
4836.272308555752,84970.71524962032
4836.297459680714,84659.49776140727
4836.322610936476,84882.92275345865
4836.3477623230365,85010.30149684193
4836.372913840398,85185.20039583134
4836.39806548856,85153.194814264
4836.423217267524,85734.59088523641
4836.448369177289,86110.2326568354
4836.473521217858,86403.91570620831
4836.498673389231,86652.92867625723
4836.523825691408,87107.9454308618
4836.5489781243905,87216.90143107972
4836.574130688178,88006.72334149845
4836.599283382772,87805.0948589205
4836.624436208173,87792.95545492794
4836.649589164383,88091.51724862523
4836.6747422514,88414.67463472996
4836.699895469226,88432.22121048484
4836.725048817862,88420.67437785237
4836.750202297309,88111.4765731794
4836.775355907567,88320.59218380705
4836.800509648637,88333.00981707682
4836.825663520519,88391.05911673205
4836.850817523215,88646.00373772878
4836.875971656724,88520.45017281148
4836.901125921047,88543.39529540691
4836.926280316186,88356.06249505711
4836.951434842142,88459.11349973222
4836.976589498912,88402.6411844807
4837.001744286502,88173.82944003513
4837.026899204908,88131.97604548185
4837.0520542541335,87795.48106011031
4837.077209434178,87543.95147236757
4837.102364745043,87882.0114816177
4837.127520186728,87833.3691545247
4837.152675759235,87699.716927173
4837.1778314625635,87977.18616664941
4837.202987296714,87989.3501068938
4837.228143261689,88072.80950997538
4837.253299357488,88322.12793259232
4837.278455584112,87717.74461275814
4837.303611941561,87887.54349731632
4837.328768429836,87890.8632751746
4837.3539250489375,87719.14709304724
4837.3790817988665,87667.97127145297
4837.4042386796245,87482.49841230399
4837.429395691211,87653.70387375414
4837.454552833627,87457.63840164682
4837.4797101068725,87596.60190817025
4837.504867510949,86825.47249572354
4837.530025045858,86856.20446458459
4837.555182711599,86525.79528818125
4837.580340508172,86793.17320687506
4837.60549843558,86900.87952796435
4837.630656493821,86121.69693980132
4837.6558146828975,86051.73728616067
4837.68097300281,86090.36206837241
4837.706131453558,86068.86284345815
4837.7312900351435,85582.39026866274
4837.7564487475665,85479.97369126708
4837.781607590828,84232.08987303714
4837.806766564929,83097.96493440504
4837.831925669869,81256.92031260727
4837.857084905649,79629.98187446487
4837.88224427227,77570.2807019302
4837.907403769734,75738.61859082726
4837.93256339804,74121.2518620956
4837.957723157188,73023.90014400496
4837.9828830471815,72090.57634985243
4838.008043068019,71551.46911557695
4838.033203219701,71486.4804626189
4838.058363502229,71680.46986300318
4838.083523915604,72670.83898320457
4838.108684459826,73684.32463840453
4838.133845134896,75998.3468474388
4838.1590059408145,78025.14247278855
4838.184166877582,79636.18913658688
4838.209327945199,81204.80520571464
4838.234489143668,82956.0848280178
4838.259650472987,83737.5572377463
4838.284811933158,84270.32798631987
4838.309973524183,85451.77581085726
4838.33513524606,86168.04317660513
4838.360297098791,86839.5289903984
4838.385459082378,87180.40630003545
4838.410621196819,87331.34747460079
4838.435783442117,87799.39251089247
4838.460945818271,87563.0848530203
4838.486108325283,87216.62997471828
4838.511270963152,88006.4847435206
4838.536433731881,87920.4812547396
4838.561596631469,88109.2828442681
4838.586759661917,87945.1666497141
4838.6119228232255,87317.30370559372
4838.637086115396,87002.37995137631
4838.662249538429,87193.36281794374
4838.687413092324,87198.85839331913
4838.712576777083,87098.45001039264
4838.737740592706,86709.81525722392
4838.762904539194,85559.48806382071
4838.788068616548,84832.96297489226
4838.813232824768,83295.15673093339
4838.838397163855,81944.01087583411
4838.86356163381,79745.00969957434
4838.8887262346325,77760.17127866368
4838.913890966324,76007.88169839232
4838.939055828885,73870.95557240721
4838.964220822317,72737.88576723613
4838.98938594662,72265.04005175405
4839.014551201794,73004.28692771017
4839.039716587841,73733.99258058575
4839.064882104761,74737.27294251185
4839.090047752555,75910.06108189755
4839.115213531223,76947.72760969625
4839.140379440766,77416.04190805226
4839.165545481185,78105.72625014499
4839.190711652481,78382.36490638251
4839.215877954653,78353.236444777
4839.241044387703,78246.6035509841
4839.266210951632,77389.67180938892
4839.29137764644,76383.68914303753
4839.316544472128,75114.85822473002
4839.341711428697,73672.20095727814
4839.366878516146,72105.96337546763
4839.392045734478,71102.7194375849
4839.417213083692,70267.73514344684
4839.44238056379,70191.27380924806
4839.467548174772,71124.58043536425
4839.492715916637,72549.3910166597
4839.517883789389,73095.94493597731
4839.543051793026,73351.14073140312
4839.568219927551,73956.62971969802
4839.593388192962,73990.37756289303
4839.618556589262,73100.69521563721
4839.64372511645,72325.19977719999
4839.6688937745275,71411.47345540872
4839.694062563495,70297.55445891885
4839.719231483354,69906.05105525174
4839.744400534103,70054.89383402994
4839.769569715745,71342.32396593076
4839.79473902828,73070.40751295928
4839.819908471709,74665.35796512604
4839.845078046031,76344.18526696986
4839.870247751248,78082.32737730024
4839.895417587361,79671.50557587811
4839.92058755437,81294.52351681377
4839.945757652276,82392.78079608697
4839.97092788108,83340.31106409649
4839.996098240781,83827.85768940923
4840.0212687313815,84068.62704465559
4840.046439352882,84407.05571705599
4840.071610105283,84278.80293567567
4840.096780988584,83780.26897250352
4840.121952002787,83537.68994767244
4840.147123147893,83398.76392320733
4840.172294423902,81963.51964366078
4840.197465830814,80887.92456202228
4840.22263736863,79284.90633832768
4840.2478090373515,77774.19472113387
4840.2729808369795,76750.85246994036
4840.298152767513,76207.74893810989
4840.323324828954,76265.87642824087
4840.348497021303,77058.4624828589
4840.37366934456,77486.06552040912
4840.398841798726,78558.23578497887
4840.424014383802,79720.91281630268
4840.449187099789,81520.00870587831
4840.4743599466865,81995.16821186234
4840.499532924496,83292.38665069656
4840.5247060332185,84250.27731964384
4840.549879272854,84992.45324277796
4840.575052643403,85736.457251262
4840.600226144867,86245.60739723349
4840.6253997772465,86812.2071187099
4840.650573540542,86832.89244092499
4840.675747434753,87122.2324123975
4840.700921459882,86917.43593085046
4840.726095615929,87252.27434217226
4840.751269902895,87194.20859608556
4840.77644432078,87250.72588220963
4840.801618869585,87200.45687950449
4840.82679354931,87506.16210083902
4840.851968359958,87776.27770286218
4840.877143301527,87307.04179663568
4840.902318374019,87148.2649933773
4840.927493577435,87412.14953483216
4840.952668911775,87267.62642213977
4840.977844377039,86382.21940439074
4841.003019973229,86394.27818641193
4841.028195700344,86423.38912560642
4841.053371558388,86030.59971463641
4841.078547547358,85209.46230978244
4841.103723667256,84270.15340016967
4841.128899918084,83961.91508048653
4841.154076299841,83345.60477907133
4841.179252812529,82553.90166996018
4841.2044294561465,81951.38550410872
4841.229606230697,81652.32756712938
4841.254783136179,81873.02387992496
4841.279960172594,82109.51605537365
4841.305137339942,82299.51304280317
4841.330314638226,82874.37397265535
4841.355492067443,83148.10555757032
4841.380669627598,83018.4180629168
4841.405847318688,83545.75135368055
4841.431025140715,84082.07813625358
4841.4562030936795,84473.79969453398
4841.481381177583,84672.08945986486
4841.5065593924255,84963.91136628496
4841.531737738208,85700.76297795092
4841.55691621493,85719.55888559025
4841.582094822595,86179.44694566235
4841.6072735612,86220.5442249103
4841.632452430748,86387.22253964262
4841.65763143124,86666.69701743698
4841.682810562675,86411.01419507837
4841.707989825055,86466.72716928112
4841.73316921838,86515.70480830896
4841.75834874265,86302.33720347946
4841.7835283978675,86237.5293421646
4841.808708184033,86602.12407302854
4841.833888101145,86507.02152602506
4841.859068149207,86353.41844728634
4841.884248328217,86305.1506097613
4841.909428638178,86384.11069525794
4841.93460907909,85970.31481043904
4841.959789650952,86305.06199276865
4841.984970353767,86329.3173532644
4842.010151187535,85826.50351419795
4842.035332152255,85094.95570479223
4842.0605132479295,84184.15008526699
4842.085694474559,83112.16544406115
4842.110875832144,82437.64112431958
4842.136057320686,80895.15713036037
4842.161238940184,79762.1244771636
4842.186420690639,78414.31859857516
4842.211602572053,77852.50867791273
4842.236784584426,78476.15500906877
4842.261966727758,78853.02083374164
4842.28714900205,79251.33727154086
4842.312331407304,79690.35144778792
4842.337513943518,80449.67880701614
4842.362696610695,80295.66206567135
4842.387879408835,79925.28856228989
4842.413062337939,79725.547137809
4842.438245398006,78971.7301357787
4842.463428589039,77115.68401488927
4842.488611911038,75752.46369622259
4842.513795364002,74053.5273974638
4842.538978947934,71918.40807052939
4842.564162662834,71209.30258709076
4842.589346508702,70971.3612327719
4842.614530485538,71251.10467363747
4842.639714593345,72507.3773527242
4842.664898832122,73416.89053248997
4842.690083201871,74382.30076588318
4842.715267702591,75757.12104227404
4842.740452334283,76200.20994082786
4842.765637096949,77323.57810113071
4842.7908219905885,78567.2232271824
4842.816007015203,79177.39124445355
4842.841192170791,79867.94194834199
4842.866377457357,80602.82703689978
4842.891562874898,81156.50872158389
4842.916748423417,81106.54437647299
4842.941934102914,81430.02990812805
4842.967119913389,82194.27194898285
4842.992305854844,82716.00099441047
4843.017491927279,83232.83174666589
4843.042678130694,84106.39464071537
4843.067864465091,84544.35046223167
4843.093050930469,84623.49053721734
4843.11823752683,84940.98658508176
4843.1434242541745,85412.54387488002
4843.168611112504,85375.61775663127
4843.193798101817,85573.13094062435
4843.218985222116,85786.71026554407
4843.244172473401,85520.77828199319
4843.2693598556725,84700.60522385011
4843.2945473689315,84029.80491994615
4843.319735013179,83144.643425974
4843.344922788415,82382.53128559643
4843.370110694641,80941.34294530685
4843.395298731856,80042.59521168987
4843.420486900063,79098.8241325567
4843.445675199261,78103.14438650962
4843.470863629452,77839.58115386867
4843.496052190635,78122.33490965284
4843.521240882812,78500.17318562474
4843.546429705983,79032.68670578512
4843.571618660149,79051.99249648151
4843.596807745311,79351.09098146623
4843.621996961469,79437.46263108193
4843.647186308624,79780.06245955534
4843.672375786777,80148.37078089514
4843.697565395928,80690.64051346206
4843.722755136078,81296.47256932387
4843.747945007228,81809.1312837736
4843.773135009378,82059.1398086988
4843.798325142529,82514.11490405125
4843.823515406682,82736.93927692008
4843.848705801838,82994.34652284477
4843.873896327997,83143.87569574204
4843.899086985159,83195.94077472092
4843.924277773326,83531.83001599596
4843.949468692498,83681.75234964737
4843.974659742676,84140.34234716119
4843.99985092386,84651.32580003138
4844.025042236052,84751.81319440101
4844.0502336792515,84873.07800213368
4844.07542525346,84982.46949010524
4844.100616958677,85429.99853507493
4844.1258087949045,85532.78769897752
4844.151000762143,85222.96022199033
4844.176192860392,85716.8439468772
4844.201385089653,85594.29657891486
4844.2265774499265,85859.4950637374
4844.251769941214,85686.99248634175
4844.276962563516,85482.9682967187
4844.302155316831,85858.77736016859
4844.327348201163,85805.4545456037
4844.35254121651,86023.70350166717
4844.377734362874,86152.67730327274
4844.402927640256,85917.26067349313
4844.428121048655,86130.97436520524
4844.453314588074,85855.94941447319
4844.478508258512,85604.77119749712
4844.50370205997,85687.15726496495
4844.528895992449,85537.97443748577
4844.55409005595,85526.80993500394
4844.5792842504725,85166.44898435954
4844.604478576018,85198.92845993716
4844.629673032587,85184.1144128413
4844.65486762018,85073.41620425889
4844.680062338799,85400.88019790583
4844.705257188442,84951.52932016698
4844.730452169113,84862.87426714067
4844.75564728081,84552.10664244981
4844.780842523534,84764.58059658635
4844.806037897288,84729.91400073646
4844.83123340207,84734.52689041718
4844.856429037882,84583.24567855976
4844.881624804724,84160.07649923814
4844.9068207025975,83834.25964069096
4844.932016731503,83423.82655394307
4844.95721289144,82627.47442697363
4844.98240918241,81751.7801522823
4845.0076056044145,80744.72616132858
4845.032802157453,80085.45416425104
4845.0579988415275,79346.03547390633
4845.083195656637,79091.18944377775
4845.108392602784,79533.43375180768
4845.133589679967,79799.45346751867
4845.158786888189,80178.01445059059
4845.1839842274485,80951.04817556537
4845.209181697747,81893.80317015122
4845.234379299087,82304.73533320733
4845.2595770314665,82705.11080380729
4845.284774894887,83710.62674702756
4845.30997288935,84286.60368127709
4845.335171014855,84658.9780552342
4845.360369271405,84863.42266613815
4845.385567658997,84668.48838708107
4845.410766177635,84841.64637827768
4845.4359648273185,85125.7535416289
4845.461163608047,85227.40944276334
4845.486362519823,85182.29651920403
4845.511561562646,84906.88410082016
4845.536760736517,85082.5716947366
4845.5619600414375,85498.18411044092
4845.587159477407,84831.53481744003
4845.612359044427,84726.43621289733
4845.637558742496,84339.96654344155
4845.662758571619,83811.70181931753
4845.687958531793,83425.98374361807
4845.71315862302,83263.8514664206
4845.7383588453,82370.41142926502
4845.763559198635,81359.2304500915
4845.788759683025,80888.05465536658
4845.81396029847,79808.43617558423
4845.839161044972,79102.19547882138
4845.86436192253,78145.18148405108
4845.889562931146,77710.6490939573
4845.914764070821,77472.33818737714
4845.939965341554,77509.30545700302
4845.965166743347,77882.06921967195
4845.990368276201,78684.42926104477
4846.015569940116,78999.13890472983
4846.040771735092,79726.38523053014
4846.065973661131,80218.79052068565
4846.091175718232,81320.93333845175
4846.116377906397,81895.7658207271
4846.141580225628,82253.84955523365
4846.166782675923,82982.93344498468
4846.191985257284,83376.50155667734
4846.217187969711,83649.78637499755
4846.242390813206,83497.766640791
4846.267593787768,83889.69418262586
4846.292796893399,84175.66146058711
4846.3180001301,84141.77927914783
4846.34320349787,84109.03275182832
4846.36840699671,84326.96308003122
4846.393610626623,84245.6569455616
4846.418814387606,83891.97572065415
4846.444018279663,84258.40672750151
4846.469222302793,84317.3145591031
4846.494426456997,84134.97392482568
4846.519630742276,83569.10594736708
4846.544835158629,83583.58041426918
4846.570039706059,83365.89375242063
4846.595244384566,82864.09188686735
4846.62044919415,82340.07974369486
4846.6456541348125,81761.96401731996
4846.670859206553,81300.99918535477
4846.696064409373,81000.71962277438
4846.721269743274,80010.69476613679
4846.746475208255,79688.31062016218
4846.771680804319,79787.1586151441
4846.796886531463,80032.69429504669
4846.8220923896915,80245.99630199865
4846.8472983790025,80025.49950313474
4846.872504499398,79988.76022681457
4846.897710750879,79857.27130617155
4846.922917133445,79115.77174083228
4846.948123647097,78851.43090379865
4846.973330291837,78441.79019887644
4846.998537067664,77104.55566790726
4847.023743974579,76750.43877042206
4847.0489510125835,76475.83284269122
4847.074158181677,76579.31061075561
4847.099365481861,76892.38720491709
4847.124572913137,77317.44346280735
4847.149780475504,77860.28483444024
4847.174988168963,78013.05215779082
4847.200195993516,78319.38305841801
4847.225403949162,78530.00777207802
4847.250612035903,78647.95976995728
4847.275820253739,78303.67066715089
4847.30102860267,78055.63864043269
4847.326237082699,77537.18750521721
4847.351445693824,76593.64156146793
4847.376654436047,75341.02625466944
4847.401863309369,73828.80716337347
4847.42707231379,71584.45693836322
4847.452281449311,68708.32473707802
4847.477490715933,65591.31414439908
4847.502700113655,61938.66006332786
4847.52790964248,57758.53888195485
4847.553119302407,53028.04845710692
4847.578329093438,48409.338681081244
4847.603539015572,44095.83587298462
4847.628749068812,40475.95184376836
4847.653959253156,38093.33511063916
4847.679169568607,36968.3117903917
4847.704380015164,37597.74544711923
4847.729590592829,39075.88600279412
4847.754801301602,41997.96177697092
4847.780012141484,45412.85676245531
4847.805223112475,49395.23193459929
4847.830434214576,53575.37436515283
4847.8556454477875,57604.104201725975
4847.880856812111,61468.33238541966
4847.906068307547,65360.84482000864
4847.931279934095,68487.24962438211
4847.956491691758,71430.37960598423
4847.981703580534,73582.75303587609
4848.006915600425,75701.41523625888
4848.032127751432,77310.77145789974
4848.057340033555,78592.17410909262
4848.082552446795,79506.07507973973
4848.107764991152,79959.40719914905
4848.132977666628,80422.30634989831
4848.158190473223,80305.99021200433
4848.183403410938,80158.1114930574
4848.208616479773,79829.44473777871
4848.233829679729,79321.16307045893
4848.259043010807,77900.39867563374
4848.284256473006,76610.43445499556
4848.30947006633,75928.8047175848
4848.334683790777,74916.6972059328
4848.359897646348,74067.50031752994
4848.385111633044,72457.64951617447
4848.410325750867,70956.74184801105
4848.435539999816,68720.47189900212
4848.460754379892,66101.77051741426
4848.485968891096,62870.31554220198
4848.511183533428,59828.94987045182
4848.53639830689,57150.65705917055
4848.561613211481,54896.162041125164
4848.586828247204,53842.57858128044
4848.612043414057,54265.03241935627
4848.637258712042,55705.94801228751
4848.66247414116,58078.24524944111
4848.687689701412,60642.86688105937
4848.7129053927965,63298.7395940895
4848.738121215317,65725.56010211476
4848.763337168972,67989.08128595602
4848.788553253763,70110.1361256919
4848.813769469692,72089.3790036222
4848.838985816757,73359.98418886671
4848.864202294961,74566.28547710486
4848.889418904303,75531.60059906918
4848.9146356447845,76591.22439247812
4848.939852516406,77192.60989058836
4848.965069519169,77588.44447856628
4848.990286653074,77595.85769427865
4849.01550391812,77834.58083933586
4849.040721314309,77865.80099011844
4849.065938841642,77952.15889802092
4849.091156500119,78321.55206231237
4849.116374289741,78183.9199281942
4849.141592210508,78064.89877739211
4849.166810262422,78504.08517265295
4849.192028445483,78211.35179668268
4849.217246759691,78479.5183760462
4849.242465205048,78854.23150255039
4849.267683781553,78779.09883412627
4849.292902489209,78734.36177509674
4849.318121328015,79086.36254091733
4849.343340297972,79359.62693656073
4849.36855939908,79615.98083505515
4849.393778631341,80060.51583132726
4849.418997994755,79641.27397223414
4849.444217489323,80103.59926807547
4849.469437115045,80444.24168907649
4849.494656871922,80350.26482626084
4849.519876759956,80657.61722625016
4849.545096779145,80797.37246471611
4849.570316929492,80218.79130368229
4849.595537210997,80231.66150215412
4849.62075762366,80367.30679921288
4849.645978167483,80310.45042837056
4849.671198842465,80129.08463783182
4849.696419648608,80564.94439922499
4849.721640585913,80892.8531609625
4849.746861654378,80853.98704175575
4849.772082854008,80752.12881644213
4849.7973041848,80712.30876512165
4849.822525646756,80599.50864540206
4849.847747239877,80611.8864907969
4849.872968964163,80816.16910089774
4849.898190819616,80618.63203869264
4849.923412806234,80074.67166464883
4849.9486349240215,80311.30930420596
4849.973857172976,80438.3896846369
4849.999079553099,80179.16523192069
4850.024302064392,79739.65432708964
4850.049524706855,79665.30565784592
4850.074747480488,79932.48257502241
4850.099970385294,79605.06386806966
4850.125193421271,79747.63066723109
4850.150416588422,79641.71396846371
4850.175639886746,79685.19066547017
4850.200863316244,79734.67749589472
4850.226086876917,79868.47699533557
4850.251310568766,79781.86960009136
4850.276534391791,79700.88494772092
4850.301758345992,79803.95110889738
4850.326982431372,79734.09231458974
4850.35220664793,79670.26619271204
4850.377430995667,79798.63818822285
4850.402655474583,79697.38585759226
4850.4278800846805,80083.76562934477
4850.453104825959,79935.29349929941
4850.478329698418,79854.78851918298
4850.503554702061,79865.98551514135
4850.528779836885,79952.67469310621
4850.554005102895,79943.80786910426
4850.579230500089,79703.11139984826
4850.604456028467,79774.37885085688
4850.629681688031,79824.30371424716
4850.654907478783,80028.52455885464
4850.680133400721,79691.7814772491
4850.705359453847,79775.70265157646
4850.730585638162,80207.95249973703
4850.755811953666,80122.7113211846
4850.78103840036,79440.5793341347
4850.806264978244,78930.76872093121
4850.83149168732,78850.44379198168
4850.856718527588,78674.37751566005
4850.881945499048,78281.18826515453
4850.907172601702,77683.89765376197
4850.932399835549,77371.2342251319
4850.9576272005925,77323.97025699144
4850.98285469683,77966.68263191012
4851.008082324264,78565.66148938655
4851.033310082895,78396.80984699777
4851.058537972723,78255.76485752557
4851.083765993749,78676.6215973289
4851.108994145974,78858.37466689004
4851.1342224293985,78799.14242586195
4851.159450844023,78802.19915725752
4851.1846793898485,79364.60611145971
4851.209908066876,78633.73641507507
4851.235136875105,78492.67805443423
4851.260365814537,78542.91808923618
4851.285594885173,78412.28791856066
4851.310824087012,78212.80459683122
4851.336053420057,78063.8088165061
4851.361282884308,77878.27677059027
4851.386512479765,77407.89772917963
4851.411742206429,77480.3427421313
4851.436972064301,77709.22305568973
4851.46220205338,77888.5170423629
4851.487432173669,77878.20733041562
4851.512662425168,77746.79307842856
4851.537892807876,78057.19550978967
4851.563123321796,78218.83913719901
4851.5883539669285,78178.2702607587
4851.613584743272,78455.22402321243
4851.63881565083,78565.04757332022
4851.6640466896015,79010.01570045794
4851.689277859587,79011.17587215092
4851.714509160788,78341.80944815939
4851.739740593204,78398.91405167783
4851.764972156838,78346.67516112686
4851.790203851689,78003.57601094357
4851.815435677757,77394.00309349912
4851.840667635043,76863.72427815465
4851.86589972355,76253.19346807158
4851.891131943276,74924.12624826071
4851.916364294223,73633.70460205489
4851.941596776391,72819.37339468669
4851.966829389781,72301.36646821607
4851.992062134394,72103.54774480517
4852.01729501023,72547.79280010574
4852.04252801729,72765.15825550142
4852.067761155575,73304.08749761325
4852.092994425086,74136.17729118008
4852.118227825822,74688.0337884532
4852.143461357785,75274.44219336199
4852.168695020976,76029.096629309
4852.193928815394,76555.73258455386
4852.219162741042,76981.82798034951
4852.24439679792,77051.51432007748
4852.269630986027,77542.78654613695
4852.2948653053645,77377.51461150932
4852.320099755934,77530.57182373853
4852.345334337737,77682.63501935366
4852.370569050771,77575.48476953284
4852.3958038950395,77767.73691815068
4852.421038870542,77884.61782618541
4852.446273977281,77876.33885748767
4852.471509215254,78207.5145920222
4852.496744584463,77257.73693662233
4852.52198008491,77087.56941327575
4852.547215716595,77218.52567675986
4852.572451479517,77110.01727468144
4852.597687373679,76834.26500775958
4852.622923399081,76751.27003899231
4852.648159555723,76576.29454894776
4852.673395843606,76236.4603885186
4852.698632262731,76378.605843398
4852.723868813098,76444.33273892774
4852.749105494709,75983.82142488305
4852.7743423075635,75762.93531843684
4852.799579251662,75619.71599373342
4852.824816327006,75606.35645586382
4852.850053533596,75486.16250262881
4852.875290871433,75765.63025143671
4852.900528340517,75938.49133257162
4852.925765940849,75674.21715250802
4852.951003672429,75924.18755492703
4852.976241535258,76357.43227735687
4853.001479529338,75850.12050208526
4853.026717654669,75594.74687342702
4853.05195591125,75413.3809053521
4853.077194299083,75170.18783314113
4853.10243281817,75187.98259864358
4853.12767146851,74976.06168587923
4853.152910250104,74489.25313556273
4853.178149162952,74371.18792857905
4853.203388207056,74476.20927600513
4853.228627382417,74143.31601391091
4853.253866689033,73840.59223298292
4853.279106126907,74032.79316942244
4853.30434569604,73987.70727457461
4853.329585396432,74291.23604336595
4853.3548252280825,74502.16271958254
4853.380065190994,74649.52438743494
4853.405305285166,74733.11051388484
4853.4305455106,74696.59610737166
4853.455785867296,74890.85039369778
4853.4810263552545,75235.85525355481
4853.5062669744775,75076.56095959495
4853.531507724964,74737.5391973728
4853.556748606716,74691.81818483355
4853.581989619734,75522.37943723112
4853.607230764017,74904.7221922907
4853.632472039569,74720.30944834933
4853.657713446387,74812.94046594544
4853.682954984474,75000.9588652735
4853.70819665383,74704.87354832081
4853.7334384544565,74112.32614595752
4853.758680386352,74063.26929081324
4853.78392244952,74066.62891533453
4853.80916464396,73611.56040872098
4853.834406969671,73857.58824728413
4853.859649426657,73655.08837129707
4853.884892014916,73380.03418880944
4853.9101347344495,73253.24737251777
4853.935377585258,72417.92530051219
4853.960620567343,71426.61665451889
4853.985863680704,70519.7383231501
4854.011106925343,69170.39386578268
4854.036350301259,67448.72552178324
4854.061593808454,65419.19829612789
4854.086837446928,62594.23411784415
4854.112081216683,60135.081890370944
4854.137325117718,57109.9774164116
4854.162569150035,53337.345955406134
4854.187813313633,49450.027594513784
4854.213057608515,45739.749339798305
4854.23830203468,42585.99631487912
4854.2635465921285,40546.15837863579
4854.288791280862,39751.19181540994
4854.314036100882,40221.77428068541
4854.339281052187,41892.88919174057
4854.364526134779,44026.1709388338
4854.3897713486585,46941.92101095506
4854.415016693827,50132.80174670783
4854.440262170284,53143.863631909946
4854.46550777803,55879.985707661486
4854.490753517067,58771.38865555411
4854.515999387394,61112.72212411537
4854.541245389014,62684.81497940874
4854.566491521925,63927.25288963643
4854.59173778613,65110.005163184265
4854.616984181628,65889.17794453513
4854.64223070842,65470.74219527557
4854.667477366508,64501.81070448957
4854.6927241558915,63259.706570054026
4854.717971076571,61217.66319459732
4854.743218128548,58373.54024214807
4854.768465311822,55611.48436895492
4854.793712626396,53015.50722903735
4854.818960072268,50345.23195639112
4854.844207649439,48269.538211173174
4854.869455357913,46832.83765668816
4854.894703197686,45499.436157669166
4854.919951168761,44991.953207851446
4854.945199271139,44905.77962187551
4854.970447504821,44578.70353802517
4854.995695869806,45052.148225433026
4855.020944366096,45497.47724143011
4855.046192993691,46358.784885128705
4855.071441752592,47591.62382946971
4855.096690642799,48652.03592299845
4855.121939664315,49683.59209916848
4855.147188817137,50783.10567799087
4855.172438101269,51669.237982982144
4855.19768751671,52267.43625680665
4855.222937063461,51973.8244309022
4855.248186741524,50974.58320751027
4855.273436550897,49890.42645086433
4855.298686491582,49032.32150659755
4855.323936563581,47907.836702025714
4855.349186766893,47405.82950844351
4855.374437101518,47663.90739425999
4855.399687567458,47934.91818309688
4855.424938164715,48041.51752550744
4855.450188893287,48202.53277110861
4855.475439753177,48134.20206591523
4855.500690744384,47517.733722601966
4855.525941866908,46465.84772544126
4855.551193120753,45715.77662748451
4855.576444505917,44517.05636894083
4855.601696022401,44670.62948901226
4855.6269476702055,45238.52978921768
4855.652199449332,46601.60463307974
4855.677451359781,48649.6982369793
4855.702703401554,51061.546544657554
4855.727955574649,53413.93350626072
4855.753207879069,55454.26331793505
4855.778460314815,57841.216644250686
4855.803712881885,60204.2562217659
4855.828965580283,61834.137269989005
4855.854218410008,63305.944482751634
4855.8794713710595,64467.51370579497
4855.904724463441,66044.97437864798
4855.929977687151,66917.5156932085
4855.9552310421905,67417.0056800651
4855.980484528562,68068.65213488162
4856.005738146263,68441.26792083774
4856.030991895296,68573.61981201118
4856.056245775663,68786.58128177033
4856.081499787362,68762.43868492157
4856.106753930396,69194.82942656896
4856.132008204764,69053.57014925193
4856.157262610467,68898.06141339327
4856.182517147507,69036.4548061143
4856.2077718158835,68963.58446643637
4856.233026615597,68860.81229020366
4856.2582815466485,68901.05654216705
4856.2835366090385,68888.27670389185
4856.308791802769,68764.24863797666
4856.334047127838,68501.71977302396
4856.359302584248,68160.84268963775
4856.384558172001,68251.62510295125
4856.409813891095,68306.91076608228
4856.435069741532,67997.03336629669
4856.460325723313,67761.42080808595
4856.485581836438,67759.80118582754
4856.510838080908,67502.10382740205
4856.536094456723,67426.96543027958
4856.561350963884,67449.72243045416
4856.586607602393,67122.52563031107
4856.611864372249,66556.31415339897
4856.637121273454,65965.34363456564
4856.662378306007,65367.505395075146
4856.687635469911,64793.00545499924
4856.712892765164,63351.48235141511
4856.738150191768,62877.06277703735
4856.763407749724,61302.07499747986
4856.788665439033,60640.55829997458
4856.813923259695,60357.45035816463
4856.839181211711,60075.09375821263
4856.86443929508,60278.38766807169
4856.889697509805,60759.860200480674
4856.914955855887,61196.64690529032
4856.940214333324,61762.84705768825
4856.965472942118,62275.76702101003
4856.990731682271,62809.46455137775
4857.015990553782,63620.862045335045
4857.041249556652,63915.88474246522
4857.066508690882,64377.21981970876
4857.091767956473,64722.90942665482
4857.117027353425,64881.64995586794
4857.142286881739,64800.12532690639
4857.1675465414155,64893.36735271085
4857.192806332456,65156.332588156605
4857.21806625486,65268.289527976776
4857.243326308629,65183.37923448487
4857.268586493763,64971.36171124624
4857.293846810263,64957.05795258329
4857.319107258129,64840.41779418643
4857.344367837364,64583.36603407746
4857.369628547966,64402.28103113999
4857.394889389938,64313.97772323124
4857.4201503632785,64292.45122550026
4857.445411467989,64035.719491340824
4857.470672704071,63807.14724133781
4857.495934071525,63418.64367564769
4857.52119557035,62948.9043868974
4857.5464572005485,62744.5307904161
4857.571718962121,62505.53107039592
4857.596980855067,62556.73716769928
4857.622242879388,62399.26936364799
4857.647505035085,62599.59423422447
4857.6727673221585,61780.118559399205
4857.698029740608,61438.137692543954
4857.723292290436,61590.142283655
4857.748554971642,61644.306545114916
4857.7738177842275,61500.405207108066
4857.799080728193,61312.00061821453
4857.824343803538,61318.20403486534
4857.849607010265,61561.956368490144
4857.8748703483725,61626.19153048172
4857.900133817863,61403.37658645736
4857.925397418738,61412.40955284804
4857.950661150995,61546.582930191165
4857.975925014637,61461.11975605778
4858.001189009665,61430.182679091005
4858.026453136078,61193.95232822053
4858.051717393878,61088.97538492336
4858.076981783065,61191.60102878091
4858.102246303641,61044.94073643007
4858.127510955604,60768.86683384132
4858.152775738957,60597.95950122255
4858.1780406537,60384.204571607566
4858.203305699833,60259.24498795698
4858.228570877359,59882.11055358955
4858.253836186275,59262.05724111021
4858.2791016265855,58660.01266163091
4858.304367198289,58281.629130741174
4858.329632901386,57749.31593369673
4858.354898735877,56865.589201847084
4858.380164701765,55786.2743311017
4858.405430799048,54909.97341699051
4858.4306970277285,54173.36217872418
4858.455963387807,53432.21105214394
4858.481229879282,53046.92955391215
4858.5064965021575,53067.74393828785
4858.531763256432,52940.03470065187
4858.557030142107,52912.99438342267
4858.582297159182,53349.67419433189
4858.607564307659,53670.29569467686
4858.632831587539,54311.89786055427
4858.6580989988215,54480.12989336517
4858.683366541507,54691.48581534301
4858.708634215598,55050.28013983028
4858.733902021093,55252.3440272872
4858.759169957994,55443.12657971647
4858.784438026301,55592.52831237126
4858.809706226016,55465.60514769432
4858.834974557139,55213.592412431615
4858.860243019669,54645.13257171158
4858.885511613609,54075.89596053798
4858.910780338959,53222.75041395103
4858.936049195719,52526.51792980682
4858.96131818389,51127.43151652668
4858.986587303473,49468.042379324295
4859.011856554469,47501.93938320037
4859.037125936878,45181.39328254583
4859.062395450701,42660.41884598422
4859.087665095938,40349.88888102129
4859.112934872591,38369.95561187886
4859.138204780659,36570.001414645994
4859.163474820144,35406.52013229433
4859.188744991046,35085.64465187154
4859.214015293367,35520.142701996985
4859.239285727106,36571.83865598334
4859.264556292265,37531.38806016204
4859.289826988844,38886.693084435305
4859.315097816843,40207.574708554974
4859.340368776264,41542.505684810705
4859.365639867106,42561.46879827577
4859.390911089372,43524.49247495045
4859.416182443061,44223.880118509755
4859.441453928174,44333.421866948185
4859.466725544713,44401.904348482945
4859.491997292676,44151.677820261095
4859.517269172066,43703.17818189792
4859.542541182883,42141.53752018833
4859.567813325127,41395.54422903576
4859.593085598799,40267.942399954336
4859.6183580039005,39446.81718678809
4859.643630540432,38850.36120218119
4859.668903208393,38438.03001304772
4859.694176007785,38628.06833216286
4859.719448938609,38892.8120264628
4859.744722000866,38933.39595830648
4859.769995194555,39345.14296328635
4859.795268519679,39778.930864858914
4859.820541976236,39661.8824693737
4859.845815564228,39937.87929758326
4859.871089283657,40070.506060514424
4859.896363134521,39927.70947762367
4859.921637116824,39630.71556512355
4859.946911230563,39312.59492769926
4859.972185475742,38914.17259088526
4859.9974598523595,38142.55063273591
4860.0227343604165,37404.77004415038
4860.048008999915,36515.77229772294
4860.073283770854,35509.4179830394
4860.098558673235,34625.98865012998
4860.123833707058,33471.61407649685
4860.149108872325,32136.666171702676
4860.174384169036,30604.72379576753
4860.199659597191,29147.235281815258
4860.2249351567925,27704.644950096394
4860.250210847839,25750.898139599136
4860.275486670333,24110.444129824467
4860.300762624274,22616.20002210193
4860.326038709663,21230.518802620947
4860.351314926501,19523.51164076728
4860.376591274789,18052.608512108978
4860.4018677545255,17022.129227370613
4860.4271443657135,15883.457129345194
4860.4524211083535,14807.727061285856
4860.4776979824455,13926.552595707886
4860.5029749879905,12922.493542630717
4860.528252124988,12341.209033369849
4860.553529393441,11900.833060804942
4860.578806793348,11247.214524911396
4860.604084324711,10866.93623400508
4860.6293619875305,10676.325429007364
4860.654639781807,10474.497198507068
4860.679917707541,10372.037331052921
4860.705195764733,10275.471321140229
4860.730473953385,10192.714084867506
4860.755752273495,10350.334714246348
4860.781030725067,10607.833395195137
4860.806309308099,10683.572464469606
4860.831588022593,10807.234387721464
4860.856866868549,11196.934020195373
4860.88214584597,11676.615047615463
4860.907424954853,12055.039267990769
4860.932704195201,12568.335448077612
4860.957983567014,13296.747931243503
4860.983263070293,14068.342844900044
4861.008542705038,14916.958767145266
4861.0338224712505,16010.525251810755
4861.059102368931,17279.426711640976
4861.08438239808,18613.99829214575
4861.109662558699,19935.07250282433
4861.134942850787,21314.78359566404
4861.160223274346,22900.210353650655
4861.185503829377,24454.239225890626
4861.210784515879,26159.560497455233
4861.236065333855,27978.306547833065
4861.261346283302,29529.78001283609
4861.286627364225,31103.161572347362
4861.311908576622,32627.21718308739
4861.337189920495,34034.713091234335
4861.362471395843,35405.98586837921
4861.387753002669,36859.50413332214
4861.413034740972,38100.38829235502
4861.438316610753,39355.51097366376
4861.463598612013,40644.144189147446
4861.488880744752,41468.92333452964
4861.514163008972,42258.33088598934
4861.539445404673,43157.18298593787
4861.564727931855,43935.63790502944
4861.590010590519,44614.86639905369
4861.615293380667,44832.388658632735
4861.640576302298,45608.62325838168
4861.665859355413,46234.06739562953
4861.691142540013,46621.41459041127
4861.7164258561,47066.97348559858
4861.741709303672,47575.83188252461
4861.766992882731,47763.716061127794
4861.792276593278,47952.114426312786
4861.817560435314,48293.11145084163
4861.842844408839,48336.31977132584
4861.868128513853,48474.77616536662
4861.893412750357,48684.66352650556
4861.9186971183535,48338.839378812576
4861.943981617841,48808.18899373119
4861.969266248821,48553.68532255488
4861.994551011295,48977.723672464446
4862.019835905262,49232.95353523011
4862.045120930725,49473.45393728653
4862.0704060876815,49746.74708681751
4862.095691376135,50263.47590497369
4862.1209767960845,50608.15190639004
4862.146262347532,50949.28166749582
4862.1715480304765,51382.83923383062
4862.196833844921,51590.39167355142
4862.222119790864,52070.939172211794
4862.2474058683065,52468.17331686194
4862.27269207725,52846.62613628511
4862.297978417696,53068.81018726007
4862.323264889643,53479.35049206483
4862.3485514930935,53658.32445270188
4862.373838228046,53784.71915127436
4862.399125094505,54143.199479804774
4862.424412092467,54487.19713834094
4862.449699221935,54504.117148650745
4862.474986482909,54749.83689418621
4862.50027387539,55313.08121912282
4862.525561399379,55372.15052184076
4862.5508490548755,55280.50934503249
4862.576136841882,55755.27416661915
4862.601424760397,55938.987101559454
4862.626712810423,56077.71645321375
4862.6520009919595,55970.432662763626
4862.677289305007,56135.17233370572
4862.702577749568,56481.58031344491
4862.727866325642,56881.374193963675
4862.75315503323,56904.06155864937
4862.778443872332,56799.07101051764
4862.803732842949,57031.76308262031
4862.829021945081,57128.53908319231
4862.85431117873,57135.07851043527
4862.879600543897,56973.1354894162
4862.9048900405805,56344.43901867661
4862.930179668783,55867.446387850185
4862.955469428505,55531.73748347975
4862.980759319747,54455.52586003219
4863.006049342509,53369.387638603876
4863.0313394967925,52764.9368045699
4863.056629782598,52425.15335069934
4863.081920199927,51987.25899064687
4863.107210748777,52148.98757629692
4863.132501429152,52829.02359544566
4863.157792241052,53255.95937951141
4863.183083184478,53699.368089676456
4863.20837425943,54470.00299939296
4863.2336654659075,55266.16630348244
4863.258956803913,55859.15000498229
4863.284248273446,56137.28267415917
4863.309539874508,56145.33886471264
4863.3348316071,56383.28067497687
4863.360123471221,56877.06224623541
4863.385415466874,56968.17799446775
4863.410707594058,56747.62632024298
4863.435999852775,57021.09355682349
4863.461292243024,56759.77051144876
4863.486584764807,56286.89331277304
4863.511877418124,55328.63529470833
4863.537170202976,54123.147581611556
4863.562463119363,52309.48747180671
4863.587756167287,50366.16921223987
4863.613049346748,47907.64502213111
4863.638342657746,44708.678912386655
4863.663636100283,41692.159309038514
4863.688929674358,39310.26843608168
4863.714223379974,37464.17559898807
4863.73951721713,35667.438707890964
4863.764811185827,35202.40777337634
4863.790105286065,36186.87611854712
4863.815399517846,37251.43470330861
4863.840693881171,39370.42030621526
4863.865988376039,41609.2456155983
4863.891283002452,44372.6970099962
4863.916577760409,47165.267842520094
4863.9418726499125,50005.08421875279
4863.967167670963,52457.865837842764
4863.99246282356,54414.27141875854
4864.017758107706,56309.17146896481
4864.0430535234,57934.89004477238
4864.068349070642,59101.96939082051
4864.093644749436,60193.14110534611
4864.11894055978,61099.14346734135
4864.144236501675,61829.65127628717
4864.1695325751225,62415.19892272393
4864.194828780122,62577.52325407039
4864.220125116675,63007.72549124138
4864.245421584783,63525.27401328707
4864.270718184444,63772.63688971818
4864.296014915662,64229.26196601235
4864.321311778436,64601.51492875363
4864.346608772767,64718.086134113524
4864.371905898654,64827.49651297857
4864.397203156101,65181.65613151212
4864.422500545105,65444.08988941221
4864.44779806567,65361.99269390164
4864.473095717794,65425.74184627862
4864.498393501481,65477.93387144749
4864.523691416728,65171.256949399736
4864.5489894635375,65718.87100992324
4864.57428764191,65880.35649042903
4864.599585951846,65606.27500040614
4864.624884393346,66319.79429627529
4864.650182966412,66176.53609497838
4864.675481671044,65884.91543736449
4864.700780507241,65541.73323305855
4864.7260794750055,65361.34383100617
4864.751378574339,64821.64139872304
4864.776677805239,64053.52734301319
4864.801977167709,63162.37504604907
4864.827276661749,61804.582712906245
4864.85257628736,60141.09372160349
4864.877876044541,58195.95587765576
4864.903175933295,55880.07443170174
4864.92847595362,53187.71684709287
4864.95377610552,50175.80534492755
4864.979076388992,47585.49738802606
4865.0043768040405,45802.396159754826
4865.029677350663,44398.70617772594
4865.054978028862,44464.73384985137
4865.080278838638,45324.64265626923
4865.105579779991,46967.956342627236
4865.130880852922,49199.242203164846
4865.156182057432,51566.29563515583
4865.1814833935205,53882.90947894128
4865.20678486119,56175.001498184254
4865.232086460439,58394.72905649774
4865.25738819127,60459.19524287243
4865.282690053684,62209.337667626576
4865.30799204768,63557.934030779776
4865.33329417326,65010.933598162264
4865.358596430424,66318.48891416265
4865.383898819173,66940.36186269792
4865.409201339507,67142.3279156414
4865.434503991428,67623.26507193694
4865.459806774935,67609.70187853665
4865.48510969003,67019.61695834545
4865.510412736713,66258.28522646775
4865.535715914986,65337.81056813863
4865.561019224848,63971.29583699395
4865.5863226663005,62289.82847454499
4865.611626239343,60506.73043476519
4865.636929943978,58737.841634277414
4865.662233780206,57336.153950923464
4865.687537748026,56432.73841835914
4865.71284184744,56013.91124212768
4865.73814607845,56598.66795629444
4865.7634504410535,57853.1437805222
4865.788754935253,59220.88188228597
4865.814059561049,61064.567371388206
4865.839364318443,62450.921747157256
4865.8646692074335,63831.042001516624
4865.889974228024,65151.13570378661
4865.915279380212,66208.8969978086
4865.940584664001,67053.39483702749
4865.965890079391,67837.32913988736
4865.991195626381,68676.06884089277
4866.016501304975,69076.93475980317
4866.04180711517,69223.81923086928
4866.067113056969,69445.05479237092
4866.092419130372,69267.53267621154
4866.117725335379,69179.82151523903
4866.143031671992,69663.20353324708
4866.168338140211,69699.39519304392
4866.193644740037,69812.40466139959
4866.21895147147,69892.18873081535
4866.244258334511,70637.49293754694
4866.269565329161,70870.82545234807
4866.294872455421,71401.87726514315
4866.320179713291,71301.18684577216
4866.345487102772,71365.83663746492
4866.370794623864,71496.78619110415
4866.396102276568,71803.3249646178
4866.421410060886,72185.24521239875
4866.446717976817,72267.28629838295
4866.472026024362,72209.67588696395
4866.497334203523,72399.90783776934
4866.522642514298,72787.7646079805
4866.54795095669,73003.44191832571
4866.5732595307,73002.25924294883
4866.598568236327,73210.06998586777
4866.623877073573,73619.84543714042
4866.649186042437,73397.313549325
4866.674495142921,73457.38591211419
4866.699804375026,73465.37594761283
4866.725113738752,73515.0578966472
4866.7504232341,73477.57291822488
4866.77573286107,73450.49467905873
4866.801042619663,73650.00672040672
4866.826352509881,73491.84201754947
4866.8516625317225,73702.17206662953
4866.87697268519,73789.29056376975
4866.902282970283,73486.03915213348
4866.927593387002,73307.4105923221
4866.952903935349,73142.12483505606
4866.978214615324,73214.8708056812
4867.003525426928,73119.14436722978
4867.02883637016,72737.69691021608
4867.054147445024,72529.15307070098
4867.079458651517,72458.50268282175
4867.104769989643,71837.21279820087
4867.1300814594,71491.59974591607
4867.15539306079,70698.19671816338
4867.180704793813,69618.25229628017
4867.206016658471,69146.36323994027
4867.231328654762,68496.71640237937
4867.256640782691,67695.74356421533
4867.281953042255,67297.15244141215
4867.3072654334555,67334.34565087085
4867.332577956294,67705.09637814827
4867.3578906107705,68510.29117729356
4867.3832033968865,69213.12143965925
4867.408516314642,69668.02385469922
4867.433829364038,70365.82999714208
4867.459142545074,70791.86446459497
4867.484455857752,71459.89416331185
4867.509769302073,71828.65950322202
4867.5350828780365,72189.16968582093
4867.560396585644,71922.55108999748
4867.585710424896,72042.78451390806
4867.611024395793,71931.3221571368
4867.636338498336,71545.32253665749
4867.661652732525,71204.52818128048
4867.6869670983615,70883.5066302632
4867.7122815958455,70776.34996465273
4867.737596224978,70553.71996825101
4867.76291098576,70518.07171087305
4867.788225878192,70647.36555837498
4867.813540902274,70676.11940456562
4867.838856058008,70617.89873687005
4867.8641713453935,70856.31440922288
4867.889486764431,71508.8065455899
4867.914802315123,71807.94741658062
4867.940117997468,72602.85826403076
4867.965433811469,73061.7551707812
4867.990749757124,73170.29492101453
4868.016065834436,73442.47768813645
4868.041382043404,73605.79055639206
4868.06669838403,73879.23206329421
4868.092014856314,73725.91001227037
4868.1173314602565,73535.86417058778
4868.142648195859,73060.01106671809
4868.16796506312,72538.51318034925
4868.193282062044,72252.33786916992
4868.218599192628,72048.5435039712
4868.243916454875,71815.99780961672
4868.269233848785,71746.258728916
4868.294551374358,72151.52858296354
4868.319869031596,72650.48336724972
4868.345186820498,72961.42867692294
4868.370504741067,73698.89746600264
4868.395822793302,74370.14944246406
4868.421140977202,74614.58315088664
4868.446459292772,75093.3973028893
4868.471777740009,75263.59963816496
4868.497096318916,75679.4291045627
4868.522415029493,76045.36579363518
4868.547733871739,76093.52166627793
4868.573052845657,76694.75793756754
4868.598371951247,76493.36789987347
4868.623691188509,76533.13889002718
4868.649010557445,76568.64920651281
4868.674330058054,76622.42359244743
4868.6996496903375,76839.87126470917
4868.724969454297,76706.89096379065
4868.750289349931,76487.3250713651
4868.775609377243,75970.54889040081
4868.800929536232,75620.83373835946
4868.826249826899,76052.55506500215
4868.851570249244,75680.12703566882
4868.876890803269,75273.29985050956
4868.902211488974,75079.44134065587
4868.927532306359,75384.36542357544
4868.952853255426,75701.07013295316
4868.978174336175,75875.24138758778
4869.003495548606,76426.71707012117
4869.028816892722,76595.14017375262
4869.05413836852,76710.20753282147
4869.079459976005,77057.43532268015
4869.104781715174,77076.17699398762
4869.13010358603,77440.72763916179
4869.155425588572,77470.01254821426
4869.180747722803,77662.16335699774
4869.206069988721,77771.54228818305
4869.2313923863285,77712.3714797792
4869.256714915625,77873.26491732943
4869.282037576612,77699.51381012137
4869.30736036929,77272.916602867
4869.33268329366,76950.32171393083
4869.358006349722,76517.34826881115
4869.383329537478,76196.22181353549
4869.408652856927,75465.55359653875
4869.43397630807,74338.5354520819
4869.459299890908,74023.16190054626
4869.484623605443,73210.8424202163
4869.509947451673,72581.8623353166
4869.5352714296005,72461.31494037819
4869.560595539227,72428.469313141
4869.58591978055,72848.19084667493
4869.611244153573,73374.31024703002
4869.636568658297,74074.3564055671
4869.66189329472,74716.11276480737
4869.687218062845,75540.86901845058
4869.712542962672,76212.42901594937
4869.737867994201,76472.10945733235
4869.763193157434,76876.65091779253
4869.788518452371,77428.71888699774
4869.813843879013,77772.24658663583
4869.8391694373595,78083.35860782403
4869.864495127412,78435.44465239218
4869.889820949172,78559.8017018197
4869.915146902639,78332.17815905719
4869.940472987814,78248.76720216396
4869.965799204698,78117.98465332527
4869.991125553291,77917.30023191322
4870.016452033595,76673.49025258364
4870.041778645609,75942.78854406449
4870.067105389335,74513.81498576759
4870.0924322647725,73236.33154175147
4870.117759271924,71247.88670597646
4870.143086410788,68928.25753004504
4870.168413681367,67198.23806221852
4870.193741083661,65658.34016435657
4870.21906861767,64263.319278506315
4870.244396283396,64086.27899047071
4870.269724080838,64746.501599606316
4870.2950520099985,65299.365562882005
4870.320380070878,66252.94300998708
4870.345708263475,67416.98991486062
4870.371036587793,68175.39303199927
4870.396365043831,68905.73118868034
4870.42169363159,68773.2991214017
4870.447022351071,68137.11726990937
4870.472351202274,67094.73345891215
4870.497680185201,65537.04437209689
4870.523009299851,63102.451472367604
4870.548338546226,60364.15833831135
4870.5736679243255,56742.946815435724
4870.598997434152,52777.85143696759
4870.624327075705,48352.631291271355
4870.649656848985,44023.040921941305
4870.674986753992,40243.77609822562
4870.700316790729,37302.264052882005
4870.725646959195,35804.56678265413
4870.75097725939,35640.05856093796
4870.776307691317,36654.234177265345
4870.801638254975,38898.58737603521
4870.826968950365,42081.97826561972
4870.852299777488,45977.03509214507
4870.877630736344,50152.20260323922
4870.902961826934,53994.60462412371
4870.928293049259,57651.60897005671
4870.95362440332,61197.57356142679
4870.978955889117,64347.533957395826
4871.004287506651,67162.87666252689
4871.029619255922,69502.0693596594
4871.054951136932,71748.93288463859
4871.080283149679,72806.19990165568
4871.105615294167,74082.78647944686
4871.130947570396,74556.6289816488
4871.156279978365,74893.38544030522
4871.181612518077,74907.87162643124
4871.2069451895295,74213.64134755319
4871.232277992726,72990.36771915048
4871.257610927666,71541.92658545414
4871.282943994351,69688.32514281203
4871.30827719278,67185.87702666235
4871.3336105229555,64386.44411544384
4871.358943984877,61603.19350363174
4871.384277578546,58445.84718244448
4871.409611303963,54980.7097637607
4871.434945161128,51554.76212144753
4871.460279150043,47817.27374775125
4871.485613270707,43989.31676455285
4871.510947523122,40896.28712007474
4871.536281907288,39013.92198483997
4871.561616423206,38402.606714207854
4871.586951070877,39068.13157578433
4871.612285850301,40903.7639586216
4871.6376207614785,44140.315309302096
4871.6629558044115,47991.308620474265
4871.6882909791,51874.66073869768
4871.713626285544,55954.05559964342
4871.738961723745,59956.78229526396
4871.764297293703,63445.3879871904
4871.789632995419,66729.07288944973
4871.814968828895,69446.89067120335
4871.840304794129,71850.06994234318
4871.865640891125,73748.2478135976
4871.89097711988,75572.30114216552
4871.916313480398,77167.48048942741
4871.941649972677,78000.095711917
4871.966986596719,78720.18264183
4871.992323352525,79539.06735250863
4872.017660240095,79989.32132510979
4872.04299725943,80109.76351213979
4872.068334410531,80238.26778166783
4872.093671693398,80652.75833926635
4872.1190091080325,80686.4438784541
4872.144346654434,80948.97740101474
4872.169684332604,80971.35267993696
4872.195022142544,80685.2891385253
4872.220360084253,80755.5355415716
4872.2456981577325,80631.86218190464
4872.271036362983,80781.97751667988
4872.296374700006,80340.85978539615
4872.321713168801,80384.11632328876
4872.347051769369,80342.72396334363
4872.3723905017105,80322.0698734113
4872.397729365827,80498.69800432138
4872.423068361719,80685.28583638006
4872.448407489387,80730.21703526903
4872.473746748831,80675.20323131343
4872.499086140053,80396.74862571465
4872.524425663052,80479.47297277594
4872.549765317831,80343.2167542116
4872.575105104388,79686.88574926122
4872.600445022726,79031.32759143683
4872.625785072844,78040.0652927858
4872.651125254744,77272.09711825581
4872.6764655684265,76464.95062988873
4872.701806013891,75064.39051669781
4872.727146591139,74386.39166294047
4872.752487300171,72941.19276255414
4872.777828140988,71625.94842104407
4872.803169113591,69889.86875358818
4872.82851021798,68576.2230039115
4872.853851454155,67480.40442694415
4872.879192822119,67481.82293188103
4872.90453432187,68262.44659221095
4872.92987595341,69745.4921032254
4872.955217716741,70887.98516466629
4872.980559611861,72682.35462624843
4873.005901638773,73992.81186878638
4873.031243797476,74920.22829123636
4873.0565860879715,75536.43183674975
4873.08192851026,76038.46955386389
4873.107271064342,76145.45871469573
4873.132613750219,75773.35205189788
4873.157956567891,75069.0001183007
4873.183299517358,74181.98400780924
4873.208642598623,72679.18014899103
4873.233985811684,70867.33182507221
4873.259329156543,68619.01224316815
4873.284672633201,64964.76315334298
4873.310016241658,61202.5344676
4873.335359981915,57286.48834391324
4873.360703853972,53078.89160840467
4873.386047857831,49570.48897062707
4873.411391993492,47151.22637889694
4873.436736260955,46500.238762053326
4873.462080660222,47420.23178100717
4873.4874251912925,48865.44918926203
4873.512769854167,51855.13426357278
4873.538114648848,55142.27211584286
4873.563459575335,58802.976197421754
4873.588804633629,62074.19229616794
4873.61414982373,65176.397663954966
4873.63949514564,68072.29792374356
4873.664840599357,70625.4223330953
4873.690186184885,72535.75201552713
4873.715531902222,74520.1836351592
4873.740877751371,75812.7704547406
4873.766223732331,76914.57665517517
4873.791569845103,77812.07556598661
4873.81691608969,78470.80446069276
4873.842262466088,79269.89018193995
4873.867608974301,79609.22772523187
4873.89295561433,80157.94705141961
4873.918302386174,80868.68635303821
4873.943649289834,80893.74343227493
4873.968996325311,81338.43247998039
4873.994343492606,81554.8221983693
4874.019690791721,81648.18594527784
4874.045038222653,81826.39413099516
4874.070385785405,81172.76270785743
4874.095733479979,81179.28555808427
4874.121081306373,80748.49927793532
4874.146429264589,80533.40886256527
4874.171777354627,79567.821082938
4874.197125576488,79176.74201285403
4874.222473930174,79327.50234147898
4874.247822415684,79081.60342050779
4874.27317103302,79070.26473590381
4874.298519782181,78853.33626076284
4874.323868663169,79031.70933673713
4874.349217675985,78446.5400934307
4874.374566820628,77785.41805386162
4874.3999160971,77409.71400078159
4874.4252655054015,76843.86133706909
4874.450615045534,76571.10211044988
4874.475964717495,76903.74415140941
4874.50131452129,77672.93614226981
4874.526664456916,78598.53390484094
4874.552014524374,79260.9694912429
4874.5773647236665,79822.42497512874
4874.6027150547925,80402.68459794346
4874.628065517753,80821.92226198757
4874.653416112551,81227.65018827717
4874.6787668391835,81588.43130493155
4874.704117697654,81969.55172230213
4874.729468687961,82209.0055463235
4874.754819810108,82110.71608870213
4874.780171064092,81760.7549993112
4874.805522449917,81403.71556317204
4874.830873967582,81227.68834822155
4874.856225617088,80651.48912157369
4874.881577398435,80440.77870883132
4874.906929311625,80454.95282836597
4874.932281356659,80456.69599189822
4874.957633533536,80650.94694287442
4874.982985842257,80632.4510052163
4875.008338282824,80858.17221391086
4875.033690855236,80580.64755473961
4875.059043559496,80297.75007247303
4875.084396395602,80530.03877768129
4875.109749363556,80142.6848282123
4875.135102463359,79254.4810744842
4875.160455695011,78325.32425013192
4875.185809058513,77090.64093972265
4875.2111625538655,75670.18040952005
4875.236516181069,74290.55462132722
4875.2618699401255,72651.19658518932
4875.287223831034,71762.32193745562
4875.312577853796,71666.50793637037
4875.337932008412,71725.48052096533
4875.3632862948825,72351.57922090891
4875.3886407132095,73244.61092375427
4875.413995263391,74122.01541963997
4875.439349945431,74633.57430822478
4875.464704759328,74838.91666948303
4875.490059705083,74870.85871384216
4875.515414782696,74201.08254230593
4875.54076999217,73075.77982998095
4875.566125333503,71766.59388244564
4875.591480806698,69891.76612223787
4875.616836411754,67575.89660635412
4875.642192148673,64498.820001454194
4875.667548017454,60874.88503400313
4875.692904018099,56883.12314060244
4875.718260150608,52232.90193995658
4875.743616414983,47784.274611236404
4875.768972811224,43366.84964451966
4875.79432933933,39704.555048978924
4875.819685999304,37376.44613939535
4875.845042791145,35598.3275959086
4875.870399714855,35529.61278453094
4875.895756770435,36398.31635082769
4875.921113957884,38660.338754300996
4875.946471277203,41903.44917841295
4875.971828728394,45630.195263258676
4875.997186311456,50058.0974760133
4876.022544026391,55081.37987599485
4876.0479018732,59504.11234061356
4876.0732598518825,63358.68963362008
4876.09861796244,67105.2038970081
4876.123976204872,70397.52515204156
4876.1493345791805,72897.22478336326
4876.174693085366,75118.53304178368
4876.200051723428,77028.02715501758
4876.225410493369,78296.37187828938
4876.250769395188,79788.73010660314
4876.276128428887,80571.64613857832
4876.301487594466,81318.90887868244
4876.326846891926,82101.0583803572
4876.352206321267,82613.6197025441
4876.377565882491,82910.31700558613
4876.402925575597,83664.48673299477
4876.428285400587,83922.55010464806
4876.453645357461,83876.29493289696
4876.47900544622,84259.96464911617
4876.504365666865,83835.60385673326
4876.529726019396,84249.12146153787
4876.555086503814,84736.073958509
4876.58044712012,85299.13571906711
4876.605807868314,84755.74497047656
4876.631168748397,84556.2429630369
4876.656529760369,84711.28569595968
4876.681890904233,85018.76862737084
4876.707252179987,84691.21584930315
4876.732613587633,84771.98937098058
4876.757975127171,84423.69694273223
4876.783336798603,84617.74099814982
4876.808698601929,84556.59186685833
4876.8340605371495,84077.00546166285
4876.859422604265,84146.09253417686
4876.884784803276,84164.86579078654
4876.910147134184,83670.94555621991
4876.935509596989,83248.7128376726
4876.960872191692,82932.72245021819
4876.986234918294,82696.25096936265
4877.011597776795,82362.06993839123
4877.036960767196,82095.73037386173
4877.062323889498,82195.00843656837
4877.087687143701,82037.32157516554
4877.113050529806,81928.81144924468
4877.138414047815,82122.70785875735
4877.163777697726,81825.9166747151
4877.189141479542,81071.40114817832
4877.214505393262,80748.97107786655
4877.2398694388885,80392.54798957003
4877.26523361642,79592.09975971375
4877.290597925859,78138.13072135785
4877.315962367206,76902.18823209345
4877.341326940461,75178.27733152054
4877.366691645625,73011.33011759793
4877.3920564826985,70119.52419903755
4877.417421451682,66421.11846281933
4877.442786552577,62650.413550928635
4877.468151785383,57630.66773102361
4877.493517150102,52789.205681060164
4877.518882646734,48311.406528549305
4877.54424827528,44142.06295081259
4877.5696140357395,41058.308988676945
4877.594979928114,39362.38475525591
4877.620345952406,39057.7848176311
4877.645712108613,40244.17677439616
4877.671078396737,42588.94919089779
4877.69644481678,46164.04547478277
4877.721811368741,50330.045924461134
4877.747178052621,54989.08526323871
4877.772544868421,59672.80063330353
4877.797911816142,63689.44143984844
4877.823278895784,67551.24203838108
4877.848646107348,71107.6528819367
4877.874013450835,73610.09904137987
4877.899380926245,76144.0959733153
4877.924748533579,78554.07488852568
4877.9501162728375,80388.82149324067
4877.975484144022,81571.92197127154
4878.000852147133,82548.44530584845
4878.02622028217,83798.96989215854
4878.051588549134,84436.79140865432
4878.076956948026,84869.6866736923
4878.102325478848,85101.46754738771
4878.127694141599,85146.5714191639
4878.153062936281,85414.4953770834
4878.1784318628925,85772.43552968827
4878.203800921437,85885.3646491952
4878.229170111912,85448.17394954702
4878.2545394343215,85446.34365211638
4878.279908888663,85876.53659148185
4878.305278474941,85494.45105189289
4878.330648193152,85530.39092952474
4878.3560180433,85517.31719578634
4878.381388025384,85740.33400760777
4878.406758139405,85714.21178738135
4878.432128385363,85785.92153998873
4878.457498763261,85892.44784488573
4878.482869273097,85750.04163054402
4878.508239914873,85399.05244819756
4878.53361068859,85308.77016714448
4878.558981594248,85480.63262373417
4878.584352631848,85713.2369855824
4878.60972380139,85549.66898979373
4878.635095102875,85754.56652434572
4878.660466536305,86224.87572498179
4878.685838101679,85824.82632553128
4878.711209798998,85922.46369613807
4878.736581628264,85807.11612949257
4878.7619535894755,85738.57244458927
4878.787325682635,85617.23334985421
4878.812697907742,85865.7471986018
4878.838070264799,85693.42332003247
4878.8634427538045,85732.98384728005
4878.88881537476,85973.37654493056
4878.914188127666,86133.94110024565
4878.939561012525,85919.19693991894
4878.9649340293345,85649.54646301323
4878.990307178097,85996.7626744593
4879.015680458814,86100.75923085255
4879.041053871485,85907.12672124803
4879.066427416111,85722.79761026587
4879.091801092692,85625.98979838967
4879.117174901229,85720.43976725679
4879.1425488417235,85844.22290241272
4879.167922914176,85878.70225408066
4879.193297118586,85591.47770136278
4879.218671454956,85591.81484125654
4879.244045923285,85755.95932490508
4879.269420523575,85833.47552647004
4879.294795255825,85804.52537336657
4879.320170120038,85719.9609870737
4879.345545116213,85718.72958751358
4879.3709202443515,85512.70452763328
4879.396295504453,85247.82907081561
4879.42167089652,85394.26405371197
4879.4470464205515,85392.25509738697
4879.472422076548,84989.33552373896
4879.497797864513,85175.08483945335
4879.523173784444,85337.17298252865
4879.548549836343,85545.06214628113
4879.573926020212,85237.7610753326
4879.599302336049,85221.72171517296
4879.624678783856,85392.07553325669
4879.650055363634,85663.14187753592
4879.6754320753835,85893.22610297288
4879.700808919105,86112.44912934356
4879.726185894799,85688.7106377607
4879.751563002466,85993.68859080777
4879.776940242108,86013.25527546786
4879.802317613725,85596.96400853943
4879.827695117317,85682.42840284998
4879.853072752885,85272.3794290637
4879.87845052043,84972.59586715294
4879.903828419952,85033.6402374083
4879.929206451454,84495.81042481931
4879.954584614933,84677.63095407876
4879.979962910393,84552.29913030611
4880.005341337833,84997.47697890709
4880.030719897253,85121.71133368908
4880.056098588656,85030.43390782285
4880.081477412041,85030.30535541617
4880.106856367408,84963.7859791472
4880.13223545476,85406.4352840636
4880.157614674095,85729.51679931274
4880.1829940254165,85454.9269720091
4880.2083735087235,85354.3349188673
4880.233753124017,84978.74816837983
4880.259132871298,84923.54574249801
4880.284512750566,85051.13195475239
4880.309892761823,84835.5408198712
4880.335272905069,84962.47012880474
4880.360653180305,85136.86743287792
4880.3860335875315,85188.0225565105
4880.41141412675,85200.94196301163
4880.43679479796,85054.79892108943
4880.462175601162,84990.81065142834
4880.487556536358,85466.86979889697
4880.5129376035475,85755.60125980634
4880.538318802733,85422.27320836787
4880.563700133913,85595.68583402727
4880.589081597089,85571.26919976129
4880.614463192262,85369.71971282293
4880.639844919432,85589.27907945242
4880.6652267786,85632.04839705331
4880.690608769768,85582.10835696851
4880.715990892935,85156.36913669556
4880.741373148102,84399.60293893758
4880.76675553527,83957.50459614302
4880.792138054439,83363.16943816346
4880.817520705611,82550.42766962545
4880.842903488786,81863.93068241485
4880.868286403965,81010.5114776529
4880.893669451148,80222.70431708005
4880.919052630335,79565.28562208272
4880.944435941528,78919.75305035683
4880.969819384728,77692.63237326547
4880.995202959935,76498.2787171967
4881.0205866671495,75432.99515778018
4881.045970506373,73815.77645531241
4881.071354477605,72346.87692368211
4881.096738580847,71186.5846863498
4881.1221228161,70207.85458331331
4881.147507183364,70247.2434559281
4881.17289168264,70981.62536017557
4881.198276313928,72582.63230569781
4881.223661077229,73793.7318410349
4881.249045972544,75038.13054925062
4881.274430999874,76564.55124944041
4881.2998161592195,78096.92784161604
4881.3252014505815,78854.18159621848
4881.350586873959,79087.25256957498
4881.375972429355,79372.23610931021
4881.401358116768,78730.47721904496
4881.4267439362,77945.96911537682
4881.452129887652,76039.22923152098
4881.4775159711235,74167.66321180084
4881.502902186617,71852.99374140853
4881.52828853413,70074.28595586837
4881.553675013666,68966.01929615813
4881.579061625225,68287.70153062695
4881.604448368808,68721.96526164211
4881.6298352444155,70059.31890042382
4881.655222252047,71673.60831415717
4881.680609391704,73295.95286811289
4881.705996663388,74864.61715071631
4881.731384067099,76119.1923493358
4881.756771602837,76919.26381583326
4881.782159270604,77514.93829869127
4881.8075470704,78106.58207424983
4881.832935002225,78090.56519910308
4881.858323066081,78205.46149883897
4881.883711261968,78685.70402646506
4881.909099589887,79348.25007318471
4881.934488049838,80043.0403897426
4881.959876641822,81218.39038183313
4881.985265365841,81883.36968329211
4882.010654221894,82291.13473248313
4882.0360432099815,83179.70943954625
4882.061432330105,83649.9285852275
4882.086821582267,84058.60711273039
4882.112210966464,84568.46963861416
4882.1376004827,84906.70793249115
4882.162990130974,85012.15732101999
4882.188379911288,85099.29175847313
4882.213769823642,85453.31143367334
4882.239159868036,85529.64573489953
4882.264550044472,85336.55884142322
4882.28994035295,85052.09931452114
4882.315330793471,84979.33403380317
4882.340721366036,85270.80900290172
4882.366112070644,85501.75826307756
4882.391502907297,85851.05490091768
4882.416893875996,85907.37825302508
4882.442284976741,85718.19559888747
4882.467676209532,85699.54657659719
4882.493067574373,85689.99884967256
4882.51845907126,86040.37562003866
4882.543850700196,85978.87692442769
4882.569242461183,85669.194920419
4882.59463435422,85831.74179971828
4882.620026379307,85409.71002058775
4882.645418536446,84496.16074190734
4882.670810825639,83722.92103626058
4882.696203246884,82606.81716771799
4882.721595800182,81130.23037816971
4882.746988485535,79628.24134667817
4882.772381302943,77794.8735820501
4882.797774252407,75699.06059091236
4882.823167333928,73358.73339618828
4882.848560547505,71012.36845205867
4882.873953893141,68342.2804293477
4882.899347370835,65519.990764871276
4882.9247409805885,61568.463476875055
4882.950134722402,57433.66130319157
4882.9755285962765,52825.09898443051
4883.000922602212,48187.2420483938
4883.026316740209,43808.306076681416
4883.051711010269,40056.997350189245
4883.0771054123925,37374.157477536566
4883.10249994658,36403.87485711349
4883.127894612832,37088.71409461583
4883.15328941115,39129.12739940863
4883.178684341534,42294.29549609966
4883.204079403984,46239.16018337518
4883.229474598503,50580.84201559007
4883.254869925088,55038.63871236935
4883.280265383743,59508.222185280145
4883.305660974469,63660.30525060124
4883.331056697263,67356.24289000875
4883.35645255213,69778.10296509284
4883.381848539067,72133.13777434167
4883.407244658077,74381.49363455224
4883.43264090916,76189.03995987092
4883.4580372923165,77694.96096532291
4883.483433807547,78653.31319182327
4883.508830454853,80105.62945356891
4883.534227234235,81860.16387758053
4883.559624145692,82101.90809443241
4883.585021189228,83252.69486285213
4883.610418364841,83261.27001913662
4883.635815672533,83389.94275913207
4883.661213112303,84227.73670881448
4883.6866106841535,83930.42168158089
4883.7120083880845,83571.10253841258
4883.737406224097,83075.00946270963
4883.762804192192,82006.87402810038
4883.788202292369,81340.2945715257
4883.813600524629,80141.4762586361
4883.838998888973,77494.17875419011
4883.864397385401,75475.86245182069
4883.889796013916,72202.70954003073
4883.915194774516,68756.921517697
4883.940593667203,65052.60214914788
4883.965992691978,61109.747813320886
4883.99139184884,58283.20101467212
4884.016791137791,56510.07313089539
4884.042190558832,56585.48710722694
4884.067590111963,57548.66338046312
4884.092989797185,59895.922175787164
4884.118389614498,62575.82897731359
4884.143789563903,65159.9797211402
4884.169189645401,67997.38518874651
4884.194589858994,70639.45672675765
4884.2199902046805,72445.49563253034
4884.245390682461,74424.70979312096
4884.270791292338,76025.70558375581
4884.296192034311,77008.07910310818
4884.321592908382,77699.0805570982
4884.34699391455,77472.26469117143
4884.3723950528165,77239.75250874387
4884.397796323182,76735.69939857964
4884.423197725648,75938.84703299458
4884.448599260213,74953.91209495475
4884.474000926881,74020.772075403
4884.499402725649,73451.46655025467
4884.52480465652,73809.54218163171
4884.550206719495,74001.43705751194
4884.575608914573,74594.67227721398
4884.601011241757,75408.49487807835
4884.626413701045,75832.9245666799
4884.651816292439,76226.73945575093
4884.677219015941,75850.19315191948
4884.702621871549,75168.97196740455
4884.728024859265,73919.21149740949
4884.75342797909,72065.67314315178
4884.778831231025,69779.67973972572
4884.80423461507,67684.94782721665
4884.829638131225,66049.79895198619
4884.855041779491,65648.39697957505
4884.88044555987,66149.50242577854
4884.905849472362,67677.27657374363
4884.931253516967,70096.0305423854
4884.956657693687,71967.5451112266
4884.982062002521,74368.00958850069
4885.0074664434715,75930.61814397761
4885.032871016538,77357.89733530914
4885.058275721721,78466.89841075969
4885.083680559022,79491.09940772498
4885.109085528441,80182.50735559165
4885.134490629979,80688.75521505463
4885.159895863637,80479.20408622512
4885.185301229416,80993.81247498866
4885.210706727315,81116.16485041915
4885.236112357336,81582.09055454138
4885.26151811948,82157.46417796618
4885.286924013746,82359.04153652856
4885.312330040138,82922.74692490758
4885.337736198652,83047.0182714684
4885.363142489293,83111.65043570982
4885.3885489120585,82979.1616194542
4885.413955466952,83390.19851920327
4885.439362153972,83374.33604815888
4885.46476897312,83487.90295976301
4885.490175924397,83324.2636796495
4885.515583007803,82972.072623171
4885.540990223339,81793.71690690266
4885.566397571005,80629.02788548978
4885.5918050508035,79058.2422714802
4885.617212662733,76923.30237560003
4885.642620406797,74493.83144932303
4885.668028282993,71495.11563208935
4885.693436291323,68178.24755196873
4885.718844431789,66295.06081275448
4885.7442527043895,64823.77900068542
4885.769661109127,64762.421089708034
4885.795069646,66185.755844025
4885.820478315012,67781.97293999835
4885.845887116162,70046.95931470252
4885.87129604945,72161.81340385937
4885.896705114879,74513.80216627123
4885.922114312448,76903.75015344075
4885.947523642158,78688.58199845799
4885.972933104009,79912.382610351
4885.9983426980025,81361.68778252118
4886.023752424139,82613.65581703746
4886.04916228242,83123.75704310962
4886.074572272845,83397.67043093812
4886.099982395415,83454.89185954478
4886.125392650131,83224.47131755146
4886.150803036994,83315.20621913296
4886.176213556004,82685.19743751061
4886.201624207161,82241.33015821486
4886.2270349904675,81640.34170631951
4886.252445905922,79799.61913870138
4886.277856953528,78123.84272321688
4886.303268133284,76203.18151291444
4886.3286794451915,73892.07506811102
4886.354090889251,71606.62245771845
4886.379502465463,69001.54229208235
4886.404914173828,67324.64217733858
4886.430326014347,65986.81364506407
4886.455737987021,65598.11446255492
4886.481150091851,65016.274620057586
4886.506562328837,65078.175759195896
4886.531974697979,64460.723323986116
4886.557387199279,63680.638528217896
4886.582799832738,63278.09012505233
4886.608212598355,64186.264039307665
4886.633625496132,65192.0635225212
4886.659038526069,66968.35716410133
4886.6844516881665,69728.33982635793
4886.709864982427,71872.74761172537
4886.735278408848,73899.49908006174
4886.760691967433,75622.84704701597
4886.786105658181,77123.57500822838
4886.811519481094,79402.50318916063
4886.836933436172,80585.6269555678
4886.862347523416,82077.05431673443
4886.887761742826,83627.30197474652
4886.913176094404,84126.92698083467
4886.938590578148,84692.85237814889
4886.964005194062,85162.7613751733
4886.989419942145,85673.23528591567
4887.0148348223975,86338.48289876596
4887.040249834821,86495.1450811454
4887.0656649794155,86492.37056368821
4887.091080256182,86710.73674499738
4887.116495665121,87005.73654120883
4887.141911206233,87314.6502566696
4887.167326879519,86842.12832068425
4887.192742684981,86883.45116877554
4887.218158622617,86835.59498665447
4887.243574692429,86850.67000352935
4887.2689908944185,87257.8943143109
4887.294407228585,87217.22558183435
4887.31982369493,87288.33113085554
4887.345240293454,87439.89734872688
4887.370657024157,87272.44005647172
4887.39607388704,87269.5604177272
4887.421490882104,87002.63639933577
4887.4469080093495,87243.71650498756
4887.472325268778,87209.41985917956
4887.497742660389,87248.55640530083
4887.523160184183,87213.96629048811
4887.548577840162,86804.41404186902
4887.573995628326,86836.50157957384
4887.599413548675,86794.9496135018
4887.624831601212,86722.96668132885
4887.650249785935,86310.01741882465
4887.675668102845,86200.0226333459
4887.701086551944,85877.88810747482
4887.726505133232,85732.65823725822
4887.75192384671,85268.96102877025
4887.777342692379,84814.81847666153
4887.802761670238,84146.07497277173
4887.8281807802905,82958.88535605617
4887.853600022534,81659.89260085854
4887.879019396972,79901.91419843763
4887.9044389036035,77572.54402592903
4887.929858542429,74989.93005367676
4887.95527831345,71978.18379394368
4887.980698216667,69288.73988553915
4888.006118252081,66911.2843251573
4888.031538419693,64839.13158007196
4888.056958719502,64102.77569584389
4888.08237915151,64319.109765116715
4888.107799715718,65596.68694361603
4888.133220412125,67536.46947409549
4888.158641240734,70111.16764097092
4888.184062201544,71883.66440742802
4888.209483294556,73210.60492711798
4888.234904519772,74158.38553785914
4888.26032587719,74497.21728210028
4888.285747366813,74381.0747821486
4888.311168988641,73524.9535698185
4888.336590742674,72105.18549067128
4888.362012628913,69632.76341276278
4888.38743464736,66853.9668844065
4888.412856798015,64438.96203484977
4888.438279080878,62745.5385702396
4888.463701495949,61184.80772189215
4888.489124043231,60510.98419317988
4888.514546722723,60964.9998284123
4888.539969534426,62191.97189167865
4888.565392478341,64310.55345032563
4888.5908155544685,66925.75348783439
4888.616238762809,69803.2010388603
4888.641662103363,72677.4737732335
4888.667085576132,75382.34252902745
4888.692509181117,77633.27708335634
4888.717932918317,79481.23795911232
4888.743356787734,80989.69750419633
4888.768780789368,82530.96214125259
4888.794204923221,83979.29992975543
4888.819629189291,84940.6942566101
4888.845053587582,85563.73762346394
4888.870478118091,85889.28352551501
4888.895902780822,85930.35169768304
4888.921327575776,86131.2403844859
4888.9467525029495,86143.28338351194
4888.9721775623475,86293.97418961504
4888.997602753968,86059.63802842383
4889.023028077813,85453.58227032238
4889.048453533883,85365.05144004077
4889.073879122178,85589.85265382359
4889.099304842701,85836.45443136863
4889.124730695449,85694.64281485534
4889.150156680425,85966.7126418534
4889.17558279763,86155.42047938959
4889.201009047064,86389.75902232886
4889.226435428727,86388.1170675501
4889.251861942621,86525.76997918906
4889.277288588746,86789.79666767149
4889.302715367102,87156.5289127247
4889.328142277691,87066.83754200212
4889.353569320513,86787.8109810301
4889.3789964955695,86932.89483723238
4889.40442380286,86939.67639613913
4889.429851242385,87078.55635745243
4889.455278814146,86917.89227725362
4889.480706518145,86924.53980212724
4889.50613435438,87026.54644339286
4889.5315623228535,86473.03421269503
4889.556990423565,86691.0857073425
4889.582418656516,86320.25916154672
4889.607847021707,85652.93988509294
4889.63327551914,85821.22811700942
4889.658704148813,85338.24766858653
4889.684132910728,85418.70893522914
4889.709561804886,85335.59050131643
4889.734990831287,84609.98817811008
4889.760419989933,83947.09960148601
4889.785849280824,83715.87277430696
4889.81127870396,83154.04159224835
4889.836708259341,82413.40255582918
4889.8621379469705,80875.33878587888
4889.8875677668475,78841.55246588752
4889.912997718972,76885.62599703264
4889.938427803346,74302.19741965238
4889.963858019969,70848.95435827509
4889.9892883688435,67198.4839860147
4890.014718849968,62476.2500862642
4890.040149463344,57668.71309935559
4890.065580208973,52774.495119547355
4890.091011086855,47578.45493029431
4890.116442096991,43419.47475617626
4890.14187323938,40529.91407410965
4890.167304514026,38791.48152671853
4890.192735920927,38565.65779687185
4890.218167460084,40086.921141197134
4890.2435991315,42760.516326382945
4890.269030935172,46481.336710848904
4890.294462871103,50671.71373974285
4890.319894939294,55056.12977231058
4890.345327139744,59350.70767100851
4890.370759472456,63714.137306617544
4890.396191937428,67232.29848535317
4890.421624534662,70208.1721335906
4890.447057264159,72924.2868154407
4890.47249012592,74898.75525109477
4890.497923119944,76112.1291616887
4890.523356246234,76713.99796410553
4890.548789504788,77023.8678755453
4890.57422289561,76896.13914907874
4890.599656418697,75954.58746592766
4890.625090074052,74417.75480512538
4890.6505238616755,72442.74423512808
4890.675957781568,70316.54705584137
4890.70139183373,67235.93389612377
4890.726826018163,63037.34916477205
4890.752260334865,58507.06278341392
4890.77769478384,53583.81940700845
4890.803129365087,48745.18438641755
4890.828564078607,43770.69496879801
4890.853998924401,39992.06481887737
4890.87943390247,36884.49083495391
4890.904869012813,35399.580730685964
4890.930304255432,35091.114793101195
4890.955739630327,36631.07170785253
4890.9811751375,39696.442757456585
4891.006610776951,43387.68731084648
4891.03204654868,47989.324280992776
4891.057482452688,52860.8828826
4891.082918488976,57740.49840950027
4891.108354657545,62439.73728998266
4891.133790958395,66261.96939201688
4891.159227391527,70357.88047032025
4891.184663956941,73707.36539753145
4891.210100654639,76271.11876631067
4891.235537484621,78501.4428050853
4891.260974446888,80587.32348341502
4891.28641154144,81774.8409030635
4891.311848768279,82802.24655062746
4891.337286127404,84038.84857106261
4891.362723618816,84843.98120735442
4891.388161242517,85341.85673586455
4891.413598998506,85855.86323303977
4891.439036886784,86419.51109186518
4891.464474907354,86750.208114391
4891.489913060213,86943.78399126686
4891.515351345365,86983.92199078936
4891.540789762809,87157.5123817123
4891.566228312547,87171.14722317341
4891.591666994577,87020.5060243751
4891.617105808902,86915.56190485091
4891.642544755522,87183.64109196018
4891.667983834437,86549.9086263863
4891.693423045649,86459.68297960059
4891.718862389159,86856.73256455988
4891.744301864966,86769.66279683306
4891.769741473071,87304.18378251353
4891.795181213475,87398.7106498485
4891.82062108618,87395.83473544157
4891.846061091185,87413.38904772725
4891.871501228491,87577.36726325961
4891.896941498099,87435.6243955594
4891.92238190001,87172.50648916379
4891.947822434224,87649.44094115373
4891.973263100742,87671.49930405115
4891.998703899564,87312.45946047925
4892.024144830692,86613.62469021359
4892.049585894126,86459.0338161978
4892.075027089867,86238.57501145592
4892.100468417915,85569.0535312161
4892.125909878271,84567.47340419973
4892.151351470937,83206.30342799702
4892.176793195911,81779.56804718071
4892.202235053195,79808.30018114824
4892.227677042791,78158.01312013553
4892.253119164699,77007.6118902933
4892.278561418918,76302.34789698354
4892.30400380545,76302.70905795021
4892.3294463242955,77201.97386859654
4892.354888975456,78103.80510541532
4892.380331758931,79602.1807229928
4892.405774674722,81088.01948446655
4892.4312177228285,82325.68368234269
4892.456660903253,83111.51316603027
4892.482104215995,84104.1161917592
4892.5075476610555,85162.15924173655
4892.532991238435,85956.17587896444
4892.558434948134,86314.82797725964
4892.583878790154,86605.42587296179
4892.609322764495,86906.41267355435
4892.634766871158,86856.49400369554
4892.660211110143,87276.45821344372
4892.685655481452,87218.70761773459
4892.711099985085,87201.72029945692
4892.7365446210415,87150.14376835075
4892.761989389324,86860.4876407389
4892.787434289932,87097.13517128366
4892.812879322868,86934.22992219098
4892.838324488131,86456.91330038955
4892.863769785721,86276.9234321858
4892.88921521564,86464.78129479651
4892.914660777889,85982.76335574058
4892.940106472468,85872.81428524804
4892.965552299378,85077.86221469936
4892.990998258619,84181.00520191743
4893.016444350193,83051.24281041903
4893.041890574099,81349.12202594253
4893.067336930339,79466.63432399438
4893.092783418912,77181.94765021218
4893.118230039821,74093.9664930698
4893.143676793066,70776.38499018882
4893.169123678647,67186.41685711365
4893.194570696565,64791.31575264567
4893.220017846821,62477.057540424896
4893.245465129415,62001.35429046018
4893.270912544348,62318.04700060795
4893.296360091621,63661.08168620904
4893.3218077712345,66138.71896316798
4893.347255583189,68229.93692678625
4893.372703527485,70597.91495438473
4893.398151604124,72817.30110783517
4893.423599813106,75560.89037995524
4893.449048154432,77759.4095839697
4893.474496628102,79612.71244849393
4893.499945234118,81189.08198646743
4893.52539397248,82805.44777179172
4893.550842843189,83864.83453013982
4893.576291846244,84617.2609664531
4893.601740981648,85425.67867549145
4893.6271902494,85997.24873601041
4893.652639649502,85983.95660700706
4893.6780891819535,86182.88259937479
4893.703538846757,85760.91860111494
4893.72898864391,85409.39966616865
4893.754438573416,85535.76067035967
4893.779888635276,85307.74888999261
4893.805338829488,85363.99446295676
4893.830789156055,85092.79910351678
4893.856239614977,84886.55141522562
4893.8816902062545,84751.97743574929
4893.907140929888,85135.97824882262
4893.932591785879,85126.84037721808
4893.958042774227,85569.43089284569
4893.983493894933,85572.59845161764
4894.008945147999,85804.89690825816
4894.034396533424,86073.39918371351
4894.05984805121,86182.58111397557
4894.085299701357,86722.41821346783
4894.110751483866,87196.16707747868
4894.136203398736,87146.96887416548
4894.161655445971,87531.69967658093
4894.187107625569,87332.25822612943
4894.212559937531,87443.24515519275
4894.238012381859,87777.3211001682
4894.263464958553,87825.82940009785
4894.2889176676135,87970.20453519556
4894.3143705090415,87988.36146884566
4894.339823482836,88050.25135786964
4894.365276589001,88248.11493533442
4894.390729827534,88434.28739971278
4894.416183198438,88358.53076154893
4894.441636701713,88016.03194333264
4894.467090337359,88008.69641801233
4894.4925441053765,88102.33202483247
4894.517998005767,88166.29039628016
4894.5434520385315,88283.91028964896
4894.56890620367,88327.753454376
4894.5943605011835,88577.72033698203
4894.619814931072,88466.88734288762
4894.645269493338,88189.45693578935
4894.670724187979,88325.78791970063
4894.696179014999,88551.10133462802
4894.721633974397,88593.79177342418
4894.747089066174,88467.57543650313
4894.772544290331,88299.98019423494
4894.7979996468675,88231.78992066508
4894.8234551357855,88244.95673519962
4894.848910757086,88315.49277307681
4894.874366510768,88320.66341700914
4894.899822396834,88141.67420999182
4894.925278415282,87783.6770189878
4894.950734566116,87619.96703785248
4894.976190849335,87648.60061204233
4895.0016472649395,87192.79304623514
4895.027103812931,87494.85914054056
4895.05256049331,87649.36557577505
4895.078017306077,87749.3089756165
4895.103474251231,87943.27753139335
4895.128931328776,87487.06577062354
4895.15438853871,87743.56339376136
4895.179845881035,87867.19565784403
4895.205303355752,87531.2023610044
4895.230760962861,87641.49803651859
4895.256218702362,87791.7819710243
4895.281676574257,87593.5292469706
4895.3071345785465,87661.35467565441
4895.33259271523,87586.91783298009
4895.35805098431,87835.00651255644
4895.383509385785,87621.03936082822
4895.408967919658,87407.29502099668
4895.434426585927,87471.34949058447
4895.4598853845955,87495.37200804598
4895.485344315663,87373.13231483147
4895.51080337913,87423.94335056432
4895.536262574997,87523.73035976142
4895.561721903266,87945.8186740979
4895.587181363935,87321.05629938761
4895.612640957008,87446.39533003389
4895.638100682483,87410.56966747886
4895.663560540363,87270.51539116619
4895.689020530646,86929.00218390908
4895.714480653335,86465.87554711956
4895.73994090843,85968.32208704087
4895.765401295931,85310.31927836871
4895.79086181584,84348.89848081238
4895.816322468156,83506.08048258447
4895.841783252881,83109.75549936148
4895.8672441700155,82710.18760544303
4895.8927052195595,82318.0447654854
4895.918166401515,82465.08294980024
4895.943627715881,83008.09986529402
4895.96908916266,83282.56785392022
4895.994550741851,83702.15241641208
4896.020012453455,84253.64792346538
4896.045474297473,84883.75320872331
4896.070936273907,85329.24208107508
4896.096398382756,86016.08729605298
4896.121860624021,86265.90894808728
4896.147322997703,86799.96397029902
4896.1727855038025,86816.402027859
4896.19824814232,87240.6383504413
4896.223710913257,87178.13499872146
4896.249173816613,87566.64057199517
4896.274636852389,87436.15732009204
4896.300100020587,87338.89967963609
4896.325563321207,87490.50849694539
4896.351026754248,87694.2220290333
4896.3764903197125,87684.43493551682
4896.401954017601,87773.08642156738
4896.4274178479145,87697.45441146565
4896.452881810652,87241.27342782459
4896.478345905816,87222.84032136085
4896.503810133407,87076.625768806
4896.529274493424,87234.14779688208
4896.554738985869,87036.41100233136
4896.580203610743,86502.73695670662
4896.605668368046,86506.75999815066
4896.63113325778,86553.99003907113
4896.656598279944,86366.33247350552
4896.682063434539,86326.15526779942
4896.707528721566,86706.63057545491
4896.732994141025,86567.76841008995
4896.758459692919,86608.68318728228
4896.783925377246,86364.78003334443
4896.809391194009,86115.22346260623
4896.834857143206,86311.36839056817
4896.86032322484,86345.4375648557
4896.88578943891,86311.14001597732
4896.911255785419,86260.04326751595
4896.936722264365,86544.82144371582
4896.96218887575,86484.49318243159
4896.987655619575,86429.69157379358
4897.0131224958395,86316.09376799571
4897.038589504546,86659.21772323729
4897.064056645693,86817.74076374286
4897.089523919283,86782.72848476596
4897.114991325317,86731.54004076091
4897.140458863793,86567.10999246014
4897.165926534714,86492.55379427927
4897.1913943380805,86773.86951211696
4897.216862273893,86723.8700162025
4897.242330342152,86305.71257229018
4897.267798542857,86441.63582782343
4897.293266876011,86756.08542489636
4897.318735341613,86667.61454777981
4897.344203939664,86947.28813588832
4897.3696726701655,86736.15228985935
4897.395141533118,87091.94790040514
4897.420610528521,86795.4621670526
4897.446079656376,87198.8469462385
4897.471548916684,87263.13246559394
4897.497018309446,87260.23261230702
4897.522487834661,87531.22724539421
4897.54795749233,87423.56910156008
4897.573427282456,87403.72078738792
4897.598897205037,87393.3359165735
4897.624367260076,87535.37509072911
4897.649837447572,87616.17362640047
4897.675307767526,87198.64638708245
4897.700778219939,87301.27139760564
4897.726248804812,87312.65339310838
4897.751719522144,87103.06059543649
4897.777190371939,86915.48947575278
4897.802661354193,87159.75150723895
4897.8281324689115,86761.34721743528
4897.853603716092,87087.96310800812
4897.879075095736,86998.64037648567
4897.904546607845,86658.77937849933
4897.930018252419,86670.74511536758
4897.955490029459,86776.70700717767
4897.980961938964,86356.53860746756
4898.006433980938,86723.72886406556
4898.031906155379,86624.70149730051
4898.057378462288,86742.33509865159
4898.082850901667,86390.3061211597
4898.108323473516,86583.04058309631
4898.133796177835,86330.18403655507
4898.159269014626,86243.40994270483
4898.184741983889,86159.02331961159
4898.2102150856235,86258.56207347251
4898.235688319832,86334.1144594822
4898.261161686515,86131.39800494368
4898.286635185672,86564.23814506897
4898.312108817305,86784.8495541051
4898.337582581414,86415.24681054841
4898.363056477999,86302.55224257892
4898.388530507063,86383.18288723819
4898.414004668603,86226.19585983001
4898.439478962623,86779.9483387233
4898.464953389123,86365.47880546897
4898.490427948103,86618.31983219064
4898.515902639564,86492.66680484581
4898.541377463506,86776.29402614926
4898.566852419931,86834.8704440405
4898.592327508839,87281.46157386186
4898.61780273023,86985.90670614374
4898.643278084106,86817.90091325603
4898.668753570467,86835.07077274968
4898.694229189313,87029.50981226724
4898.719704940646,86658.34960212445
4898.745180824466,86771.24784960116
4898.770656840774,86899.09522810066
4898.796132989571,86760.37505310717
4898.821609270856,87113.46957498582
4898.847085684632,87112.95852774674
4898.8725622308975,86907.7747008526
4898.898038909655,86883.39255757877
4898.923515720904,86741.04202299574
4898.948992664646,86558.02417555489
4898.974469740881,86586.74369522613
4898.999946949611,86868.7283978008
4899.025424290834,85977.02917842167
4899.050901764554,85311.43642412072
4899.076379370769,84454.78117029945
4899.101857109481,83124.03917907778
4899.127334980691,81148.97463375355
4899.152812984398,78993.0507335419
4899.178291120605,76118.26311396278
4899.203769389311,72677.33730853209
4899.229247790518,68399.76783739145
4899.254726324225,63747.57238081505
4899.280204990434,58639.78367457331
4899.3056837891445,53881.02303244793
4899.331162720358,50039.32585615894
4899.356641784077,46746.23005134283
4899.382120980299,43484.92389102458
4899.407600309026,40752.3520508878
4899.433079770259,37894.48394470702
4899.458559363998,35295.35396794902
4899.484039090245,33572.21299715437
4899.509518948998,32396.912754487712
4899.534998940261,33210.93580690219
4899.560479064033,34471.72231052918
4899.585959320315,37745.8246777974
4899.611439709107,41903.11064841862
4899.63692023041,46900.26269506066
4899.662400884226,52013.035442549946
4899.687881670554,57107.14911356844
4899.713362589396,61666.314823191075
4899.738843640751,65988.82473055596
4899.76432482462,70031.287061805
4899.789806141006,73497.96739475681
4899.815287589908,76340.53872017915
4899.8407691713255,78734.3119591488
4899.866250885261,80671.95956542199
4899.891732731715,82133.0055036245
4899.917214710688,83521.00208521985
4899.942696822181,84510.9261087794
4899.9681790661925,85384.81899260207
4899.993661442726,85988.6437790993
4900.01914395178,86117.01537355549
4900.044626593358,86472.67042347665
4900.070109367458,86753.09795844211
4900.095592274081,86821.02738598871
4900.121075313229,86818.44622661098
4900.146558484902,86362.52066526562
4900.172041789101,85887.64818530422
4900.197525225826,85560.00949865395
4900.223008795078,84975.99406807483
4900.2484924968585,84818.21212029588
4900.2739763311665,84997.82133521179
4900.299460298004,84747.76548881913
4900.324944397372,84487.59284906242
4900.35042862927,84613.56694423313
4900.375912993699,84501.41661687753
4900.40139749066,84601.25223825689
4900.426882120154,85144.52485359988
4900.452366882181,85587.17788901593
4900.477851776743,85816.26695696621
4900.5033368038385,86163.94469202735
4900.528821963469,86701.73902940919
4900.554307255637,86897.50316254343
4900.57979268034,86841.72906715721
4900.605278237582,87676.82441344799
4900.630763927361,87762.65908164904
4900.656249749679,87945.70694189685
4900.681735704537,87932.95736957752
4900.707221791935,88180.42572847569
4900.732708011874,87949.860872973
4900.758194364354,87597.47266877675
4900.783680849377,87387.22567035691
4900.809167466942,87097.47740076671
4900.834654217051,86594.29299269944
4900.860141099705,86170.73794810772
4900.885628114904,85035.59716801315
4900.911115262647,84759.11583854645
4900.936602542938,83841.70868665162
4900.962089955776,82284.66572871908
4900.9875775011615,81291.48606640604
4901.013065179095,80553.43399824089
4901.038552989578,79874.69110909218
4901.0640409326115,80104.1524279428
4901.089529008194,80851.8201250305
4901.11501721633,81607.61666698857
4901.140505557016,82914.16356251485
4901.165994030255,83679.12873558255
4901.191482636048,84618.7943331405
4901.216971374394,85355.36795358824
4901.242460245295,85855.74763244507
4901.267949248751,86490.98177100287
4901.293438384764,86372.4629109682
4901.318927653333,86479.68649115722
4901.34441705446,86791.67998003392
4901.369906588145,85853.86739867648
4901.395396254388,85617.61844970689
4901.420886053191,85526.12402026413
4901.446375984554,85723.77825326126
4901.471866048479,85361.75462458546
4901.497356244964,85315.7167372512
4901.522846574012,85191.02116149454
4901.548337035622,85293.72655688526
4901.573827629797,85293.98574031837
4901.599318356536,85050.8471219332
4901.624809215839,85186.51029435036
4901.650300207709,85428.46668797219
4901.675791332144,85245.29215201504
4901.701282589148,85350.76651029725
4901.7267739787185,85748.10991885871
4901.752265500857,85649.04487775707
4901.777757155565,85826.52033021796
4901.803248942843,86158.04873559151
4901.828740862692,86474.55648435943
4901.854232915112,86306.47215339
4901.879725100103,86546.93508820432
4901.905217417668,86834.51628094619
4901.9307098678055,87073.71244002471
4901.956202450517,87140.06720935523
4901.981695165803,87254.79200146216
4902.007188013665,87411.86359537454
4902.0326809941025,87117.68072062841
4902.058174107116,87539.97478290222
4902.083667352708,87687.11190844313
4902.109160730878,87298.3129246049
4902.134654241627,87565.78002955117
4902.160147884954,87555.82942410516
4902.1856416608625,87531.06673107672
4902.211135569352,88010.97282645329
4902.236629610423,87704.9170296647
4902.262123784076,87869.150164395
4902.287618090311,87570.05045301464
4902.313112529131,87509.41234059165
4902.338607100534,87066.24970369629
4902.364101804523,86580.54301687737
4902.389596641097,85945.81568189205
4902.415091610258,85008.14241982915
4902.440586712006,83793.83854587213
4902.466081946342,81785.79278893479
4902.491577313266,80142.12673340767
4902.51707281278,77638.5336243156
4902.542568444882,74654.70234886804
4902.568064209576,70541.84203638218
4902.59356010686,66421.06352454502
4902.619056136737,61574.51870416105
4902.644552299206,56949.49080794826
4902.670048594268,52790.10826521567
4902.695545021925,49927.956819626976
4902.721041582176,48353.26158952965
4902.746538275022,48467.62709882556
4902.7720351004655,50237.931486053036
4902.797532058505,53356.00912131436
4902.823029149141,57131.22599188536
4902.848526372376,61103.07784034496
4902.874023728209,65045.49249935351
4902.899521216642,68998.34436708986
4902.925018837675,72567.35818373774
4902.950516591309,75249.98335734096
4902.976014477545,78208.35371060538
4903.001512496383,80115.22309511373
4903.027010647823,81950.2046509732
4903.052508931867,83328.67668152059
4903.078007348516,84685.5470134956
4903.1035058977695,85750.80712304155
4903.129004579629,86158.31966346342
4903.154503394095,86864.92002123802
4903.180002341167,87226.73550877518
4903.205501420848,87177.82586095725
4903.231000633137,87539.31066728907
4903.256499978035,88126.23695024947
4903.281999455543,88086.76494237276
4903.307499065661,88137.737277549
4903.332998808391,88929.9834883239
4903.358498683732,88532.13887038971
4903.383998691686,88765.03693619576
4903.409498832254,88547.7532880988
4903.434999105435,88396.9684232652
4903.46049951123,88214.61181751579
4903.486000049642,88217.40680848224
4903.51150072067,87792.49230937408
4903.537001524313,87234.29463672516
4903.562502460575,86416.20740005518
4903.588003529454,85406.76471913778
4903.613504730953,84131.029856194
4903.63900606507,82636.25935443956
4903.664507531808,80996.2381193048
4903.690009131167,78105.66184343035
4903.715510863148,75257.74099189346
4903.741012727751,71756.00521859434
4903.766514724975,68410.43716285181
4903.792016854825,65297.411592894394
4903.817519117299,63501.53979043594
4903.843021512397,63019.19811522161
4903.868524040121,64105.73869728512
4903.894026700472,66384.65699600542
4903.919529493449,68871.16419658608
4903.945032419055,71682.16088565142
4903.970535477289,74160.54935280539
4903.996038668151,76986.58111423979
4904.021541991644,78749.40892617103
4904.047045447767,80844.07221263173
4904.072549036521,82593.49120169079
4904.098052757908,83728.50527059946
4904.123556611927,84882.89845346524
4904.149060598579,85786.9748365239
4904.174564717865,86732.58359029726
4904.200068969786,86954.31778226692
4904.2255733543425,87483.03864080242
4904.251077871534,87687.60781473007
4904.276582521363,87858.1516329626
4904.3020873038295,88220.18756404404
4904.327592218934,88069.6978916991
4904.353097266677,87534.93261156054
4904.37860244706,87241.54355465037
4904.404107760082,86852.41703432093
4904.429613205746,86165.86524854868
4904.455118784052,85935.14442779397
4904.480624494999,84920.8123948037
4904.506130338589,84241.20642885471
4904.531636314823,84027.21072095617
4904.557142423701,83610.54377769811
4904.582648665225,83735.40654171121
4904.608155039394,83776.42676815469
4904.63366154621,84074.42014196764
4904.659168185672,84507.3366627215
4904.684674957783,84936.70714795598
4904.710181862541,85516.3139069371
4904.735688899948,85791.05030664879
4904.761196070006,86055.81280015188
4904.786703372714,86309.09015151524
4904.812210808074,86704.45676037106
4904.837718376085,87127.28362625166
4904.863226076749,87654.92559834455
4904.888733910067,87731.81463657378
4904.9142418760375,88036.89689844902
4904.939749974663,88284.39338428971
4904.965258205944,88342.08418175466
4904.990766569881,88523.07914608234
4905.016275066475,88173.91601612764
4905.041783695727,88169.0598234349
4905.067292457636,88335.05080012475
4905.092801352204,88573.44517023825
4905.118310379432,88802.402583166
4905.143819539319,88714.06695279472
4905.169328831868,89039.10532793861
4905.194838257078,88896.84910590327
4905.220347814951,88980.75515863512
4905.245857505486,88911.93436402216
4905.271367328685,88897.90215917234
4905.296877284549,88994.7425591044
4905.322387373077,88550.2212718021
4905.347897594271,88744.9609077025
4905.373407948132,89311.89266147437
4905.398918434659,89010.31801119399
4905.4244290538545,88435.81282369028
4905.449939805718,88829.78772338109
4905.475450690251,88369.35089773324
4905.500961707454,87664.64240101962
4905.5264728573275,87998.25974486457
4905.551984139872,87879.45945476384
4905.577495555088,87737.32842384798
4905.603007102977,88016.70763667749
4905.628518783539,88150.35537881576
4905.654030596776,88060.69553975493
4905.679542542686,88056.7783637717
4905.705054621272,88469.20873417538
4905.730566832534,88495.25677568204
4905.756079176474,88271.73248314625
4905.78159165309,88576.02749566789
4905.807104262385,88868.87848347405
4905.832617004358,88702.27783237274
4905.858129879011,88837.54446108012
4905.883642886344,88871.5024769877
4905.909156026358,89065.56044063531
4905.934669299053,88956.67519407373
4905.960182704431,88962.26253193407
4905.985696242492,88934.28396225006
4906.011209913236,88685.61638648728
4906.036723716665,88834.10948140782
4906.062237652778,89050.35924248456
4906.087751721578,88481.59715206792
4906.113265923063,87926.13436764083
4906.138780257236,87647.226172244
4906.164294724097,87661.7486797841
4906.189809323646,87804.87933798214
4906.215324055885,87439.29987288464
4906.240838920812,87263.30511858997
4906.2663539184305,87261.02197393737
4906.29186904874,87838.68591240136
4906.317384311742,87821.1773110037
4906.342899707437,87706.33738433901
4906.368415235825,88115.48785995436
4906.393930896906,87920.40435908976
4906.419446690682,87527.63857326026
4906.444962617154,87830.05375306173
4906.470478676321,87717.13831405492
4906.495994868186,87840.79167832942
4906.521511192748,88268.29821184729
4906.547027650008,88215.26035155331
4906.572544239967,88272.15041757264
4906.598060962625,88119.63654948876
4906.6235778179835,88336.42470597186
4906.649094806043,88393.3380850263
4906.674611926805,87927.14098512122
4906.700129180267,88244.98522510704
4906.725646566433,88133.91022384292
4906.751164085304,88621.6544714484
4906.776681736877,88490.92823923426
4906.802199521157,88563.76181335517
4906.827717438142,88532.82127294695
4906.853235487833,88210.90669731241
4906.878753670231,87590.3769979186
4906.904271985338,87637.22678646496
4906.929790433152,87056.71589157832
4906.955309013676,86301.24301491972
4906.98082772691,85995.45963531856
4907.006346572854,84374.07212109145
4907.03186555151,82798.33592466915
4907.057384662878,80971.2022897663
4907.082903906958,78732.8710920675
4907.108423283751,77218.57451034996
4907.133942793258,75901.41379670313
4907.15946243548,75067.15954164512
4907.184982210418,75133.5638294839
4907.210502118071,76066.79040679675
4907.236022158441,77141.27974078272
4907.261542331529,78091.5977044498
4907.287062637335,78563.66661826023
4907.31258307586,79322.70777253245
4907.338103647104,80026.1992513974
4907.363624351068,79675.88196813324
4907.3891451877535,79503.28885336987
4907.41466615716,79975.91582455825
4907.44018725929,80317.82663875773
4907.465708494142,80363.86176304329
4907.491229861717,81064.63162848317
4907.516751362018,81723.99791985883
4907.542272995043,82602.48520917991
4907.567794760794,83442.48119915933
4907.593316659271,84503.46229536786
4907.618838690476,85000.56090221438
4907.644360854408,85981.99178771197
4907.6698831510685,86522.74893133232
4907.695405580459,87300.28679645876
4907.7209281425785,87523.0498325084
4907.746450837429,87922.67648660504
4907.771973665011,88138.40567870696
4907.797496625324,88057.68955030837
4907.82301971837,88104.04551657496
4907.84854294415,88220.13747485075
4907.874066302664,88099.9641473199
4907.899589793912,87949.02100755493
4907.925113417896,88144.80952341115
4907.950637174616,87901.78570433086
4907.976161064072,87426.41373982957
4908.001685086266,87476.70015964564
4908.027209241198,87385.85132330388
4908.052733528869,87479.8402929534
4908.07825794928,87670.04219550465
4908.1037825024305,87527.39934405354
4908.129307188322,87880.07789819833
4908.154832006955,88292.0995402258
4908.180356958331,87769.2200296213
4908.205882042449,87689.81576477893
4908.231407259312,88434.65078753348
4908.256932608918,87885.97728838488
4908.28245809127,87915.57732887457
4908.307983706367,88015.76729349357
4908.333509454211,87827.55126912781
4908.359035334802,87982.91420068649
4908.384561348141,87733.77662975923
4908.410087494228,87544.843951538
4908.435613773065,87931.73807327564
4908.461140184651,87517.06846354192
4908.486666728988,87240.3023974198
4908.512193406076,87445.82355338096
4908.537720215917,87074.31280577768
4908.5632471585095,86435.72322056245
4908.5887742338555,85728.79699763519
4908.614301441956,85120.75505136626
4908.6398287828115,83697.72770235232
4908.665356256422,81970.42803579308
4908.690883862788,80140.09741046121
4908.716411601911,77898.3705985034
4908.741939473793,76318.56275280738
4908.767467478431,74351.6148379991
4908.79299561583,73012.26092022074
4908.818523885987,72931.71733994175
4908.844052288904,73486.95823493303
4908.869580824583,74968.11678310148
4908.8951094930235,76571.41789652809
4908.920638294226,77979.08891675869
4908.946167228191,79783.65985547107
4908.971696294921,80711.73829458185
4908.997225494414,82240.15798515125
4909.022754826673,83190.44041824815
4909.048284291697,83648.63813402342
4909.0738138894885,84962.44511130986
4909.099343620046,85097.72544171507
4909.1248734833725,85271.53401297284
4909.150403479467,85216.87854403102
4909.1759336083305,85000.77543687446
4909.201463869964,84403.89763129911
4909.226994264369,83405.35492051717
4909.252524791544,81935.6811975815
4909.278055451491,79968.77580899582
4909.303586244212,78041.30056723759
4909.329117169706,74666.22224812336
4909.354648227973,71874.04260740988
4909.380179419015,68686.82728302928
4909.405710742833,65803.73467193691
4909.431242199427,64457.52427832214
4909.456773788797,64395.54929603217
4909.482305510946,65412.87959276528
4909.507837365873,66584.1997337928
4909.533369353578,67787.9901982472
4909.558901474063,69377.68295100653
4909.584433727328,69527.25150046588
4909.609966113374,69520.67479877875
4909.635498632202,68158.3174606558
4909.661031283812,66930.39327826905
4909.686564068205,65074.62145282369
4909.712096985382,63520.15398815312
4909.7376300353435,62804.08630221413
4909.76316321809,62530.54052991172
4909.788696533622,63275.38041520942
4909.814229981941,64244.2006953158
4909.839763563047,64727.52924254836
4909.8652972769405,64781.110263875795
4909.890831123623,64324.02324312846
4909.916365103095,63427.545497375446
4909.941899215356,62696.7928552448
4909.967433460409,62227.7830371
4909.992967838252,63032.48349400291
4910.0185023488875,65283.83765749799
4910.044036992315,68009.99527887421
4910.069571768538,70351.98763682693
4910.095106677553,72974.94056040217
4910.120641719363,75797.10173726009
4910.146176893969,77751.5200742257
4910.1717122013715,79586.10058225943
4910.19724764157,80744.87495842538
4910.222783214566,81629.5123912031
4910.248318920361,82219.18108303225
4910.273854758955,82517.99111720597
4910.299390730348,81642.69992146576
4910.324926834542,81276.18141395778
4910.350463071536,79702.93814593973
4910.375999441332,77647.36825012587
4910.401535943931,75195.77909981988
4910.427072579332,72016.32015088425
4910.452609347538,68073.00335915736
4910.478146248548,63565.35156902985
4910.5036832823625,58620.6699426651
4910.529220448983,53769.30707712167
4910.55475774841,49552.71708044165
4910.580295180645,46217.69394053447
4910.605832745688,44373.39311480799
4910.631370443538,44399.99468175836
4910.656908274199,46032.44665819229
4910.682446237669,48790.462661020385
4910.70798433395,52093.0565943462
4910.733522563041,56572.218866466006
4910.759060924946,60455.397949063
4910.784599419663,64155.553540974775
4910.8101380471935,67654.51483466635
4910.835676807538,70456.20794807017
4910.861215700697,72967.74807726411
4910.886754726672,75114.14184797251
4910.912293885463,76756.24287277854
4910.937833177071,77855.37690330707
4910.963372601496,79149.93704111598
4910.98891215874,79826.49328234763
4911.014451848802,80488.03365287418
4911.039991671685,80935.20442196907
4911.065531627388,80803.67739044639
4911.091071715911,80492.12222711247
4911.1166119372565,79726.30155362436
4911.142152291424,79256.5794174895
4911.167692778415,78792.39896168702
4911.1932333982295,78552.82708475605
4911.218774150869,78468.97983568982
4911.244315036333,78736.63631595678
4911.269856054623,78878.83246563566
4911.295397205739,79570.84383230643
4911.320938489684,79334.52462698989
4911.346479906455,78864.45895183143
4911.372021456055,78349.54526297109
4911.397563138486,78383.49969053394
4911.423104953745,77923.19050544882
4911.448646901836,78033.97397937787
4911.474188982757,78806.66419250952
4911.499731196512,79859.52910869644
4911.525273543098,81021.485948344
4911.550816022518,82030.72637133594
4911.576358634772,83237.32468353576
4911.601901379861,83893.36289899127
4911.627444257786,84360.28299365439
4911.652987268547,84986.2856807812
4911.678530412144,85147.7717875675
4911.70407368858,85349.84347960877
4911.729617097853,85126.4257088986
4911.755160639966,84389.35310759908
4911.780704314918,83913.04728810268
4911.806248122711,82786.47613259612
4911.831792063344,81701.87390135505
4911.85733613682,81188.92324942877
4911.882880343138,80946.03823717854
4911.908424682299,81346.07797070261
4911.933969154304,81696.73092689086
4911.959513759152,82457.82507896659
4911.985058496847,83381.33396889392
4912.010603367387,84192.18354906568
4912.036148370775,84915.94784860607
4912.061693507008,85382.40822082947
4912.087238776091,86037.20426400684
4912.112784178022,86888.54237744154
4912.138329712802,87377.7790699774
4912.163875380432,87491.8473416531
4912.189421180913,87628.94541885683
4912.214967114245,87998.42144889617
4912.24051318043,88144.5384627938
4912.266059379467,88067.35202939072
4912.291605711358,87948.12373851238
4912.317152176102,87824.87914257201
4912.342698773703,87445.37678861925
4912.368245504158,87265.1560322787
4912.393792367469,87090.94129807453
4912.419339363638,86908.1907769195
4912.444886492664,86621.11958957333
4912.470433754549,86434.10832282639
4912.495981149293,86019.67547631767
4912.521528676895,85700.94240351864
4912.547076337359,85260.91082346838
4912.572624130684,84988.26796204204
4912.598172056871,84881.90776874092
4912.623720115919,84576.85000599202
4912.649268307831,84601.65784774514
4912.674816632607,84292.43184397221
4912.700365090248,84609.02290960094
4912.725913680753,84787.92254445734
4912.751462404125,85092.06111282881
4912.777011260364,85591.3135716005
4912.802560249469,85943.59792886503
4912.828109371443,85978.61795408485
4912.853658626285,85962.38429761902
4912.8792080139965,85939.12986591077
4912.9047575345785,85249.35637718222
4912.930307188031,84306.97641660567
4912.955856974355,83635.16568033863
4912.981406893551,82893.51572221889
4913.00695694562,82043.80100252338
4913.032507130562,81460.18491504926
4913.058057448379,81214.86364891176
4913.083607899071,81628.95507994661
4913.109158482637,82344.68787775305
4913.134709199081,82922.64401305735
4913.160260048401,83200.95624036485
4913.185811030599,83150.43083336223
4913.2113621456765,82905.07953454483
4913.236913393632,82812.54013367755
4913.262464774467,81897.62411983205
4913.288016288183,80687.193494334
4913.31356793478,78870.7367591187
4913.339119714258,77388.12222173213
4913.364671626619,75967.46774105821
4913.390223671864,75439.64323004638
4913.415775849992,75428.06909633453
4913.441328161005,76322.54110841073
4913.466880604903,77417.43710741443
4913.492433181687,78322.92278181808
4913.517985891358,79507.42289676939
4913.543538733916,80933.02964277922
4913.569091709362,81752.5941172239
4913.5946448176965,82582.9935943415
4913.620198058921,83438.86910665882
4913.645751433035,84243.88101437519
4913.6713049400405,84513.41680011286
4913.696858579937,84237.15300959491
4913.722412352726,84052.33206002339
4913.747966258407,83717.99754070246
4913.773520296983,83444.47003058571
4913.799074468453,82715.26145902151
4913.824628772817,82787.97602472163
4913.850183210077,83377.90688105676
4913.875737780234,83557.0152874756
4913.901292483287,83995.90344402914
4913.926847319239,84435.09357064786
4913.952402288088,84978.17195244861
4913.977957389837,85423.99206244423
4914.003512624485,86134.29196968798
4914.0290679920345,86451.48303714194
4914.054623492484,86925.71606234771
4914.080179125836,87519.2308420729
4914.105734892091,87824.69714029071
4914.131290791249,88017.87094947607
4914.15684682331,87494.97375944807
4914.182402988276,87626.63863125673
4914.207959286148,88097.18877206328
4914.233515716926,87575.68673016138
4914.259072280611,87484.6854773919
4914.284628977202,87151.9031343918
4914.310185806702,86427.85092009243
4914.335742769111,86013.02405777696
4914.3612998644285,86323.07905916276
4914.386857092657,86394.73707957621
4914.412414453796,86436.52148073693
4914.437971947847,86622.2027322838
4914.463529574809,86768.88433859678
4914.489087334685,87307.30680550785
4914.514645227475,87279.71860335325
4914.540203253178,87494.0358669871
4914.565761411797,87785.30764526484
4914.5913197033315,87712.81432413733
4914.616878127782,87947.31960311758
4914.64243668515,88086.55447446814
4914.667995375436,87774.83523942114
4914.6935541986395,87784.85334882805
4914.719113154762,87894.14736279298
4914.744672243805,88477.46497948155
4914.770231465769,88317.4893037674
4914.795790820654,88398.84356411436
4914.82135030846,88170.02074436982
4914.84690992919,88218.68308047202
4914.872469682842,88557.23941929577
4914.898029569418,88653.7895758608
4914.92358958892,89034.00260921715
4914.9491497413455,88745.21588507952
4914.974710026699,88952.57672770359
4915.000270444978,88789.7847313156
4915.025830996185,88742.45375128798
4915.051391680319,89239.89203904608
4915.076952497383,89202.5984513736
4915.102513447377,88982.55703320807
4915.128074530299,88941.84397702846
4915.153635746154,88333.06077741052
4915.17919709494,88768.26773386156
4915.204758576658,88337.38730379676
4915.230320191309,88231.78196988266
4915.255881938894,88172.09749832982
4915.281443819413,87871.82632480189
4915.307005832867,87708.06348377744
4915.332567979257,88094.29391084323
4915.3581302585835,88479.51526580227
4915.383692670846,88749.00570119155
4915.409255216048,88642.39753323019
4915.434817894187,88448.29821228457
4915.460380705266,88582.15547757424
4915.485943649285,88587.19162180024
4915.511506726245,88136.8127926187
4915.537069936146,88288.74178459404
4915.562633278988,88144.1426753595
4915.588196754773,87852.3217712004
4915.613760363502,87865.62497366685
4915.639324105174,87771.57603612234
4915.664887979791,87729.88892240029
4915.690451987354,87490.74062251433
4915.7160161278625,87405.11341996671
4915.741580401318,87706.84021998291
4915.767144807722,87505.24056966115
4915.792709347073,86837.09820279683
4915.818274019373,86865.56190634865
4915.843838824622,86870.93787117695
4915.869403762823,86341.75574334149
4915.8949688339735,86326.80409250989
4915.920534038076,86226.6480580052
4915.946099375131,86175.85705851273
4915.971664845139,86404.70792148857
4915.9972304481,86683.06872815744
4916.022796184016,86590.24885326439
4916.048362052888,87029.4411895982
4916.073928054714,87598.64661500521
4916.099494189497,87724.80822149134
4916.125060457238,87456.8862699269
4916.150626857936,87936.15480632366
4916.176193391593,88228.9200889222
4916.201760058209,88324.92474712981
4916.227326857785,88483.79632891866
4916.252893790322,88482.47460550746
4916.2784608558195,88385.64075957946
4916.30402805428,88486.8883701082
4916.329595385702,88265.09251217602
4916.355162850088,87946.75380181958
4916.3807304474385,88215.0740626129
4916.406298177753,87255.40154767738
4916.431866041034,86750.59618337845
4916.45743403728,85635.90068950162
4916.483002166494,84003.08285822501
4916.508570428675,82669.42841866658
4916.534138823824,80911.75123991111
4916.559707351942,78569.15181221679
4916.585276013029,76381.8862702541
4916.610844807087,74386.21509107672
4916.636413734116,72714.48127403762
4916.661982794117,71961.61376645516
4916.68755198709,72522.52165568006
4916.713121313036,73970.70102900239
4916.738690771956,75463.35833534058
4916.76426036385,77068.21901985862
4916.789830088719,78662.55054113007
4916.815399946565,80232.73916054098
4916.840969937387,81865.33256230243
4916.866540061185,83363.4424368721
4916.892110317963,84499.82812270356
4916.917680707718,85629.51861318722
4916.943251230453,86360.20047640658
4916.9688218861675,86953.21837479273
4916.994392674863,87648.04845227856
4917.01996359654,88271.69741361961
4917.045534651199,88481.61054392815
4917.071105838841,88529.8350670024
4917.096677159466,88517.10540397145
4917.122248613075,88436.25984003002
4917.147820199669,88334.71813563004
4917.173391919248,87734.00380952276
4917.198963771814,87196.18366983217
4917.2245357573665,86896.74825552084
4917.250107875907,85732.7941544456
4917.275680127435,84872.76827158884
4917.301252511953,83642.97983437624
4917.32682502946,81939.22486000386
4917.352397679958,80004.74749343889
4917.377970463446,78092.97186296809
4917.403543379926,76739.60003901458
4917.429116429399,75664.37091254443
4917.454689611865,75914.81264884965
4917.480262927325,76133.7911072248
4917.505836375779,77433.52208325689
4917.531409957229,78121.41960356427
4917.556983671674,78648.37595474585
4917.582557519116,78906.9843963564
4917.608131499555,78505.36174247891
4917.633705612992,77587.89878476503
4917.659279859428,76222.51329769031
4917.684854238863,74777.22507445046
4917.710428751298,72546.4793978088
4917.736003396734,71033.7309759746
4917.761578175171,69553.39201353594
4917.7871530866105,69005.31079435982
4917.8127281310535,69457.90113370346
4917.838303308499,70847.15943013252
4917.863878618949,72801.48747869636
4917.889454062403,74800.13704124607
4917.915029638864,76530.40217690365
4917.940605348331,77513.71636838828
4917.9661811908045,78296.26622788864
4917.991757166285,79144.7455496282
4918.017333274775,78608.88870802836
4918.0429095162735,77461.01898464934
4918.0684858907825,76399.88321336369
4918.094062398301,74937.2260493586
4918.11963903883,73031.86297321127
4918.145215812373,71277.24872100254
4918.170792718926,69210.09763605263
4918.196369758494,66068.14666882325
4918.221946931075,63253.31359761351
4918.247524236671,59109.921891060956
4918.273101675282,55293.51355275548
4918.298679246909,50785.0495714559
4918.324256951552,46091.613388523445
4918.349834789214,42484.52744625835
4918.375412759893,40138.57245144458
4918.400990863591,38830.60728158644
4918.4265691003075,38938.89958947977
4918.452147470045,40603.32925269319
4918.477725972803,43475.17570646229
4918.503304608583,47516.20879802383
4918.528883377384,51890.8323907978
4918.554462279209,56212.756060596104
4918.580041314057,60786.12657326649
4918.605620481929,65278.1756849665
4918.631199782826,69363.05909818338
4918.65677921675,72881.15421531843
4918.682358783699,75817.87527644703
4918.707938483675,78512.71290799664
4918.733518316679,81016.5547376907
4918.759098282711,82821.30715227261
4918.784678381773,84216.31990230306
4918.810258613864,85332.61162727294
4918.8358389789855,85877.68695860532
4918.861419477139,86112.37077832385
4918.887000108323,86791.2633023606
4918.912580872541,87515.35617070555
4918.938161769792,87722.71527810782
4918.963742800076,87909.93217388225
4918.989323963395,88043.83526128133
4919.01490525975,87694.97707825812
4919.04048668914,87396.17592025014
4919.066068251567,87468.5276185963
4919.091649947032,87116.64578671669
4919.1172317755345,86391.61125031099
4919.142813737076,86287.05466585938
4919.168395831657,86277.95561131964
4919.193978059278,85630.87323492106
4919.21956041994,85139.35905232631
4919.245142913644,85200.74326298268
4919.270725540389,84962.49112973505
4919.296308300178,84669.36969474338
4919.32189119301,84815.44930976653
4919.347474218886,84998.5882977041
4919.373057377808,85146.93013164615
4919.398640669776,85802.84545033629
4919.424224094789,86064.27981167604
4919.44980765285,85816.55604157422
4919.475391343958,85301.26625125862
4919.5009751681155,84132.66713896082
4919.526559125322,83201.95090523388
4919.552143215577,81431.06262252737
4919.577727438884,79228.5972372487
4919.603311795242,76330.49878305876
4919.628896284652,73361.05885397381
4919.654480907114,70023.00465313824
4919.68006566263,66260.26571962953
4919.705650551199,62246.68422430304
4919.731235572824,58133.71606945714
4919.7568207275035,53848.08198408832
4919.782406015239,49127.8566025719
4919.807991436031,44252.619318761645
4919.833576989882,39880.46884916775
4919.85916267679,36195.92181501105
4919.884748496757,33213.189549708
4919.9103344497835,31634.227409110128
4919.9359205358705,31377.145214910575
4919.9615067550185,31956.30619703327
4919.987093107227,33521.15944493715
4920.012679592499,36035.90967432561
4920.038266210834,39070.66273184231
4920.063852962232,42775.95914916987
4920.089439846694,46817.61428455033
4920.115026864222,51023.260826376194
4920.140614014816,55120.42964670706
4920.166201298476,59135.93646691176
4920.191788715203,62013.31980742509
4920.217376264998,63823.658632935054
4920.242963947861,65011.67055256879
4920.268551763795,65448.28057717219
4920.294139712797,64620.21078282489
4920.31972779487,63133.353302363874
4920.345316010015,62570.72673383163
4920.370904358231,61714.663034726684
4920.396492839521,62145.29541777836
4920.422081453883,63154.244584817934
4920.44767020132,65391.48776301943
4920.473259081831,67934.33224853993
4920.498848095419,70398.68528688188
4920.524437242081,73104.45569618403
4920.550026521822,75985.96530615407
4920.575615934639,78188.44971101121
4920.601205480534,79554.91016180205
4920.626795159509,81356.06332425518
4920.652384971563,82772.18370476007
4920.677974916698,84543.78891552358
4920.703564994913,85576.47834174255
4920.729155206211,86297.26939049595
4920.75474555059,87101.74288738119
4920.780336028052,87651.17023121305
4920.805926638599,87816.56985491027
4920.831517382229,87779.93085850876
4920.857108258945,87690.58612480522
4920.882699268747,87643.55057262079
4920.908290411636,87430.34917899838
4920.933881687611,87082.35432166123
4920.959473096675,86273.33260718652
4920.985064638827,84479.22233863943
4921.010656314068,82949.60497896586
4921.036248122399,81243.74701802713
4921.061840063821,78985.98928288878
4921.087432138334,76295.97282521697
4921.11302434594,73059.81054861713
4921.138616686638,69491.50826931572
4921.16420916043,66515.56242269285
4921.189801767316,64522.31343245154
4921.215394507296,63455.10567868099
4921.240987380373,63857.407001109576
4921.266580386545,65245.16786272302
4921.292173525814,67448.57973832423
4921.317766798181,69784.23902918244
4921.343360203646,71995.445223707
4921.36895374221,74157.39676278512
4921.394547413874,75880.21141493577
4921.4201412186385,77238.40467039205
4921.445735156503,78473.49383362236
4921.47132922747,78359.84874585198
4921.4969234315395,78377.2046971089
4921.5225177687125,77045.82078764206
4921.548112238989,75552.52532660917
4921.57370684237,73493.30516705882
4921.599301578856,71323.48468564438
4921.624896448448,68777.31345499597
4921.650491451147,67164.18277769213
4921.676086586953,66952.20047974843
4921.701681855867,67488.63851495656
4921.727277257889,69113.69600642787
4921.752872793021,70963.51643346215
4921.778468461263,73551.53108714362
4921.8040642626165,75981.86545010589
4921.829660197081,77545.06767432825
4921.855256264656,79299.90436660705
4921.880852465346,81214.53901528461
4921.906448799149,82651.62200457671
4921.932045266066,83605.66882462024
4921.957641866097,84635.95220196535
4921.983238599245,85758.41284466104
4922.008835465509,86386.73006233173
4922.0344324648895,86473.85347721484
4922.060029597388,86593.03948310208
4922.085626863005,86843.9141433689
4922.11122426174,86513.3426576594
4922.136821793596,86464.27314063802
4922.162419458572,86247.50478913345
4922.188017256669,85956.46320505402
4922.2136151878885,86328.00252147332
4922.23921325223,86454.7525532408
4922.264811449694,85924.48266676327
4922.290409780283,86049.79140830583
4922.316008243996,86468.02960941105
4922.341606840835,86135.83420151653
4922.367205570799,86038.25577333485
4922.392804433891,86495.63858390445
4922.41840343011,86292.12489068824
4922.444002559456,85838.2206606376
4922.469601821931,85857.41235472521
4922.495201217536,85424.33593453126
4922.520800746271,84594.79226215844
4922.546400408137,84037.46323557419
4922.572000203134,83733.67881170733
4922.597600131264,83697.36414613064
4922.623200192526,83600.93671575926
4922.648800386923,84086.72876742996
4922.6744007144525,83681.45326382564
4922.700001175118,83741.32109997934
4922.725601768919,83991.73257293829
4922.751202495856,83894.62935749999
4922.7768033559305,83731.6366495645
4922.802404349143,83400.07173365491
4922.828005475493,82948.11182956462
4922.853606734983,82436.26718916107
4922.879208127612,81419.0019183422
4922.9048096533825,79952.72901761279
4922.930411312294,78129.57141975967
4922.956013104347,75967.81270303474
4922.981615029544,72667.47985390328
4923.007217087882,69296.85835473923
4923.032819279366,65620.34474473832
4923.058421603993,61148.993736512006
4923.084024061766,56362.69408603964
4923.109626652686,51413.41313120794
4923.135229376751,46211.85437111247
4923.160832233965,41020.93579022586
4923.1864352243265,35958.01305027229
4923.212038347837,31285.05174587373
4923.237641604497,27408.567220941244
4923.263244994308,24147.223758943877
4923.288848517268,21764.1095655991
4923.314452173381,19935.392845180777
4923.340055962646,18898.506277398003
4923.365659885064,18709.116099553634
4923.391263940635,19421.905343062474
4923.416868129361,21242.711864562403
4923.442472451242,23903.528133834843
4923.468076906279,27318.13987823616
4923.493681494472,31937.95652082411
4923.519286215823,36923.441389358806
4923.544891070331,42089.11938287903
4923.570496057998,47234.841604986774
4923.596101178824,52964.32913014037
4923.621706432809,57503.98400934125
4923.6473118199565,61770.06593559252
4923.672917340264,65660.27808778145
4923.698522993734,68788.71290399019
4923.724128780366,71738.80620739
4923.749734700162,74732.5281379066
4923.775340753122,77224.01416230077
4923.800946939246,79178.9098363308
4923.8265532585365,80902.77663119952
4923.852159710993,82148.19794888767
4923.877766296616,82934.79112317368
4923.903373015407,83253.61591546555
4923.928979867365,82986.4263461283
4923.954586852493,82270.01489186396
4923.98019397079,81475.15935281535
4924.005801222258,80180.15870361701
4924.031408606897,78192.59221724307
4924.057016124707,75572.16605144348
4924.08262377569,72117.12445021486
4924.108231559846,68427.72394002989
4924.133839477176,64940.18825517272
4924.15944752768,62209.77571524367
4924.1850557113585,60697.972144796724
4924.210664028214,59708.2901248399
4924.236272478245,60270.523180887525
4924.261881061454,61374.46690123655
4924.28748977784,62883.80701361533
4924.313098627405,64625.14568282663
4924.33870761015,66897.43153207106
4924.364316726075,69624.81087253596
4924.38992597518,71782.478089236
4924.415535357467,74219.22239689063
4924.441144872935,77175.46843296807
4924.466754521587,79171.38537645871
4924.492364303422,81222.26264253655
4924.517974218441,82760.56380620488
4924.543584266645,83666.4150415915
4924.569194448034,84649.36573688284
4924.59480476261,84806.01253776807
4924.620415210373,84712.40093292389
4924.646025791323,84873.79681257356
4924.671636505462,84610.39401709894
4924.697247352789,84179.56939277016
4924.722858333306,84031.19124396179
4924.748469447014,84375.22071745452
4924.774080693913,84055.02783625701
4924.799692074003,83799.1542856081
4924.825303587286,83258.60018987145
4924.850915233762,82105.65385727593
4924.876527013432,81141.82139353878
4924.902138926297,79983.75772834868
4924.927750972356,78356.95043708548
4924.953363151612,77021.3904145412
4924.978975464064,76327.70856900234
4925.004587909714,76219.91511543491
4925.030200488562,77002.3179315703
4925.055813200608,78148.39978520149
4925.081426045854,79763.36577105644
4925.107039024299,80715.11328487648
4925.132652135946,82232.9811886696
4925.158265380794,83508.37785184829
4925.183878758844,84353.12681045539
4925.209492270097,85332.71768615376
4925.235105914553,86115.83622091307
4925.2607196922145,86642.058003098
4925.28633360308,87075.67805672408
4925.311947647151,87418.63053839163
4925.337561824429,87935.77632153752
4925.363176134913,88101.31328898946
4925.388790578606,88115.0412461434
4925.414405155507,88415.21125609365
4925.440019865617,88360.54505083623
4925.465634708937,88875.67943483079
4925.491249685467,88827.4427880563
4925.516864795208,88842.49521783189
4925.542480038161,88715.0304554043
4925.568095414326,88803.69892232827
4925.593710923706,89072.4595829138
4925.619326566299,89147.0391620669
4925.644942342105,89421.53606099576
4925.670558251129,89266.08088118026
4925.696174293367,89151.67649315292
4925.721790468823,89751.36909449847
4925.7474067774965,89625.16489716321
4925.773023219387,89770.8687662011
4925.798639794497,89423.39200973096
4925.824256502826,89326.2846866342
4925.849873344376,89257.09080250021
4925.875490319146,89309.84091098332
4925.901107427138,89195.9487111153
4925.926724668352,88906.92737243656
4925.9523420427895,89040.37336325392
4925.97795955045,89102.96866476578
4926.003577191335,88842.54567378105
4926.029194965446,88686.17451284654
4926.054812872781,89292.87888106964
4926.080430913344,89077.17192782705
4926.106049087132,88741.7362449822
4926.13166739415,88702.74265993455
4926.157285834395,88777.50609199243
4926.18290440787,89083.64592738662
4926.208523114575,88916.33297280663
4926.23414195451,88331.18372754785
4926.259760927676,88422.66709217892
4926.2853800340745,88845.27889066206
4926.310999273706,88695.31604592876
4926.33661864657,88739.29317267584
4926.362238152669,88774.0302475969
4926.387857792002,88837.54220638698
4926.413477564571,88708.05211624634
4926.439097470376,89021.96086773968
4926.464717509417,88616.28525161148
4926.490337681696,88689.50437017939
4926.515957987213,88625.24272816676
4926.541578425969,88238.48191645942
4926.567198997965,88008.09124046461
4926.592819703201,87756.07101231096
4926.618440541677,87454.43535293386
4926.644061513396,86854.69912107984
4926.669682618357,86107.2243889204
4926.695303856561,84714.28780325475
4926.720925228008,83969.21707818644
4926.7465467327,82378.59865678863
4926.772168370638,81282.65734310808
4926.797790141821,79756.91271777054
4926.82341204625,78475.05182513343
4926.849034083926,77838.1794537698
4926.874656254851,77369.55428344243
4926.900278559024,77462.77562606531
4926.925900996446,78431.44727686536
4926.951523567119,79483.94201327092
4926.977146271042,80454.91109425678
4927.002769108216,81452.84121092693
4927.028392078642,81889.06008279917
4927.054015182322,82968.77539913497
4927.0796384192545,82815.8414228968
4927.105261789441,82380.34916906922
4927.130885292883,81462.55085584558
4927.15650892958,80104.06169274307
4927.182132699533,78702.30662117102
4927.207756602743,76598.30778174606
4927.233380639211,74248.9708917946
4927.259004808937,72647.34550936683
4927.284629111922,71831.8244038177
4927.310253548167,72468.90584524526
4927.335878117672,73710.79475580317
4927.361502820438,74900.33245118108
4927.387127656466,76727.76089239362
4927.412752625756,78182.42780663735
4927.438377728309,80056.86689337641
4927.464002964127,81485.75011222069
4927.489628333208,82593.16146023203
4927.515253835555,83867.20547924604
4927.540879471168,84837.44801218707
4927.566505240047,85483.30329810345
4927.592131142194,86171.39293969533
4927.617757177609,86411.23216011973
4927.6433833462925,86304.58468462614
4927.669009648245,86572.80064199881
4927.694636083468,85627.55502096034
4927.720262651962,85630.81416136998
4927.745889353727,85958.30066699999
4927.7715161887645,86441.81006556273
4927.797143157074,86425.66082657296
4927.822770258658,86506.4173537611
4927.848397493516,86977.83403237416
4927.874024861649,87646.13568292295
4927.899652363057,88133.05621037395
4927.925279997741,88121.32754549324
4927.950907765703,88228.86850604981
4927.976535666942,88914.08403014479
4928.00216370146,89149.3609029115
4928.027791869257,89416.7194359568
4928.053420170333,89616.28201562227
4928.079048604691,89863.64547474595
4928.104677172329,89885.05500602175
4928.130305873248,89579.04494524955
4928.155934707451,89199.31323452474
4928.181563674937,89301.34502475729
4928.207192775707,89640.32267192942
4928.232822009761,89558.61508025591
4928.258451377101,89476.3388962081
4928.284080877726,89461.80598197263
4928.3097105116385,89343.97488807859
4928.335340278838,89564.00293046926
4928.360970179326,88986.68310419148
4928.386600213103,89449.55191593542
4928.412230380169,89220.83425477394
4928.437860680525,89345.7090427423
4928.463491114172,89494.67873639124
4928.489121681111,89395.63279895752
4928.514752381342,89490.37066898824
4928.540383214866,89522.65811549516
4928.566014181683,89494.86542881432
4928.591645281795,89363.2972221125
4928.617276515201,89293.74946618277
4928.642907881904,89356.34340961742
4928.668539381903,89303.80810263325
4928.694171015199,89423.26075906254
4928.719802781793,89370.99772626905
4928.745434681685,89520.92435212589
4928.771066714877,89405.00154987306
4928.796698881368,89507.08663775837
4928.82233118116,89262.15135958997
4928.847963614253,89438.00829614082
4928.873596180648,89540.08815863062
4928.899228880346,89371.79932969631
4928.924861713347,89357.82195117613
4928.950494679652,89488.26495790423
4928.976127779262,89559.30610852163
4929.001761012177,89633.28079275558
4929.027394378399,89670.9432252192
4929.053027877927,89610.58694957398
4929.078661510763,89481.19499050443
4929.104295276907,89100.68485142276
4929.129929176359,89828.56971911964
4929.155563209121,89451.77110234619
4929.181197375194,89719.72282563435
4929.206831674577,89701.48812728851
4929.232466107273,89759.3879043341
4929.25810067328,89594.42633833447
4929.283735372601,89495.75998081827
4929.309370205235,89692.23961940795
4929.335005171184,89682.4923753164
4929.360640270448,89292.90020991192
4929.386275503028,89031.55092567629
4929.411910868924,89234.10692750085
4929.437546368137,89032.3385692682
4929.463182000668,87814.34389492015
4929.488817766518,87365.13499590999
4929.514453665687,86048.99660172423
4929.540089698176,85135.58055195998
4929.565725863986,83651.98674722639
4929.591362163117,81562.26557465688
4929.61699859557,79215.85631538936
4929.642635161346,76802.20563754367
4929.668271860446,74557.97853089536
4929.69390869287,72939.50956057274
4929.719545658618,72190.86236627346
4929.7451827576915,72390.36905563448
4929.770819990092,73551.78792036642
4929.796457355819,75064.66851804884
4929.822094854873,76885.92557420205
4929.8477324872565,79186.47883642594
4929.873370252968,80719.060037317
4929.89900815201,81891.90888825025
4929.924646184382,83497.88778040423
4929.950284350085,84813.84125125523
4929.97592264912,85723.48775404986
4930.001561081487,86510.87884908282
4930.027199647187,86736.58851336171
4930.0528383462215,86699.7129541889
4930.07847717859,86696.8158649195
4930.1041161442945,86617.42462518305
4930.129755243334,86497.58275445705
4930.155394475711,85993.57552850031
4930.181033841425,86315.5833522706
4930.206673340476,85569.76280393705
4930.2323129728675,86019.02229249553
4930.257952738597,86160.75024761977
4930.283592637667,86542.3429644391
4930.309232670078,86709.01560409274
4930.3348728358305,87158.31086567136
4930.360513134925,87495.5269004342
4930.386153567362,87493.63667261293
4930.411794133143,88022.07525450774
4930.437434832268,88428.23520291861
4930.463075664738,88312.58785095149
4930.488716630553,88719.37264569172
4930.514357729716,89094.81356910625
4930.539998962225,89150.73337800881
4930.565640328081,89267.61423210094
4930.591281827286,89243.94874469306
4930.616923459841,89103.67887886862
4930.642565225745,89507.94328373596
4930.668207124999,89563.83160194391
4930.693849157605,89489.55505321716
4930.719491323563,89739.94995082662
4930.745133622872,89561.61558705708
4930.770776055536,89463.25442661284
4930.796418621553,89686.24603326313
4930.822061320925,89894.00597672767
4930.847704153653,89824.12783147166
4930.873347119736,89437.95427541847
4930.898990219176,89604.98661212907
4930.924633451973,90146.63908916667
4930.950276818129,89874.4438260267
4930.975920317644,89704.97190569756
4931.001563950517,89307.21906156391
4931.027207716751,89483.21237213239
4931.052851616347,88996.35283083023
4931.078495649303,88562.46899850018
4931.104139815622,88137.25208042708
4931.129784115304,87303.41142804752
4931.155428548349,87065.75737281956
4931.181073114759,86748.19529453036
4931.2067178145335,85765.50904778883
4931.232362647675,84481.36022830592
4931.258007614181,82833.53748768684
4931.283652714055,81057.86918457852
4931.309297947298,78501.29215101118
4931.334943313908,75660.55209991605
4931.360588813888,72659.70111154357
4931.386234447237,68653.12492390677
4931.411880213957,66750.54197350515
4931.437526114049,65225.34190639489
4931.4631721475125,64832.79199983802
4931.488818314349,65760.05798737924
4931.514464614558,67484.28053444931
4931.5401110481425,69780.74843437635
4931.565757615101,72485.68022001826
4931.591404315434,75223.0819265959
4931.617051149145,77600.70405846999
4931.642698116231,79763.03263704425
4931.668345216695,81881.2872638976
4931.693992450539,83486.02930394236
4931.71963981776,84911.10864975535
4931.745287318361,86223.61949439945
4931.770934952342,87115.81350499291
4931.796582719705,88239.22404436646
4931.822230620449,88605.64715733434
4931.847878654576,88780.6669580353
4931.873526822085,88786.194761505
4931.899175122979,89090.94564197866
4931.924823557257,89369.82188235277
4931.9504721249195,89325.42201977175
4931.976120825968,89430.09741098068
4932.001769660404,89627.09054774947
4932.027418628227,89417.25698074108
4932.053067729437,89403.06278026404
4932.078716964036,89834.40056323545
4932.104366332025,89646.43072699504
4932.130015833403,89728.4534961616
4932.155665468173,89762.6490060631
4932.181315236334,89742.49628287254
4932.206965137886,89672.15695288974
4932.232615172832,89467.292232338
4932.258265341171,89137.46463267424
4932.2839156429045,89158.36265767957
4932.309566078033,89196.30805392291
4932.335216646557,89271.80526461327
4932.360867348476,88982.70063858495
4932.386518183793,88328.43729016953
4932.412169152508,87919.92391746987
4932.43782025462,87295.82400223381
4932.463471490132,86141.33916824184
4932.489122859044,85007.40703326771
4932.514774361356,83173.5597663026
4932.54042599707,81138.49464817933
4932.566077766185,79131.07014635394
4932.591729668702,76495.03914509482
4932.617381704623,74018.40484759926
4932.643033873947,70880.81646398206
4932.6686861766775,68436.9895803795
4932.694338612811,65833.4382065524
4932.719991182352,63893.017396651056
4932.7456438853,62935.92837659558
4932.771296721654,63420.26783053218
4932.796949691417,65427.53073745266
4932.8226027945875,68094.49012470385
4932.848256031169,70814.03723716743
4932.87390940116,73424.2163080011
4932.899562904561,75891.51458087665
4932.9252165413745,78383.84621227573
4932.9508703116,80574.09616122633
4932.976524215239,82088.60254450717
4933.002178252291,83111.77439104625
4933.0278324227575,83508.25253449756
4933.053486726639,83802.5131721871
4933.079141163936,83219.9749280433
4933.104795734649,82345.08197843419
4933.130450438779,80363.62290936345
4933.156105276327,78050.13394904455
4933.181760247295,75168.80951986906
4933.2074153516805,70888.97100514107
4933.233070589486,65987.96026770504
4933.258725960713,60770.321428103234
4933.28438146536,55203.52924642223
4933.310037103429,49804.429795603195
4933.335692874922,44100.235536674285
4933.361348779837,38628.75115304668
4933.387004818176,33439.099631465615
4933.41266098994,29377.525230131963
4933.43831729513,25742.460347359272
4933.463973733746,23831.1460694931
4933.489630305788,22635.123065694483
4933.515287011258,22872.173877580233
4933.540943850156,24501.96691291014
4933.5666008224825,27629.966474799687
4933.59225792824,31884.01630534121
4933.617915167426,37054.29359045291
4933.643572540044,42729.87293925954
4933.669230046094,48621.614861492824
4933.694887685575,54364.915443642356
4933.72054545849,59796.764786155974
4933.746203364838,65075.60885237342
4933.771861404621,69591.43530366567
4933.797519577839,73528.672164814
4933.823177884493,76709.99443121924
4933.848836324583,79312.03426808862
4933.874494898111,81703.14420605742
4933.900153605076,83653.2622764636
4933.92581244548,85084.40614571833
4933.951471419324,86318.26128401926
4933.977130526607,86914.91359933112
4934.002789767331,87708.69998101084
4934.028449141496,88361.3631709766
4934.054108649104,88139.87488224643
4934.079768290154,88005.58389008997
4934.105428064648,88300.36549012535
4934.131087972585,88104.03501905971
4934.156748013967,87458.22098486971
4934.182408188795,86951.9150650135
4934.20806849707,86420.555708523
4934.2337289387915,85861.2548315482
4934.25938951396,85975.9726938382
4934.285050222577,85488.15363083774
4934.310711064643,86328.45744687023
4934.336372040159,86157.56249387034
4934.362033149126,86737.301880652
4934.387694391543,87148.78375537776
4934.413355767411,87191.49172648534
4934.4390172767335,87122.4947317743
4934.464678919508,87777.03878708265
4934.490340695736,88173.59406340975
4934.516002605419,88262.77570058782
4934.541664648557,88519.10790602965
4934.567326825152,88898.90038388813
4934.5929891352025,88987.38269261253
4934.618651578711,89019.80996808685
4934.644314155677,89345.8175389371
4934.669976866102,88776.69306197732
4934.695639709987,89080.09174277732
4934.721302687331,89556.20496654442
4934.746965798136,89549.76608817623
4934.772629042403,89414.91220454546
4934.798292420132,89676.12588480086
4934.823955931324,89264.67330417628
4934.849619575979,89191.60676881553
4934.875283354098,89200.32004164589
4934.9009472656835,88956.84210135882
4934.926611310733,88529.57270661257
4934.9522754892505,88620.86370528105
4934.977939801234,88310.9426538068
4935.003604246685,87380.80012230213
4935.029268825605,86584.33529300768
4935.054933537994,85956.95652839553
4935.080598383853,85153.38631422297
4935.106263363182,83754.4594482062
4935.131928475983,82134.5958723941
4935.157593722255,80068.78638493051
4935.183259102,78235.20695557105
4935.208924615218,76163.31916491325
4935.234590261911,74652.7018471873
4935.260256042077,74617.25145973086
4935.2859219557195,75280.22937164709
4935.311588002838,77058.64089469702
4935.337254183433,78444.92960254125
4935.362920497506,79906.81848207774
4935.388586945057,81546.37990620828
4935.414253526086,82750.91604926872
4935.439920240595,83886.75271837319
4935.4655870885845,85069.92134749684
4935.491254070055,85812.3904160504
4935.516921185007,86314.39212755002
4935.542588433441,86763.36627572073
4935.5682558153585,86727.18113893729
4935.593923330759,86355.68061679402
4935.619590979644,85917.31010922935
4935.645258762014,84941.34284312878
4935.670926677871,84286.65258663184
4935.696594727214,82620.5926944941
4935.722262910043,81648.23440122137
4935.747931226361,81237.17160503689
4935.773599676168,81285.13382592877
4935.799268259463,81447.3581714922
4935.824936976248,82480.44999928259
4935.850605826525,83547.18363989834
4935.876274810292,84331.83005288726
4935.901943927552,85056.15311001246
4935.927613178304,85817.54677777077
4935.953282562549,86707.5889997159
4935.978952080289,87516.42687380314
4936.004621731523,87816.2011666975
4936.030291516254,88079.42565293623
4936.055961434479,88739.56360238098
4936.081631486203,89018.82965696754
4936.107301671424,89291.31285769456
4936.132971990142,89272.00971550414
4936.15864244236,88951.30245881411
4936.184313028078,89024.79759873496
4936.209983747296,89121.75831020581
4936.235654600016,89082.24881892778
4936.261325586236,89266.01103471773
4936.28699670596,88716.54170486722
4936.312667959186,88124.46304355406
4936.338339345916,87453.79700415723
4936.36401086615,87135.201670346
4936.389682519891,86360.13040958912
4936.415354307136,85506.89264215292
4936.441026227889,84642.62525600125
4936.466698282149,83777.04613066855
4936.492370469917,83221.35396812315
4936.518042791193,82597.64410374266
4936.543715245979,82096.05316627733
4936.569387834275,81355.82429571672
4936.595060556082,80265.06659279842
4936.620733411401,78654.01164119395
4936.64640640023,76674.71867988716
4936.672079522574,74766.86395116679
4936.69775277843,72026.11144807625
4936.723426167801,69911.34595444199
4936.749099690688,68855.91336007202
4936.77477334709,68682.244282111
4936.800447137008,69532.092340148
4936.826121060442,71282.82077043506
4936.851795117395,73365.73674425622
4936.877469307866,75461.66033101526
4936.903143631856,77301.65889709932
4936.928818089366,79064.25857971201
4936.954492680397,80601.19901222998
4936.980167404949,81797.0530114284
4937.005842263023,82819.82126153146
4937.031517254619,83782.92554178792
4937.057192379738,84535.55423098899
4937.082867638382,84644.18576495058
4937.10854303055,85189.6464576444
4937.1342185562435,85542.38039520265
4937.159894215463,85736.64062934279
4937.185570008209,85398.61007183098
4937.211245934483,85285.64271373121
4937.236921994285,85364.04900263672
4937.262598187615,85117.46459594875
4937.288274514475,84983.64764110689
4937.313950974866,84846.88186749106
4937.339627568787,84361.18679667544
4937.3653042962405,83223.61045734193
4937.390981157226,82217.19853154868
4937.416658151744,80886.03104609232
4937.442335279796,79073.83522998485
4937.468012541382,77011.77698772337
4937.493689936504,74343.72402160443
4937.519367465161,71561.84832177804
4937.545045127355,69161.35279091915
4937.570722923086,67407.14304374733
4937.596400852354,67039.38298012568
4937.622078915161,67316.27412388906
4937.647757111508,68607.58241389302
4937.673435441395,70530.86238927569
4937.699113904821,73283.75269112088
4937.72479250179,74915.99756457089
4937.750471232301,77125.2921178794
4937.776150096353,79005.97674471395
4937.80182909395,81040.62316954485
4937.827508225091,82057.32553759836
4937.853187489776,83510.42823861881
4937.878866888007,84733.42595545814
4937.904546419784,84882.41796142579
4937.930226085108,84492.6834670193
4937.95590588398,83743.91261721583
4937.9815858164,82462.11629353189
4938.007265882369,80862.04729482897
4938.0329460818875,78897.30077590309
4938.058626414956,75997.25586738711
4938.084306881577,72258.92356850639
4938.109987481748,68183.58692756457
4938.135668215472,63674.4923995334
4938.161349082749,59215.029395422374
4938.187030083581,55523.04285797265
4938.212711217966,53316.99572829506
4938.238392485907,53055.46078021892
4938.264073887404,53982.345998920726
4938.289755422457,55786.410534737246
4938.315437091068,59121.70595453111
4938.341118893237,62542.291928674684
4938.366800828964,65921.9267458085
4938.392482898251,68061.37629047962
4938.418165101098,70643.62379948002
4938.443847437506,72357.44549337219
4938.469529907475,73233.11954834501
4938.495212511006,73076.42237668214
4938.520895248101,72006.59724762934
4938.546578118758,70671.47891228327
4938.57226112298,68590.94368785844
4938.597944260767,66241.77907638968
4938.62362753212,64439.559681847946
4938.6493109370385,63410.10692666626
4938.674994475525,63973.122481699684
4938.7006781475775,65555.33250191234
4938.7263619532,67691.5329081579
4938.752045892391,70180.37477616726
4938.7777299651525,72561.19223238676
4938.803414171483,74352.21062741645
4938.829098511386,75798.09014177848
4938.854782984861,76995.03415622824
4938.880467591908,77703.84475886339
4938.906152332528,77357.21160155689
4938.931837206723,76433.31065831505
4938.957522214492,74576.9504060463
4938.983207355836,72348.82665650849
4939.008892630757,68823.86339744457
4939.0345780392545,65533.411406789965
4939.060263581329,62663.67794399666
4939.085949256982,60745.55224201602
4939.111635066213,60480.51783504846
4939.137321009025,61546.903799366235
4939.163007085416,63528.38357966912
4939.1886932953885,66177.25707581478
4939.214379638943,69087.33396151706
4939.240066116079,71877.01146472528
4939.265752726798,74450.01043311712
4939.2914394711015,76601.76377875112
4939.3171263489885,78425.7074936366
4939.342813360461,80008.80629432751
4939.3685005055195,81033.00398144302
4939.394187784164,81389.43748917105
4939.419875196397,82161.73750191112
4939.445562742216,82799.22136926957
4939.471250421625,83160.64056987953
4939.496938234623,83869.651222673
4939.5226261812095,84304.14420004918
4939.548314261388,85091.47530555702
4939.574002475158,85828.12695231164
4939.59969082252,86420.17539032873
4939.625379303474,86657.38083359979
4939.651067918021,86855.62075724457
4939.676756666164,87372.87874139061
4939.7024455479,87849.34355799897
4939.728134563233,88006.78841558004
4939.753823712161,88225.80874457535
4939.779512994686,87994.55694265247
4939.805202410809,87617.90255622985
4939.830891960531,87649.9280026498
4939.85658164385,87342.8280298433
4939.88227146077,87459.29053385083
4939.907961411291,87469.62768200402
4939.933651495412,87447.26145735527
4939.9593417131355,87479.32648807198
4939.985032064461,87399.86557805854
4940.010722549389,87769.08208865557
4940.036413167923,88179.86143381028
4940.06210392006,88149.68829344447
4940.087794805801,88058.80372572514
4940.11348582515,88477.01386115495
4940.139176978105,88757.79821052165
4940.164868264667,88413.95062612575
4940.190559684837,88520.19440854639
4940.216251238617,88522.40196652313
4940.241942926004,88245.64326379308
4940.267634747003,88184.06793107995
4940.293326701612,88094.04228207756
4940.3190187898335,88103.22455344626
4940.344711011666,87949.0533746262
4940.370403367112,87562.81683953578
4940.396095856171,87373.08333891169
4940.421788478845,87425.6898065338
4940.447481235134,87560.32279401149
4940.473174125038,87507.20406644208
4940.498867148559,87605.9582499142
4940.5245603056965,88018.43924331444
4940.550253596452,88076.45695558088
4940.575947020826,88488.3986419343
4940.601640578819,88741.56523940017
4940.627334270432,88752.76857760502
4940.653028095665,89071.069711471
4940.67872205452,89769.47148327662
4940.704416146997,89602.8810223437
4940.730110373096,89206.89743501578
4940.755804732818,89404.73578443102
4940.781499226165,89626.14501540877
4940.807193853136,89682.82047695856
4940.832888613732,89447.09863418099
4940.858583507955,89758.06904532979
4940.884278535805,89881.336512987
4940.909973697281,89910.22143969891
4940.935668992386,89651.61397157582
4940.96136442112,89573.01067186445
4940.987059983484,89662.23529629922
4941.012755679478,89754.22125373491
4941.038451509102,89871.40167518138
4941.064147472359,89839.17012277199
4941.089843569247,89924.01617105908
4941.115539799769,89985.32684999736
4941.141236163924,89800.81448652828
4941.166932661714,89802.57106207595
4941.192629293139,89813.99609102859
4941.2183260582,89793.04796070924
4941.244022956897,90028.01692215765
4941.269719989232,90069.29136606208
4941.295417155205,89322.82791895249
4941.321114454815,89562.97199483764
4941.3468118880655,89518.897332538
4941.372509454955,89419.77024977855
4941.3982071554865,89678.55125237242
4941.423904989659,89326.70205281075
4941.449602957474,89065.68929149958
4941.475301058931,89477.3506523967
4941.500999294031,89227.16153868331
4941.526697662776,89504.94569747873
4941.552396165166,89346.05235380578
4941.578094801201,88839.4791861425
4941.603793570882,88650.87857139694
4941.629492474211,88464.61716662954
4941.655191511187,87952.32958295922
4941.6808906818105,87194.77367942098
4941.7065899860845,86281.29228379685
4941.732289424007,84831.15375316508
4941.7579889955805,82960.26303482101
4941.783688700805,80856.90339678888
4941.809388539682,78558.38480080369
4941.835088512211,76475.27138295495
4941.860788618393,74517.15243535262
4941.886488858228,73402.93190612902
4941.912189231719,73334.28180308088
4941.937889738864,73818.38853430016
4941.963590379666,74852.21959961437
4941.989291154125,76079.43221307606
4942.014992062241,77650.13419351699
4942.040693104014,79136.09502100438
4942.066394279447,80442.15813488667
4942.0920955885385,82404.96897412355
4942.117797031291,83509.51097045252
4942.143498607704,84284.45406354412
4942.169200317779,85957.02461034094
4942.1949021615155,87011.91665971432
4942.220604138915,87453.08128355748
4942.246306249978,87996.85915261114
4942.272008494706,88510.83862499478
4942.297710873098,88426.60629230535
4942.3234133851565,88700.59841822539
4942.349116030881,88970.66112663317
4942.374818810274,88935.171597175
4942.4005217233325,89074.97647593281
4942.426224770061,88951.97385813043
4942.451927950458,88850.03896885568
4942.477631264525,88966.04266257939
4942.503334712263,89235.94300158804
4942.529038293672,89425.2578714296
4942.554742008753,89166.71681358814
4942.580445857507,89304.8398654743
4942.606149839933,89487.5157111913
4942.631853956034,89384.02380673325
4942.65755820581,89085.79314004577
4942.683262589261,89070.78901679516
4942.708967106389,89159.51258597297
4942.734671757193,88636.39938472754
4942.760376541674,87854.5580871498
4942.786081459833,87398.40941704572
4942.811786511673,87237.0276821087
4942.837491697191,86483.22679638177
4942.86319701639,86525.488530567
4942.888902469269,86628.14729100776
4942.91460805583,86121.82242761053
4942.940313776074,86719.14390994013
4942.966019630001,86942.42717293634
4942.991725617611,86721.72845629805
4943.017431738906,87223.34334218586
4943.043137993886,87274.57022109153
4943.068844382553,87466.86713977891
4943.094550904905,87811.89599909405
4943.120257560945,87796.4182841044
4943.145964350673,87529.58410935939
4943.171671274089,87589.4447882336
4943.197378331195,87584.3945143186
4943.2230855219905,87486.48223082582
4943.248792846477,87267.63809895412
4943.274500304656,87159.79884883677
4943.3002078965255,87311.03734040531
4943.325915622088,87512.69269352738
4943.351623481345,87986.21539619312
4943.377331474296,87975.23983343136
4943.403039600941,87909.27747227655
4943.428747861282,88289.3543247864
4943.454456255319,88575.00458354708
4943.480164783054,88866.37266643724
4943.505873444486,89339.58436632507
4943.531582239616,88918.29008623662
4943.557291168446,88690.25972569396
4943.583000230975,88868.04747209766
4943.608709427205,89224.17589700356
4943.634418757136,88681.80040158096
4943.6601282207685,88549.55806904838
4943.685837818104,88385.73181012686
4943.711547549143,88408.73707626981
4943.737257413884,88607.92322056029
4943.762967412332,88417.05117825215
4943.788677544484,88773.9163182532
4943.814387810343,88795.411279207
4943.840098209908,88680.60798701792
4943.86580874318,88714.2999451348
4943.891519410162,88565.19807080187
4943.917230210851,87844.34890941127
4943.94294114525,87204.66667198738
4943.96865221336,86920.51227885867
4943.99436341518,86613.24602277335
4944.0200747507115,86455.10433689112
4944.0457862199555,86523.02106996579
4944.0714978229125,86815.84679999761
4944.097209559583,87032.1760811848
4944.122921429967,87420.52584648886
4944.148633434068,87859.2565066419
4944.174345571883,88017.38518669343
4944.200057843416,88561.19068821012
4944.225770248666,89091.22292425814
4944.251482787633,89415.67485867237
4944.277195460319,89617.92425528824
4944.3029082667235,89592.84695775095
4944.328621206849,89418.55522732434
4944.354334280694,89647.04887883313
4944.380047488261,89910.43432010367
4944.405760829551,90335.62606626225
4944.431474304562,90128.59136539848
4944.457187913297,89926.72958081566
4944.482901655756,89855.1983310748
4944.50861553194,89565.86531153077
4944.53432954185,89809.2381549431
4944.560043685486,89661.88969441172
4944.585757962848,89340.45303594769
4944.611472373938,89226.22311028527
4944.637186918757,88285.74953930492
4944.662901597304,87988.7654787703
4944.688616409581,87625.32400100879
4944.714331355589,86933.75332582238
4944.740046435327,85452.65275098543
4944.765761648798,84291.42032162775
4944.791476996,82872.88521755715
4944.817192476936,81466.63575078544
4944.842908091606,80212.16800037405
4944.86862384001,79300.64112224351
4944.894339722149,78899.46337137224
4944.9200557380245,78952.42150641336
4944.9457718876365,78747.16712691424
4944.971488170986,78579.15824175585
4944.997204588073,78516.22877898929
4945.0229211389,78139.92126092504
4945.048637823465,78386.80077403269
4945.074354641771,79109.73106039937
4945.100071593817,80261.65926105989
4945.125788679605,81929.34162745188
4945.1515058991345,83185.78439526694
4945.177223252408,84712.19186968885
4945.202940739424,85799.38832560781
4945.228658360185,86135.75837692674
4945.254376114691,86474.20731402104
4945.280094002942,86882.07962130063
4945.30581202494,87444.59262633402
4945.331530180685,87460.64060397867
4945.357248470177,87326.77141702973
4945.382966893419,86468.31574209951
4945.4086854504085,86334.91230790572
4945.434404141149,86099.76638878815
4945.460122965639,85843.8103856164
4945.485841923881,85298.48095914008
4945.511561015875,85197.02983616336
4945.537280241621,84860.18798650835
4945.56299960112,84318.48583486055
4945.588719094374,83352.75425257527
4945.614438721383,81580.20086215383
4945.640158482146,79344.12353604929
4945.665878376666,76812.55052533028
4945.691598404943,73433.59522182321
4945.717318566977,69754.47502194246
4945.743038862769,66023.39409180026
4945.76875929232,63163.74044484594
4945.794479855632,61417.291440584864
4945.820200552703,61078.9279479862
4945.845921383535,62261.29893087279
4945.871642348128,64544.421846757636
4945.897363446485,67318.7158590585
4945.923084678603,70353.07323253034
4945.948806044486,73182.26390293702
4945.974527544134,75632.42962294217
4946.000249177546,77988.58357065344
4946.025970944725,80557.7903167195
4946.051692845669,82679.5189584764
4946.077414880381,84072.70966978664
4946.103137048861,85634.18180637289
4946.12885935111,86911.8227578427
4946.154581787127,87554.96217058267
4946.180304356915,88470.82783442894
4946.206027060474,89116.61977639335
4946.231749897805,89147.32477463673
4946.257472868906,89222.18225803153
4946.283195973781,89374.02669251875
4946.30891921243,89825.54475151487
4946.334642584852,89781.63362364136
4946.360366091049,89374.23295628403
4946.386089731023,89264.30458716025
4946.411813504772,88837.81341773973
4946.437537412298,88962.54322439071
4946.463261453602,88977.52589075483
4946.4889856286845,88729.69165134977
4946.514709937546,89294.75569916562
4946.540434380187,89173.67841525369
4946.566158956609,89263.79286342206
4946.591883666812,88981.39567540488
4946.617608510796,88670.43935616358
4946.643333488563,89198.94124309489
4946.669058600113,89153.42435689986
4946.694783845448,88805.36907903737
4946.720509224567,88431.24968085546
4946.746234737471,88315.83976959733
4946.7719603841615,88496.3370499782
4946.797686164638,87891.80060009293
4946.823412078902,87842.88082440094
4946.849138126955,87204.67131503538
4946.874864308796,86470.52901029227
4946.9005906244265,85965.09107845802
4946.926317073848,84651.24673964172
4946.952043657059,84000.33006947422
4946.977770374063,83603.9157697439
4947.003497224859,82973.23529202808
4947.0292242094465,82983.40858656236
4947.054951327829,83365.4385612888
4947.080678580006,84168.7577887625
4947.1064059659775,85151.91888917467
4947.132133485745,85318.26643080535
4947.157861139309,85915.37908546314
4947.1835889266695,86770.38511401553
4947.209316847829,87260.22487796463
4947.235044902786,87559.34331110404
4947.260773091542,88004.63207819508
4947.2865014141,88389.82033244267
4947.312229870457,88474.00361158709
4947.3379584606155,88735.26422314753
4947.363687184576,88736.63778276934
4947.389416042339,88831.51772926752
4947.415145033906,88905.02170203147
4947.440874159276,88474.39720159417
4947.466603418452,88418.99670343126
4947.492332811433,88049.05872883863
4947.51806233822,87796.95715442298
4947.543791998814,87999.68377459608
4947.569521793216,88013.50081432924
4947.595251721426,87872.04422806474
4947.620981783445,87626.93003613154
4947.646711979273,87532.69728872585
4947.672442308913,87366.15373376299
4947.698172772362,87125.8508257998
4947.723903369624,86966.36351974537
4947.749634100699,87380.00612967047
4947.775364965586,87560.7354880607
4947.801095964288,87604.54955379099
4947.826827096804,87721.91418090578
4947.852558363134,87985.55080950064
4947.878289763282,87905.64355815122
4947.904021297245,87938.9569719997
4947.929752965026,88205.89171843062
4947.955484766625,87949.00349578905
4947.981216702043,87385.11053706883
4948.00694877128,87644.75004121946
4948.032680974337,87258.77654772381
4948.058413311215,87284.66033338865
4948.084145781914,87205.9256612594
4948.109878386436,86861.14465753744
4948.135611124781,87176.17412579924
4948.161343996949,86882.50736261373
4948.187077002942,86645.70162398675
4948.212810142759,86943.31100003407
4948.2385434164025,87144.95712822997
4948.264276823872,87280.81515408504
4948.290010365168,87372.40108482257
4948.315744040293,87744.46471161023
4948.341477849245,87475.47784913347
4948.367211792027,87747.43625452468
4948.392945868639,87761.65214105019
4948.418680079081,88070.13424474544
4948.444414423355,88149.24989127927
4948.470148901461,88261.51789269326
4948.495883513398,88532.32405635569
4948.52161825917,88457.22792537717
4948.547353138776,88276.1000273319
4948.573088152216,88129.84473207372
4948.598823299491,88385.35753281796
4948.624558580604,88416.85290693957
4948.650293995553,88515.15652988237
4948.676029544338,88457.5755408462
4948.701765226962,88501.85554141593
4948.727501043426,88660.1624975923
4948.753236993729,88669.84495129487
4948.778973077872,88928.1115540789
4948.804709295856,88767.78824616011
4948.830445647682,88407.22075268773
4948.85618213335,88574.31317427878
4948.881918752862,88477.57100645683
4948.9076555062165,88293.9598921806
4948.9333923934155,88321.28304484174
4948.95912941446,88336.15534764166
4948.984866569351,88367.2503442783
4949.010603858088,88353.98028765028
4949.036341280673,88530.49853657676
4949.062078837104,88494.71579736644
4949.087816527385,88614.46976998332
4949.113554351516,88860.87611205097
4949.139292309496,88554.99783431951
4949.165030401327,88468.00474368191
4949.19076862701,88837.43874862086
4949.216506986544,88444.49965236083
4949.242245479932,88369.07007202451
4949.267984107173,87865.69112127987
4949.293722868268,87254.46542985158
4949.319461763218,86273.95925449769
4949.345200792023,85332.64780659848
4949.370939954686,83541.57029906231
4949.396679251205,81327.90569463672
4949.422418681581,78854.79630880279
4949.448158245817,76334.3640009182
4949.473897943911,73882.30405459205
4949.499637775864,71989.79497245095
4949.525377741679,70780.6751030446
4949.551117841354,70811.59331654348
4949.576858074892,71667.0720300833
4949.602598442292,73492.87612028123
4949.628338943555,74924.99194962608
4949.654079578682,76755.32588045496
4949.679820347675,78234.67771218302
4949.705561250532,80008.79185399869
4949.731302287255,81321.31404360403
4949.757043457845,82196.61783174751
4949.782784762302,83139.56686431088
4949.808526200628,83913.68558877772
4949.834267772822,84305.87091630633
4949.860009478886,85271.4099485806
4949.88575131882,85595.75525893447
4949.911493292626,86612.46914471326
4949.937235400303,86634.54725612546
4949.9629776418515,87537.29797151625
4949.988720017273,88187.72168046776
4950.014462526569,88338.88174438226
4950.04020516974,88675.91631223488
4950.065947946785,88726.08457266344
4950.091690857706,89136.45735199249
4950.117433902504,89134.85768485184
4950.143177081179,89497.22969339779
4950.168920393731,89512.67604292015
4950.194663840162,89322.13217681863
4950.220407420473,89928.67461551781
4950.246151134664,89902.08721453823
4950.271894982735,90144.58557176914
4950.297638964687,90314.83759928918
4950.323383080522,90321.65664445377
4950.349127330239,89959.10647405667
4950.37487171384,90404.05459321194
4950.400616231324,90381.61310619186
4950.426360882694,90542.65652564874
4950.45210566795,90594.7808183051
4950.477850587092,90500.15791051705
4950.50359564012,90627.5924002629
4950.529340827036,90736.1591136898
4950.5550861478405,90568.93668082834
4950.580831602534,90744.29168820051
4950.606577191117,90162.69603428106
4950.6323229135905,90207.37832628646
4950.658068769955,89986.59841549335
4950.683814760212,90123.52123582928
4950.709560884361,90096.33362216613
4950.735307142403,90031.12134975543
4950.761053534339,89949.84104631665
4950.78680006017,89567.37690347612
4950.812546719896,89837.6431971062
4950.838293513519,89479.75191780881
4950.864040441037,89330.20292479717
4950.889787502453,89115.94069965549
4950.915534697768,88761.63429119266
4950.94128202698,88227.15098094306
4950.9670294900925,87680.88257091602
4950.992777087105,87492.94140079322
4951.018524818019,87048.42049549946
4951.044272682834,87368.09574362454
4951.070020681551,87588.75538754143
4951.095768814172,87570.82176111406
4951.121517080695,87620.67393362406
4951.147265481123,87963.32884987065
4951.173014015457,88034.71972548406
4951.198762683695,88117.29277194667
4951.224511485841,88576.86161705106
4951.2502604218935,88676.848330892
4951.276009491854,89160.6510106418
4951.301758695723,89349.00718023702
4951.327508033501,89329.57236580475
4951.353257505189,89517.67150403695
4951.379007110787,89567.60110626723
4951.404756850297,89388.84092443016
4951.430506723719,89259.20181291412
4951.456256731054,89245.61917182997
4951.482006872302,88884.0488817344
4951.507757147464,88685.32491551462
4951.533507556541,88355.31684417796
4951.5592580995335,87743.80060317552
4951.585008776442,87573.34289949563
4951.610759587267,87369.61801020241
4951.63651053201,86564.95901520301
4951.6622616106715,85566.08087506209
4951.688012823252,84963.91617560879
4951.713764169752,84817.20945974338
4951.7395156501725,84812.44972452837
4951.765267264514,84809.40916715523
4951.791019012777,84689.14792654377
4951.816770894962,84581.08114113599
4951.842522911071,84687.00033373194
4951.868275061103,84443.11918990039
4951.894027345061,83607.85400169612
4951.919779762943,82850.03676642507
4951.945532314751,81381.0242815583
4951.971285000486,79512.28123292387
4951.997037820149,77468.9752063499
4952.022790773739,75910.99959392713
4952.048543861258,74973.07294065622
4952.074297082706,74307.74513840015
4952.1000504380845,74693.5742606808
4952.1258039273935,75697.14305248317
4952.151557550635,76391.40192069886
4952.177311307807,77530.05325140098
4952.2030651989135,78499.70501504472
4952.228819223953,79672.38543618277
4952.2545733829265,81129.74513268491
4952.280327675835,82566.5526795584
4952.30608210268,83809.80104746741
4952.33183666346,85049.60626772708
4952.357591358179,85924.67293346375
4952.383346186834,86499.47694705483
4952.409101149428,86546.73189707137
4952.434856245962,86474.49402239999
4952.460611476435,86217.52713264443
4952.486366840849,85143.13677345791
4952.512122339203,83831.11535943278
4952.537877971501,82166.24586194799
4952.56363373774,80760.24782646858
4952.589389637923,79369.42239104395
4952.61514567205,78580.35673223485
4952.640901840122,79051.45215959933
4952.666658142139,79750.84211948574
4952.692414578102,80801.52371119946
4952.7181711480125,82190.827429639
4952.7439278518705,83510.79091426263
4952.769684689676,84456.3524520021
4952.795441661431,85972.33218797829
4952.821198767136,86802.56852771288
4952.84695600679,87583.76904803215
4952.872713380396,88428.6483882396
4952.898470887953,89012.06416489209
4952.924228529463,89437.35347708486
4952.949986304926,89574.47006230011
4952.975744214343,89553.52557652
4953.001502257714,89836.16381012606
4953.02726043504,89825.0255522664
4953.053018746323,89641.31795996135
4953.078777191561,89549.86227420575
4953.104535770758,89373.91959644496
4953.130294483912,89380.78947165434
4953.156053331025,89322.56619573156
4953.181812312097,88741.0205109173
4953.207571427129,88472.04265276379
4953.233330676122,88010.81511220885
4953.259090059077,87220.96347763664
4953.284849575993,86197.69630679738
4953.310609226873,84921.15169562156
4953.336369011716,83640.96003248451
4953.362128930523,82381.29919123572
4953.387888983295,81682.0161288713
4953.413649170033,81736.20062706726
4953.439409490737,82441.69334567299
4953.465169945408,83203.52432626262
4953.490930534047,83925.11534344933
4953.516691256655,84883.83992598485
4953.542452113231,85841.4597657321
4953.568213103777,86889.23625337653
4953.593974228294,87686.49578065185
4953.619735486782,88393.67205867583
4953.645496879242,88921.20626639777
4953.671258405674,89062.32591202662
4953.69702006608,89168.54997820951
4953.722781860461,89735.5802927122
4953.7485437888145,89679.19153469484
4953.774305851144,89576.8904234263
4953.800068047451,89369.2577707755
4953.825830377734,88978.64003928928
4953.851592841994,87846.61664882132
4953.877355440232,86724.99977127142
4953.9031181724495,85608.89144283887
4953.928881038646,84220.66563657764
4953.954644038824,82894.2779478699
4953.980407172981,81016.88419203149
4954.006170441122,79085.9019326648
4954.031933843244,78352.64404980157
4954.057697379349,78280.67531680861
4954.083461049438,77734.18413637986
4954.1092248535115,77285.60341778464
4954.13498879157,77253.16917022278
4954.160752863614,76772.69924841796
4954.186517069646,76637.15153338619
4954.212281409664,77029.3361103706
4954.23804588367,77728.56813253033
4954.263810491664,79289.09016367259
4954.289575233648,80670.92729806992
4954.315340109622,81912.87668156928
4954.341105119587,83646.19091283783
4954.366870263543,85315.97537554103
4954.392635541492,86594.85193476551
4954.418400953433,87374.41155335621
4954.444166499368,88015.05629856436
4954.469932179297,89030.14671279403
4954.49569799322,89636.45877476197
4954.52146394114,89790.71778270224
4954.547230023056,90253.47636697182
4954.572996238969,90512.93363350819
4954.598762588878,90466.24665982358
4954.6245290727875,90609.31631138815
4954.650295690695,90628.55731568736
4954.676062442603,90687.66094940052
4954.701829328511,91145.30964905363
4954.72759634842,90982.99113655451
4954.753363502331,90775.97661934445
4954.779130790245,91166.84887629202
4954.804898212162,91204.8056589239
4954.830665768083,91175.86895058886
4954.856433458009,91244.38912232818
4954.882201281939,91177.61702025324
4954.907969239876,91041.82686225268
4954.93373733182,90910.00375374776
4954.959505557772,90949.08047799683
4954.985273917731,91227.70983965181
4955.011042411699,91383.28652801723
4955.036811039677,91087.24405236095
4955.0625798016645,90996.41106727038
4955.088348697664,91070.53727989856
4955.114117727674,90678.92992575638
4955.139886891697,90526.79115952407
4955.1656561897325,90535.42740681741
4955.191425621782,90554.08644410594
4955.217195187846,90618.98811111838
4955.242964887925,90764.01414015888
4955.268734722021,90815.60968611998
4955.294504690132,90509.0636119834
4955.3202747922605,90523.20842750574
4955.346045028407,90947.88779707575
4955.371815398572,90921.22173591488
4955.397585902757,90745.58592971748
4955.423356540961,90995.60389748521
4955.449127313186,90702.40995343965
4955.474898219432,90573.40807075555
4955.500669259701,90810.56205240887
4955.526440433992,90651.4658131137
4955.552211742307,90302.39770608176
4955.577983184646,90522.92768491541
4955.60375476101,90772.08447807399
4955.629526471399,90598.7079976153
4955.655298315815,90229.69221210592
4955.681070294258,90543.39745295963
4955.706842406728,90560.6288688833
4955.732614653227,90747.23846695593
4955.758387033755,90533.50382232512
4955.784159548312,90344.65755832686
4955.8099321969,90694.49919922923
4955.835704979519,90798.85971882597
4955.86147789617,90554.57410432205
4955.887250946853,91056.06893253108
4955.91302413157,90656.37597638924
4955.938797450321,90488.36508739884
4955.964570903106,90371.97063043065
4955.990344489926,90453.28776593595
4956.016118210783,90514.65570201517
4956.041892065676,90974.9899088858
4956.067666054607,90798.94043137846
4956.093440177576,90485.38384587929
4956.119214434583,90424.98769632247
4956.14498882563,90369.64821281092
4956.170763350718,90345.55068236498
4956.196538009846,90284.08602873268
4956.2223128030155,90398.40287675313
4956.248087730228,89755.92165183158
4956.273862791483,89683.21044364481
4956.299637986782,89368.95205890677
4956.325413316125,88325.43787601229
4956.351188779513,87830.2134283666
4956.376964376947,86476.8223096929
4956.402740108428,84504.31531741575
4956.428515973956,82635.42008619879
4956.454291973531,79943.6081684223
4956.480068107156,76824.3241574047
4956.5058443748285,73522.10017364858
4956.531620776553,68975.27959374482
4956.557397312326,64017.17110546125
4956.5831739821515,58850.57238947202
4956.60895078603,53175.87374746077
4956.634727723959,48163.273554012754
4956.660504795943,43602.2355447023
4956.6862820019805,39947.030814360725
4956.712059342074,37561.694953610684
4956.737836816222,35926.6711740041
4956.763614424426,34929.72503799597
4956.789392166687,34684.6805972565
4956.815170043007,34054.04320630808
4956.840948053384,33329.62252976611
4956.866726197821,32206.049506100306
4956.892504476316,30309.497786447617
4956.918282888873,28654.526610914785
4956.944061435491,27169.456368256822
4956.96984011617,26252.499168107177
4956.995618930912,26150.923315710217
4957.021397879717,26511.589786790857
4957.0471769625865,28160.391003634613
4957.07295617952,31189.37431717337
4957.098735530519,35374.587839859516
4957.124515015584,39966.88201393439
4957.1502946347155,45290.27865431644
4957.176074387915,51101.576650725015
4957.201854275182,57024.54446668402
4957.227634296518,62281.33608550931
4957.253414451923,67087.90283660339
4957.279194741399,71550.90352202453
4957.304975164945,75051.20412752229
4957.3307557225635,78452.0154756645
4957.356536414254,81278.32905532938
4957.382317240017,83299.47446991151
4957.408098199854,84864.44025331241
4957.433879293766,85929.54727784007
4957.459660521752,86805.23512672106
4957.485441883814,87571.2157689205
4957.511223379953,88046.86737322884
4957.537005010168,88026.73669173023
4957.562786774462,87441.77729876195
4957.588568672834,87449.15854325933
4957.614350705286,87507.6877087625
4957.6401328718175,87321.85862909602
4957.66591517243,87098.67188710626
4957.6916976071225,87527.65247067204
4957.717480175898,87757.49320248286
4957.7432628787565,87904.39637245426
4957.769045715698,88477.74375314359
4957.794828686723,89086.08862408949
4957.820611791834,89350.33461875109
4957.84639503103,89567.20849017536
4957.872178404313,89643.49347524362
4957.897961911682,89908.8650573388
4957.923745553138,89976.4534548635
4957.949529328684,90397.50480612644
4957.9753132383175,90415.72455737507
4958.001097282041,90821.16772776323
4958.026881459856,91113.4423919233
4958.052665771761,90910.66632167021
4958.0784502177585,91018.45027832719
4958.104234797847,90662.8632481912
4958.13001951203,90663.02651311664
4958.155804360307,90571.09324112239
4958.181589342678,90820.91396433506
4958.207374459145,90958.01274664525
4958.233159709707,90267.35219008912
4958.258945094367,90654.70542405426
4958.284730613123,90339.73056665667
4958.310516265979,90165.90011817717
4958.336302052931,89228.0939032978
4958.362087973985,88676.87637887416
4958.3878740291375,88572.44096698209
4958.413660218392,87329.34973335468
4958.439446541747,86175.25494440747
4958.465232999205,84738.11497914411
4958.491019590766,83710.71654572769
4958.51680631643,82944.36484402738
4958.542593176198,82092.00116230795
4958.5683801700725,82206.52292201994
4958.5941672980525,82258.39401277638
4958.6199545601385,83155.17320005748
4958.645741956331,83879.43830221919
4958.671529486632,84785.94472955231
4958.697317151042,85549.92110564832
4958.72310494956,86599.01360425302
4958.7488928821895,87372.12135640385
4958.774680948928,88238.80259727429
4958.800469149779,88822.72747821597
4958.826257484741,89317.2248853495
4958.852045953817,89813.52065735453
4958.877834557005,90001.00899127033
4958.903623294309,90205.73723331912
4958.929412165727,90550.4943571381
4958.955201171259,90516.90245971965
4958.980990310909,90418.52471638817
4959.006779584675,90708.67939379832
4959.032568992559,91102.55943819658
4959.058358534561,91128.86493085776
4959.0841482106825,90894.75497279553
4959.109938020923,90947.139494746
4959.135727965285,91308.22909525741
4959.1615180437675,91246.4596904485
4959.187308256372,91092.63705307363
4959.213098603098,91541.0895478554
4959.238889083948,91618.84820821724
4959.264679698922,91453.64475411229
4959.29047044802,91497.76138851268
4959.316261331243,91603.17412128687
4959.342052348593,91240.71843091318
4959.367843500069,91352.04363574268
4959.393634785673,91320.02723947218
4959.419426205404,91230.80645272807
4959.445217759265,91360.4531947392
4959.471009447255,91612.26870190978
4959.496801269375,91506.10163944884
4959.522593225626,91350.3564899824
4959.5483853160085,91159.73175803586
4959.574177540523,90880.0796157164
4959.599969899171,90989.30605371475
4959.625762391952,90900.34646211406
4959.651555018868,90784.42365540321
4959.677347779918,90752.13228137328
4959.703140675105,90797.19601463851
4959.728933704428,90579.68984665038
4959.754726867887,90788.26592005555
4959.7805201654855,90845.01643828514
4959.806313597222,90884.09990121936
4959.832107163097,90634.00882031066
4959.857900863113,90500.65704614006
4959.883694697269,90488.25914139782
4959.909488665567,90442.67323657715
4959.935282768006,90405.68307502828
4959.961077004588,90643.1457304102
4959.986871375313,90454.0765602668
4960.012665880183,90667.12712371511
4960.0384605191975,90879.25935745725
4960.064255292357,90703.08492335356
4960.090050199664,91020.87672417352
4960.115845241117,91267.47914056144
4960.141640416718,90657.06560575486
4960.1674357264665,90729.13304942913
4960.193231170365,90716.80613661345
4960.219026748412,90685.45375891213
4960.2448224606105,90757.85398083815
4960.2706183069595,90801.37117367699
4960.296414287461,90319.11050328075
4960.322210402114,90536.50670734925
4960.34800665092,90259.63747244036
4960.373803033881,89889.61345198532
4960.399599550996,89427.31831574187
4960.425396202267,89216.01122472774
4960.451192987693,88671.77596054031
4960.476989907275,88523.94350249831
4960.502786961016,88639.07683845882
4960.528584148914,89246.45051664815
4960.554381470972,89430.94362563376
4960.580178927188,89372.72675664254
4960.605976517565,89268.48646709039
4960.631774242102,89384.92689401007
4960.657572100801,89037.57576399385
4960.683370093663,89173.56762896568
4960.709168220687,88621.05306327269
4960.734966481875,87790.50074106928
4960.760764877227,87345.04465860839
4960.786563406745,87195.19542291987
4960.812362070428,86927.5124204035
4960.838160868278,87025.83768355026
4960.863959800295,86908.35527104906
4960.889758866479,87282.98949693305
4960.915558066832,87931.97924466972
4960.941357401354,88128.79332019216
4960.967156870046,88491.88810808682
4960.992956472909,88771.73182952486
4961.018756209944,89028.96082016267
4961.0445560811495,89682.67425721226
4961.070356086529,89491.98963377523
4961.096156226081,89361.0394003897
4961.121956499807,89878.49282639906
4961.147756907708,89986.024780896
4961.173557449785,89332.79831723425
4961.199358126038,89066.73370695078
4961.225158936468,88625.38355436471
4961.250959881075,88150.8336661802
4961.27676095986,87541.89501485912
4961.302562172826,86829.08361964098
4961.32836351997,86107.5922951009
4961.354165001295,86151.22536104285
4961.379966616801,86390.17197694418
4961.405768366488,86803.98142946626
4961.431570250358,87358.70009941631
4961.457372268412,87602.40444814507
4961.4831744206485,87410.62243047103
4961.50897670707,87695.03750047566
4961.534779127677,87586.73197325603
4961.560581682471,87279.80761122936
4961.586384371451,86559.24677198673
4961.612187194617,85887.3780965534
4961.637990151972,85145.36141438197
4961.663793243516,83832.82420882824
4961.689596469249,83352.71317601981
4961.715399829173,82686.41059098073
4961.741203323288,82685.62968637868
4961.767006951593,82609.51312319742
4961.7928107140915,82418.79382361585
4961.818614610783,82454.79436499064
4961.844418641667,81976.47127804512
4961.870222806747,81018.71471225526
4961.8960271060205,80008.98624300925
4961.921831539491,79022.05824887638
4961.947636107157,77873.16926006367
4961.973440809021,77210.86555176154
4961.999245645082,77409.31233677593
4962.025050615342,78508.6883242882
4962.050855719801,79820.52398677904
4962.07666095846,81328.69951736132
4962.102466331319,83175.7519773146
4962.128271838381,83957.21101133733
4962.154077479644,85576.49902424937
4962.179883255109,86843.28311433562
4962.205689164779,87855.03972919344
4962.231495208652,88961.53576891853
4962.2573013867295,89579.16175842237
4962.283107699013,90116.76391284562
4962.308914145503,90082.87392380621
4962.3347207262,90161.75266459743
4962.360527441105,90340.03291250307
4962.386334290217,90538.65046011409
4962.4121412735385,90945.61539299997
4962.43794839107,90956.10780817595
4962.4637556428115,91078.30573031555
4962.489563028765,91007.03445840003
4962.515370548929,91198.94412124854
4962.541178203306,91386.83655365535
4962.566985991896,91493.37295428076
4962.5927939147,91688.60727174758
4962.61860197172,91841.63636852721
4962.644410162954,91723.91509091333
4962.670218488403,91670.3302760697
4962.6960269480705,91842.4841827954
4962.7218355419545,91796.80174134346
4962.747644270057,91561.45517650693
4962.773453132378,91876.7637632377
4962.799262128919,91841.61007249412
4962.825071259679,91729.97156298562
4962.85088052466,91964.12979424784
4962.8766899238635,91577.04888490237
4962.902499457288,91490.46967326701
4962.928309124937,91639.31601300726
4962.954118926809,91750.1621609033
4962.979928862906,91641.23671655107
4963.005738933227,90938.46547847542
4963.031549137773,91176.45271709452
4963.057359476547,91597.78178187532
4963.083169949548,91847.6851660726
4963.108980556776,91902.75241994824
4963.134791298234,91402.3579224538
4963.16060217392,91463.65551917395
4963.1864131838365,91561.91720332598
4963.212224327984,91536.2399283099
4963.238035606361,91451.87594700872
4963.263847018972,91062.0171848098
4963.2896585658145,91294.91566170097
4963.315470246891,91277.83951235465
4963.3412820622025,90953.60957174223
4963.367094011747,90698.40281748518
4963.392906095529,90507.25216313415
4963.4187183135455,90254.97878341856
4963.4445306658,89858.06748305744
4963.470343152291,89452.87278016283
4963.496155773022,89024.84181436987
4963.521968527991,88477.11840092567
4963.5477814172,88594.78097065087
4963.573594440649,88787.99298200321
4963.599407598339,88709.88306218419
4963.6252208902715,89231.8666511448
4963.651034316446,89305.23316050747
4963.676847876864,89605.2166541332
4963.702661571526,89607.21349686496
4963.728475400432,90099.20594095446
4963.754289363584,90490.36672017668
4963.780103460981,90765.51063955807
4963.805917692625,90309.89176613993
4963.831732058517,90990.77307749809
4963.857546558657,90857.56988031922
4963.883361193046,90706.50871062277
4963.909175961684,90967.13809705486
4963.934990864573,91042.15361704335
4963.960805901712,90850.00171756861
4963.9866210731025,90747.64302383467
4964.012436378745,90802.82436455313
4964.038251818642,90672.15680515912
4964.064067392792,90766.40584422152
4964.0898831011955,90599.0759369037
4964.115698943855,90652.73141848626
4964.14151492077,90406.4993269914
4964.167331031941,90408.64049886522
4964.19314727737,90080.10807532044
4964.2189636570565,89020.98719231534
4964.244780171001,88997.34447479478
4964.270596819206,88506.41084552601
4964.29641360167,87903.65615789186
4964.322230518395,87568.03490496706
4964.348047569381,87545.2550827575
4964.37386475463,87253.91580527117
4964.399682074141,87395.01254557932
4964.425499527916,87433.70294006563
4964.451317115954,87259.375908528
4964.477134838258,86979.81820487313
4964.502952694827,87193.39281631114
4964.5287706856625,86753.76553792851
4964.554588810765,86340.36643800477
4964.580407070135,86564.2523067332
4964.606225463774,86486.8742724012
4964.632043991681,86961.07347604423
4964.657862653858,87300.54200259621
4964.683681450305,87759.26379786455
4964.709500381024,87907.57878840134
4964.735319446015,87929.73966379547
4964.761138645277,87856.96299753561
4964.786957978814,87961.46253065974
4964.812777446624,87910.38426058638
4964.838597048709,88539.33185743952
4964.864416785069,88690.44478862568
4964.890236655705,89131.45130054839
4964.916056660618,89740.3121467833
4964.941876799809,89946.13941039206
4964.967697073277,90095.3283853294
4964.993517481024,90284.26556592282
4965.019338023051,89861.98612733163
4965.045158699358,90238.06519170973
4965.070979509946,90085.4584466469
4965.096800454816,89703.82889750236
4965.1226215339675,89146.05588261686
4965.148442747402,88127.20804171154
4965.174264095121,87012.39203850049
4965.200085577124,85990.87852627611
4965.225907193411,84990.03986967016
4965.251728943986,83324.76342314277
4965.277550828846,81456.2264375244
4965.303372847993,79236.06373818044
4965.329195001429,76550.18338668314
4965.355017289153,73063.0592780644
4965.380839711166,69432.45332487168
4965.406662267469,64970.64096328588
4965.4324849580635,60659.20167814948
4965.458307782948,57318.20111820802
4965.484130742127,55084.39527066649
4965.509953835596,54643.41818328337
4965.53577706336,56152.84856398748
4965.561600425418,58393.77477237645
4965.587423921771,61461.154435329896
4965.613247552419,64983.78886740793
4965.639071317364,69131.88388664392
4965.664895216606,72088.87329212637
4965.690719250145,74905.74192101478
4965.716543417982,78091.89379993304
4965.74236772012,80090.09366556535
4965.768192156556,82791.46744117221
4965.794016727293,85203.90992566542
4965.819841432331,86770.6483422513
4965.845666271671,87530.97516408026
4965.871491245313,88367.34134270599
4965.897316353259,89478.19689425251
4965.923141595509,90154.83189725882
4965.948966972063,90503.02041938377
4965.9747924829235,90632.37119871161
4966.00061812809,90829.34749970962
4966.026443907562,90635.7275603099
4966.052269821342,90956.53604629682
4966.07809586943,91204.09200299703
4966.103922051827,90947.77605583337
4966.129748368534,91252.75423371744
4966.155574819551,91067.34752034204
4966.181401404879,90852.18702406368
4966.207228124518,90841.6089673223
4966.23305497847,90908.61741391444
4966.258881966734,90998.21385127676
4966.284709089313,90822.21198382645
4966.310536346206,90612.87585020806
4966.336363737414,90613.79148303252
4966.362191262938,90858.48398793722
4966.388018922778,90845.04220044732
4966.413846716936,90709.95358408551
4966.439674645412,90460.40285515283
4966.465502708206,90400.06982810349
4966.49133090532,90290.89212232188
4966.517159236753,90131.43041623858
4966.542987702508,89851.95441672341
4966.568816302583,89881.46307446863
4966.594645036981,89747.0731138386
4966.620473905702,89744.78093411605
4966.646302908746,89519.23075873345
4966.672132046115,88992.42189175531
4966.697961317808,89160.1833455103
4966.723790723827,89409.54327064063
4966.749620264172,89452.09144114495
4966.775449938845,89034.71748811075
4966.801279747845,88768.65634828506
4966.827109691173,88670.4501739136
4966.852939768831,88237.06843695349
4966.878769980818,88526.60962328673
4966.904600327136,88289.21223608978
4966.930430807784,88096.82654116029
4966.956261422765,87971.11101996766
4966.982092172079,87978.78875976615
4967.007923055726,87849.40632948461
4967.033754073706,87447.61601876118
4967.059585226022,87021.70828630605
4967.085416512673,86259.4645482371
4967.11124793366,85028.0398244896
4967.1370794889835,83594.4153628603
4967.162911178645,81502.11609526764
4967.1887430026445,78484.3385442698
4967.214574960983,75822.49057104431
4967.24040705366,72634.39290038243
4967.266239280679,69547.68580622868
4967.2920716420385,67676.62106804014
4967.317904137739,66953.02646047223
4967.3437367677825,67718.66893685503
4967.3695695321685,69873.44028284446
4967.395402430899,72192.0436000132
4967.421235463973,74723.8374698057
4967.447068631393,77316.3098974998
4967.472901933159,79914.30651495178
4967.49873536927,82082.25588784984
4967.524568939731,83617.58918484683
4967.550402644538,85377.37655184176
4967.576236483694,86796.60447103527
4967.602070457199,88119.59143391463
4967.627904565054,88448.88311299469
4967.653738807261,89153.70346515105
4967.679573183819,88689.24176006047
4967.705407694729,88241.88380756624
4967.731242339992,88153.87728288602
4967.757077119608,87236.6990702893
4967.782912033578,86574.18409034825
4967.808747081904,86015.18168023042
4967.834582264585,85899.99559409851
4967.860417581623,85432.05550183289
4967.886253033017,84501.43174679107
4967.912088618769,83872.21241334878
4967.93792433888,83161.16386743324
4967.96376019335,81980.77048243384
4967.98959618218,81097.34858792557
4968.01543230537,79939.20933339404
4968.041268562922,78537.64025609643
4968.0671049548355,77604.6731684081
4968.092941481112,77253.45454915211
4968.118778141751,77322.52158640193
4968.144614936755,78028.91234082104
4968.170451866123,78731.29982504726
4968.196288929857,80267.97870909241
4968.2221261279565,81415.46066619184
4968.247963460423,82323.83835903433
4968.273800927257,84105.1128683704
4968.29963852846,84839.92036253339
4968.325476264032,86491.70278366278
4968.351314133973,87754.45601488763
4968.377152138283,88563.46170303252
4968.402990276966,88920.31073360673
4968.42882855002,89852.47092857152
4968.4546669574465,90557.48028386525
4968.480505499247,90558.748240676
4968.50634417542,90838.51676520518
4968.532182985968,91276.53471705328
4968.55802193089,91351.43230487843
4968.58386101019,91278.12954164576
4968.609700223866,91660.33525898335
4968.635539571918,91737.42928942242
4968.66137905435,91591.32968420871
4968.68721867116,92062.86162286211
4968.713058422349,91739.06683572613
4968.738898307918,91457.54172544375
4968.764738327868,91730.60325567969
4968.7905784822,91548.68564443688
4968.8164187709135,91626.03002700277
4968.842259194011,91327.10704539134
4968.86809975149,91537.99644702362
4968.893940443355,91505.95787773572
4968.919781269605,91411.50082483779
4968.945622230241,91489.85154304758
4968.971463325262,91395.62353569221
4968.997304554671,91272.45310918159
4969.023145918468,91027.79668699467
4969.048987416652,90022.03781869184
4969.074829049227,89691.48872227164
4969.100670816191,88595.53089928062
4969.126512717546,87501.02514877489
4969.1523547532925,85764.16111801585
4969.178196923431,83698.51300161774
4969.204039227961,81236.484542614
4969.229881666885,78499.43059100187
4969.255724240204,75006.85519444599
4969.281566947917,72036.66485095253
4969.307409790025,70054.85556985857
4969.33325276653,69336.0868426269
4969.359095877431,69770.14533332585
4969.38493912273,71346.64541247013
4969.410782502428,73143.07151019313
4969.436626016525,76043.8626781191
4969.462469665021,78198.92087287507
4969.488313447918,80277.50836661863
4969.514157365215,81738.28903282333
4969.5400014169145,83528.95183166966
4969.565845603016,84415.6197927533
4969.591689923522,85375.39308019899
4969.617534378431,85776.81742830182
4969.643378967744,85596.52302009935
4969.669223691462,85002.7432760751
4969.695068549588,84234.25358686523
4969.720913542119,82834.04695379717
4969.746758669057,80767.63447928004
4969.772603930404,78957.17758260429
4969.79844932616,77164.90772189632
4969.824294856325,75790.14232919987
4969.8501405209,74362.06405524016
4969.875986319887,73388.28045389174
4969.901832253284,73125.70986510944
4969.927678321094,73463.20939652986
4969.953524523316,74072.06411957479
4969.979370859954,75324.70392709778
4970.005217331004,76634.14256380966
4970.031063936471,77813.77151020903
4970.056910676352,78974.17876533158
4970.08275755065,80323.43332022897
4970.108604559366,82175.99799562905
4970.134451702499,84100.14689926185
4970.16029898005,85479.82186888244
4970.186146392021,86156.1839709178
4970.211993938412,87092.69398571382
4970.237841619224,88101.04838036209
4970.263689434457,88311.48258171837
4970.289537384112,88609.91904078635
4970.31538546819,88884.94519383163
4970.341233686691,89064.56190454689
4970.367082039616,89405.31311009123
4970.392930526967,90033.52724096112
4970.418779148742,89771.31680436495
4970.444627904944,89552.60997083137
4970.470476795573,90107.47077561161
4970.49632582063,90272.95353080478
4970.522174980115,89952.10858380809
4970.548024274029,89373.661831495
4970.573873702372,88772.24792786907
4970.599723265146,87416.09127170283
4970.625572962352,86235.7538867755
4970.651422793989,84854.69418192944
4970.677272760058,82619.12029710095
4970.703122860561,81064.93582268537
4970.728973095498,79462.35488398344
4970.754823464869,78277.9385991367
4970.780673968676,77728.41071697432
4970.806524606919,78165.79742341142
4970.8323753795985,78657.43618845378
4970.858226286715,79300.18991421703
4970.88407732827,80196.70374779326
4970.909928504264,81390.67280087603
4970.9357798146975,82796.13567096918
4970.961631259571,84404.47678869231
4970.987482838886,85545.07355665696
4971.013334552642,86961.94128324038
4971.039186400841,88016.47654516374
4971.065038383482,88718.61499409896
4971.090890500567,89252.56226007926
4971.116742752097,90082.92489541831
4971.142595138072,90391.13220109427
4971.168447658492,90613.72480060904
4971.194300313359,90981.81075079193
4971.220153102674,91540.06864602717
4971.246006026436,91523.33771325885
4971.271859084647,91237.17258889499
4971.297712277307,91576.5929903663
4971.323565604417,91426.82086213927
4971.3494190659785,91276.53130356895
4971.3752726619905,91453.48277672853
4971.401126392455,91444.93367399108
4971.426980257373,91498.64413152426
4971.452834256743,91552.23794157176
4971.478688390568,91223.509341336
4971.504542658848,90655.57719832288
4971.530397061583,90738.29005880324
4971.556251598775,90549.05976270027
4971.5821062704235,90671.64818793705
4971.60796107653,90626.00825204085
4971.633816017095,90487.47903283239
4971.659671092119,90788.29915950247
4971.685526301603,90873.31334906645
4971.711381645548,90991.62035718137
4971.737237123953,91456.17948824896
4971.76309273682,91086.0600153274
4971.788948484151,91492.55836092787
4971.814804365944,91900.63277779838
4971.840660382201,91915.8364485651
4971.866516532923,91689.40058647067
4971.892372818111,91898.3827225916
4971.9182292377645,91862.3449958005
4971.944085791884,91543.82515471076
4971.969942480472,91589.13619741418
4971.995799303529,92382.18108175571
4972.021656261053,92124.06755576897
4972.047513353047,91180.74356903647
4972.073370579513,91289.64513756818
4972.099227940448,91055.40766660962
4972.125085435856,91086.24606978182
4972.150943065735,91004.20405213516
4972.176800830089,90526.76776745588
4972.202658728916,89755.05426843886
4972.228516762217,88954.92874052527
4972.254374929993,87712.54430470604
4972.280233232245,87235.27285026087
4972.306091668974,86202.24847780119
4972.33195024018,84056.81619337833
4972.357808945864,81984.2964749723
4972.383667786027,79158.51117742216
4972.409526760669,76223.60376365963
4972.435385869791,72983.33910005847
4972.461245113394,69462.20337248429
4972.487104491479,67106.09174776298
4972.512964004046,66353.90221857304
4972.538823651095,66518.69840926839
4972.564683432629,68567.55333387191
4972.590543348647,70690.84080544036
4972.616403399149,73662.44847101386
4972.642263584137,75818.22371338634
4972.668123903612,78209.44200287401
4972.693984357573,80107.33399655877
4972.719844946023,82248.70759589753
4972.74570566896,83827.58516768999
4972.771566526388,85408.44057013017
4972.797427518304,86568.57199359842
4972.823288644712,87761.38898008337
4972.849149905611,88450.26847239432
4972.875011301001,89079.06719476303
4972.9008728308845,89955.07100482359
4972.926734495261,90376.4112932223
4972.9525962941325,90288.39518106698
4972.978458227498,91434.91702239263
4973.004320295359,91494.25574208137
4973.030182497716,91666.18281356526
4973.0560448345705,91693.63819266915
4973.081907305922,91868.9671052327
4973.107769911772,92020.0829735269
4973.133632652121,91978.89119747086
4973.159495526969,92026.70165076341
4973.185358536319,91687.70302935429
4973.211221680169,91927.87955942517
4973.23708495852,92085.80052749556
4973.2629483713745,92000.5131589962
4973.288811918732,92109.9526164092
4973.314675600594,92256.63399469205
4973.3405394169595,92091.92486260594
4973.366403367831,91754.79811907046
4973.392267453208,91972.17595796699
4973.418131673091,92430.65424758928
4973.443996027482,92130.81654845308
4973.469860516381,91814.44631705563
4973.495725139789,92009.0066550104
4973.521589897707,91799.03841839341
4973.547454790134,91482.73938731318
4973.573319817073,91541.23015680882
4973.599184978522,91360.0187975565
4973.625050274485,90435.87536459515
4973.6509157049595,90332.12075822508
4973.676781269949,90380.01742687842
4973.702646969452,89899.96536788235
4973.72851280347,89495.52809617233
4973.754378772004,89329.62248185548
4973.780244875054,89780.02644185456
4973.806111112623,90074.64819684437
4973.831977484708,90365.13051136535
4973.857843991312,90326.67550288438
4973.883710632435,90505.17943481113
4973.909577408078,91171.57230903949
4973.935444318242,91132.34604119037
4973.9613113629275,91514.60637641957
4973.987178542135,91474.40492925096
4974.013045855864,92008.72453074265
4974.038913304118,92088.29851683562
4974.064780886895,92201.40554471369
4974.090648604199,92619.25122601374
4974.116516456026,92831.9227552658
4974.142384442381,92518.43837896148
4974.168252563261,92465.99664534233
4974.194120818671,92986.29906573036
4974.219989208607,92887.50175947015
4974.245857733074,92239.1890959815
4974.27172639207,92299.24238861837
4974.297595185596,92623.5693197753
4974.323464113654,92452.58458182536
4974.349333176244,92209.4584640556
4974.375202373366,92071.38401872817
4974.4010717050205,92619.01772110465
4974.42694117121,92589.59911763237
4974.452810771933,92300.18991488776
4974.478680507193,91876.5848226697
4974.504550376988,92074.64645396014
4974.53042038132,92335.48244990408
4974.55629052019,91943.04609865483
4974.582160793597,91512.19592081904
4974.608031201544,91301.46649932124
4974.63390174403,90798.2736974308
4974.659772421056,90060.27804256698
4974.685643232623,89651.11949881086
4974.711514178732,89101.17368948828
4974.737385259383,88954.62238375265
4974.763256474577,88446.70348697247
4974.789127824315,88140.37707489227
4974.814999308597,87815.77127790987
4974.8408709274245,88025.79588875604
4974.866742680798,88745.80745196153
4974.892614568717,89312.05689572475
4974.918486591185,89836.70589045805
4974.9443587482,89846.06898723505
4974.970231039763,89711.27670743823
4974.996103465876,90326.41551614652
4975.021976026539,91206.18251734562
4975.047848721753,91848.10986840304
4975.073721551518,91857.47602657738
4975.099594515836,91997.73237594822
4975.125467614706,92040.95164246431
4975.15134084813,91847.8889493553
4975.177214216108,92347.18897280414
4975.203087718641,91930.77803270856
4975.228961355729,92046.241137809
4975.254835127374,91922.60748802527
4975.2807090335755,91634.48789151663
4975.306583074335,91917.6550772695
4975.332457249653,91558.3056868444
4975.358331559531,90872.16727418841
4975.384206003968,90255.52623667622
4975.410080582966,90200.87834439683
4975.435955296524,89672.23610071153
4975.461830144645,88734.88059093941
4975.487705127328,88153.32845910218
4975.513580244575,86907.73197476118
4975.539455496386,87168.13257529709
4975.565330882761,86824.92334628382
4975.591206403702,86548.28690529168
4975.617082059209,86236.92006323165
4975.642957849283,85936.00867129018
4975.668833773924,85872.56009740224
4975.694709833134,86095.1314748105
4975.720586026912,86462.50796972724
4975.7464623552605,86723.19193536957
4975.772338818179,86789.57695619324
4975.798215415669,87198.63067091354
4975.82409214773,88040.49690713959
4975.8499690143635,88583.80186039655
4975.8758460155705,89106.1668035843
4975.901723151352,89460.87009051233
4975.927600421706,90105.67802931393
4975.953477826637,90229.5267178282
4975.979355366144,90338.52320428558
4976.005233040227,90658.95712440615
4976.031110848887,90646.48773772795
4976.056988792126,90622.71998108813
4976.082866869942,90861.53537800394
4976.108745082339,90950.6345948123
4976.134623429316,90811.64283977973
4976.160501910873,90987.11660422514
4976.186380527012,91024.18174025437
4976.212259277733,91026.12107570896
4976.238138163038,91170.86528953702
4976.264017182925,90738.93507375644
4976.289896337397,90978.25489822357
4976.3157756264545,90861.7610467723
4976.341655050098,90773.70479917593
4976.367534608326,90188.33894919968
4976.393414301143,89858.56140982351
4976.419294128547,89832.1423807498
4976.445174090541,89286.41635276438
4976.471054187123,89637.15619805848
4976.496934418295,89901.87266356996
4976.522814784057,89935.77907112254
4976.548695284411,90312.73142599466
4976.574575919357,89888.07500928677
4976.600456688895,90317.99632750003
4976.6263375930275,90483.54090891633
4976.652218631753,90868.39593603704
4976.678099805074,91277.33800424247
4976.703981112992,91459.72494160906
4976.729862555504,91557.11154349052
4976.755744132614,91894.51390801407
4976.781625844322,91439.87032247096
4976.807507690627,91094.13660059468
4976.833389671532,91075.26146417456
4976.859271787036,91567.84899308156
4976.885154037142,91150.39748116015
4976.911036421847,90234.85382481519
4976.9369189411545,90572.81284923317
4976.962801595066,89574.65354871146
4976.988684383579,88721.44888504657
4977.014567306696,88392.66885661524
4977.040450364419,87886.02120678598
4977.066333556746,87484.36434276549
4977.09221688368,87576.91694300165
4977.11810034522,88006.11082541916
4977.143983941368,88007.52904804536
4977.1698676721235,88741.51177330581
4977.195751537488,88987.1167565505
4977.221635537462,89505.30751674522
4977.247519672046,89363.08097235137
4977.273403941242,89974.64293739304
4977.299288345049,90247.14875077821
4977.3251728834675,90077.59336202848
4977.3510575565,90235.14863990506
4977.376942364146,90410.82594815207
4977.402827306407,90395.962695368
4977.428712383282,90221.56852722682
4977.454597594773,89689.77879397264
4977.480482940881,89282.30376456607
4977.506368421607,89135.31360210388
4977.53225403695,88495.64242480675
4977.558139786911,87973.097315657
4977.584025671493,88232.68361059894
4977.6099116906935,87883.28058045435
4977.635797844515,87828.97527686424
4977.661684132959,87842.40004051526
4977.687570556024,87629.31996841403
4977.713457113712,87689.11933062585
4977.7393438060235,86709.31653381031
4977.76523063296,85980.4094143512
4977.791117594521,84768.921725136
4977.817004690707,82842.0260845273
4977.84289192152,80229.9320146014
4977.86877928696,77029.9966862089
4977.894666787028,73733.73247355834
4977.920554421723,70166.27048249365
4977.946442191049,66759.84035756701
4977.972330095004,64342.93933234921
4977.998218133589,63009.72757668345
4978.024106306806,63144.378987684286
4978.049994614655,64563.05317541884
4978.075883057136,66684.88059514089
4978.10177163425,69637.82062141529
4978.127660345999,72834.15023274478
4978.153549192382,75977.53383935006
4978.179438173402,78730.88874016305
4978.205327289056,80822.10195525811
4978.231216539348,83076.50581471666
4978.257105924277,84969.45441232949
4978.282995443845,86262.77971329258
4978.308885098051,87580.00848849224
4978.334774886897,88743.73664839113
4978.360664810384,89733.75263983561
4978.386554868512,89810.66578384969
4978.412445061281,90223.07123233659
4978.438335388692,91067.99139640563
4978.464225850747,91204.95238110243
4978.490116447446,91403.18631126962
4978.516007178789,91390.13830823948
4978.541898044778,91129.803213724
4978.567789045412,91368.01039080137
4978.593680180693,91520.69415227661
4978.619571450621,92021.21342482207
4978.645462855197,92035.2952992832
4978.671354394422,91888.07197924743
4978.697246068297,91481.47856254986
4978.723137876822,92082.1275216947
4978.749029819997,91949.0818169997
4978.774921897824,92134.75337795143
4978.800814110304,91971.93266631909
4978.826706457436,91744.1628328173
4978.852598939221,91869.2246789921
4978.878491555662,91224.01457277485
4978.904384306757,90601.48784746621
4978.930277192508,90608.05882538635
4978.956170212915,89944.88460230331
4978.982063367979,89557.89790475211
4979.007956657702,89563.60935611416
4979.033850082083,89456.00674265328
4979.059743641123,89443.65347833677
4979.085637334823,89876.3943976251
4979.111531163184,89574.84984526422
4979.137425126206,89565.38986689114
4979.16331922389,89816.58487780658
4979.189213456237,90205.86915060392
4979.215107823247,90028.76094938745
4979.241002324921,89979.6258268402
4979.2668969612605,89244.6981742367
4979.292791732266,88589.25296683227
4979.3186866379365,88321.73676929905
4979.344581678275,86988.71086841563
4979.370476853281,85753.78875410963
4979.396372162954,83998.62155076905
4979.422267607298,81572.21562438064
4979.44816318631,78733.8461816409
4979.474058899993,75204.39212944792
4979.499954748348,71177.04790176649
4979.525850731374,67250.8995177745
4979.5517468490725,64241.89633304291
4979.577643101445,62092.77982185088
4979.60353948849,62503.15607091294
4979.629436010211,63403.224491131
4979.655332666607,65697.90331370992
4979.681229457679,68335.48759689809
4979.707126383428,71079.9495171076
4979.733023443854,74069.05490181448
4979.758920638958,76943.05194990512
4979.784817968742,79545.23066564632
4979.810715433205,82021.14988720113
4979.8366130323475,83901.02920629573
4979.862510766171,85108.27449167053
4979.888408634677,86658.02670577614
4979.914306637865,88045.70312793803
4979.940204775736,88705.9577219146
4979.96610304829,89439.44817914275
4979.99200145553,90156.83331129423
4980.017899997454,90382.2336996755
4980.043798674064,90896.83911805102
4980.069697485361,91316.908518326
4980.095596431345,91439.60498000667
4980.121495512017,91776.14621781421
4980.147394727378,91838.49997468514
4980.173294077427,91906.70325657522
4980.199193562167,91848.54780718478
4980.225093181599,92125.00199661449
4980.250992935721,92245.5193812064
4980.276892824535,92309.07697722835
4980.302792848042,92382.61536972751
4980.328693006243,91873.75032343526
4980.354593299138,91666.58165927033
4980.380493726729,91767.87332023191
4980.406394289014,91760.69552984869
4980.432294985996,91508.64072129093
4980.458195817675,91543.44784342372
4980.484096784052,91176.87971994627
4980.509997885128,90670.72678724227
4980.535899120902,90059.56209098923
4980.561800491377,89123.63800463956
4980.587701996551,87974.50539557429
4980.613603636428,86925.75735211428
4980.639505411005,85147.60373559853
4980.665407320286,83208.79405851848
4980.691309364271,81484.78306961048
4980.717211542959,79862.66623163708
4980.743113856352,78479.34431732126
4980.769016304451,77822.49765551445
4980.794918887255,77807.09737129559
4980.820821604767,78495.24978833989
4980.846724456986,78874.54326902228
4980.872627443913,79008.37359893361
4980.89853056555,79102.72146046381
4980.924433821896,78357.27925079825
4980.950337212952,77414.42374859114
4980.97624073872,75661.82591972979
4981.002144399198,72798.07128258517
4981.02804819439,69529.43048428258
4981.053952124295,65597.5246982941
4981.079856188914,61778.4977050405
4981.105760388247,59052.97617782778
4981.131664722296,57326.999960070796
4981.15756919106,57179.34159065665
4981.183473794542,58588.03986286151
4981.209378532741,61357.54259425608
4981.235283405657,64465.380757774314
4981.261188413292,67690.39528855271
4981.2870935556475,70729.85916851384
4981.312998832723,73360.84458691269
4981.338904244519,75488.6938728391
4981.364809791036,76880.31230166349
4981.3907154722765,77404.27292565597
4981.416621288239,77482.24940198546
4981.442527238925,77018.45531657035
4981.468433324337,75718.24359854325
4981.4943395444725,73939.62029449405
4981.520245899334,72994.25034295073
4981.546152388923,72420.22729346246
4981.572059013238,72672.27007795277
4981.597965772281,73363.7004981374
4981.623872666053,73860.70533215386
4981.649779694554,74029.58950934396
4981.675686857786,73607.16727597252
4981.701594155747,72661.58802767456
4981.727501588441,70897.99688353509
4981.753409155866,68722.5960488111
4981.779316858025,65865.02649708794
4981.805224694916,62262.858101188445
4981.831132666542,58375.029931103185
4981.857040772903,54828.92058081051
4981.882949013999,52541.75049158996
4981.908857389832,51584.82636541777
4981.9347659004015,52062.627863691065
4981.960674545709,53605.90220013219
4981.9865833257545,55990.27126822756
4982.012492240539,58851.57629805953
4982.038401290064,61569.429918182475
4982.0643104743285,63610.18339874523
4982.090219793336,64718.9006126421
4982.116129247083,65116.73705726466
4982.142038835575,64613.868782579164
4982.167948558808,64088.56366965112
4982.1938584167865,63756.06928466445
4982.219768409509,63793.88195971418
4982.245678536978,64427.20427948395
4982.271588799192,66261.64347115946
4982.297499196153,68671.85868249969
4982.323409727862,70817.53828189342
4982.349320394319,73009.80390023172
4982.375231195524,74634.035184098
4982.40114213148,75693.90208248883
4982.427053202186,76456.8078796032
4982.452964407642,76428.95694658064
4982.478875747851,75469.4106349238
4982.5047872228115,73696.2849524398
4982.530698832526,71166.29176443852
4982.556610576993,68204.61456238058
4982.582522456215,64534.90533637506
4982.608434470193,60954.92781217405
4982.634346618926,58733.87811208729
4982.660258902416,57628.992295338634
4982.686171320664,58329.87885228775
4982.712083873669,60279.89428706969
4982.737996561433,63104.256685630855
4982.763909383956,66562.2915357597
4982.789822341239,69906.16275452616
4982.815735433284,73036.09911119459
4982.84164866009,76397.718023789
4982.867562021658,78521.93187533817
4982.89347551799,80266.92692613724
4982.919389149084,82014.69207710288
4982.945302914944,82920.50349676386
4982.9712168155675,83194.03606141897
4982.997130850957,83012.64938391533
4983.023045021113,82384.10989087829
4983.048959326036,80820.88072697145
4983.074873765728,78625.54300916399
4983.100788340187,75732.86080941753
4983.126703049416,72266.6068636687
4983.1526178934155,67755.08211855765
4983.178532872184,63361.75768382462
4983.204447985726,59416.52578544525
4983.230363234038,55944.68008752848
4983.256278617124,53578.074772731605
4983.282194134983,52657.53101668394
4983.308109787617,53225.18101918975
4983.3340255750245,54288.65713419388
4983.359941497208,55980.804607972896
4983.385857554167,56687.02652191449
4983.411773745905,56819.17054085147
4983.437690072418,56477.44227239447
4983.463606533711,56118.774346819395
4983.489523129783,55965.760450653914
4983.515439860635,56824.52585467792
4983.541356726267,58511.924953090085
4983.56727372668,61291.30420311683
4983.593190861874,65125.5255543674
4983.619108131852,68633.7744997208
4983.645025536613,72404.41813332598
4983.6709430761575,75493.37181646122
4983.696860750487,78270.10687067319
4983.7227785596015,80457.54706958389
4983.748696503502,81955.85206669208
4983.774614582189,83745.09230638032
4983.800532795664,85039.13763040265
4983.826451143927,85696.34857922746
4983.852369626979,85843.23319763114
4983.878288244821,86518.2286382676
4983.904206997453,86444.2572688796
4983.930125884875,86538.2874075751
4983.9560449070905,86496.63582664484
4983.981964064097,86738.29930430997
4984.007883355896,87074.61353595226
4984.03380278249,87121.04375467634
4984.059722343878,87487.83536978741
4984.085642040061,88114.17485081713
4984.111561871041,88430.32435128345
4984.137481836817,89250.01651448301
4984.16340193739,90099.37461588444
4984.1893221727605,90033.93131873579
4984.215242542929,90087.07393791556
4984.241163047898,90689.38537749888
4984.267083687668,90685.71318130617
4984.293004462237,90645.79364754935
4984.318925371609,90302.9952592691
4984.344846415782,89599.57678780695
4984.370767594758,88947.12804995022
4984.396688908539,88394.80617457959
4984.422610357123,87561.80784165801
4984.448531940512,86030.23599956317
4984.474453658707,83579.83046809473
4984.500375511708,80904.03094816557
4984.526297499516,77721.7702449038
4984.552219622132,73701.07960283878
4984.578141879557,69441.56927859205
4984.604064271791,65657.62662725092
4984.629986798834,62021.666028682244
4984.655909460688,59916.66093439435
4984.681832257354,59374.918067453924
4984.7077551888315,59729.375110672554
4984.733678255121,60568.650490592496
4984.759601456225,61433.749517639226
4984.7855247921425,61994.69235605061
4984.811448262875,62225.07325726026
4984.837371868423,61192.8622450953
4984.863295608788,60087.388196118234
4984.889219483968,58370.607141458575
4984.915143493967,57358.359545702064
4984.941067638784,56795.29667299284
4984.96699191842,57549.27574148181
4984.992916332876,59743.09862684179
4985.018840882152,62753.57171017777
4985.044765566249,66466.98230415437
4985.070690385168,69626.36425117523
4985.09661533891,73574.10336305323
4985.122540427475,76723.29608308157
4985.148465650863,78830.2856930996
4985.174391009076,81229.330139747
4985.200316502115,83810.68642805252
4985.226242129979,85491.0879000065
4985.2521678926705,86416.65316217433
4985.278093790189,87050.22736364747
4985.304019822536,87389.18854502632
4985.329945989712,87480.43251485762
4985.355872291717,87086.72402367674
4985.381798728552,87033.19703403543
4985.407725300219,87134.90646072937
4985.433652006716,87290.96684732975
4985.4595788480465,86802.42849638971
4985.48550582421,85878.85882663431
4985.511432935207,85205.06150685789
4985.537360181038,84452.5074084592
4985.563287561705,83327.60771938198
4985.589215077207,82349.6333213737
4985.615142727546,81674.05229305534
4985.641070512722,81021.22445803211
4985.666998432736,81260.40896875547
4985.692926487589,82322.97986074712
4985.718854677281,83617.09369730108
4985.744783001813,84609.41303887899
4985.770711461186,85199.94686242889
4985.7966400554005,85813.66606657958
4985.822568784457,87014.29994170739
4985.848497648356,87823.17756223325
4985.8744266470985,89129.35168546494
4985.9003557806855,90178.33995541117
4985.926285049118,90481.17887885153
4985.952214452395,90670.64409852348
4985.978143990519,90569.96613150531
4986.00407366349,90493.38761909053
4986.030003471309,90749.49289451475
4986.055933413976,90635.70031031853
4986.081863491492,90288.87477180161
4986.107793703859,89302.08798899039
4986.133724051076,88301.47557576095
4986.159654533144,86730.56355621727
4986.185585150064,85883.35791189311
4986.211515901837,84944.51448785762
4986.237446788462,83554.8474014172
4986.2633778099425,83265.40873285386
4986.2893089662775,83883.40952258179
4986.315240257468,83756.00829390447
4986.341171683514,84007.13249642443
4986.367103244417,85376.61157340366
4986.393034940178,85723.25044495158
4986.418966770798,86480.62038360187
4986.444898736276,87249.73098612635
4986.4708308366135,87452.76686636922
4986.496763071812,87976.80644298943
4986.522695441871,88577.75233376247
4986.548627946792,88511.11290783423
4986.574560586576,88684.72466201315
4986.600493361222,89563.19645289946
4986.626426270733,89700.08937666057
4986.652359315109,89972.15491768555
4986.678292494349,90735.5257374694
4986.704225808455,90726.05788549015
4986.730159257429,90840.8120150993
4986.756092841269,91294.48765607741
4986.782026559978,91396.57998314535
4986.807960413555,91418.21781765805
4986.8338944020015,92032.50293964747
4986.859828525319,92465.2878596543
4986.885762783507,91842.50933648451
4986.911697176566,92437.45130784449
4986.937631704498,92358.2112024285
4986.963566367303,91978.67223860632
4986.989501164982,92106.5664260752
4987.015436097535,91941.35886576693
4987.041371164963,92096.33411535756
4987.067306367267,92545.65573466767
4987.093241704448,92364.80419632327
4987.119177176505,92467.98234054861
4987.145112783441,91986.87379107065
4987.171048525254,91626.1748365229
4987.196984401948,91941.73601820372
4987.222920413522,92013.63109019982
4987.248856559976,91811.63391785162
4987.274792841311,91792.50734492326
4987.300729257529,91904.26092426243
4987.3266658086295,91971.46291573375
4987.352602494614,92225.40320916713
4987.378539315482,92529.12171417284
4987.404476271236,92212.56417709932
4987.430413361874,92356.10195352173
4987.456350587399,92346.9543656236
4987.4822879478115,92281.32068314994
4987.508225443111,92248.2492716584
4987.534163073299,92392.52147850148
4987.560100838377,92300.19654010553
4987.5860387383445,92058.04934101693
4987.6119767732025,92246.66460435392
4987.637914942951,92622.8527274033
4987.663853247593,92458.73608247969
4987.689791687126,91897.08431634742
4987.715730261553,92080.06337984565
4987.741668970874,91768.7982238568
4987.76760781509,91837.32312569271
4987.793546794202,91896.69042502128
4987.819485908209,91949.77618321919
4987.845425157113,92006.25954141983
4987.871364540914,92042.61268934098
4987.897304059615,92122.1649487371
4987.923243713213,92082.53607990277
4987.9491835017125,92487.79898185491
4987.975123425112,91805.35100064882
4988.001063483412,91691.09872967834
4988.027003676613,91656.10323080074
4988.052944004718,90672.28782034811
4988.078884467725,89963.42091550883
4988.104825065636,89607.80494255792
4988.130765798453,88579.82337077703
4988.156706666174,87063.95036291904
4988.1826476688,85318.41097792734
4988.208588806334,82513.87415054007
4988.234530078776,79555.19334222184
4988.2604714861245,75878.61308586883
4988.286413028382,72262.41492376862
4988.31235470555,69443.6559498134
4988.338296517628,66894.00856558332
4988.364238464616,65344.27813742682
4988.390180546517,65958.87158323372
4988.416122763329,68047.95113879211
4988.442065115054,70095.04020097111
4988.468007601694,71994.39300863596
4988.493950223247,74132.25350908496
4988.519892979715,76347.31194321299
4988.5458358711,78797.16000582732
4988.571778897401,80915.10411184642
4988.597722058619,82796.09928025014
4988.623665354755,84557.29374307467
4988.6496087858095,85843.26907450012
4988.675552351783,86864.51242714086
4988.701496052677,87834.7586378039
4988.727439888492,88459.78557664104
4988.753383859228,89275.81641364985
4988.779327964886,89403.37357891566
4988.805272205466,89984.59746053582
4988.831216580971,90212.28350629039
4988.8571610914,90406.42794233354
4988.883105736753,90208.77296208177
4988.9090505170325,90467.93052458696
4988.934995432238,90940.82579167288
4988.9609404823705,90948.57728519752
4988.98688566743,91074.98565989423
4989.012830987419,91397.2285760159
4989.038776442337,91477.14263070753
4989.064722032184,92143.82319592361
4989.090667756962,91760.7493829356
4989.116613616672,91615.48661258743
4989.142559611313,91220.30308855085
4989.168505740887,90551.57599933817
4989.194452005394,89961.18796704627
4989.220398404836,89363.27854737807
4989.246344939212,88714.60274322516
4989.272291608523,87940.68673807374
4989.29823841277,86654.05098601156
4989.324185351955,86027.37653878568
4989.350132426077,85728.55833664139
4989.376079635137,86156.34765531741
4989.402026979136,86453.53702910186
4989.4279744580745,86835.05870692554
4989.453922071954,87411.80111499848
4989.479869820774,88490.86319542499
4989.505817704536,89175.50856447243
4989.531765723241,89245.73611122243
4989.557713876889,89973.54008155536
4989.58366216548,90370.56423638332
4989.609610589016,90821.08942699559
4989.635559147497,91320.91782634659
4989.661507840924,90850.75055187607
4989.687456669298,90634.330563102
4989.7134056326195,90488.70790159673
4989.739354730888,90147.3751093704
4989.765303964106,89500.60445646563
4989.791253332274,88639.19135292132
4989.817202835392,87883.89723628444
4989.843152473461,86963.81919650151
4989.869102246481,85546.24373220083
4989.895052154453,86116.55691803053
4989.921002197379,86652.01178572353
4989.946952375258,87140.63288960715
4989.972902688091,87518.45106975187
4989.99885313588,88394.37546022439
4990.024803718625,88974.80636892996
4990.050754436325,89348.85915158826
4990.076705288983,89863.5155972696
4990.1026562766,90127.72311089732
4990.128607399174,90420.56445980197
4990.154558656708,90641.05751372494
4990.180510049202,89794.78770482285
4990.206461576657,88399.33882893265
4990.232413239073,87698.51044451132
4990.258365036451,85787.23968035457
4990.284316968792,83386.83558377119
4990.3102690360965,80340.89376009484
4990.336221238365,76524.01461592547
4990.362173575599,72263.49665914332
4990.388126047797,67262.06471767438
4990.414078654963,62022.702750732846
4990.440031397096,58151.07470222581
4990.465984274196,54355.98641619911
4990.491937286265,51825.196216040415
4990.5178904333025,50214.66640175956
4990.543843715311,49680.40224969156
4990.569797132289,49638.08819008243
4990.595750684238,49973.48594524052
4990.6217043711595,50424.351143508204
4990.647658193053,51068.11955441922
4990.673612149921,52934.48590399367
4990.699566241762,56220.545075500384
4990.725520468578,59632.637200676196
4990.751474830369,63636.39755572973
4990.777429327138,67777.4950859423
4990.803383958882,71975.27889493838
4990.8293387256035,75540.14956296515
4990.8552936273045,78559.81480495076
4990.881248663984,81335.4769832746
4990.907203835643,83498.08593084155
4990.9331591422815,85357.13811869887
4990.959114583902,87292.21108183028
4990.985070160505,88659.13023710769
4991.011025872089,89569.81536062724
4991.0369817186565,90078.86466740641
4991.062937700209,90129.88122465977
4991.0888938167445,90276.68303099673
4991.114850068266,90745.58342004687
4991.140806454773,90710.06228815144
4991.166762976268,90773.7717464292
4991.192719632749,90630.08688972858
4991.218676424219,90354.82134709768
4991.244633350677,90240.13159042229
4991.270590412125,89949.29699599123
4991.296547608563,90097.11414551335
4991.322504939992,89885.47673040928
4991.348462406412,89566.32904244709
4991.374420007825,90413.69311953482
4991.400377744231,90395.82789151756
4991.426335615631,90559.83044693401
4991.452293622025,91157.95369432346
4991.478251763413,91315.5906834379
4991.504210039798,91137.63077380584
4991.53016845118,91510.69168403573
4991.556126997558,92050.18078308848
4991.582085678934,91936.68954365115
4991.6080444953095,92228.90277471898
4991.634003446684,92734.46721492012
4991.659962533058,92391.01230800184
4991.6859217544325,92281.49437810882
4991.711881110809,92518.66668150248
4991.737840602188,92825.9010790784
4991.763800228569,92874.80128143636
4991.789759989954,92683.82248268925
4991.815719886344,92306.6919307209
4991.841679917738,92115.55519366157
4991.867640084137,92288.547879878
4991.893600385543,91972.06685808272
4991.919560821956,91923.53928796467
4991.945521393377,92000.24414883902
4991.971482099806,92151.88216440662
4991.997442941245,92077.59232774515
4992.023403917693,92325.6137659497
4992.049365029152,91750.89281335821
4992.075326275622,91326.84810514732
4992.101287657104,91192.38910071693
4992.127249173599,91386.56386076359
4992.153210825107,91928.66250169893
4992.179172611629,90906.06607230354
4992.205134533166,90534.52297058752
4992.231096589718,90928.3757611279
4992.257058781286,91373.62312617681
4992.283021107872,91235.65038476654
4992.308983569475,91033.78747466003
4992.3349461660955,90895.43756044735
4992.3609088977355,90817.04589049389
4992.386871764395,90303.29743927559
4992.412834766075,89430.24922501521
4992.438797902777,88831.22974880399
4992.4647611744995,87736.14574430478
4992.490724581246,85489.46692507477
4992.516688123014,84679.4703713418
4992.542651799807,81896.98940306813
4992.5686156116235,78810.82209950937
4992.594579558467,75192.3215948899
4992.620543640334,70844.213255057
4992.64650785723,66153.6242772262
4992.672472209152,61573.135399254206
4992.698436696103,57304.94651959774
4992.7244013180825,53896.005807734444
4992.750366075092,52037.490231700416
4992.776330967131,51892.81928489579
4992.802295994201,53379.76770610004
4992.828261156303,55987.65460831674
4992.854226453436,59319.67678843772
4992.880191885603,63130.12786176253
4992.906157452804,66768.48498987286
4992.932123155039,70179.52736028557
4992.958088992309,72924.92271544442
4992.984054964615,74779.11817524768
4993.010021071958,76311.82370160306
4993.035987314338,77560.20217955046
4993.061953691756,78071.18867861605
4993.087920204212,78405.84313493356
4993.113886851707,79302.11263345195
4993.139853634243,80825.4580324399
4993.16582055182,81962.81093127328
4993.191787604438,82806.10509646537
4993.217754792098,83384.18080876033
4993.243722114801,83746.59268270308
4993.269689572548,83824.94823027251
4993.2956571653385,83659.995991343
4993.321624893174,82582.39917415658
4993.347592756056,80670.47627263867
4993.373560753983,78614.55340009202
4993.399528886958,75606.3142646573
4993.425497154981,71441.32022051538
4993.4514655580515,67337.33766543113
4993.477434096171,63454.878557545046
4993.503402769342,60302.795337582706
4993.529371577562,58372.87383192263
4993.555340520834,58358.0441485453
4993.581309599158,59870.73377358714
4993.607278812535,62350.85795610493
4993.633248160964,65777.67156033605
4993.659217644448,69310.84348549291
4993.685187262988,72158.40668706638
4993.711157016582,75188.20171362848
4993.737126905232,78501.05402658244
4993.763096928939,81378.22737660527
4993.789067087704,83432.91352951483
4993.815037381528,85278.58833630034
4993.84100781041,86925.39290088847
4993.866978374352,88328.53347619146
4993.892949073354,89565.79666321228
4993.918919907418,90115.14989011042
4993.9448908765435,90643.59231411685
4993.970861980731,91233.13648743763
4993.996833219982,91171.6175074855
4994.022804594297,91331.3548610875
4994.048776103677,91744.18849784999
4994.074747748122,91681.95933268692
4994.1007195276325,91587.0949601849
4994.12669144221,91035.79301404294
4994.152663491855,91464.94288274866
4994.178635676568,91842.22706865185
4994.20460799635,92041.67536118193
4994.230580451202,92116.7293742622
4994.256553041124,92240.38266895128
4994.282525766116,92085.81210334023
4994.308498626181,91842.81453927117
4994.334471621318,92174.59605093136
4994.360444751527,92140.81221916404
4994.386418016811,92348.92443650927
4994.412391417169,91999.91613955215
4994.438364952602,92409.22108626782
4994.464338623111,92497.95968038503
4994.490312428697,92079.62825560008
4994.5162863693595,92330.3531291895
4994.5422604451005,92580.19772709889
4994.56823465592,92649.28785675985
4994.594209001819,92410.85885115857
4994.620183482797,92160.29373801753
4994.646158098857,92519.46616594931
4994.672132849998,92381.25116351829
4994.698107736222,91886.58323633973
4994.724082757528,91014.40756189129
4994.750057913918,90800.27557474964
4994.776033205392,90849.82602788776
4994.802008631951,90746.54582529848
4994.8279841935955,90378.75464132968
4994.853959890327,90278.35310513548
4994.879935722145,90607.56082063935
4994.905911689051,90502.76589879692
4994.9318877910455,90431.62261961194
4994.95786402813,90554.58398662698
4994.983840400303,89864.86502857969
4995.009816907567,89838.09836147419
4995.035793549923,89267.1292746257
4995.061770327371,89331.62760846598
4995.087747239912,89320.21421521674
4995.113724287545,89645.81715868083
4995.139701470273,90049.97963491337
4995.165678788096,90357.71444311626
4995.191656241014,90683.54870866134
4995.217633829028,90705.97806097577
4995.24361155214,90754.91649477855
4995.269589410349,91149.55601952464
4995.295567403657,91471.84861112396
4995.321545532063,91836.15016199165
4995.347523795569,92057.46303297246
4995.373502194176,91607.46007974139
4995.399480727883,91758.6264479658
4995.425459396693,91504.00320707152
4995.4514382006055,91533.00920547308
4995.477417139621,91274.80785826799
4995.50339621374,90774.61102735627
4995.529375422964,89946.14783500039
4995.5553547672935,89428.52007683928
4995.581334246729,88518.44815280774
4995.607313861272,87050.60300272609
4995.633293610921,86124.41467021144
4995.659273495679,84285.65291159159
4995.685253515546,81793.7553168156
4995.711233670522,79239.42449174475
4995.73721396061,77239.5403740296
4995.763194385807,75959.9217626544
4995.789174946116,75390.04032709613
4995.815155641538,75607.51986159109
4995.841136472073,77007.15238424194
4995.867117437721,78737.505308357
4995.893098538485,80441.67522676598
4995.919079774363,82054.176478077
4995.945061145358,83517.07279558732
4995.971042651468,84911.33088034786
4995.997024292697,85604.13742226458
4996.023006069043,86440.59740893969
4996.048987980507,87620.23622699466
4996.074970027092,87496.2600576285
4996.100952208796,87419.96599288308
4996.126934525621,86513.965517767
4996.152916977569,85957.6348317865
4996.1788995646375,85028.21826654396
4996.204882286829,84238.92450625103
4996.230865144144,83384.1734612405
4996.256848136584,82777.18994251426
4996.2828312641495,83245.30783531297
4996.30881452684,84017.28577437456
4996.334797924657,85160.42802240513
4996.360781457602,86315.69688318006
4996.386765125674,86590.38292735656
4996.412748928875,87335.39486961842
4996.438732867205,88349.01187461699
4996.464716940664,88852.29224552028
4996.490701149255,89306.46919131286
4996.516685492977,89572.5177088062
4996.542669971831,90283.71168718523
4996.568654585818,90855.24171311181
4996.594639334938,91168.90219962675
4996.620624219192,91852.2739432281
4996.646609238582,92212.84601719887
4996.672594393107,92185.23432891301
4996.698579682768,92596.52647122258
4996.724565107566,93035.14165127094
4996.750550667502,93184.37199246477
4996.776536362576,93189.12266157687
4996.802522192789,93086.66447365405
4996.8285081581425,93269.0672152623
4996.854494258636,93503.26686210136
4996.880480494271,92941.4464819259
4996.906466865048,93053.21513211376
4996.932453370967,93606.95282686516
4996.95844001203,93125.80882665906
4996.984426788236,92803.36685005226
4997.010413699588,93322.73243246491
4997.036400746085,93375.96215170983
4997.062387927727,93162.29772595846
4997.088375244517,93044.14335272316
4997.114362696455,93191.30021412834
4997.14035028354,92871.82422379014
4997.166338005774,92883.10747806789
4997.192325863159,92800.56347892422
4997.218313855693,92901.17726656469
4997.244301983379,92900.23847651652
4997.270290246216,92407.70903468941
4997.296278644206,91935.0032871017
4997.322267177348,91499.1241933087
4997.348255845645,90819.84769064287
4997.374244649096,90522.72006232291
4997.400233587703,90055.14845429054
4997.4262226614655,89583.13161395969
4997.452211870384,89125.69440445147
4997.4782012144615,88072.64411255061
4997.504190693696,86792.29365632092
4997.530180308089,85447.96759297562
4997.556170057642,83976.94558353441
4997.582159942355,82382.95807524792
4997.608149962229,80988.621892574
4997.634140117264,80308.04915757764
4997.660130407462,80343.79860201177
4997.686120832823,80957.31211586225
4997.712111393347,82283.45802218758
4997.738102089036,83699.73309930533
4997.76409291989,84619.70833242501
4997.79008388591,85539.98924066732
4997.816074987096,86264.10029683448
4997.842066223449,87125.52283739338
4997.868057594971,87235.7821204733
4997.894049101661,87703.31519474866
4997.92004074352,88217.90483195106
4997.946032520549,88616.79472303843
4997.97202443275,89137.24419145
4997.998016480121,89752.02782153824
4998.0240086626645,90334.55769062013
4998.050000980381,90869.54693324688
4998.075993433271,91205.31649491197
4998.1019860213355,91176.81131602713
4998.127978744575,91537.72516626108
4998.153971602989,91788.80898370579
4998.17996459658,91543.95117041952
4998.2059577253485,92064.04931937905
4998.231950989295,92085.81296652381
4998.25794438842,92079.26847805941
4998.2839379227225,92173.86211727888
4998.309931592206,92232.17265391743
4998.33592539687,92023.19878830564
4998.361919336716,91535.01988928817
4998.387913411743,90761.90597172656
4998.413907621953,89649.44166739761
4998.4399019673465,88799.4205896619
4998.465896447923,88484.40540150549
4998.491891063686,87594.5759581121
4998.517885814634,86665.28334258379
4998.543880700768,85915.18599197769
4998.569875722088,85692.26756507787
4998.5958708785965,85362.48159766155
4998.621866170293,85121.1312004708
4998.647861597179,84138.37703210652
4998.673857159254,82799.49677532438
4998.69985285652,81331.71204034724
4998.725848688977,79231.20665024407
4998.7518446566255,76373.08275517852
4998.777840759467,73209.39630007077
4998.803836997501,69769.39193405306
4998.82983337073,65660.4250517227
4998.855829879152,62431.412617287206
4998.881826522771,59939.69651144298
4998.907823301585,58920.59166256906
4998.933820215596,59846.61723302453
4998.959817264805,61899.98522420942
4998.985814449212,64604.55699281539
4999.011811768817,68030.07672350854
4999.037809223622,71333.00879618182
4999.063806813628,74432.19347923239
4999.089804538834,77422.57878843446
4999.115802399241,80393.32088874058
4999.141800394852,83152.10560249114
4999.167798525665,85141.33367595267
4999.193796791682,86779.75696731858
4999.219795192904,88036.83962069638
4999.24579372933,89511.55580371436
4999.271792400963,90093.8299139272
4999.297791207802,91065.16009783
4999.323790149849,91267.63488257879
4999.349789227103,91391.96036779326
4999.375788439566,91425.88449521689
4999.401787787239,91325.32630542123
4999.427787270122,91352.41386301251
4999.453786888215,91037.36005849342
4999.47978664152,90045.24743416255
4999.505786530038,89066.30980639071
4999.531786553767,88152.20341736705
4999.557786712711,86523.00135049707
4999.583787006869,84363.46212347239
4999.609787436242,81777.85072557117
4999.635788000831,79808.64460371436
4999.661788700636,77224.28487198395
4999.687789535658,74400.2500516232
4999.713790505899,72301.18638834317
4999.739791611358,70809.89163957069
4999.765792852036,70575.99828790249
4999.791794227933,71206.8054959873
4999.817795739052,72354.60711405033
4999.843797385392,74124.808749374
4999.869799166953,76221.89562723119
4999.895801083738,77767.18224932479
4999.921803135746,78741.8928046594
4999.947805322979,79761.45985256965
4999.973807645436,79987.4757083034
4999.999810103118,79721.7103833321
5000.025812696027,78480.8944955511
5000.051815424163,76959.25513568557
5000.0778182875265,75132.91071418587
5000.103821286119,73297.38505306654
5000.12982441994,72004.92019455177
5000.155827688991,71683.89263071404
5000.181831093272,72134.50339503546
5000.207834632784,73010.19802587219
5000.2338383075285,74299.92407013662
5000.259842117506,75691.37571868523
5000.285846062716,77093.41974693662
5000.311850143161,78440.85454853314
5000.33785435884,79331.11565469066
5000.363858709754,80644.43050595134
5000.389863195905,82053.97257060118
5000.415867817292,83448.45419948219
5000.441872573917,84231.32279541748
5000.4678774657805,85258.88424926274
5000.493882492882,86102.06821863457
5000.519887655224,86797.66407638922
5000.545892952806,86935.34696703024
5000.571898385629,87008.95569780859
5000.597903953694,86959.2056225245
5000.623909657001,86576.08542455599
5000.649915495552,85958.35123987634
5000.675921469346,85039.50524481565
5000.701927578384,83994.13645156955
5000.727933822669,82546.76566578838
5000.7539402021985,79852.34131107855
5000.779946716975,77135.65369582566
5000.805953366999,73951.09073976464
5000.831960152272,71039.70620362852
5000.857967072792,68358.39308061503
5000.883974128563,66847.29143392589
5000.9099813195835,66523.79995002216
5000.935988645855,67212.69040568116
5000.961996107378,68185.8296497485
5000.988003704153,69219.36559485043
5001.014011436181,70290.64281071161
5001.040019303464,70429.12194310997
5001.066027306,69620.72257155765
5001.092035443791,68425.98100942474
5001.118043716839,66449.16028045125
5001.1440521251425,63651.006534510096
5001.170060668704,59748.07224853881
5001.196069347523,56136.60882203444
5001.222078161601,52658.48143201262
5001.248087110937,50060.13189379233
5001.274096195534,48878.1076823513
5001.300105415392,49174.35932060004
5001.326114770512,50630.46639699242
5001.352124260892,53892.24803730834
5001.3781338865365,57428.051683449085
5001.4041436474445,61440.36162273996
5001.430153543616,65803.3314526912
5001.456163575053,69883.18411115542
5001.482173741756,73740.4276124081
5001.508184043724,77079.37116501128
5001.534194480961,79939.22867756535
5001.560205053464,82536.49986650568
5001.586215761236,84456.8550678427
5001.612226604278,86335.19140682473
5001.638237582589,87349.21139989502
5001.664248696171,88443.56491555883
5001.690259945024,89471.51608757548
5001.716271329149,90219.58018555296
5001.742282848547,90336.84556850982
5001.768294503218,90638.3235326486
5001.794306293164,90622.86246502175
5001.820318218383,90279.54574568354
5001.84633027888,89986.70456619674
5001.872342474651,89909.94708023836
5001.8983548056995,89634.57475229593
5001.924367272026,89051.3283371932
5001.9503798736305,88442.74566371753
5001.976392610514,87230.58484533476
5002.002405482678,86178.98801444877
5002.028418490122,84781.2000676757
5002.054431632847,83262.82495745065
5002.080444910854,81019.14305594211
5002.106458324142,78755.47402069173
5002.1324718727155,75915.59797939121
5002.158485556572,73534.21355210195
5002.184499375713,71735.34669708232
5002.210513330139,71238.18631089566
5002.236527419852,72266.66779040504
5002.262541644852,73866.73809104091
5002.288556005138,75856.37036268224
5002.314570500714,78197.57427811074
5002.340585131577,80366.49150892046
5002.36659989773,82381.34056088522
5002.392614799174,84208.1838590624
5002.418629835909,85733.6802430504
5002.444645007936,86761.4013046679
5002.4706603152545,88111.5084061832
5002.496675757866,88822.0636801903
5002.522691335772,89645.86779094665
5002.548707048972,90176.2621311212
5002.574722897468,90787.86984700819
5002.600738881259,91210.0005247793
5002.626755000347,91220.90841323748
5002.652771254732,91312.87683405817
5002.678787644415,91297.38671552482
5002.704804169397,91437.38704810606
5002.730820829678,91463.03345426875
5002.75683762526,91508.65912072538
5002.782854556142,91786.06367352343
5002.8088716223265,91398.4304921509
5002.834888823812,91274.98857322623
5002.860906160601,91150.74489566579
5002.886923632695,91093.66320838119
5002.912941240092,91260.86135665601
5002.938958982793,90692.31735872939
5002.9649768608015,90670.13684579471
5002.990994874116,90637.39382693976
5003.017013022737,90081.23715500774
5003.043031306666,89536.67737727413
5003.069049725905,89501.9476881382
5003.095068280452,88936.38269866598
5003.121086970309,88506.46146802677
5003.147105795477,88272.10235101458
5003.173124755956,87800.20606886274
5003.199143851748,87633.83974851626
5003.225163082852,87612.4459848535
5003.251182449269,87252.75459574205
5003.277201951001,86750.0556020339
5003.3032215880485,86455.5769746464
5003.32924136041,85528.66012803963
5003.35526126809,83832.71900446463
5003.381281311085,83288.46246617431
5003.407301489398,81673.70499558136
5003.433321803031,80621.50668109022
5003.459342251982,80074.26790542588
5003.4853628362525,79645.68302718298
5003.511383555844,80156.94720966226
5003.537404410757,80491.59374749643
5003.563425400991,80838.90091495852
5003.589446526548,81400.5334229171
5003.615467787429,82045.4392522877
5003.641489183634,83034.85807443631
5003.667510715163,84041.33637324761
5003.693532382018,85019.40137385881
5003.719554184199,86079.880579093
5003.745576121707,86620.9703559211
5003.771598194542,87009.11834131056
5003.797620402706,88111.92868117882
5003.823642746199,88734.87105865419
5003.849665225021,89243.5881383858
5003.875687839174,89624.8470694486
5003.901710588658,90235.49182116435
5003.927733473473,90742.39847751317
5003.953756493622,90544.04196803582
5003.979779649103,90738.28600577354
5004.005802939919,91194.99149299595
5004.031826366068,91325.03132365993
5004.057849927553,91498.41830577605
5004.083873624375,91453.37765234575
5004.109897456533,91323.53224601511
5004.135921424028,91530.78555582874
5004.161945526862,91275.54253585552
5004.187969765035,90919.5093102672
5004.213994138547,90643.07690810786
5004.240018647399,90142.6421753052
5004.266043291592,89944.348552585
5004.292068071127,88751.95468452242
5004.318092986004,88161.56943659918
5004.344118036223,87180.50325658302
5004.370143221788,85466.50752494377
5004.396168542696,83810.33629602083
5004.422193998949,81292.35943340053
5004.448219590549,78600.82004545604
5004.474245317495,75267.41329810729
5004.500271179789,71488.37305865428
5004.52629717743,68210.88121859649
5004.5523233104195,65870.11144994978
5004.578349578759,64831.686199050295
5004.604375982449,65495.37630294165
5004.630402521489,67321.29028461529
5004.656429195881,69278.27466442947
5004.682456005625,72099.32585895332
5004.708482950721,74717.09711756808
5004.734510031172,76830.44166532918
5004.760537246977,79110.9609608866
5004.7865645981365,80257.47832166846
5004.812592084652,81450.30958879934
5004.838619706525,81557.43161672767
5004.8646474637535,81320.18256575208
5004.890675356341,80449.26935202056
5004.916703384286,79111.3701727175
5004.942731547591,76287.9918957903
5004.968759846256,72949.02831393339
5004.994788280281,69292.52135691658
5005.020816849668,65186.43409522131
5005.046845554417,60826.124057526824
5005.072874394528,56587.15666878213
5005.098903370003,53961.13851711117
5005.124932480842,52794.56360291173
5005.150961727047,52715.69290754464
5005.176991108617,54527.6566876069
5005.203020625552,56854.82618414561
5005.229050277856,58577.74163804967
5005.255080065526,60315.58727342377
5005.281109988566,61475.281976803686
5005.3071400469735,61937.15924550782
5005.333170240751,61449.661223547926
5005.3592005699,59778.35635629942
5005.38523103442,57186.85958250466
5005.411261634312,54239.02672528719
5005.4372923695755,50950.070853589605
5005.463323240213,48000.66538489443
5005.489354246225,45902.00461832643
5005.515385387611,44839.929326971724
5005.541416664373,45301.50621188459
5005.567448076511,47231.21900466686
5005.593479624025,50283.623575172016
5005.619511306918,54292.39324905613
5005.645543125189,58840.78504776512
5005.671575078838,63781.202258708785
5005.697607167867,67637.66805305137
5005.723639392277,71893.74373172018
5005.749671752068,75260.28853647305
5005.77570424724,78482.20855116469
5005.8017368777955,81096.30853581324
5005.8277696437335,83420.27775676722
5005.853802545055,85095.95123731148
5005.879835581762,86841.21458302806
5005.905868753854,87731.85265728139
5005.931902061331,88543.52713090158
5005.957935504196,89314.29307672424
5005.983969082448,89768.28991483059
5006.010002796088,89804.99147347454
5006.036036645117,89689.01479026517
5006.062070629536,89898.27015141828
5006.088104749344,90058.62345105025
5006.114139004544,89839.315085019
5006.140173395135,89543.80748960577
5006.166207921118,89518.05204278999
5006.192242582495,89157.04239691305
5006.218277379266,88778.94450734337
5006.244312311431,88738.19316197332
5006.270347378991,88902.88123553149
5006.296382581946,88051.99629215687
5006.322417920299,87721.58312921098
5006.348453394048,86855.0503886166
5006.374489003196,85486.7857527428
5006.400524747743,83973.92358805095
5006.426560627688,82312.14400590304
5006.452596643034,79931.26911109104
5006.47863279378,76687.91066833027
5006.504669079928,72793.37966698705
5006.530705501478,68500.62600140568
5006.556742058431,63899.469997056425
5006.582778750788,59172.74883523428
5006.608815578549,55239.83491683903
5006.634852541715,52693.115702012175
5006.660889640287,51398.72270855212
5006.686926874265,52018.74165643368
5006.71296424365,54260.21969443947
5006.739001748444,57125.05920250696
5006.765039388645,60717.494606315886
5006.791077164256,64823.319239286415
5006.817115075277,68667.36528649891
5006.843153121708,72217.57926262937
5006.869191303552,76138.98170269899
5006.895229620806,78538.95164694444
5006.921268073474,81135.75903120803
5006.947306661555,83243.79210466823
5006.97334538505,84947.73027038592
5006.999384243961,85892.41503446872
5007.025423238286,86461.60201788892
5007.051462368028,87054.08486223649
5007.077501633187,87106.90965538465
5007.103541033764,86814.44421833986
5007.129580569759,86778.73154400321
5007.155620241173,86998.40465259422
5007.181660048007,87687.52953337213
5007.207699990262,88633.4453243345
5007.233740067937,88933.50542549681
5007.259780281035,89578.52006151777
5007.285820629555,90096.5034068555
5007.311861113499,90657.65908789946
5007.337901732866,91159.31708263778
5007.363942487658,91473.77330093941
5007.389983377876,91535.01776319277
5007.41602440352,91933.05155149226
5007.442065564591,92426.04843233261
5007.468106861089,92380.5641643143
5007.494148293015,92331.71280156542
5007.520189860371,92323.90148874593
5007.546231563156,92391.53195988257
5007.572273401372,92429.1577544393
5007.598315375018,92438.04843590008
5007.624357484096,92793.30122931465
5007.650399728607,93119.97226856802
5007.676442108551,93105.2424970548
5007.702484623929,93066.34481777919
5007.728527274741,93100.78168342393
5007.754570060989,93204.15047358036
5007.780612982673,93092.74243206898
5007.806656039793,93534.98194396573
5007.832699232351,92917.44765618701
5007.858742560347,92814.56288861987
5007.884786023782,92865.03300593415
5007.910829622656,92182.12515173442
5007.936873356971,92114.62654252759
5007.962917226726,91987.97571872325
5007.988961231923,91615.18196043986
5008.015005372563,91093.74822304434
5008.041049648646,90860.26138730627
5008.067094060171,90651.08649725508
5008.0931386071425,90945.21297031958
5008.119183289558,91465.18486484844
5008.14522810742,91575.05662407681
5008.171273060728,91547.10756664634
5008.197318149483,91758.86362890393
5008.223363373687,91932.54677663944
5008.249408733339,92019.0385722376
5008.27545422844,92204.84021000138
5008.301499858992,92300.33202832362
5008.327545624995,92420.79415367573
5008.353591526448,92427.4297772043
5008.379637563355,92076.95246728837
5008.405683735714,92266.00145943991
5008.431730043527,92115.5038060558
5008.457776486794,92215.93138970784
5008.483823065515,92370.61004228717
5008.509869779693,92530.9171489075
5008.535916629327,92559.17571235163
5008.561963614418,92995.39599626134
5008.588010734968,93134.92140015644
5008.614057990975,92891.94005406568
5008.640105382442,93107.3957527147
5008.666152909369,92984.15260426686
5008.692200571756,93009.56460571263
5008.718248369605,93276.08243880971
5008.744296302916,92719.75118827533
5008.77034437169,92690.09928251749
5008.796392575927,92841.50463081234
5008.822440915628,92621.55264900546
5008.848489390794,92675.81428000437
5008.874538001426,92491.25464089148
5008.900586747524,92434.15883176433
5008.926635629089,92095.42965478472
5008.952684646122,92181.60117041344
5008.978733798623,91952.25665115713
5009.004783086593,91499.67979275266
5009.030832510033,91488.03079554279
5009.056882068944,91450.80446636325
5009.082931763326,91423.98802396966
5009.108981593179,91475.39996798369
5009.135031558506,91316.56898956411
5009.161081659306,91453.0896355563
5009.187131895579,91096.51835080651
5009.213182267327,90902.06063432715
5009.239232774552,90259.23449959679
5009.265283417251,89732.6732851313
5009.291334195428,88793.72993521698
5009.317385109083,87775.55302062146
5009.343436158216,86542.33183168352
5009.369487342828,84740.96299497462
5009.395538662919,82700.87581701438
5009.421590118491,80818.80334085117
5009.447641709544,78592.27567777781
5009.473693436078,75936.10750576602
5009.499745298095,73204.36092215385
5009.525797295596,70056.88164082685
5009.55184942858,67174.43976723152
5009.577901697049,64644.982949180514
5009.603954101003,63060.54014774513
5009.630006640443,62884.65462248618
5009.65605931537,63990.1068387708
5009.682112125784,66813.74447481708
5009.708165071686,69445.51408407764
5009.7342181530785,72737.50536503558
5009.760271369959,75436.68605184126
5009.78632472233,78767.78594268752
5009.812378210192,81293.17124076912
5009.838431833546,83922.99229861872
5009.864485592391,85600.45665941459
5009.890539486731,86884.51170475614
5009.916593516564,88622.39674990822
5009.942647681891,89970.92784510045
5009.968701982713,90743.98997167006
5009.994756419032,91331.3776849788
5010.020810990847,91879.46958177378
5010.046865698159,92177.74622377486
5010.072920540969,92048.71839310344
5010.098975519279,91928.15905559361
5010.125030633087,91831.99079495511
5010.151085882395,91185.44316306233
5010.177141267204,90284.2783514262
5010.2031967875155,89409.17570983987
5010.229252443328,88036.36599744165
5010.255308234644,86446.12568988388
5010.281364161464,85073.31900829308
5010.307420223788,83577.83459338098
5010.333476421617,82986.68897494671
5010.359532754951,82693.94185855938
5010.3855892237925,82871.74229219617
5010.4116458281405,84103.7845732085
5010.437702567997,85029.83657652308
5010.463759443362,86338.1560734356
5010.489816454236,87053.92916859922
5010.51587360062,88319.71706150347
5010.541930882514,89163.29688887965
5010.56798829992,89560.993020909
5010.5940458528385,90598.85541413647
5010.62010354127,91228.98589356037
5010.646161365214,91593.80224085432
5010.672219324672,92125.21044923083
5010.698277419646,92518.37688098804
5010.724335650135,92643.1779888769
5010.7503940161405,92551.79806834202
5010.7764525176635,92686.19947756862
5010.802511154703,92910.93673712265
5010.828569927262,92790.16478458935
5010.85462883534,92899.50470231271
5010.880687878937,92981.18269610406
5010.906747058056,92592.98310501463
5010.932806372695,92514.43443667273
5010.958865822856,91927.85127623122
5010.98492540854,91375.488144436
5011.0109851297475,91148.31573118601
5011.0370449864795,90441.99173143925
5011.063104978735,89658.64707031695
5011.089165106517,88767.02916358985
5011.115225369825,87552.45195505273
5011.14128576866,86478.8530686643
5011.167346303022,85373.65003556098
5011.193406972913,83802.85338982842
5011.219467778333,82480.88011248875
5011.2455287192815,80402.26358654775
5011.271589795761,77689.90469515491
5011.297651007772,74478.24020530791
5011.323712355315,70437.25735189466
5011.34977383839,65457.020429737284
5011.375835456999,60324.587428632105
5011.401897211142,55503.97825142181
5011.427959100819,51323.37101087343
5011.454021126031,48069.16201144282
5011.4800832867795,46232.912438244195
5011.506145583065,45997.484431906305
5011.532208014888,47244.03855088743
5011.558270582248,49919.088625333025
5011.584333285148,53230.75080880198
5011.610396123588,57012.31518406202
5011.636459097567,60821.10463118116
5011.662522207088,64237.92674959709
5011.68858545215,67498.75923442785
5011.714648832754,69608.4212050383
5011.740712348902,71298.27531441153
5011.766776000594,71967.26124534517
5011.79283978783,71746.13498201966
5011.818903710611,72467.73331166222
5011.844967768939,73135.76465131517
5011.871031962813,73830.61738566846
5011.897096292234,75342.42288671876
5011.923160757203,77107.89940238565
5011.949225357721,78871.84483082737
5011.975290093788,80081.12001210041
5012.001354965406,80919.82450254435
5012.027419972574,81343.62876521153
5012.053485115294,81675.55387593608
5012.079550393566,82132.36829518409
5012.105615807392,82615.10927703536
5012.13168135677,83527.04660754195
5012.157747041703,84662.3429035373
5012.183812862192,85833.33156230299
5012.209878818236,86807.75024823571
5012.235944909837,87666.0017709567
5012.262011136994,88329.55092498167
5012.28807749971,88768.22970824437
5012.3141439979845,89297.23240987619
5012.340210631818,89622.14508219334
5012.366277401212,90075.54256687134
5012.392344306166,90410.50011718349
5012.418411346682,90619.66581202677
5012.44447852276,90456.93554425782
5012.470545834401,90047.60032953114
5012.496613281605,90188.21070386958
5012.522680864374,89318.67970998849
5012.548748582707,87598.35444074702
5012.574816436606,86261.51700090517
5012.600884426071,84512.35595696601
5012.626952551104,82074.20574402665
5012.653020811705,79520.44480542117
5012.679089207873,77080.54099741972
5012.705157739611,75165.91171663985
5012.73122640692,74215.08033491844
5012.757295209798,73845.30888151262
5012.7833641482475,74059.29078363953
5012.80943322227,74165.66185550501
5012.835502431864,74246.79359457312
5012.861571777033,74098.3837394415
5012.887641257775,72941.84500440583
5012.9137108740915,71086.9052888517
5012.939780625984,68471.48228193223
5012.965850513452,65148.82435189464
5012.991920536498,61176.97305802871
5013.017990695121,57312.81902519368
5013.044060989323,53957.683514540055
5013.070131419104,51573.430063676176
5013.096201984464,51246.9613097031
5013.122272685405,52400.82921003661
5013.148343521927,54467.49167958278
5013.17441449403,57593.42542293726
5013.200485601717,61189.30362148987
5013.226556844987,64900.89883416772
5013.2526282238405,68413.01143061968
5013.278699738279,71688.3335976544
5013.304771388303,74496.47660932242
5013.330843173913,76701.07019966604
5013.35691509511,78677.8660553478
5013.382987151894,80496.48503805666
5013.409059344267,81840.80552745787
5013.435131672228,81685.38796913333
5013.46120413578,80820.6208853495
5013.487276734921,79418.85506053286
5013.513349469653,77187.62710063088
5013.539422339977,74519.60314589817
5013.565495345894,71194.13565923825
5013.5915684874035,68222.19460059844
5013.617641764507,65575.70965069259
5013.643715177206,63848.60519993406
5013.6697887254995,63261.71698628377
5013.695862409389,64084.089886337875
5013.721936228875,65853.81284856891
5013.748010183958,68649.38421338609
5013.77408427464,71833.94704737297
5013.800158500921,74556.27595313377
5013.826232862801,77254.17197313166
5013.852307360281,79932.41416617077
5013.8783819933615,82080.2254532965
5013.904456762045,83843.31052960159
5013.930531666329,85069.56886649664
5013.956606706218,85790.99769310778
5013.982681881709,86467.69697063598
5014.008757192805,86925.26058682668
5014.034832639507,86701.35450052685
5014.060908221814,86017.2568959091
5014.086983939728,85231.82437259142
5014.113059793249,83846.54642018655
5014.139135782378,81863.50724208762
5014.165211907116,79245.85558472732
5014.1912881674625,76304.34601936619
5014.21736456342,72651.30372397114
5014.243441094988,68671.40161161397
5014.269517762167,64097.2037291938
5014.295594564959,60239.40286053598
5014.321671503363,57585.59970736003
5014.347748577381,56382.18255629815
5014.373825787014,56600.87079258624
5014.399903132261,58626.25754359464
5014.425980613125,61533.36905197127
5014.4520582296045,65089.8001225703
5014.478135981701,68835.0858629557
5014.504213869415,72585.62146868058
5014.530291892748,75727.75016008677
5014.556370051701,78908.06176767254
5014.582448346273,81156.28457444946
5014.6085267764665,83596.24268992078
5014.63460534228,85513.35213768136
5014.660684043717,86721.39920257236
5014.686762880776,87805.07652439165
5014.712841853459,88759.9932067265
5014.738920961766,89588.75560369507
5014.765000205698,89893.448041249
5014.791079585255,90392.85643288415
5014.817159100438,90799.68726462743
5014.843238751249,90968.94910222877
5014.869318537688,91109.06025054074
5014.895398459755,91286.74417694414
5014.921478517451,91429.6253956958
5014.947558710776,91431.85590763605
5014.973639039733,91622.05347401026
5014.99971950432,91510.49282816042
5015.0258001045395,91298.7809274389
5015.051880840391,91325.49445011948
5015.077961711877,91105.51890117432
5015.104042718996,91254.50647075716
5015.130123861751,91146.34778964493
5015.156205140141,91130.4615792673
5015.182286554167,91172.156158066
5015.208368103829,90825.82119218454
5015.23444978913,90826.4207282629
5015.260531610069,91317.66037279475
5015.286613566646,91320.0820502712
5015.312695658864,91191.30579556519
5015.338777886722,90865.14220381799
5015.364860250221,90365.15429612088
5015.390942749362,89845.73317221903
5015.417025384145,88580.34485490608
5015.443108154572,87810.70725727087
5015.469191060642,86166.10105574832
5015.495274102357,84567.36422171419
5015.521357279717,83837.24648607089
5015.547440592724,82262.46846067908
5015.573524041378,81845.66800488328
5015.599607625678,81863.80720317065
5015.625691345627,82555.14973151305
5015.651775201225,83764.6636534827
5015.677859192472,84592.52504360917
5015.7039433193695,85559.58340960617
5015.730027581919,85913.85810003434
5015.756111980119,86008.54541689724
5015.782196513972,86215.62257225637
5015.808281183477,85958.63122952712
5015.834365988638,85773.14570343994
5015.860450929452,85443.99081018043
5015.886536005921,85757.41016473724
5015.912621218046,86424.24076711286
5015.938706565828,86617.16236305835
5015.964792049268,87026.52116766795
5015.990877668365,87639.09665027451
5016.0169634231215,88111.96048458376
5016.043049313536,88600.13547905376
5016.069135339612,88832.40224008923
5016.095221501349,88855.03139599133
5016.121307798748,88889.71288821337
5016.147394231808,88238.32460450537
5016.173480800531,87232.58206164773
5016.199567504918,86111.59289846255
5016.22565434497,84415.0100791169
5016.251741320687,83249.34613763941
5016.277828432069,82310.65043327653
5016.303915679118,82103.47384134034
5016.330003061834,82203.7961697543
5016.356090580218,82418.52419123921
5016.382178234271,82721.34267598581
5016.408266023993,82816.50537242225
5016.434353949385,83339.51166874723
5016.460442010448,83645.24868658002
5016.486530207182,83966.43460120984
5016.512618539588,84088.67171337245
5016.538707007669,85107.3189913909
5016.564795611421,85692.41146336183
5016.590884350848,86248.38264299162
5016.6169732259505,87001.2154758124
5016.643062236728,87170.5128438094
5016.669151383182,87727.15791672558
5016.695240665314,87791.69763418134
5016.721330083123,87037.66283007884
5016.74741963661,86397.95125553952
5016.773509325777,84971.63974532837
5016.799599150624,83750.50409523305
5016.825689111151,81715.54552944927
5016.85177920736,78719.21734874716
5016.877869439251,75318.75854750024
5016.903959806825,71685.82187512676
5016.930050310081,68373.59906905252
5016.9561409490225,65607.67747065016
5016.9822317236485,64499.243899652254
5017.00832263396,64599.43771863407
5017.034413679958,65455.997661210764
5017.060504861643,67892.78693741752
5017.086596179015,70586.44303160565
5017.112687632076,72776.175249827
5017.138779220825,74787.37175554254
5017.164870945266,76525.64828039853
5017.190962805395,78361.03926661235
5017.217054801217,79938.6557428881
5017.24314693273,80621.10709275212
5017.269239199936,80477.98900069136
5017.295331602835,80543.46701318177
5017.321424141429,80599.71882474661
5017.3475168157165,79438.9869045686
5017.373609625701,77979.7383388145
5017.39970257138,76456.48814387945
5017.425795652756,73995.99790511765
5017.45188886983,71062.07773608489
5017.477982222603,68095.64717475469
5017.504075711075,64669.00120454622
5017.530169335245,60820.31168673661
5017.556263095116,56622.001719139895
5017.582356990689,51832.245773235605
5017.608451021963,46986.90756803935
5017.63454518894,41861.45250632623
5017.66063949162,36989.13276503091
5017.686733930003,32486.83363890291
5017.712828504093,28582.53500288356
5017.738923213886,25186.038970355476
5017.7650180593855,22353.03775509051
5017.791113040593,20151.205269065907
5017.817208157507,18700.247223850118
5017.843303410128,17876.914370991253
5017.86939879846,17920.542647866456
5017.8954943225,18645.3312245885
5017.921589982251,20243.859576491035
5017.947685777713,22824.32399543523
5017.973781708886,26324.185337279097
5017.999877775772,30423.438561063744
5018.0259739783705,35534.021841772
5018.052070316683,40881.64403798257
5018.07816679071,46304.25223503044
5018.104263400453,52114.91892569302
5018.130360145911,57293.61161209353
5018.156457027087,61899.721361619944
5018.182554043979,66535.52879740571
5018.208651196589,70052.6288752321
5018.234748484918,73745.7337019556
5018.260845908966,76920.37713891538
5018.2869434687345,79177.54619509098
5018.313041164224,81795.9234331421
5018.339138995435,84019.43658197216
5018.365236962369,85383.99677955317
5018.391335065025,86345.60174929304
5018.417433303405,87498.95272382842
5018.443531677509,88273.28725673974
5018.469630187338,88628.936680223
5018.495728832893,88865.72910201552
5018.521827614175,89031.46322588535
5018.547926531184,88886.53157215402
5018.574025583921,88772.05330937442
5018.600124772386,88821.68477231135
5018.626224096581,88540.63075648235
5018.6523235565055,88252.58663275043
5018.6784231521615,87956.11813471993
5018.704522883548,87127.52186251637
5018.730622750667,86212.41631330397
5018.756722753519,85910.09001107916
5018.782822892104,84812.62065764665
5018.808923166424,83292.49600390966
5018.835023576478,82069.85264591781
5018.861124122269,81554.40384026816
5018.887224803796,81747.0790490173
5018.91332562106,82475.37144315499
5018.939426574061,83035.38671965338
5018.965527662801,83146.90085343966
5018.99162888728,83271.42916294957
5019.0177302474995,83568.56465574207
5019.043831743459,83510.58040905965
5019.069933375161,83369.61670249741
5019.096035142604,82852.80716174681
5019.12213704579,81946.59326875636
5019.148239084719,80819.6223361223
5019.174341259392,79307.10713046932
5019.200443569811,77134.97874223512
5019.226546015974,74418.42709967561
5019.252648597885,71477.88380975014
5019.278751315542,67830.3459289943
5019.304854168947,63874.837893430406
5019.330957158099,60350.01794924255
5019.357060283002,57754.63161812017
5019.3831635436545,56573.665309353535
5019.409266940057,57006.13767044499
5019.435370472211,58753.776159786714
5019.4614741401165,61504.85271811326
5019.487577943774,64961.547948777916
5019.513681883186,68624.24092632395
5019.539785958352,72336.50147703648
5019.565890169271,75419.18375595573
5019.591994515948,78135.26341564997
5019.6180989983795,80412.7906283101
5019.644203616568,83005.36186616406
5019.670308370514,85399.04115576368
5019.696413260219,86673.85536589833
5019.722518285683,88153.1349129885
5019.748623446906,89357.32716196588
5019.77472874389,90229.73162206978
5019.800834176634,90650.20461327553
5019.82693974514,90594.82721009456
5019.85304544941,91025.54326724749
5019.879151289442,91176.18789143194
5019.905257265238,90903.02662030648
5019.931363376799,91011.53244861038
5019.957469624125,91298.51173675919
5019.983576007217,91816.84118270341
5020.009682526076,91213.94653093295
5020.0357891807025,91171.90523146416
5020.061895971096,90930.11351013444
5020.08800289726,90651.10227548539
5020.114109959192,90579.00054212456
5020.140217156896,90504.28682121525
5020.166324490369,90280.58201080427
5020.1924319596155,90369.99823569357
5020.218539564634,90158.82331543617
5020.244647305425,90115.99947396325
5020.270755181989,90074.88945077198
5020.2968631943295,89770.40621447902
5020.322971342444,89170.43563463117
5020.349079626335,89395.38760252974
5020.375188046002,88630.2899446452
5020.401296601447,87367.55036009086
5020.427405292669,86706.079023804
5020.45351411967,85862.81712330671
5020.479623082451,84446.74100542972
5020.505732181013,83574.27543129484
5020.531841415354,82354.3924806382
5020.557950785477,82181.35539802225
5020.584060291383,82734.28640447142
5020.610169933072,83762.5592787147
5020.636279710544,84637.82751099984
5020.662389623801,85854.75374408218
5020.688499672842,86935.05497254712
5020.71460985767,87852.0500288376
5020.740720178284,88870.12649946692
5020.766830634686,88801.39889742562
5020.792941226875,88949.7563210164
5020.8190519548525,88754.50515643491
5020.845162818619,88043.42316245298
5020.871273818177,87108.29319730187
5020.897384953525,85493.82479726912
5020.923496224665,83611.2399573282
5020.949607631595,81566.91808177873
5020.97571917432,80255.84260991005
5021.001830852838,78886.6423923185
5021.0279426671505,79058.00220455392
5021.054054617258,79752.85023325666
5021.080166703161,80506.74449241946
5021.10627892486,81442.92204157138
5021.132391282356,82848.71267022192
5021.15850377565,84100.56445782851
5021.184616404744,85399.58518428051
5021.210729169636,86241.74068040472
5021.236842070327,86900.96336515
5021.26295510682,87144.45335038021
5021.289068279114,87122.70462107792
5021.31518158721,86852.28540414353
5021.3412950311085,86306.471262864
5021.36740861081,84924.05874350738
5021.393522326317,83318.20047414205
5021.419636177628,81738.18427831266
5021.445750164745,79268.71241685742
5021.471864287668,77029.35994569835
5021.4979785463975,74057.66086963039
5021.524092940935,71072.85838773582
5021.550207471281,67623.98312837529
5021.576322137436,63901.512571702246
5021.602436939402,61096.41821044844
5021.6285518771765,59471.2108046591
5021.654666950763,59644.93689811187
5021.680782160162,60928.76827442341
5021.7068975053735,63795.673990593634
5021.7330129863985,66703.47348596647
5021.759128603237,70069.48386629095
5021.78524435589,73150.06716280691
5021.811360244359,76204.83055206577
5021.837476268644,79126.28830566337
5021.863592428746,81453.0804115596
5021.889708724666,83876.87498227487
5021.915825156403,85810.69632545098
5021.941941723961,87023.4311284394
5021.9680584273365,88164.36926726198
5021.994175266534,89100.18014513463
5022.020292241552,89256.12365654406
5022.0464093523915,89468.71600931765
5022.072526599054,89035.65906295528
5022.09864398154,87792.95343848882
5022.124761499849,86256.98053567085
5022.150879153984,84628.13326607636
5022.176996943943,82534.65534556838
5022.203114869729,80509.14097924209
5022.22923293134,78572.39230760289
5022.255351128781,77573.5644584259
5022.281469462048,77213.13667096071
5022.3075879311455,77692.15804380244
5022.333706536072,79015.59389099949
5022.359825276829,80164.87953949255
5022.385944153417,81410.47392452275
5022.412063165836,82825.33703512957
5022.4381823140875,83885.86160501422
5022.464301598173,84597.577752711
5022.490421018092,84648.04128169539
5022.516540573845,84777.71039088041
5022.542660265433,84836.09807104994
5022.568780092858,84913.46235701434
5022.5949000561195,84533.00318526165
5022.6210201552185,85057.34481253744
5022.647140390155,85819.41567445757
5022.67326076093,86751.26560100225
5022.6993812675455,87268.45362928938
5022.72550191,88009.95536860575
5022.751622688296,88602.36289060043
5022.7777436024335,88672.84848896322
5022.803864652414,88558.69680498476
5022.829985838236,88001.5685484447
5022.856107159903,87550.01802856002
5022.8822286174145,87219.63905884516
5022.908350210771,86841.67099233714
5022.934471939972,86994.29607049622
5022.960593805021,87557.37630921288
5022.986715805917,87837.71849657633
5023.012837942661,88286.66144787367
5023.038960215253,88592.73097622379
5023.065082623694,88586.90104958975
5023.091205167986,88793.16330816892
5023.117327848129,88207.8254623045
5023.1434506641235,87784.85023321667
5023.169573615969,87008.21595467713
5023.195696703669,85948.1535951704
5023.221819927221,85317.79993031413
5023.2479432866285,84847.64200366408
5023.274066781891,84815.17501017547
5023.300190413009,85406.272332375
5023.326314179983,85893.57750881494
5023.352438082815,86510.29034571128
5023.378562121504,87822.74304546071
5023.404686296051,88514.01083443557
5023.430810606459,89331.73454445673
5023.456935052725,89448.06278632836
5023.483059634854,90197.46264221283
5023.509184352843,90550.04298465063
5023.535309206694,90812.70858412891
5023.561434196408,90721.93588513028
5023.587559321985,90960.06434248778
5023.613684583427,91338.82798501563
5023.639809980734,91165.85547497272
5023.665935513906,91211.21043524516
5023.692061182945,91720.59367334192
5023.7181869878505,92021.91785444842
5023.744312928624,92071.99325845491
5023.770439005266,91796.79042698031
5023.796565217776,91720.41757814608
5023.822691566157,91855.26580279526
5023.848818050408,91713.71383569611
5023.8749446705315,91375.38183335235
5023.901071426526,90652.72774939881
5023.9271983183935,90178.06307583865
5023.953325346134,89744.61005668866
5023.979452509749,90144.83215701241
5024.005579809238,89961.30592386003
5024.031707244603,89825.65320266248
5024.057834815845,89411.66077973036
5024.083962522963,89000.5825772962
5024.110090365959,87701.25721890923
5024.136218344834,86507.67908042824
5024.162346459587,84964.51452619655
5024.188474710219,83515.94686470536
5024.214603096733,82402.10696362345
5024.2407316191275,81359.6883574183
5024.266860277405,80722.03185807161
5024.292989071563,80608.01387507719
5024.319118001606,81057.19003747051
5024.345247067532,81662.82369910904
5024.371376269343,82820.31496097999
5024.397505607039,83756.82525719049
5024.423635080622,84750.24418082408
5024.449764690092,84854.46507478264
5024.475894435449,85764.76472548048
5024.502024316694,86463.19666527199
5024.528154333828,87758.24756664615
5024.554284486851,88281.72928597975
5024.580414775765,88886.98897466251
5024.606545200571,88832.87200414024
5024.632675761268,89086.39675745045
5024.658806457857,89461.30759842189
5024.68493729034,89328.29439197495
5024.711068258716,89385.59845406006
5024.737199362988,89516.33489407081
5024.763330603154,89555.88545184015
5024.789461979216,89267.28712085549
5024.815593491176,88334.53035232713
5024.841725139032,88225.49670399533
5024.867856922786,87811.28968836066
5024.893988842439,86611.39922785484
5024.920120897993,86071.91301912452
5024.946253089446,85657.00139169875
5024.9723854168005,85370.3062810777
5024.998517880056,85915.7869979942
5025.024650479214,86149.525654904
5025.050783214276,87148.89929807864
5025.076916085241,88318.88301545299
5025.10304909211,89018.88774754466
5025.129182234885,89788.28320206149
5025.155315513565,90770.82242626775
5025.181448928152,91538.49043751147
5025.207582478647,91917.80651738147
5025.23371616505,92063.03468299922
5025.259849987361,92662.81296006143
5025.285983945582,93170.570238733
5025.312118039713,93195.5568745207
5025.338252269755,93092.93743658054
5025.364386635708,93513.7179079382
5025.390521137573,93657.44451479819
5025.4166557753515,93539.10095406583
5025.442790549044,93567.2486229024
5025.46892545865,94030.14382607801
5025.495060504172,94160.04578741919
5025.52119568561,94020.88758433679
5025.547331002964,94312.84087745154
5025.573466456235,93937.3203179043
5025.599602045424,94205.88591631455
5025.6257377705315,94219.38616131379
5025.651873631558,94033.12430331176
5025.678009628506,94233.80583798833
5025.704145761373,94445.61059388475
5025.730282030163,94354.04879810331
5025.756418434874,94139.9892545172
5025.782554975508,93875.4702704695
5025.808691652066,93787.0331760172
5025.834828464548,93861.76231361028
5025.860965412956,94023.95946380394
5025.887102497289,93898.67604765386
5025.913239717547,93495.58966005212
5025.939377073733,93066.1468929966
5025.965514565848,93677.65895520884
5025.99165219389,93675.02462109266
5026.017789957862,93262.76194602462
5026.043927857764,93244.9814044245
5026.070065893597,93357.95450124716
5026.09620406536,92860.27127073305
5026.122342373056,92099.77628432606
5026.148480816685,91978.2112908587
5026.174619396247,91692.4785771534
5026.200758111743,91070.6285744418
5026.226896963174,90064.54225022603
5026.253035950541,89400.99139896913
5026.279175073844,88317.13098522184
5026.3053143330835,86821.57176409071
5026.331453728261,85318.82495912349
5026.357593259378,82895.63643487297
5026.383732926433,79495.23004058035
5026.409872729428,75744.61108417476
5026.436012668363,71761.37702259842
5026.46215274324,67598.65566864907
5026.488292954059,63926.7904204867
5026.514433300821,61198.01521973199
5026.540573783525,59822.144218980146
5026.5667144021745,59778.13519676608
5026.592855156769,60619.82454840487
5026.6189960473075,62418.89807531621
5026.645137073792,64743.78144533728
5026.671278236225,67252.61714257568
5026.697419534605,69761.1252494348
5026.723560968933,72410.10817417213
5026.74970253921,74851.49559753668
5026.775844245437,77575.38750847396
5026.801986087615,79803.0195291076
5026.828128065743,81598.4510826705
5026.854270179823,83210.85167211096
5026.880412429856,84442.1819297185
5026.906554815842,84863.37622118772
5026.932697337782,85915.37751985942
5026.958839995677,86224.48240147732
5026.984982789528,86187.03058758454
5027.011125719334,85569.89130337801
5027.037268785097,84775.00916060775
5027.063411986817,83493.69478458425
5027.089555324496,81347.8407784285
5027.115698798134,79432.26411914648
5027.141842407731,78764.43701209326
5027.167986153288,78182.49690282198
5027.194130034807,78573.7832389614
5027.220274052288,79479.41257345722
5027.246418205731,79884.20300239176
5027.272562495137,80589.55365480052
5027.298706920506,81145.58749445561
5027.3248514818415,81592.08566674686
5027.3509961791415,81258.76319955991
5027.377141012407,80026.93575735876
5027.40328598164,78528.92200328068
5027.429431086839,75920.72476858621
5027.455576328007,73174.1054505992
5027.481721705144,70929.716416397
5027.507867218251,68705.12767716977
5027.534012867327,68133.55905568157
5027.560158652374,68807.62064506004
5027.586304573394,70459.35882526221
5027.612450630385,72672.0375676339
5027.63859682335,74772.7666486266
5027.664743152288,77109.88953226944
5027.690889617201,79075.09828438585
5027.717036218089,80983.99812703133
5027.743182954952,83251.91462067155
5027.769329827793,84608.6254685564
5027.795476836611,85976.91216380794
5027.821623981406,87480.90032825171
5027.847771262182,88471.11104302126
5027.873918678935,89530.05605212894
5027.900066231669,90272.3050318909
5027.926213920384,90644.47784520789
5027.95236174508,91365.10689540357
5027.978509705759,91642.34841118695
5028.004657802421,91787.66228786572
5028.030806035066,92193.23236223588
5028.056954403696,92304.20451391226
5028.083102908311,92276.61083611076
5028.109251548912,92289.68377691235
5028.135400325498,92616.31180648696
5028.161549238072,92938.84576623824
5028.187698286635,93042.95663284298
5028.2138474711855,92903.4408214329
5028.239996791725,92986.42029246812
5028.266146248256,93162.15784342353
5028.292295840777,93090.02977513657
5028.318445569289,92804.99409789822
5028.344595433794,92753.99144807387
5028.370745434291,92876.80546342433
5028.396895570782,92923.79273124688
5028.423045843268,92868.69454895785
5028.449196251748,93002.26761148265
5028.475346796224,92722.60594498224
5028.5014974766955,92790.74252629254
5028.527648293165,93397.01857840524
5028.553799245632,93057.46958640743
5028.579950334098,92939.46054563092
5028.606101558563,93022.04879478384
5028.632252919027,92848.10749449338
5028.658404415493,92894.65868163346
5028.68455604796,93169.39720581952
5028.710707816429,92750.30197188047
5028.736859720901,92584.97802970218
5028.763011761376,92130.32715471763
5028.789163937855,91605.22271890064
5028.8153162503395,91328.73574711535
5028.841468698829,90714.29372354892
5028.867621283325,90351.37940509625
5028.893774003828,89486.65898138768
5028.919926860339,88661.55309381349
5028.946079852859,86986.57782442229
5028.972232981387,85567.97043470328
5028.998386245925,84674.09909756489
5029.024539646474,83853.03968775357
5029.050693183034,83832.31592322906
5029.076846855606,84358.99846124169
5029.10300066419,85474.03633611447
5029.129154608789,85878.8295583252
5029.155308689401,86553.99032756104
5029.181462906027,87597.8180409574
5029.207617258669,88062.24752551854
5029.233771747328,88848.72441727808
5029.259926372004,89469.16808660097
5029.286081132697,90286.54301558177
5029.312236029408,91115.01104469261
5029.338391062139,91617.6058541458
5029.364546230889,92172.06280978567
5029.39070153566,92526.54892771193
5029.4168569764515,92722.72287349172
5029.443012553265,93106.16306123986
5029.469168266101,93306.22390932175
5029.495324114961,93316.41044324006
5029.521480099845,93327.53518268294
5029.547636220753,93774.74054556213
5029.573792477686,93588.80643837368
5029.599948870646,93493.23604663041
5029.626105399632,93527.21879358168
5029.6522620646465,93275.05088626273
5029.678418865688,93447.3398944749
5029.70457580276,93142.41263757132
5029.730732875861,92987.5611755919
5029.756890084992,93273.32768376615
5029.783047430154,93274.66485232153
5029.8092049113475,92601.3643392297
5029.8353625285745,93251.5913239753
5029.861520281834,92659.29889535975
5029.887678171128,92516.25276382682
5029.913836196455,91521.12379262844
5029.939994357819,90770.6430073204
5029.966152655218,90403.38305438127
5029.992311088655,89039.85489327641
5030.018469658128,87694.1376110849
5030.04462836364,86879.08912308296
5030.070787205191,85714.00886538587
5030.096946182781,84438.23133539426
5030.12310529641,82335.27988306574
5030.149264546082,79881.02583430511
5030.175423931795,77559.27754762935
5030.2015834535505,74444.55288959091
5030.227743111349,70465.1209931798
5030.253902905191,66057.72502871828
5030.280062835078,60995.96652273
5030.306222901009,55764.225249891206
5030.3323831029875,50441.40877601622
5030.358543441012,45857.70398990913
5030.384703915084,42688.87096745984
5030.410864525204,40815.279299192836
5030.4370252713725,40711.07035700184
5030.46318615359,42415.202417010965
5030.489347171859,45480.38393743866
5030.515508326177,49581.409059128
5030.5416696165485,54332.29311626915
5030.567831042971,59196.73870157059
5030.593992605447,64232.29402652388
5030.620154303977,68824.81608562959
5030.646316138561,72881.49451101772
5030.6724781092,76592.02853800828
5030.698640215895,80020.80710174571
5030.724802458646,83036.20174108533
5030.750964837454,85251.12733778945
5030.777127352321,88099.76973672978
5030.803290003247,89599.67149429863
5030.829452790232,90114.24961486341
5030.855615713276,91759.13803151636
5030.881778772381,92247.15755614311
5030.907941967548,92752.74106631213
5030.9341052987775,93082.9372836156
5030.96026876607,93452.00461201847
5030.9864323694255,93185.10372990517
5031.012596108845,93470.0210708331
5031.03875998433,93453.38282491278
5031.064923995881,93168.1427792271
5031.091088143498,92234.2595533042
5031.117252427182,92191.39947662146
5031.143416846934,91500.20049191186
5031.169581402755,90981.34267188044
5031.195746094645,90991.1662813812
5031.221910922605,90485.37706673455
5031.248075886636,89506.38303357917
5031.274240986738,89129.28408481927
5031.300406222912,88722.25981814828
5031.326571595158,88533.39549113812
5031.352737103479,88751.03259029065
5031.378902747873,89124.91283678985
5031.405068528343,89868.92642988735
5031.431234444888,90346.93992117222
5031.45740049751,90959.75530147129
5031.483566686208,91689.24171447885
5031.509733010985,92039.06692431547
5031.535899471839,92576.72910875273
5031.562066068774,92850.0131776907
5031.588232801787,93418.91940492706
5031.6143996708815,93295.02468891698
5031.6405666760575,93200.40186110581
5031.666733817315,93287.18024454352
5031.692901094655,93311.53173862788
5031.7190685080795,93379.62553583777
5031.745236057587,92885.71677195864
5031.77140374318,93155.45405318952
5031.797571564858,92777.76122947666
5031.823739522623,93198.64283876041
5031.849907616474,92594.06194149255
5031.876075846413,92711.19028929276
5031.9022442124415,92242.01855298462
5031.928412714557,91837.16839644367
5031.954581352764,91590.86107434984
5031.980750127062,91443.75464704371
5032.00691903745,90741.58270869778
5032.033088083929,90090.68411628643
5032.059257266502,89614.14410913395
5032.085426585168,89080.94469829866
5032.111596039928,88864.26209689978
5032.137765630783,88847.74123986813
5032.163935357733,89227.80560429052
5032.1901052207795,89593.38454149189
5032.216275219923,90244.2118607686
5032.242445355163,91024.91844748447
5032.268615626503,91678.86487650982
5032.294786033941,92055.14320257584
5032.320956577479,92353.10821178909
5032.347127257117,92292.04583194523
5032.3732980728555,93246.05224958585
5032.399469024696,93095.47336101746
5032.42564011264,92946.93010788817
5032.451811336688,93609.9281642731
5032.477982696838,93250.86967157014
5032.504154193093,93404.60171416005
5032.530325825454,93684.92999944837
5032.556497593921,93827.36508374703
5032.582669498495,93625.78500401639
5032.608841539176,93521.62712307044
5032.635013715965,93780.18463661677
5032.661186028863,93804.69368033006
5032.687358477871,93939.4856058333
5032.713531062989,93592.23570179119
5032.739703784218,93771.27051203829
5032.76587664156,93386.39915067644
5032.7920496350125,93121.81983957007
5032.818222764579,92544.34773092366
5032.844396030259,92090.4644484397
5032.870569432054,91914.51201716012
5032.896742969964,91412.5504738559
5032.922916643991,91424.83308915082
5032.9490904541335,91593.44953416493
5032.975264400394,91819.11156079809
5033.001438482772,92142.71228702088
5033.027612701269,92221.52550894546
5033.053787055886,92908.23741664222
5033.079961546622,93056.50243226811
5033.10613617348,92929.24926618951
5033.132310936459,93287.0696583928
5033.158485835562,93522.57425659552
5033.1846608707865,93548.66393649222
5033.210836042134,93375.93433043329
5033.237011349608,94481.46575722107
5033.263186793206,93926.20087191959
5033.28936237293,93832.18097234958
5033.315538088781,93755.12961757195
5033.341713940758,93907.77955170114
5033.367889928865,94073.75556435269
5033.3940660531,94299.72288944463
5033.420242313464,94417.7501278807
5033.4464187099575,94315.70040041955
5033.472595242583,94328.39715104536
5033.49877191134,94410.28972752417
5033.524948716228,94449.0125776945
5033.551125657251,94264.81916764828
5033.577302734406,93963.72595218995
5033.603479947696,93820.97061029745
5033.629657297121,93993.57835637323
5033.655834782682,94075.96545449749
5033.682012404379,93561.80869605347
5033.708190162214,93029.94666027691
5033.734368056186,93278.69229261809
5033.760546086297,93021.44030619788
5033.786724252548,92823.95235255643
5033.812902554938,92925.71341433655
5033.83908099347,92685.66563184587
5033.865259568142,93102.26808221088
5033.891438278957,93400.82241187558
5033.917617125915,93292.3851400275
5033.943796109016,93119.6168418083
5033.969975228262,93411.95247864639
5033.996154483652,93735.73084361284
5034.022333875188,93927.22138497962
5034.048513402871,93942.45648544072
5034.074693066701,94085.47297918522
5034.100872866679,93716.46106616237
5034.127052802805,93585.06227906073
5034.153232875081,93807.06642353832
5034.179413083506,94059.94585656807
5034.2055934280825,93703.80150882895
5034.23177390881,93784.98491912568
5034.2579545256895,94002.63748513369
5034.284135278722,93803.92227466713
5034.310316167907,93682.57168585483
5034.336497193248,93472.25201206002
5034.3626783547425,93292.28674332915
5034.388859652394,93068.79574455625
5034.4150410862,93203.56263728582
5034.441222656164,92525.58649019375
5034.467404362286,91728.02530405066
5034.493586204566,90397.63043933711
5034.519768183006,89252.35289792552
5034.545950297605,87752.00262307946
5034.572132548365,85276.8482662707
5034.598314935286,82253.7868498539
5034.624497458369,78894.04546315662
5034.650680117615,75027.38128055463
5034.676862913024,71040.14958479632
5034.703045844597,66548.3412356103
5034.729228912335,63104.04957172036
5034.755412116238,60792.11694460998
5034.781595456308,60364.24695408812
5034.807778932545,61700.86386799798
5034.83396254495,64151.438602458984
5034.860146293523,67139.6546535554
5034.886330178265,70429.20224196429
5034.912514199177,73521.90135590873
5034.938698356259,76104.4367840668
5034.964882649512,78517.9107060541
5034.991067078938,80185.14332240685
5035.0172516445355,81379.67121522997
5035.043436346307,82551.02030516756
5035.069621184252,82779.29630611488
5035.095806158372,82435.00473543051
5035.121991268668,81976.91483172112
5035.148176515139,81265.73954385241
5035.174361897788,80424.16318288672
5035.200547416614,78716.47884300083
5035.226733071619,76405.40815861944
5035.252918862802,73680.58467484542
5035.279104790166,71142.21255057328
5035.305290853708,69133.79257930134
5035.331477053433,67834.11403288438
5035.35766338934,67429.54473008472
5035.383849861429,68334.54505042164
5035.410036469701,70238.61017733587
5035.4362232141575,72624.22463072887
5035.462410094798,75020.90552770677
5035.488597111624,77070.44603191128
5035.514784264637,78678.18557850001
5035.540971553835,79785.73576522851
5035.567158979222,80814.07896507876
5035.593346540796,81283.43815478699
5035.61953423856,80950.43648553168
5035.645722072513,80581.31126888646
5035.671910042657,80490.22589486702
5035.698098148991,79992.73236839165
5035.724286391518,79620.9427539367
5035.750474770237,79684.4191666357
5035.776663285149,79115.11789490635
5035.802851936254,77370.80199207575
5035.8290407235545,76970.97474886112
5035.855229647051,76539.08141161293
5035.881418706742,76820.42969001851
5035.90760790263,77751.68795465666
5035.933797234716,78874.66713147907
5035.959986703,81045.03320687327
5035.986176307482,82963.86335030512
5036.012366048165,84220.67366340729
5036.038555925047,85746.61900736853
5036.064745938131,86535.27981323533
5036.090936087416,87295.29569429047
5036.117126372903,87291.49058674555
5036.143316794593,87463.34737161048
5036.169507352488,86423.23720463824
5036.195698046587,85134.88339781044
5036.22188887689,83561.05622428728
5036.248079843401,81446.18571455538
5036.274270946117,79471.14242409253
5036.3004621850405,78041.70922618876
5036.326653560172,78015.89053200996
5036.352845071513,78173.8258201507
5036.379036719063,79326.30768012382
5036.405228502823,80701.94525165751
5036.431420422794,82725.4113585855
5036.457612478976,84543.4266802471
5036.483804671371,86012.7354767866
5036.509996999979,87259.58992798992
5036.536189464801,88042.46941348797
5036.562382065837,89136.39181002874
5036.588574803088,89942.56741877136
5036.614767676555,91257.02942931578
5036.640960686238,91860.0241790352
5036.667153832139,92465.84371110295
5036.693347114257,92703.57708335365
5036.719540532595,93004.64889687972
5036.7457340871515,93387.45845723606
5036.771927777928,93540.90417982574
5036.798121604926,93412.284148789
5036.824315568145,93729.66668665627
5036.850509667585,93644.018049768
5036.87670390325,93463.97415765974
5036.902898275138,93464.60759513614
5036.92909278325,93448.60804529698
5036.955287427587,93368.73738307692
5036.981482208149,93328.7778661701
5037.007677124939,92938.0820226362
5037.033872177955,92274.41324050563
5037.060067367199,91326.88155487631
5037.086262692672,90644.85591182004
5037.1124581543745,89691.70585042484
5037.138653752306,88403.24139190542
5037.164849486469,87298.75628039343
5037.1910453568635,86952.38393358728
5037.21724136349,86931.02780553444
5037.2434375063485,86808.97503496449
5037.269633785441,87401.51829421154
5037.295830200768,88507.6779135386
5037.32202675233,89522.31229953296
5037.348223440128,89965.13109966251
5037.374420264162,90885.57793418606
5037.400617224433,91457.47739014812
5037.426814320941,91679.99315906891
5037.453011553688,92274.72612274547
5037.479208922675,92672.11779275905
5037.505406427901,92746.04804859258
5037.531604069368,92107.84140335649
5037.557801847077,91752.28911533332
5037.583999761027,91898.64529747165
5037.61019781122,91397.42987576386
5037.636395997656,90844.23164711402
5037.662594320337,89855.39993545458
5037.688792779263,87925.3805551534
5037.714991374434,85707.88189477473
5037.741190105851,83984.63352127952
5037.767388973516,82104.14810604544
5037.793587977428,80832.46228271561
5037.819787117588,79303.72490824878
5037.845986393998,78937.5871294053
5037.872185806657,78605.76370839812
5037.898385355567,78214.0214974882
5037.924585040729,77169.1434437907
5037.950784862142,76352.05697394733
5037.9769848198075,75797.78725853217
5038.003184913728,76840.2727384009
5038.029385143901,78430.32003691571
5038.0555855103285,80422.93028006562
5038.081786013012,81999.3061797144
5038.107986651952,83637.28496004394
5038.134187427149,85105.25988565067
5038.160388338603,86366.34066352206
5038.186589386316,87373.40670963611
5038.212790570287,87632.3210261136
5038.238991890519,87865.54611206964
5038.2651933470115,87608.21041793843
5038.291394939764,86928.20398819858
5038.3175966687795,85492.54655108336
5038.343798534057,83578.15275438706
5038.370000535598,82026.56260032876
5038.3962026734025,79568.43864278661
5038.422404947472,77146.69854035723
5038.448607357807,74921.76234384706
5038.474809904408,73191.76904015719
5038.501012587276,71570.51076773457
5038.527215406411,70175.79628175161
5038.553418361816,69116.42643571174
5038.5796214534885,67857.51734625854
5038.605824681431,66283.48389529297
5038.632028045643,65499.23812033015
5038.658231546127,65224.27446951615
5038.684435182883,66006.28776278182
5038.710638955911,67919.5359025906
5038.736842865213,70051.03144027713
5038.763046910788,72688.6004668245
5038.789251092638,75578.06604071069
5038.815455410763,78157.52992590038
5038.841659865164,80573.139769963
5038.867864455842,83243.02519426022
5038.8940691827975,85550.3833323664
5038.920274046031,87068.3380754516
5038.946479045544,88702.61327406201
5038.972684181336,89901.32292350597
5038.998889453409,90557.60380724244
5039.025094861762,91142.48263523393
5039.051300406398,91635.83205508943
5039.077506087315,91990.46090765424
5039.103711904516,91660.70487172625
5039.129917858,91241.87686160504
5039.15612394777,90616.2168856516
5039.182330173824,89868.55907030446
5039.2085365361645,88598.55374932544
5039.234743034792,87171.25213982197
5039.260949669706,85480.18569682255
5039.287156440909,83397.2141341334
5039.3133633484,81938.05445274127
5039.339570392181,80631.4793153992
5039.365777572252,79422.90193335101
5039.391984888614,79140.26814049025
5039.418192341268,79548.17261654466
5039.444399930214,80193.41714084148
5039.470607655453,80430.94442674257
5039.496815516985,80772.53707525859
5039.523023514813,81488.37736002723
5039.549231648935,82472.27948586582
5039.575439919354,83371.90635881104
5039.601648326069,84337.78456318412
5039.627856869081,85404.21790326035
5039.654065548391,86964.51943168312
5039.680274364001,87749.18424979463
5039.706483315909,88671.39192521124
5039.732692404118,90040.57733716744
5039.758901628627,90919.9324435573
5039.785110989438,91185.73493952348
5039.811320486552,91551.7582600115
5039.8375301199685,92071.44614010908
5039.863739889688,91930.91799480912
5039.889949795713,92135.93061274072
5039.916159838042,92028.13558190883
5039.942370016677,90989.81320938925
5039.96858033162,90604.27687359128
5039.994790782868,89331.5681829236
5040.021001370425,88641.49454159489
5040.047212094291,87391.34434791723
5040.073422954466,85095.45007451031
5040.099633950951,82433.7400033738
5040.125845083748,79718.63990027989
5040.152056352855,76021.71757720665
5040.178267758274,72212.544816348
5040.204479300007,68009.99376626639
5040.230690978053,63383.54513921454
5040.256902792414,59179.63825713927
5040.283114743089,55248.51327173462
5040.30932683008,52159.72551439761
5040.335539053388,49701.2912117363
5040.361751413013,47823.51753076514
5040.3879639089555,46225.753948497484
5040.414176541217,45011.41538940022
5040.440389309797,45143.1426773081
5040.466602214698,46336.20806191341
5040.49281525592,48822.15061870559
5040.519028433462,52227.11081224291
5040.545241747327,56749.60698478161
5040.571455197514,61506.117815197475
5040.597668784026,65739.3372202968
5040.623882506861,69638.71275651827
5040.650096366021,72687.4349927003
5040.676310361508,74744.1641111305
5040.70252449332,76321.38007810272
5040.72873876146,77416.2321182518
5040.754953165927,77112.78496161662
5040.781167706722,76137.6335443281
5040.807382383848,74718.09437125141
5040.833597197302,72073.0736057859
5040.859812147088,69251.75986494345
5040.886027233205,66015.72734906069
5040.9122424556535,63343.00718629415
5040.938457814435,59571.14418400604
5040.964673309551,55957.86375846897
5040.990888941,52636.75838306391
5041.017104708784,49434.64512472946
5041.043320612904,46615.83214210798
5041.06953665336,44262.97141876534
5041.095752830153,42451.45640655294
5041.121969143284,41446.25082968112
5041.148185592753,41414.18977692778
5041.174402178562,42512.06991711219
5041.200618900711,45008.46744305142
5041.226835759199,48737.66479209556
5041.253052754029,53103.882880057005
5041.279269885201,57686.050555231704
5041.305487152716,62206.69712910008
5041.331704556575,66687.3199344466
5041.357922096777,70507.29603596953
5041.384139773323,73440.90936279624
5041.410357586216,75742.91615072622
5041.436575535455,77257.16359893924
5041.462793621041,78296.73528040481
5041.489011842974,78623.95501976364
5041.515230201256,77915.62335415793
5041.541448695886,77363.60658629054
5041.567667326867,76865.56548283077
5041.593886094198,77220.49777586941
5041.62010499788,78127.37345144017
5041.646324037914,79368.84053677847
5041.672543214301,81090.8051897632
5041.698762527041,83352.61150189278
5041.7249819761355,85244.84149556034
5041.751201561584,86712.67397654953
5041.777421283388,87985.38361749877
5041.803641141549,89154.4293053159
5041.829861136066,90082.51241314191
5041.856081266941,90818.45008093075
5041.882301534174,91169.27805557789
5041.908521937767,91668.89510914835
5041.934742477719,92102.62797109924
5041.960963154031,92342.51805973353
5041.987183966704,92065.6365325716
5042.01340491574,92411.33830688919
5042.039626001138,93095.31084302354
5042.065847222898,92541.8291767519
5042.092068581023,92710.45065595332
5042.118290075513,92589.72694054691
5042.144511706368,92333.93520033073
5042.170733473589,92930.30751009645
5042.196955377177,93366.19954305519
5042.223177417132,93799.50435097839
5042.249399593456,93961.94574875527
5042.275621906148,94011.84488880295
5042.30184435521,94253.1580970482
5042.328066940643,93834.47493053437
5042.354289662447,93782.59009516545
5042.380512520622,93246.93406350842
5042.406735515169,93730.69271740847
5042.432958646091,94118.54121766453
5042.459181913386,94415.49138369957
5042.485405317055,94287.45027450573
5042.5116288571,94385.37411993675
5042.53785253352,94533.44855039532
5042.564076346318,94315.48780453614
5042.590300295493,94195.16417086788
5042.616524381046,94132.11982961539
5042.642748602977,94421.67903448052
5042.668972961289,94362.66891577585
5042.695197455981,94044.62161219747
5042.721422087053,94014.78282226634
5042.747646854507,93757.3987509232
5042.773871758344,93412.2399762649
5042.8000967985645,93660.17672718849
5042.826321975168,93086.34883458818
5042.852547288156,92899.02196242184
5042.878772737529,92754.73861024182
5042.904998323289,93085.69247142429
5042.931224045435,92485.10779385785
5042.957449903968,92453.0130562819
5042.9836758988895,92485.87629170656
5043.0099020302,92326.80102389785
5043.036128297899,92897.99319079657
5043.0623547019895,93208.91903187108
5043.08858124247,93261.44042794665
5043.114807919343,93330.06887602668
5043.141034732607,93262.20193846973
5043.167261682265,93011.62609358299
5043.193488768317,92936.62203220703
5043.219715990763,93094.5423856153
5043.245943349604,92781.45303199058
5043.272170844841,92057.26021685665
5043.298398476475,91394.25506938204
5043.324626244505,90157.03029230937
5043.350854148935,89036.6768406996
5043.377082189762,87989.90520018557
5043.403310366989,87339.12402859097
5043.429538680616,85699.7832400293
5043.455767130645,84586.61638394372
5043.481995717074,83109.49568705529
5043.5082244399055,81441.56113375742
5043.53445329914,79480.130036084
5043.560682294779,77594.44214913236
5043.586911426822,76186.72697790872
5043.61314069527,75429.43598916211
5043.639370100123,76149.6236220315
5043.665599641384,77291.63201956055
5043.691829319051,79114.64963507808
5043.718059133126,81685.77768270206
5043.744289083611,83551.22255002528
5043.770519170504,85663.89951578583
5043.796749393808,87174.99285698883
5043.822979753521,88637.99136047614
5043.8492102496475,90135.39769657158
5043.875440882185,91105.16344642396
5043.901671651136,91825.99270497265
5043.9279025565,92647.1178131685
5043.954133598279,93238.55340948259
5043.980364776473,93740.34727185566
5044.006596091082,94174.3264839465
5044.032827542108,94215.75895230984
5044.059059129551,94353.37003905716
5044.0852908534125,94240.44121302372
5044.111522713692,94407.53436177518
5044.13775471039,94795.28202418925
5044.1639868435095,94294.44196434393
5044.190219113048,93791.30853187764
5044.21645151901,93612.83069190095
5044.2426840613925,93868.18973557216
5044.268916740199,94162.6934508256
5044.295149555428,94322.57500589156
5044.321382507082,94292.73781172019
5044.34761559516,94272.66317800962
5044.373848819664,94297.3546620037
5044.400082180595,93826.7720223645
5044.4263156779525,93572.43323630291
5044.452549311738,93367.20729659611
5044.478783081952,93109.1271967243
5044.505016988595,93499.4847311981
5044.531251031668,93552.67763862108
5044.557485211172,93279.05714300065
5044.583719527107,93144.98589957479
5044.609953979474,93208.14136315123
5044.6361885682745,93585.1508409851
5044.662423293507,93415.15708245864
5044.688658155175,94287.89603336403
5044.714893153277,93564.81337941875
5044.741128287816,93702.30495473543
5044.76736355879,93740.10713391357
5044.793598966202,94026.77878095445
5044.819834510051,93931.88929431398
5044.846070190339,93832.13227848252
5044.872306007065,93514.68633066342
5044.898541960231,93456.92137121287
5044.924778049839,93656.04159434713
5044.951014275887,94213.3809360693
5044.977250638378,93729.37225888453
5045.003487137311,94117.48282688968
5045.029723772687,93746.83731090497
5045.055960544508,93796.21241728019
5045.0821974527735,94179.92721954818
5045.108434497484,93739.70171805599
5045.134671678641,94148.05438890505
5045.160908996246,94166.13900852883
5045.187146450297,94635.7447372253
5045.213384040798,94574.0138523607
5045.239621767747,94339.11887825702
5045.265859631146,94865.89970109459
5045.292097630996,94792.23687739724
5045.318335767297,94183.28803403997
5045.344574040049,94595.68598548802
5045.370812449255,94128.48021441234
5045.397050994913,93738.0416247039
5045.423289677026,94306.31618208498
5045.449528495594,94326.65417061163
5045.475767450616,94325.5438602095
5045.502006542096,94095.67014083624
5045.528245770031,94128.06473326401
5045.554485134426,94129.89006063876
5045.580724635277,94093.82010601589
5045.606964272588,93758.45329066935
5045.6332040463585,94000.68637549103
5045.65944395659,94540.45223413112
5045.685684003282,94275.25197551919
5045.711924186437,94141.61010633055
5045.738164506053,93994.7960288919
5045.764404962133,94154.47426737128
5045.790645554677,94504.57973595621
5045.816886283686,94715.59569090349
5045.84312714916,94467.22745093673
5045.8693681510995,94671.35750399402
5045.895609289507,94098.04210552068
5045.921850564381,94544.95169356985
5045.948091975724,94070.50293918254
5045.974333523536,94342.17402235286
5046.000575207817,94573.93574320004
5046.026817028569,94886.55287602467
5046.053058985792,94856.80092399275
5046.079301079487,94695.65266901403
5046.1055433096535,94536.67521509073
5046.1317856762935,94586.81410308261
5046.158028179409,95065.48591037345
5046.184270818997,94767.52648289083
5046.2105135950615,94541.58962330129
5046.236756507602,94812.58637387282
5046.2629995566185,94346.16526278417
5046.289242742113,94392.95147932474
5046.315486064086,94385.3142389842
5046.341729522537,94413.40602531638
5046.367973117469,94667.30755797133
5046.39421684888,94194.5924543543
5046.420460716772,94005.62797562873
5046.4467047211465,93568.049778196
5046.472948862003,93783.15576731783
5046.499193139343,93388.07147000516
5046.525437553167,92826.35733647738
5046.551682103475,92843.63329524003
5046.577926790268,92379.9999402414
5046.604171613548,91611.88992030274
5046.6304165733145,91191.00331547469
5046.656661669568,91233.21417011048
5046.68290690231,91236.30274378088
5046.70915227154,91117.5916238217
5046.73539777726,91405.30249690864
5046.761643419471,92180.19677555191
5046.787889198172,91966.19003075274
5046.8141351133645,92696.17647346146
5046.84038116505,92408.47739997819
5046.866627353228,92735.48090030068
5046.892873677901,92786.3885551868
5046.919120139068,93200.21916074603
5046.945366736729,93256.50881051924
5046.971613470887,92907.47093967728
5046.997860341541,92847.39743026785
5047.024107348693,92787.05331849406
5047.050354492343,92050.50787839122
5047.076601772492,92499.17018478287
5047.10284918914,92922.58710859108
5047.129096742288,92188.64015130885
5047.155344431937,92436.08209982674
5047.181592258088,92208.07833864243
5047.207840220741,91263.7460870255
5047.234088319898,90614.63420581313
5047.260336555557,89510.76235624912
5047.286584927721,88138.33593587503
5047.312833436391,86803.63236521241
5047.339082081567,85840.59214714773
5047.365330863248,84875.81887106175
5047.391579781437,84210.1525010083
5047.4178288361345,83859.3427765262
5047.44407802734,83878.13886659796
5047.470327355056,83587.66862457957
5047.496576819281,83735.04898953454
5047.522826420017,84023.59166988193
5047.549076157265,84315.54427765404
5047.575326031025,84695.0334550128
5047.601576041297,84513.28027021953
5047.627826188084,84373.43920338512
5047.654076471385,84015.49965204945
5047.680326891202,83219.33344966067
5047.706577447533,82390.37587223564
5047.732828140382,81240.91698171379
5047.759078969748,79311.43278562109
5047.785329935631,77164.93142861257
5047.811581038033,75984.93918311188
5047.837832276955,75267.41439646573
5047.864083652396,75964.95647350993
5047.890335164359,77225.39096130307
5047.916586812843,78848.00112995699
5047.942838597849,80764.0126713037
5047.969090519378,82481.81106385244
5047.995342577431,84113.23349412408
5048.021594772007,84861.6365496622
5048.047847103109,85263.39021186609
5048.074099570737,85387.69676779358
5048.100352174892,85098.17251147881
5048.126604915573,83550.28039021627
5048.152857792782,82227.30698212337
5048.17911080652,80341.61561388864
5048.205363956787,78652.184132177
5048.231617243584,77290.64663018986
5048.257870666911,76864.31771744424
5048.2841242267705,77604.59344889551
5048.3103779231615,78942.9763295124
5048.336631756086,80676.59855619076
5048.3628857255435,82098.87131624142
5048.389139831535,84296.85643104253
5048.4153940740625,85657.49174932479
5048.441648453125,87198.07163341941
5048.467902968724,88799.97367056458
5048.49415762086,89929.64762185296
5048.520412409534,91192.00544989045
5048.546667334746,92010.03350484776
5048.572922396498,92438.24257274572
5048.59917759479,92762.8548752585
5048.625432929623,93344.94253567833
5048.651688400996,93610.95138529493
5048.677944008911,93350.56480441884
5048.70419975337,93801.83477641431
5048.7304556343715,93654.92462340283
5048.756711651918,93772.85661078077
5048.782967806009,93632.58093643842
5048.809224096646,93065.39304452416
5048.835480523829,92759.61502810706
5048.861737087559,91948.59075423917
5048.887993787836,90827.78270104708
5048.9142506246635,89623.0841480843
5048.9405075980385,87831.07840558788
5048.966764707964,85806.89360442526
5048.993021954439,83326.41971574754
5049.019279337467,80140.04618581253
5049.0455368570465,76195.63002225022
5049.071794513178,71649.18299081433
5049.098052305863,67048.05212988383
5049.124310235104,62319.987830275335
5049.150568300898,57779.96976829966
5049.176826503248,53973.747289820516
5049.203084842154,51339.68793483576
5049.229343317617,50481.31769478281
5049.255601929638,51933.44653832033
5049.2818606782175,54566.263953715286
5049.308119563356,58236.14994647361
5049.334378585054,62334.88002025824
5049.360637743313,66748.83098127952
5049.386897038133,71082.97829943312
5049.413156469515,74978.29254149171
5049.4394160374595,78287.14211266304
5049.465675741968,81695.6940742189
5049.49193558304,84270.33482255135
5049.518195560677,86359.15464865744
5049.54445567488,88692.2378033077
5049.570715925648,90395.53403162623
5049.596976312983,91358.49373877769
5049.6232368368865,92128.10114327539
5049.649497497358,92841.14132724523
5049.675758294399,93181.56960543805
5049.70201922801,93526.18486407725
5049.728280298191,93875.34477587238
5049.754541504943,93477.88873479851
5049.780802848267,93503.09182666862
5049.807064328163,93689.76351104985
5049.833325944633,93565.18160981081
5049.859587697677,93344.36749885583
5049.8858495872955,93244.54050054334
5049.912111613489,93023.9023384678
5049.93837377626,93422.49865877122
5049.964636075607,92884.48671099212
5049.990898511532,92653.14221439193
5050.017161084035,92387.14563925438
5050.043423793117,92222.26913151759
5050.069686638779,92111.94641122626
5050.095949621021,91903.31510395334
5050.122212739844,91769.06497073322
5050.148475995249,92084.26290122597
5050.1747393872365,92012.97654826927
5050.201002915808,91764.84730173115
5050.227266580962,91784.53900310578
5050.253530382703,91916.65929219317
5050.279794321027,91775.51626046814
5050.306058395939,91991.65494504446
5050.332322607436,92209.27370822706
5050.358586955522,91968.71664012494
5050.384851440195,92083.79341898025
5050.411116061458,92279.87086750034
5050.43738081931,92644.41470906205
5050.463645713753,92695.27824831792
5050.489910744786,92989.09574278267
5050.516175912412,93318.68675302992
5050.54244121663,93487.54334846543
5050.568706657442,93300.10740800486
5050.594972234847,93384.71567166175
5050.621237948846,93283.44257463419
5050.647503799441,92385.84658926581
5050.673769786633,91574.44085451838
5050.70003591042,91210.88702740389
5050.726302170806,89771.14767991452
5050.752568567789,88200.76861585001
5050.778835101372,86235.48313078449
5050.805101771554,83292.355533697
5050.831368578336,80002.77327616683
5050.85763552172,75814.5931246752
5050.883902601705,71340.14558337841
5050.910169818292,66954.40592239817
5050.936437171483,62151.00738293314
5050.962704661278,57462.895021031305
5050.988972287677,54036.48255033858
5051.015240050681,51635.374658311935
5051.041507950292,51485.48151897064
5051.067775986509,52752.356240267065
5051.094044159334,55079.88683080432
5051.120312468766,58787.189174472376
5051.146580914808,62567.04157334329
5051.172849497459,66442.57662635151
5051.19911821672,69914.18102397851
5051.225387072593,72946.19775611354
5051.2516560650765,75093.92531241535
5051.277925194173,76633.4062871836
5051.304194459882,78064.15827605178
5051.330463862206,78587.19921206695
5051.356733401143,78104.8637332161
5051.383003076696,76481.88480234063
5051.409272888865,74462.80490248429
5051.435542837651,71460.35301041116
5051.461812923054,68202.67276869513
5051.488083145075,64973.78045658043
5051.514353503714,62238.135537682974
5051.540623998974,60292.1534778194
5051.566894630853,59810.88651281313
5051.593165399354,61337.665059548
5051.619436304476,63828.184558880814
5051.645707346221,66646.31830742098
5051.671978524588,70071.33818882561
5051.698249839579,73802.55933542264
5051.724521291195,77349.30657015611
5051.750792879436,80493.00178365977
5051.777064604302,83271.50029939131
5051.803336465796,85319.39552516327
5051.829608463916,87076.57941264418
5051.855880598665,88562.87609751473
5051.882152870042,89934.66889964034
5051.908425278049,90940.24044845378
5051.934697822686,91983.78350631887
5051.960970503954,92363.74685220375
5051.987243321853,92438.21726894578
5052.013516276385,92368.16436338231
5052.03978936755,92624.42487741579
5052.066062595348,92263.21889955955
5052.092335959781,92004.17290031092
5052.118609460849,91500.58108752052
5052.144883098553,91296.5507572631
5052.171156872893,91136.14977179296
5052.197430783871,90736.43271747824
5052.223704831486,90068.80711752037
5052.24997901574,90086.37778342876
5052.276253336634,90207.7651316927
5052.302527794168,90511.97797298472
5052.328802388342,90333.25705300251
5052.3550771191585,90265.40514367334
5052.381351986616,90542.73131553462
5052.407626990717,90911.62013199218
5052.433902131463,91294.73860385019
5052.460177408851,91903.00635762264
5052.486452822886,91725.42119304238
5052.5127283735665,91901.8382409054
5052.539004060893,92213.12512655492
5052.565279884866,92021.51953384245
5052.591555845488,91544.65431633298
5052.617831942758,91414.59347899727
5052.644108176678,91336.98972902761
5052.6703845472475,91526.28061784574
5052.696661054469,91287.48039868579
5052.7229376983405,90736.34387416238
5052.749214478864,90739.97276136995
5052.775491396042,90470.98324103744
5052.801768449872,89863.02124768542
5052.828045640357,89285.92413289877
5052.854322967497,88887.9584135814
5052.880600431293,88526.16585467137
5052.906878031745,87883.99297759053
5052.933155768854,88395.69702546572
5052.959433642621,87474.92181760637
5052.985711653047,87843.93656553284
5053.011989800132,87955.78085554096
5053.038268083877,88315.94247796357
5053.064546504283,88855.81733371776
5053.090825061349,89116.92798854286
5053.1171037550785,89630.40993890111
5053.143382585471,90292.78786268756
5053.169661552527,90631.58298249517
5053.195940656246,90855.81212917322
5053.222219896631,90983.18951196857
5053.248499273682,91491.14887333981
5053.274778787399,92088.22476848899
5053.301058437783,92332.52142508778
5053.327338224835,92695.5884624898
5053.353618148555,92988.67132573086
5053.379898208945,93109.00089066866
5053.406178406005,93339.37782784345
5053.432458739735,93352.68856746613
5053.458739210137,93144.6164886716
5053.48501981721,93671.70951554397
5053.511300560956,93867.50836217453
5053.5375814413765,93669.26975094533
5053.563862458471,93887.44974121061
5053.59014361224,94003.36348595597
5053.616424902684,94072.33448566333
5053.642706329806,94179.46441471587
5053.668987893604,94080.13506388388
5053.69526959408,94200.72025824855
5053.721551431234,94063.7205073908
5053.7478334050675,93844.22226797478
5053.774115515582,93905.03207074128
5053.800397762775,94128.65863189835
5053.826680146651,93881.1056521624
5053.852962667208,93604.07684455259
5053.879245324449,93290.09507778227
5053.905528118372,92644.53830677664
5053.93181104898,91859.716781989
5053.958094116273,91268.88427871178
5053.984377320251,89912.7394478026
5054.010660660915,89496.83713999437
5054.036944138267,89039.43457764194
5054.063227752306,88425.1593001955
5054.089511503034,88602.57514775956
5054.115795390451,89616.3114740508
5054.142079414558,90892.14945030313
5054.168363575355,91439.67935146965
5054.194647872843,91843.87125103803
5054.220932307024,91948.4158256022
5054.247216877897,92602.64640853184
5054.273501585464,93328.66121644291
5054.299786429725,94072.7824766565
5054.32607141068,94201.779298415
5054.352356528331,94164.77300865066
5054.378641782679,94780.20444620098
5054.404927173723,94452.45843830473
5054.431212701465,94430.69635577068
5054.457498365905,94761.58513037451
5054.483784167044,94873.30674556467
5054.510070104884,94951.59201884954
5054.536356179424,94876.5689055383
5054.562642390664,94736.0131107875
5054.588928738607,94715.03972087921
5054.615215223253,94897.9542484782
5054.641501844602,95059.56635838485
5054.667788602655,94729.24316042512
5054.694075497413,94324.62643787511
5054.720362528876,94512.5536639837
5054.7466496970455,94470.90552870525
5054.7729370019215,94595.8034607595
5054.799224443505,94561.5429054785
5054.825512021798,94239.42688241592
5054.8517997368,94131.60920356098
5054.87808758851,93887.49826028736
5054.904375576933,93971.23626424468
5054.930663702065,93391.46514630655
5054.95695196391,92944.31832349217
5054.983240362467,92422.07206336374
5055.009528897737,92113.62881746137
5055.035817569722,91491.34545957751
5055.062106378421,90759.97817732874
5055.088395323836,90642.20051222213
5055.114684405967,90067.46009089946
5055.140973624815,89210.83335548181
5055.167262980381,88045.72625842478
5055.193552472664,86846.43171721944
5055.2198421016665,84997.80993403938
5055.246131867389,83019.70526807263
5055.272421769831,80380.14461464787
5055.298711808996,77496.8090393546
5055.325001984881,74850.94526163537
5055.35129229749,72884.7202448922
5055.377582746822,71401.91274769304
5055.403873332877,71347.31682004506
5055.430164055657,72844.30684865435
5055.456454915163,74258.16840855277
5055.482745911394,76184.70176598841
5055.509037044353,77935.46042692589
5055.535328314039,79752.29116535226
5055.561619720454,81738.78436554877
5055.587911263597,83154.81612381458
5055.6142029434695,83949.3390252321
5055.640494760073,84831.18257654471
5055.666786713407,85276.93214189148
5055.693078803473,84912.62343616219
5055.719371030272,85568.72887245439
5055.7456633938045,86437.66295267091
5055.77195589407,87619.5398603777
5055.79824853107,88834.847034978
5055.824541304806,89827.4676204889
5055.850834215278,90641.14246933095
5055.877127262487,91556.80671779717
5055.903420446433,92584.12657747406
5055.929713767117,92763.10519379
5055.956007224541,93145.632424981
5055.982300818704,93231.7737390138
5056.008594549607,93287.32395886703
5056.034888417251,93354.80847934104
5056.061182421638,93290.03825528188
5056.087476562766,92976.8581938239
5056.113770840638,92408.18622868428
5056.140065255253,91892.02519961512
5056.166359806613,91422.38847514526
5056.192654494718,90503.01573093486
5056.21894931957,90500.91359983754
5056.245244281168,90270.33645144463
5056.271539379514,90401.90335598798
5056.297834614607,90221.11011918663
5056.32412998645,90262.06922941764
5056.350425495043,90737.54263499324
5056.376721140386,91263.9648087652
5056.403016922479,92002.50031146819
5056.429312841324,92545.61944754775
5056.455608896921,92629.28061590124
5056.481905089272,92940.82609515186
5056.508201418377,93541.11355067864
5056.534497884236,93445.60426079469
5056.560794486851,93523.35144267134
5056.587091226221,93619.21070084148
5056.613388102348,93507.430365159
5056.639685115233,93442.85261036016
5056.665982264875,92720.14171845962
5056.692279551276,93563.57736937849
5056.718576974437,93395.19161604781
5056.744874534359,93486.43129335507
5056.771172231041,92943.48111927092
5056.7974700644845,92509.53482878621
5056.823768034691,92217.87967194285
5056.85006614166,91787.5464932853
5056.876364385394,91661.0431218278
5056.902662765891,91762.32429459624
5056.9289612831535,91225.97893635674
5056.955259937183,91269.79512638025
5056.981558727978,91561.11172565089
5057.007857655541,91300.84889792526
5057.034156719872,91358.55673999466
5057.060455920971,91409.67156413235
5057.086755258841,91135.91372757821
5057.11305473348,90865.42409634583
5057.139354344889,91012.40474192826
5057.165654093072,91161.48773734232
5057.191953978026,90748.97767403862
5057.218253999753,90590.97182815803
5057.244554158254,90335.79629588498
5057.270854453529,90720.53247788147
5057.29715488558,89939.68484251603
5057.323455454407,89740.69505701278
5057.34975616001,89598.28843202977
5057.37605700239,89564.65114220318
5057.402357981548,89845.1830345644
5057.428659097485,90051.56778737744
5057.454960350202,91084.20380822313
5057.481261739699,91206.6636779472
5057.507563265976,92039.42083600191
5057.533864929036,92380.91707993357
5057.560166728877,93009.49112134316
5057.586468665502,93071.95947525238
5057.6127707389105,93255.03667787749
5057.639072949103,93718.79392689327
5057.665375296081,94052.81539044461
5057.691677779844,94256.103542947
5057.7179804003945,94121.8583237974
5057.744283157732,94341.98831579639
5057.770586051857,93917.28773644287
5057.7968890827715,93173.19672684706
5057.823192250476,92997.03747535766
5057.849495554969,92583.85649924415
5057.875798996253,92699.31778243845
5057.90210257433,93443.80530032671
5057.928406289198,94016.50218826182
5057.954710140859,94041.88363379939
5057.981014129315,93699.22489502684
5058.007318254564,94137.19226811711
5058.033622516608,94360.2176589767
5058.059926915448,94024.48957062031
5058.086231451085,94306.42096300481
5058.112536123519,94369.83058317177
5058.138840932751,94404.08641164769
5058.165145878782,94537.67122121103
5058.191450961612,94463.87991212377
5058.217756181241,94318.80035223806
5058.244061537673,94317.50108982467
5058.270367030905,94290.83648845673
5058.296672660939,94991.65142628946
5058.322978427776,94651.0572942624
5058.349284331418,94616.04188186661
5058.375590371863,94201.82769236618
5058.401896549114,94139.37516895495
5058.42820286317,94255.84045465666
5058.454509314033,94078.21405552227
5058.480815901703,93946.28132343179
5058.507122626181,94033.61019944419
5058.533429487467,94173.034199217
5058.559736485563,94341.26830477473
5058.586043620468,94785.35357297513
5058.6123508921855,94959.5178377044
5058.638658300713,94641.26315415013
5058.664965846054,94584.80421578883
5058.691273528207,94451.02338508735
5058.717581347173,94216.87816494258
5058.743889302954,94363.3724078555
5058.77019739555,94579.89630499555
5058.796505624962,94519.67065280506
5058.82281399119,94559.11444770997
5058.849122494235,94381.81141582903
5058.875431134099,93885.98316743966
5058.901739910781,94431.60991219088
5058.928048824281,94775.67951139685
5058.9543578746025,94844.60920362348
5058.9806670617445,94557.54453513549
5059.006976385707,94273.5187442653
5059.033285846493,94306.10512087615
5059.0595954441005,94151.3130175304
5059.085905178533,94753.30972677658
5059.112215049789,93922.21263139325
5059.13852505787,93852.02915442055
5059.164835202776,93982.60824812388
5059.191145484509,94019.80618033027
5059.21745590307,94087.19196969926
5059.243766458458,93560.90646691647
5059.270077150674,93223.4669776684
5059.29638797972,93194.3588206156
5059.322698945595,92146.47073331081
5059.349010048302,91248.52742559309
5059.37532128784,90563.83103679944
5059.4016326642095,89519.90526487103
5059.427944177412,88695.67958722815
5059.454255827449,88232.66542265176
5059.48056761432,88367.8404473271
5059.506879538025,88567.17663814501
5059.533191598565,88931.29657446968
5059.559503795943,89760.62183021015
5059.585816130158,90287.8346346214
5059.612128601209,90276.67420826998
5059.6384412091,91232.84897207397
5059.664753953831,92024.74412365496
5059.6910668354,92691.50704409962
5059.7173798538115,92569.69513981497
5059.743693009063,92849.90944868723
5059.770006301157,93140.77543280553
5059.796319730093,93864.95440420526
5059.822633295874,94691.6477945238
5059.848946998498,94647.41113917831
5059.875260837967,94523.1225875272
5059.901574814283,95211.60786460663
5059.927888927444,95402.71498398173
5059.954203177452,95381.0267667518
5059.980517564308,95375.82499515264
5060.006832088013,95585.22047496082
5060.033146748567,95384.96724820838
5060.0594615459695,95301.95794124417
5060.085776480224,95323.88741982749
5060.112091551329,95480.4187876199
5060.138406759287,95503.78957802414
5060.164722104098,95047.98586567832
5060.191037585761,95597.998845883
5060.217353204279,95026.73820173317
5060.243668959652,94806.48339761797
5060.26998485188,94697.50820573296
5060.296300880964,95378.34421151818
5060.322617046906,95502.54531085402
5060.3489333497055,95416.79905580213
5060.375249789363,95497.08018539425
5060.401566365879,95465.34024627104
5060.427883079256,95426.41412815005
5060.454199929493,95327.87972890087
5060.480516916592,95214.543077927
5060.506834040552,95849.15013813041
5060.533151301376,95158.24342554466
5060.559468699063,95285.8262401416
5060.585786233613,95556.08336802972
5060.612103905029,95506.09485837948
5060.63842171331,95496.96702717486
5060.664739658458,95450.53028837017
5060.6910577404715,95370.16870220315
5060.717375959353,95290.20930301864
5060.743694315104,94799.2393477447
5060.770012807724,95020.97822435843
5060.796331437213,95254.01661942739
5060.822650203573,94631.05740810011
5060.848969106804,94599.91310641958
5060.875288146907,94802.07495459079
5060.901607323883,94632.57828247355
5060.927926637732,94454.42081083356
5060.954246088455,94408.65179696576
5060.980565676053,94165.36768058834
5061.006885400527,93955.37990206809
5061.033205261876,94017.50594810679
5061.059525260103,93576.07525873165
5061.085845395207,92683.56495238705
5061.11216566719,92132.24422007824
5061.138486076052,92865.21562744233
5061.164806621793,93189.85056831
5061.191127304415,93064.70851796657
5061.217448123918,93258.7824052652
5061.2437690803035,93731.8498989634
5061.270090173571,94163.03255036852
5061.296411403722,94376.91498439979
5061.322732770757,94073.34300395349
5061.349054274678,93663.5315833566
5061.375375915482,93968.62040415425
5061.401697693174,94066.13450301191
5061.4280196077525,93718.2095587396
5061.454341659219,93692.14054621586
5061.480663847573,93946.73959646448
5061.506986172816,93606.69245117494
5061.533308634949,93588.30495362116
5061.559631233973,94094.87201986228
5061.585953969888,93915.2832202904
5061.612276842695,94122.54402280893
5061.638599852394,94577.89131487928
5061.664922998986,94906.2626171326
5061.691246282473,94834.3481798023
5061.717569702854,94885.53273356587
5061.743893260132,95070.71719085754
5061.7702169543045,95191.20675354899
5061.796540785374,95511.87436412992
5061.8228647533415,95369.14050790212
5061.849188858207,95195.30421368248
5061.875513099972,95602.12953258055
5061.9018374786365,95046.38871347505
5061.928161994201,95254.61293805389
5061.954486646667,95339.75810195328
5061.980811436035,95412.46099554923
5062.007136362305,95657.97729263667
5062.033461425479,95527.240346921
5062.059786625557,95693.50542062047
5062.086111962539,95604.73068441846
5062.112437436426,95275.3333046539
5062.13876304722,95410.78961367524
5062.165088794921,95436.0963427269
5062.191414679529,94898.91539473407
5062.217740701046,94849.98449165173
5062.244066859471,94484.08123550368
5062.270393154806,94725.00882754935
5062.2967195870515,94267.22576262489
5062.323046156208,94284.70523410982
5062.349372862276,94262.00827652372
5062.375699705258,94272.01675015425
5062.402026685152,94523.59385776872
5062.42835380196,94779.88294820374
5062.454681055683,94882.86890351745
5062.481008446321,94830.48115768233
5062.507335973875,94761.02423338397
5062.533663638346,94844.76880848754
5062.559991439735,94971.87471825398
5062.5863193780415,95401.1548998377
5062.6126474532675,95368.25177413171
5062.6389756654125,95376.77983552942
5062.665304014478,95088.18728272454
5062.691632500466,95143.9082998656
5062.717961123374,95583.88732536913
5062.744289883205,95316.28196826222
5062.7706187799595,94954.51086458006
5062.796947813638,95588.41227764559
5062.823276984241,95247.81737897969
5062.849606291769,95122.71449816387
5062.875935736223,95617.16993760731
5062.902265317604,95329.0897974483
5062.928595035913,94849.04936847885
5062.95492489115,94971.29804693526
5062.981254883315,95010.52232774667
5063.00758501241,94535.06263320551
5063.033915278436,94077.58288064333
5063.060245681393,93671.79190017008
5063.086576221282,93083.96646283247
5063.112906898103,93036.34698324687
5063.139237711856,93356.68873921927
5063.1655686625445,93715.67235300226
5063.191899750167,93660.8947638199
5063.218230974725,93761.49624784249
5063.244562336218,94352.9198958909
5063.2708938346495,94332.4357706005
5063.297225470017,94368.73741291101
5063.323557242324,94706.16464871855
5063.349889151569,94583.92611246787
5063.376221197754,94391.74332415253
5063.402553380878,94419.15557484828
5063.428885700944,94545.45065218634
5063.455218157952,94427.42450576887
5063.481550751902,94265.79456526846
5063.5078834827955,94145.63234740858
5063.534216350633,94408.16126243064
5063.560549355415,94435.13610202569
5063.586882497142,94230.44583340052
5063.613215775815,94122.77959478751
5063.6395491914345,94058.58245658109
5063.665882744002,93960.89932592757
5063.692216433517,93890.09938493068
5063.718550259981,93926.35958686816
5063.744884223395,94423.49467065648
5063.771218323759,93811.20703529679
5063.797552561075,93630.00874626305
5063.823886935341,93115.44463503624
5063.85022144656,92360.82108799714
5063.876556094732,90982.58086085654
5063.902890879858,89252.58727037635
5063.929225801939,87397.54952616469
5063.955560860974,85172.24453743294
5063.981896056966,82612.06763025551
5064.008231389915,80254.05890706385
5064.034566859821,78661.36662052754
5064.060902466685,77427.21547585899
5064.087238210508,76959.38463341759
5064.11357409129,76957.98536886426
5064.139910109033,77626.46772186365
5064.166246263736,78260.26284580273
5064.192582555402,77656.73325444931
5064.218918984029,76083.49314914756
5064.245255549619,74123.70769117781
5064.271592252174,71479.37613113034
5064.297929091693,67933.28919515447
5064.324266068177,64040.46194250359
5064.350603181628,60485.504810970175
5064.376940432045,57184.42880608658
5064.403277819429,54955.05843772112
5064.429615343781,53970.77887013181
5064.455953005102,54677.321674661296
5064.482290803392,55924.415801922725
5064.508628738653,57535.90868158905
5064.534966810885,59429.08192480359
5064.561305020088,61366.18440774102
5064.587643366264,63799.876745419635
5064.613981849413,66954.49951546054
5064.640320469535,70441.91989625328
5064.666659226632,74552.72530435522
5064.692998120704,77915.09141356447
5064.719337151752,81340.28283463934
5064.745676319777,83712.22913769123
5064.77201562478,86024.39633976949
5064.7983550667595,88044.18445452071
5064.824694645718,89683.96395673802
5064.851034361657,91179.19057890998
5064.877374214576,92440.49099193259
5064.903714204475,93317.15687752607
5064.930054331356,93728.1379487698
5064.9563945952195,93830.45997627918
5064.982734996066,94453.92358294151
5065.009075533896,94930.2861300933
5065.035416208711,94891.931474437
5065.06175702051,95329.22930732308
5065.0880979692965,95332.52971354428
5065.114439055069,94844.83568250666
5065.1407802778285,94702.77065351109
5065.167121637576,94677.45344987558
5065.193463134312,94500.11856828704
5065.219804768038,93951.51081380028
5065.246146538754,93157.64742865154
5065.272488446461,92927.4202882902
5065.29883049116,92684.78166406107
5065.32517267285,92259.65830010467
5065.351514991534,92440.79371675036
5065.377857447212,92235.51206415553
5065.404200039883,92224.87823841222
5065.430542769551,92553.14615441907
5065.456885636213,92733.11409682834
5065.483228639873,93024.52398956858
5065.50957178053,93251.84092064097
5065.535915058184,93396.28030988618
5065.562258472838,93504.06269262815
5065.588602024491,93110.50159607158
5065.614945713144,92762.04382423985
5065.6412895387975,92612.41141157795
5065.667633501454,91949.7838908325
5065.693977601111,91581.771403942
5065.720321837772,90742.24280944998
5065.746666211437,89651.391602119
5065.773010722105,89033.04721350061
5065.799355369779,89144.51700436676
5065.825700154459,89202.90092115886
5065.852045076145,89461.44042862952
5065.878390134839,90219.4422603335
5065.9047353305405,90966.66015267528
5065.93108066325,91853.9502741936
5065.95742613297,92262.46277631389
5065.9837717396995,92803.80550742576
5066.010117483441,93092.26821710482
5066.036463364193,93601.87041625411
5066.062809381957,93708.38587251368
5066.089155536734,93955.1614962432
5066.115501828525,94003.23627044774
5066.141848257331,93603.56990782336
5066.168194823151,93112.20455877512
5066.194541525987,93047.67447209016
5066.22088836584,93062.59430977133
5066.24723534271,92888.5076002474
5066.273582456598,93180.32612386944
5066.299929707505,92378.90326328985
5066.326277095431,92061.67270709052
5066.352624620377,90800.89117263493
5066.378972282344,89306.2265599925
5066.405320081332,87715.3915615452
5066.431668017343,85145.89421952712
5066.458016090377,82319.19389295715
5066.484364300434,79594.95758984605
5066.510712647515,76991.22027709988
5066.537061131622,75368.48493587515
5066.5634097527545,75106.2240764304
5066.589758510913,75620.45979223335
5066.6161074061,77062.22604292259
5066.642456438314,79440.6528795631
5066.668805607556,81734.14511605047
5066.695154913828,83684.39217913627
5066.7215043571305,85963.86591182118
5066.747853937463,87726.05598080825
5066.774203654828,89335.979726162
5066.800553509224,90756.13008535418
5066.826903500654,91682.24638157297
5066.853253629117,92487.54964479146
5066.879603894615,93490.11137658366
5066.905954297147,94009.97785844632
5066.932304836716,93623.14169377307
5066.95865551332,93520.2157140987
5066.985006326962,94041.28664987371
5067.011357277642,93522.3873535104
5067.03770836536,92963.72666215156
5067.064059590119,91996.03411461608
5067.090410951916,91497.59479478822
5067.116762450755,91125.8617306618
5067.143114086635,90567.1560183419
5067.169465859557,90496.31709229396
5067.195817769522,90942.12704042
5067.222169816531,91219.13911071884
5067.248522000584,91329.18463803348
5067.274874321682,91579.70252920607
5067.301226779826,91969.73104349228
5067.327579375016,92429.3224681725
5067.353932107253,92613.29832445628
5067.380284976539,93578.9265037366
5067.406637982873,93734.29076074132
5067.432991126256,93869.51400822798
5067.4593444066895,94219.17018978439
5067.485697824173,94744.80276389033
5067.512051378709,95131.04609745047
5067.538405070296,95226.63420015817
5067.564758898937,95342.94110791192
5067.59111286463,95532.17033913065
5067.617466967378,95328.08977122106
5067.643821207182,94737.01617891937
5067.670175584041,94849.09710222468
5067.696530097956,94534.01842693993
5067.722884748929,94200.4250134717
5067.749239536959,94096.67431966087
5067.7755944620485,93854.73712416201
5067.801949524197,93459.51125605384
5067.828304723405,93244.91228152426
5067.854660059674,92498.40178121775
5067.881015533005,91289.8198045634
5067.907371143397,89970.94082801501
5067.933726890852,88115.92193588165
5067.960082775371,85681.55535045872
5067.986438796955,82430.96392018611
5068.012794955603,78830.45028900106
5068.039151251317,74505.48554269965
5068.065507684097,69861.49760435372
5068.091864253945,65324.99168587256
5068.11822096086,60969.53724132407
5068.144577804844,58524.84267074838
5068.170934785897,57463.23164770371
5068.19729190402,57916.41700427783
5068.223649159214,59752.48569330894
5068.250006551479,62314.808872165384
5068.276364080816,65003.48907347078
5068.302721747226,67187.69715828635
5068.32907955071,69217.60650607558
5068.355437491267,70599.22344588296
5068.381795568901,71442.08897667617
5068.408153783609,71489.85168075508
5068.4345121353945,70629.64013107086
5068.460870624256,70511.96434546229
5068.487229250196,70620.56831834873
5068.513588013214,71848.27811435075
5068.539946913312,74128.98662408805
5068.56630595049,76594.78071498305
5068.592665124747,79109.6511991947
5068.619024436088,81342.63061402504
5068.645383884509,83152.50319586118
5068.671743470014,85014.41543638008
5068.698103192602,86230.04578073634
5068.724463052274,87603.84282088939
5068.750823049031,88450.18768650356
5068.777183182874,88461.47538818873
5068.803543453803,89663.1320859882
5068.82990386182,90251.40043945982
5068.856264406923,90619.30708206374
5068.882625089116,90826.49562144717
5068.908985908398,91681.96037640043
5068.93534686477,92256.74765912729
5068.961707958232,92435.57493488092
5068.9880691887865,93167.20001610549
5069.014430556432,93819.58619771055
5069.040792061171,94334.67303276353
5069.067153703003,94438.33124814703
5069.093515481929,94550.52944445712
5069.11987739795,94814.93175721754
5069.146239451067,95199.5030811844
5069.172601641281,95126.74939824053
5069.198963968592,94801.48300444466
5069.225326432999,94890.90473963956
5069.251689034506,94786.33448524514
5069.278051773112,94882.58555861526
5069.304414648817,94746.46625199399
5069.330777661624,94296.9588858609
5069.357140811532,94715.89521850814
5069.383504098541,95347.29050326142
5069.409867522654,95107.37183842527
5069.436231083871,95084.75263881456
5069.4625947821905,95068.12149144453
5069.488958617616,95727.90190863662
5069.515322590147,95492.5870558006
5069.541686699783,95238.52524909719
5069.568050946527,95623.47293699087
5069.59441533038,95791.62820708648
5069.62077985134,95426.83376324752
5069.647144509409,95460.3466033498
5069.673509304589,95601.5549825683
5069.699874236879,95235.5651399621
5069.72623930628,95184.02082859335
5069.752604512793,95407.79496462704
5069.77896985642,94992.5288529562
5069.80533533716,95120.95260749492
5069.831700955014,95165.53367296027
5069.858066709982,95494.31673619994
5069.884432602066,95612.3226127402
5069.910798631267,95183.18453297482
5069.937164797585,94767.76862091034
5069.963531101021,94556.4610576888
5069.9898975415745,94757.63545833474
5070.016264119247,94755.41316920216
5070.04263083404,94821.55170763652
5070.068997685954,94825.52969805071
5070.095364674989,94341.07787916771
5070.121731801145,94303.51645205454
5070.148099064425,94537.66211990642
5070.174466464828,93849.03846653471
5070.200834002355,93528.07249472213
5070.2272016770075,93399.56164546676
5070.253569488785,92610.17444678997
5070.279937437689,92548.51225035686
5070.30630552372,92519.996420995
5070.332673746879,92386.98210372527
5070.359042107166,92191.16169483938
5070.385410604582,92427.03027970075
5070.411779239128,92714.18509524643
5070.438148010805,93181.43172647589
5070.464516919613,93803.64660626283
5070.4908859655525,93937.69360197571
5070.517255148626,94040.20658502419
5070.543624468832,94278.50057349174
5070.569993926172,94372.19880502552
5070.596363520647,94370.85388073024
5070.6227332522585,94740.50625563499
5070.649103121005,94571.93575964034
5070.675473126889,94419.74354597194
5070.701843269911,94236.05859628652
5070.728213550071,94092.19969584137
5070.75458396737,93859.41125637552
5070.78095452181,93221.3771645618
5070.807325213389,92706.97829482339
5070.83369604211,92415.57995837143
5070.860067007973,91612.97281982942
5070.886438110979,90915.3908779745
5070.912809351128,91401.3877399576
5070.939180728421,91943.48977376262
5070.965552242859,91821.2569002228
5070.991923894443,92182.36888478631
5071.018295683173,92967.1594713069
5071.04466760905,93384.480591752
5071.071039672074,93142.72494008932
5071.097411872248,93120.23839775566
5071.12378420957,93319.5620486774
5071.150156684042,93280.54520905319
5071.176529295664,93193.93092964502
5071.202902044438,92753.76152535158
5071.229274930363,91637.76297167403
5071.255647953442,90351.59742835406
5071.282021113674,88829.19335340364
5071.308394411059,86636.34277430814
5071.3347678456,84123.3527098818
5071.3611414172965,80477.56909573432
5071.387515126149,76468.25301104548
5071.413888972159,72775.25751563319
5071.440262955326,68780.35658201447
5071.466637075652,65354.02813642192
5071.493011333137,62593.15196445894
5071.519385727781,60974.1358214101
5071.545760259586,59346.90479420913
5071.572134928552,57341.74152203383
5071.598509734681,55566.37676219854
5071.624884677972,53664.70107713382
5071.651259758426,52051.83969778776
5071.677634976045,52074.96373597772
5071.704010330828,53547.53232602951
5071.730385822777,56252.50627787242
5071.756761451892,59750.36424458914
5071.783137218174,63940.68868611944
5071.809513121623,68077.18085628712
5071.835889162241,71754.7784559566
5071.862265340029,74490.21070963917
5071.888641654986,76837.04861632349
5071.915018107113,78615.85235330297
5071.941394696411,79122.76186484697
5071.967771422882,78738.3770853511
5071.994148286525,78202.93185874086
5072.020525287342,77324.8980442153
5072.046902425333,76450.86274404496
5072.0732797004985,76440.96550578893
5072.09965711284,77320.10968123902
5072.126034662357,79003.43094520981
5072.152412349051,80524.78201288474
5072.178790172923,82597.91070862742
5072.2051681339735,83856.67858559299
5072.231546232203,85332.50186403013
5072.257924467612,86318.41423809792
5072.284302840201,87240.11865680371
5072.310681349973,88613.78189987634
5072.337059996926,89688.86126430408
5072.363438781061,90428.43712487599
5072.389817702379,91223.42157338445
5072.4161967608825,91680.83564881627
5072.44257595657,91991.60670045936
5072.468955289443,92802.35348922285
5072.495334759503,93386.82157403213
5072.52171436675,93477.1463536782
5072.548094111183,94275.12018230977
5072.574473992806,94655.70308309466
5072.600854011617,94750.05300931617
5072.627234167619,95240.09773229125
5072.65361446081,95236.14429895653
5072.679994891193,94864.60079742667
5072.706375458768,94748.005291709
5072.732756163535,95078.02382645622
5072.759137005496,95090.12668326177
5072.785517984651,95029.03891027383
5072.811899101001,94987.66164184274
5072.8382803545455,95027.12386131955
5072.864661745287,94738.52993625271
5072.8910432732255,94326.73190043423
5072.917424938361,94550.58127466537
5072.943806740695,94270.3465340863
5072.970188680229,94002.02453234655
5072.996570756962,94100.49451123389
5073.022952970895,94309.29950866714
5073.04933532203,94265.49540430182
5073.075717810367,94018.22204096423
5073.102100435906,93574.60653922384
5073.128483198649,93397.94043191583
5073.154866098595,93913.16099749826
5073.181249135747,94524.43405338802
5073.207632310104,95015.21262005062
5073.234015621667,94700.31415611316
5073.260399070437,94542.15431808136
5073.286782656414,94669.33108129246
5073.3131663796,94124.54146957157
5073.339550239995,93758.57996891205
5073.3659342376,93360.60047049099
5073.3923183724155,92713.46572966412
5073.418702644442,91989.96745982554
5073.44508705368,91676.98579627379
5073.471471600132,91543.23152900678
5073.497856283796,92020.95288236035
5073.524241104675,92493.62546121232
5073.550626062767,93074.80085906696
5073.577011158076,93579.09131929716
5073.603396390601,93771.55749127491
5073.629781760343,94131.75504849282
5073.6561672673015,94639.65173425029
5073.682552911479,94704.27302072449
5073.708938692876,94700.92829195411
5073.735324611493,94905.10893405415
5073.761710667329,94676.32143799795
5073.788096860388,94086.03006662939
5073.8144831906675,93397.0136053462
5073.84086965817,92274.7650824903
5073.867256262895,90555.66231912715
5073.893643004845,89152.49511172803
5073.92002988402,87221.35695987883
5073.94641690042,85172.47230894593
5073.972804054047,81365.96760073554
5073.999191344899,77395.40187463709
5074.02557877298,73319.3959871854
5074.051966338289,68725.08939623606
5074.078354040827,64072.69129505049
5074.104741880596,60430.02377709403
5074.131129857594,58211.1790974972
5074.157517971823,57587.77590906528
5074.183906223285,58668.55297732913
5074.2102946119785,61123.26703621695
5074.236683137906,64533.66225232373
5074.263071801067,68194.55105916258
5074.289460601463,72244.54592770696
5074.315849539094,75755.47313632518
5074.342238613962,79199.85766299958
5074.368627826067,82060.34468620011
5074.395017175409,84768.85378984181
5074.421406661989,86725.75533276738
5074.447796285809,88517.34669434791
5074.4741860468675,89672.3035537013
5074.500575945168,90301.71610202984
5074.526965980708,90588.22663477603
5074.553356153491,90513.6346884236
5074.579746463516,89996.62238606517
5074.606136910785,89203.74359432331
5074.632527495298,88435.05428247203
5074.658918217055,87528.34529792448
5074.685309076058,86791.42079569797
5074.7117000723065,86823.72221943406
5074.738091205802,86580.90028475465
5074.764482476546,87389.06746843545
5074.790873884537,87741.89275745604
5074.817265429778,88157.41615651546
5074.843657112268,89235.85171179898
5074.870048932009,89462.79792517102
5074.8964408890015,90399.99713663645
5074.922832983245,90980.97226335447
5074.949225214741,91500.53332109195
5074.975617583491,91944.15849923613
5075.002010089494,91948.82987455487
5075.028402732753,92370.43398286735
5075.054795513267,92896.09934760253
5075.081188431037,92800.72264687797
5075.107581486064,92729.15495465924
5075.133974678349,92844.7671486744
5075.1603680078915,93075.9618302305
5075.186761474693,93091.83284386045
5075.213155078754,93115.87483144074
5075.239548820076,93510.8540800794
5075.26594269866,93856.10536558836
5075.292336714505,94189.80135931284
5075.318730867612,94204.02044467758
5075.345125157984,94050.82488257291
5075.371519585618,94000.97741994949
5075.397914150518,93423.66665238062
5075.424308852683,92489.05355591296
5075.450703692114,91632.24335044873
5075.477098668812,90360.26394036325
5075.503493782778,88530.7883839676
5075.529889034011,86577.59494750139
5075.556284422514,84213.7673642138
5075.582679948287,81230.05779288377
5075.60907561133,78381.34592936617
5075.635471411643,76243.12994484634
5075.661867349229,75022.86971713172
5075.688263424088,74526.49881796034
5075.71465963622,75215.55257805232
5075.741055985626,76584.39468895925
5075.767452472306,78168.74168038006
5075.793849096262,79434.41796594784
5075.820245857494,80806.19795208427
5075.846642756003,81737.47291147683
5075.87303979179,82511.9375463056
5075.899436964854,83281.7205595854
5075.925834275198,83863.37776478505
5075.952231722822,84512.08013355431
5075.978629307726,85459.52996339701
5076.005027029911,86499.60158759865
5076.031424889378,87334.53379207996
5076.057822886128,88106.7826699286
5076.08422102016,89257.02991089784
5076.110619291477,90587.2199488314
5076.137017700078,91652.80868411562
5076.163416245965,92555.39876068005
5076.189814929138,93422.71283486018
5076.216213749598,93794.87092053502
5076.242612707345,94417.20996043063
5076.269011802381,95196.71555588864
5076.2954110347055,95468.4206977854
5076.32181040432,95666.16640487083
5076.348209911225,95783.02042403775
5076.374609555421,95947.56506079383
5076.401009336909,95943.3063925219
5076.427409255689,95671.07787218747
5076.453809311763,95796.99734350783
5076.48020950513,95517.72611774846
5076.506609835792,95255.16751832234
5076.53301030375,95803.4847672084
5076.559410909004,95577.87416313644
5076.585811651555,95150.27432518845
5076.612212531403,95265.76128785717
5076.638613548549,95128.60935847498
5076.665014702995,94937.33495353039
5076.69141599474,94444.90309804492
5076.717817423786,94700.15736216491
5076.744218990132,94685.96749667633
5076.770620693781,94957.64808425178
5076.797022534733,95489.90692249087
5076.823424512987,95935.66604638069
5076.849826628545,95735.408019784
5076.876228881408,95545.54954577312
5076.902631271577,95661.66894071746
5076.9290337990515,96036.3295547559
5076.9554364638325,95813.14538370732
5076.981839265922,95531.4180511269
5077.008242205319,95539.43690882479
5077.034645282025,95427.97402320716
5077.061048496042,95511.3267291968
5077.087451847367,95312.09891462777
5077.113855336005,95309.00692078074
5077.140258961955,95221.44806435102
5077.166662725216,94696.83741791823
5077.193066625791,94445.86606994258
5077.219470663681,94449.45966452762
5077.245874838884,94391.82888639354
5077.272279151403,94428.5596460951
5077.298683601239,94879.67413524166
5077.325088188391,94838.46491539336
5077.351492912861,94854.32790829745
5077.377897774649,95066.79819477166
5077.404302773756,95072.9733292992
5077.430707910183,95435.14591836419
5077.45711318393,95430.95843427801
5077.483518594998,95354.71848550046
5077.509924143388,95747.32886040275
5077.5363298291,95828.61449335533
5077.562735652136,95593.14566989102
5077.589141612497,95647.88618324614
5077.615547710181,95833.45318604495
5077.641953945191,95476.56320446622
5077.668360317527,95646.03922850185
5077.69476682719,95534.83988616218
5077.72117347418,95293.03705046915
5077.7475802584995,95168.78561951329
5077.773987180147,95331.76084788123
5077.800394239124,95195.34275415176
5077.826801435432,95660.23579380503
5077.853208769071,95298.77063309253
5077.879616240041,95254.29942811953
5077.906023848345,95325.15726383869
5077.932431593981,95327.01999809699
5077.958839476952,94590.62339822986
5077.985247497258,94014.06598477467
5078.011655654898,93800.44831321617
5078.038063949874,93303.2667783759
5078.064472382188,92537.60118067582
5078.09088095184,91449.74544577773
5078.117289658829,90177.47162345864
5078.143698503157,88842.96264541113
5078.170107484825,87095.91719721265
5078.1965166038335,84324.2163162642
5078.222925860184,81433.06866946568
5078.249335253875,77722.11801508687
5078.275744784909,73507.10840324406
5078.302154453286,69530.78627006867
5078.328564259007,65160.10479149859
5078.354974202073,62105.016402425674
5078.381384282485,60439.18202488627
5078.407794500242,59494.338912575244
5078.434204855346,59584.92720175614
5078.460615347798,59885.51750841339
5078.487025977598,59932.86828586617
5078.513436744747,58954.65868837001
5078.5398476492455,57882.01663108592
5078.566258691095,57046.96064663087
5078.592669870295,56442.24123119267
5078.619081186847,57077.98796732018
5078.645492640752,59103.011586574605
5078.67190423201,62202.442063591974
5078.698315960622,65787.6725706288
5078.724727826589,69448.5359225917
5078.75113982991,73321.09729822856
5078.777551970588,76793.09476470243
5078.803964248623,79480.20147715752
5078.830376664016,81658.44371580346
5078.856789216767,83283.30979535605
5078.883201906876,84075.05921598969
5078.909614734345,83887.20476453775
5078.936027699176,83082.71934477627
5078.962440801366,81449.01044429251
5078.988854040919,78376.25736206335
5079.015267417834,75091.17355341704
5079.041680932113,71187.77991682915
5079.068094583756,67142.80644480155
5079.094508372763,64316.04691696265
5079.120922299136,62537.192491632566
5079.147336362874,62194.3617917188
5079.173750563979,63420.01788341271
5079.200164902453,65583.48624338176
5079.226579378294,68317.21846607419
5079.252993991505,70804.6560135166
5079.279408742085,73250.63917187517
5079.305823630036,75347.14034908493
5079.332238655357,77519.73688258341
5079.358653818051,79324.2729034197
5079.385069118116,81384.08870466914
5079.411484555556,83824.54952898678
5079.437900130369,85978.5379213855
5079.464315842557,87914.78524286748
5079.49073169212,89288.45561502213
5079.517147679059,90088.39126595709
5079.543563803376,91090.84251333952
5079.56998006507,91295.00789677395
5079.596396464142,90836.7301991096
5079.622813000593,90079.13965765845
5079.649229674424,89561.99803869518
5079.675646485635,88373.49162003615
5079.702063434227,86112.43182704225
5079.728480520202,83876.42323164313
5079.754897743558,81515.11702551166
5079.781315104298,78185.22891804685
5079.807732602422,74290.1318509284
5079.834150237931,70367.41165176232
5079.860568010825,66525.186489578
5079.886985921105,63179.78296421356
5079.913403968772,60982.07974955925
5079.939822153827,60520.59094837951
5079.966240476269,61687.0709738273
5079.992658936101,64595.26959212839
5080.019077533323,67572.06262388079
5080.045496267935,71039.53296856652
5080.071915139938,74548.68992557687
5080.098334149333,77680.05155697258
5080.12475329612,80455.92466989376
5080.151172580301,82979.45632584686
5080.177592001875,84437.79866291035
5080.204011560845,85820.83264038987
5080.23043125721,86810.27469360565
5080.2568510909705,86794.50985224749
5080.283271062129,86420.77965714326
5080.309691170683,85194.72798143703
5080.336111416637,83307.61272066568
5080.36253179999,80744.18865778022
5080.388952320743,77466.45920764252
5080.415372978895,74120.08519232538
5080.441793774449,70153.61842318515
5080.4682147074045,66722.80465204499
5080.494635777763,64923.56309518658
5080.521056985524,64605.65074617051
5080.54747833069,65490.97104974797
5080.57389981326,67703.00374927344
5080.600321433236,71266.99327763481
5080.626743190617,74600.39703724046
5080.653165085406,78174.78269667839
5080.679587117602,81416.85149687374
5080.706009287207,84214.5825244305
5080.73243159422,86584.85066960161
5080.758854038643,88922.12738893944
5080.785276620477,90433.84350954584
5080.811699339722,91617.633104392
5080.838122196378,92848.45637605943
5080.864545190447,93832.60639851411
5080.890968321929,94409.18029779091
5080.917391590826,94592.94635473256
5080.9438149971365,94929.2262145541
5080.970238540864,95350.2542693667
5080.996662222005,95714.48520739534
5081.023086040565,95790.7108142775
5081.049509996542,95506.2291101623
5081.075934089938,95736.76609496065
5081.102358320752,96059.36156428882
5081.128782688986,95993.50103039868
5081.155207194641,95933.67888700706
5081.181631837716,95855.00264558228
5081.208056618213,95412.36684466476
5081.234481536133,95728.74682275884
5081.260906591477,95575.25600913334
5081.287331784244,95518.71194573023
5081.313757114436,95163.8491511989
5081.340182582053,95659.59300051005
5081.366608187097,95709.74289964011
5081.3930339295675,95315.13762023301
5081.4194598094655,95597.4956711331
5081.445885826792,95093.24046543745
5081.472311981547,94945.36198535906
5081.498738273732,94688.95509002503
5081.525164703347,93654.45529993229
5081.551591270394,92353.05024804555
5081.578017974872,91153.03081058097
5081.604444816783,89444.84953249984
5081.630871796127,87475.55399801768
5081.657298912905,85395.72120450818
5081.683726167119,82958.77505569273
5081.710153558767,81284.01016698703
5081.736581087852,80585.8737575242
5081.763008754373,80457.43282719004
5081.7894365583315,81641.75224908764
5081.815864499729,83210.09157782802
5081.842292578565,84736.52932614919
5081.8687207948415,86683.59393864297
5081.895149148558,88125.26799291269
5081.921577639716,89551.4416263927
5081.948006268315,91295.65168121684
5081.974435034357,92304.96145137543
5082.000863937842,93578.08884795017
5082.027292978772,94251.85370707155
5082.053722157146,95125.13017753007
5082.080151472966,95364.5987225673
5082.106580926231,95783.69567894505
5082.133010516944,96614.32261804558
5082.159440245104,96639.30537676929
5082.185870110712,96562.57052585743
5082.21230011377,96695.17411891873
5082.238730254277,96612.35713480887
5082.265160532234,96383.7517650812
5082.291590947643,96573.5450288765
5082.318021500504,96687.45231296844
5082.344452190817,96458.16203430657
5082.370883018583,96128.25513639055
5082.3973139838035,95566.09071636264
5082.423745086479,94883.04252890001
5082.45017632661,93938.78522088117
5082.476607704197,92310.41225508743
5082.50303921924,90114.37035811522
5082.529470871742,88047.62562301378
5082.555902661701,85002.22347425818
5082.58233458912,81262.64036481852
5082.608766653999,77242.32745293931
5082.635198856337,72616.29449263429
5082.661631196137,67754.38428122828
5082.6880636733995,63642.32513596974
5082.714496288124,60978.91005051637
5082.740929040311,60020.022582289545
5082.767361929963,60268.56714744664
5082.79379495708,62466.112019775675
5082.820228121662,65584.4835309955
5082.8466614237095,69081.6865038682
5082.873094863225,73222.48162311762
5082.899528440208,76471.64772780373
5082.925962154659,79235.34036462235
5082.952396006579,82213.90454637329
5082.978829995968,84908.36105556303
5083.0052641228285,86938.36456470494
5083.03169838716,88315.98628030682
5083.058132788963,89362.96117083811
5083.084567328239,89944.1816578492
5083.111002004988,90118.36408508445
5083.137436819212,90097.60289048777
5083.163871770909,90018.04304627991
5083.190306860083,89990.87757225659
5083.216742086733,89364.3167535568
5083.243177450859,88671.68310305876
5083.269612952463,87887.87050090983
5083.2960485915455,86544.27631745806
5083.322484368107,85000.08696777067
5083.348920282148,82814.97129765432
5083.3753563336695,79832.08590628208
5083.401792522673,76468.9964508433
5083.428228849158,72734.6754911848
5083.454665313125,70103.2117191081
5083.481101914575,67928.78873022145
5083.50753865351,67964.24379256518
5083.53397552993,69018.7105439046
5083.560412543835,71553.6118308031
5083.586849695226,74596.67692844413
5083.613286984104,77432.1121333445
5083.639724410469,80191.07608419568
5083.666161974324,83393.21689569618
5083.692599675666,86160.28047185486
5083.719037514499,88258.67519436653
5083.745475490823,90096.06555605915
5083.771913604637,91479.22034418018
5083.798351855944,92405.6644219871
5083.824790244743,93342.39509737807
5083.8512287710355,94425.0481277021
5083.877667434822,95097.19115960298
5083.904106236103,95340.7796621489
5083.93054517488,95326.7203873365
5083.956984251152,95309.29720215675
5083.9834234649215,95802.97039783892
5084.0098628161895,96011.28298128593
5084.036302304955,95803.1758527976
5084.0627419312195,95753.41228267792
5084.089181694984,95960.96199691918
5084.115621596249,96179.47000136483
5084.142061635016,96522.7556247088
5084.168501811284,96610.76619701648
5084.194942125055,96457.83474880081
5084.221382576329,96306.90411971847
5084.247823165108,96322.0900726109
5084.274263891391,96601.12972455013
5084.300704755178,96498.56313256522
5084.327145756473,96613.2231403591
5084.353586895275,96446.38545011434
5084.380028171584,96221.6237246329
5084.406469585402,96365.84183224772
5084.432911136729,96040.43017553122
5084.4593528255655,95756.40878424306
5084.485794651912,95857.03226030488
5084.51223661577,95693.07198452295
5084.53867871714,95926.15623730364
5084.565120956023,96082.95706434015
5084.591563332419,96101.96543884407
5084.61800584633,95898.69750258383
5084.644448497755,95630.27302663507
5084.670891286695,95442.85499208201
5084.697334213151,95063.269498981
5084.723777277125,94741.24176469274
5084.750220478617,94562.03934854074
5084.776663817626,94185.7185656802
5084.803107294155,93575.69518801142
5084.829550908204,93001.3001573367
5084.8559946597725,92633.00908583318
5084.882438548863,92496.15393481702
5084.908882575475,92506.82405861543
5084.93532673961,92134.9776876789
5084.961771041269,92006.96830558518
5084.988215480451,91730.68201402326
5085.014660057158,91523.23076878593
5085.041104771391,92046.66790417636
5085.06754962315,91896.0646894224
5085.093994612435,92496.14774279423
5085.1204397392485,93011.68853827794
5085.146885003591,93920.02097551052
5085.1733304054615,94008.20968398248
5085.199775944862,94479.90070986202
5085.226221621793,94987.40080326011
5085.252667436256,95381.36958231486
5085.279113388251,95456.9261458024
5085.305559477778,95942.56165791434
5085.332005704839,95974.04400659417
5085.358452069433,95882.67340324937
5085.384898571562,96303.53720137873
5085.411345211228,96739.11174809712
5085.437791988429,96728.90133227842
5085.464238903167,96120.0909796973
5085.490685955443,95956.25962648507
5085.5171331452575,96412.83968588263
5085.54358047261,96410.13945725362
5085.570027937504,96178.92700169445
5085.596475539937,96046.91301506435
5085.622923279912,95973.28363900725
5085.649371157429,96110.62666813453
5085.675819172489,96115.58779489643
5085.702267325092,96028.78707394289
5085.72871561524,95991.67182335666
5085.755164042931,96130.7947005749
5085.781612608169,96421.5851150277
5085.808061310953,96294.8996171113
5085.834510151283,96544.59298136462
5085.860959129162,96699.76275090766
5085.887408244589,96478.39759974112
5085.913857497565,96767.65046900074
5085.940306888091,96265.72608008338
5085.966756416167,96313.09938838932
5085.993206081795,96153.1297853784
5086.019655884975,96206.16583625683
5086.046105825707,96144.7342410577
5086.072555903993,95659.15499268411
5086.099006119833,95356.24442603264
5086.125456473227,95612.5773694332
5086.151906964177,95004.04510932507
5086.178357592684,94796.77604109276
5086.204808358748,94164.99535994498
5086.231259262368,94322.30129233518
5086.257710303548,93665.33792550911
5086.284161482287,93342.14769250479
5086.310612798586,92468.12567188087
5086.337064252445,92333.05911515593
5086.363515843866,91784.6590063692
5086.389967572848,90802.11616439313
5086.416419439393,90427.88336454348
5086.442871443502,89774.62344254463
5086.469323585175,88923.19640425565
5086.495775864412,88167.62935394653
5086.522228281216,87076.3941375391
5086.548680835585,85248.03847768057
5086.575133527522,82987.68090481976
5086.6015863570265,80297.28132730334
5086.628039324099,76907.25378302998
5086.654492428741,72979.38572532976
5086.6809456709525,68380.51231826248
5086.707399050734,63321.754405364794
5086.733852568088,58536.109369426646
5086.760306223014,54423.054735287944
5086.786760015512,51420.86531860045
5086.813213945584,50096.47893362766
5086.83966801323,50667.50446668863
5086.866122218451,52765.08599741049
5086.892576561247,56193.35850985152
5086.91903104162,60533.89050419899
5086.945485659569,64963.039396321416
5086.971940415097,69313.62200878964
5086.998395308203,73732.96713942503
5087.0248503388875,77961.84903312716
5087.051305507153,81560.05630669431
5087.077760812998,84661.74787273744
5087.104216256425,87456.99826472205
5087.130671837434,89608.74852849015
5087.157127556026,91090.13481770549
5087.183583412201,92887.23982306542
5087.210039405961,93966.04510575604
5087.236495537304,95166.41919034504
5087.262951806234,95450.43732306037
5087.2894082127505,95789.72039732407
5087.315864756853,96155.47348610667
5087.342321438545,96183.59061080114
5087.368778257824,95701.15977696408
5087.395235214693,95389.55869392355
5087.421692309151,94434.8565088072
5087.4481495412,93991.57642369957
5087.4746069108405,93019.3887236217
5087.501064418073,91875.71848749058
5087.527522062898,91344.59156397745
5087.553979845317,90765.38894999724
5087.580437765329,91040.91673807851
5087.606895822938,91301.74710286756
5087.633354018141,91729.92514153711
5087.659812350941,92141.5225673982
5087.6862708213375,92619.5888520432
5087.712729429332,93258.43136862224
5087.739188174925,93459.40623953933
5087.765647058118,93727.9923662
5087.79210607891,93545.04315583738
5087.818565237303,93390.83778996268
5087.845024533297,93221.06186653822
5087.871483966894,92621.51772769434
5087.8979435380925,92149.59349219699
5087.924403246895,91850.25256251523
5087.950863093301,91701.85675397623
5087.9773230773135,91800.30009036639
5088.00378319893,92400.12023923823
5088.0302434581545,93015.49086100723
5088.056703854985,93683.70313833919
5088.0831643894235,93884.55132241575
5088.109625061471,94206.63361429733
5088.136085871127,94660.90932642698
5088.162546818393,94684.5755048329
5088.18900790327,94660.70861525585
5088.215469125758,94361.40586368808
5088.241930485859,94022.11986484718
5088.268391983572,93381.89488683769
5088.294853618899,92802.85829828419
5088.32131539184,92218.28203100205
5088.347777302395,92131.06269303766
5088.374239350566,92276.1295398815
5088.400701536355,92154.92409499463
5088.427163859759,92615.07384923409
5088.453626320782,92999.98618444221
5088.480088919424,92946.11825223813
5088.506551655684,93541.91557667845
5088.533014529565,93634.54419702287
5088.5594775410655,94076.38673740264
5088.585940690188,94206.4384702793
5088.612403976933,94562.90704192218
5088.638867401301,94604.49255996711
5088.665330963291,94926.62538914787
5088.691794662906,95365.69896119801
5088.718258500147,95819.51487316578
5088.744722475013,96321.78832187645
5088.771186587505,96486.29264700116
5088.797650837625,96264.67185800747
5088.824115225372,96469.5009020822
5088.850579750748,96653.04243136865
5088.877044413753,96663.41434554405
5088.903509214388,96900.86256603443
5088.929974152654,96999.37933520589
5088.956439228551,96876.07267295664
5088.98290444208,96542.76362945445
5089.0093697932425,96397.4686756773
5089.035835282038,96692.43634510711
5089.0623009084675,96437.27758450102
5089.088766672533,95987.35329407468
5089.115232574233,95769.67939001482
5089.14169861357,95343.29376023747
5089.168164790544,95133.4778885054
5089.194631105156,95321.82554323647
5089.221097557407,94913.72424383844
5089.2475641472965,94580.8640605699
5089.274030874827,94780.80499050209
5089.300497739998,95161.38003508707
5089.32696474281,95501.64934923552
5089.3534318832635,95580.19565753176
5089.37989916136,95794.16196314835
5089.406366577101,96113.9794227187
5089.432834130486,96349.86053310144
5089.459301821516,96330.96255054628
5089.485769650191,96316.3474735334
5089.512237616514,96128.80630722226
5089.5387057204825,95624.94781322294
5089.5651739621,95443.58513488164
5089.5916423413655,95138.30003445585
5089.6181108582805,94830.16951129309
5089.644579512846,94544.25127023077
5089.671048305061,94858.97606905847
5089.6975172349285,95059.21484906206
5089.723986302448,95150.71927123281
5089.75045550762,95001.0484357291
5089.776924850446,94665.2193645582
5089.8033943309265,94806.79819522759
5089.829863949061,94685.17120178099
5089.856333704853,94310.50140137067
5089.8828035983,93648.71000832571
5089.909273629404,93380.347727328
5089.935743798167,92392.51792436838
5089.9622141045875,90507.00014777797
5089.988684548668,88750.36593365723
5090.015155130409,86634.49215081403
5090.04162584981,83413.39923550129
5090.068096706873,79753.83201022893
5090.094567701597,75703.54665655874
5090.121038833985,72160.01741307588
5090.147510104037,69538.354867606
5090.173981511753,68259.49451442824
5090.200453057133,68472.69975387733
5090.226924740179,70606.32539665591
5090.253396560893,73522.34268584366
5090.279868519273,76357.40784065666
5090.306340615321,79265.97339205802
5090.3328128490375,81884.44029247608
5090.359285220424,84888.45413100807
5090.38575772948,87363.63094278477
5090.412230376207,88824.13098869838
5090.438703160606,90634.97658190399
5090.465176082676,91925.01109030785
5090.49164914242,93255.30410516087
5090.518122339837,93928.19537715772
5090.544595674929,94653.26762438746
5090.571069147695,95344.02829007103
5090.597542758138,95438.32897404689
5090.624016506257,95637.48026773083
5090.650490392053,96197.64547582601
5090.676964415527,95975.82202080217
5090.70343857668,95584.25564175556
5090.729912875512,95664.77591243306
5090.756387312024,96038.73029425024
5090.782861886218,96085.85168953956
5090.809336598092,96177.99076651435
5090.835811447649,96030.87175771495
5090.862286434889,96194.38971659244
5090.888761559812,96944.61172303434
5090.91523682242,96548.11945507966
5090.941712222713,96638.5055492479
5090.968187760692,97140.2921015201
5090.994663436357,96628.22849096206
5091.021139249709,96543.44345861848
5091.04761520075,96629.10751739862
5091.074091289479,96504.45024973387
5091.100567515898,96665.75951638256
5091.127043880007,96673.52536028557
5091.153520381806,96763.87334032715
5091.179997021297,96668.30999287126
5091.20647379848,96268.42099217726
5091.232950713356,96323.41293487819
5091.259427765926,96260.2241654972
5091.285904956191,96454.42965440685
5091.312382284151,96639.60243712233
5091.338859749806,96462.0510336388
5091.365337353158,96710.62728767283
5091.391815094207,96886.75721219271
5091.418292972954,96769.78118394765
5091.4447709894,96785.9880318918
5091.471249143546,96584.78408210033
5091.497727435391,96426.74287291335
5091.524205864937,96379.32199701657
5091.550684432185,96021.96260555899
5091.577163137135,95681.93107997498
5091.603641979788,95222.81092090141
5091.630120960145,95008.88607120255
5091.656600078207,94934.17952936949
5091.683079333973,95041.24090523583
5091.709558727445,95003.64305953337
5091.736038258625,94833.20177104603
5091.762517927511,95151.0251304185
5091.788997734105,95552.42150803082
5091.815477678408,95891.91511220258
5091.84195776042,95707.33141464379
5091.8684379801425,95648.16700987097
5091.894918337576,96247.3441549731
5091.921398832721,96475.18416595066
5091.947879465579,96347.68173357275
5091.97436023615,95915.57293899123
5092.000841144433,95569.5408971325
5092.027322190432,95124.20041593444
5092.053803374146,94230.93565066568
5092.080284695576,93308.0935302729
5092.106766154721,92291.93551573572
5092.133247751585,91345.35219869048
5092.159729486167,90656.75537136661
5092.1862113584675,89909.83086131208
5092.212693368488,89354.39381645905
5092.239175516227,89421.41775051138
5092.265657801689,90110.5457114415
5092.292140224871,90962.57813632181
5092.318622785776,91671.04566019945
5092.345105484404,92318.51141292558
5092.371588320756,92437.63627371809
5092.398071294831,93191.5870190803
5092.424554406633,93991.66411497681
5092.45103765616,94499.27010000196
5092.4775210434145,94469.17247065419
5092.504004568396,95087.00772740631
5092.530488231106,95419.23163405541
5092.556972031543,95856.2438992133
5092.583455969711,96213.04734299857
5092.60994004561,96174.82240141979
5092.636424259238,96229.3130954958
5092.662908610599,96096.17251687292
5092.689393099692,96183.52096582382
5092.715877726518,96038.76465109836
5092.742362491077,95192.54489084176
5092.768847393371,94540.8338873731
5092.795332433401,94004.68226426796
5092.821817611167,93714.87231889975
5092.848302926669,93128.78074099457
5092.874788379909,92978.53777698733
5092.901273970886,92818.39815299262
5092.927759699603,93033.30171669264
5092.9542455660585,92977.925447466
5092.980731570255,93462.3661195936
5093.007217712192,93743.44119375174
5093.03370399187,94312.59338839007
5093.060190409292,94857.07461988956
5093.086676964456,95215.91823743364
5093.113163657365,95709.5777738108
5093.139650488017,95944.89803411652
5093.166137456415,96015.02731622897
5093.192624562559,96248.90663722296
5093.219111806449,96915.5630785005
5093.245599188088,96660.79191341714
5093.272086707474,97086.34213128121
5093.298574364609,97345.12347922694
5093.325062159493,97030.30034951972
5093.3515500921285,96862.05832065841
5093.378038162514,97487.29782086224
5093.404526370652,97585.0151496952
5093.4310147165415,97501.8024894755
5093.457503200185,97477.0818217626
5093.483991821582,97430.62507382857
5093.510480580733,97433.50608593223
5093.53696947764,97688.8930884831
5093.563458512303,97046.08848121484
5093.589947684723,97515.12716988844
5093.616436994899,96755.21346835492
5093.642926442835,96636.09439277466
5093.669416028529,96554.60919051188
5093.6959057519825,95528.29990808261
5093.722395613197,94720.68015660148
5093.748885612172,94045.95180236701
5093.775375748908,93236.15246174778
5093.8018660234075,92512.51391138179
5093.82835643567,93039.52331645724
5093.854846985696,93129.78856930483
5093.881337673486,93481.16290608761
5093.907828499043,93865.09879092846
5093.934319462364,94469.33904871022
5093.960810563453,95028.41635364521
5093.98730180231,95876.34553979027
5094.013793178935,95606.56465532
5094.040284693328,96036.94392790477
5094.066776345491,96810.29405841226
5094.093268135424,96780.9361492321
5094.1197600631285,96866.73861531637
5094.146252128605,96761.73648699767
5094.172744331854,96815.51446498603
5094.1992366728755,96371.90864103253
5094.225729151672,96883.82058624885
5094.252221768242,96558.00961774419
5094.2787145225875,96109.96358831589
5094.30520741471,95938.22020314826
5094.331700444608,96035.87846523857
5094.358193612285,96100.26090770839
5094.384686917739,96204.53095891823
5094.411180360972,96251.51154292874
5094.437673941985,96368.18729394929
5094.464167660779,96618.43883983893
5094.490661517353,96450.95134484963
5094.5171555117095,96963.04490062944
5094.543649643848,97384.52726659927
5094.57014391377,97395.70972004576
5094.596638321475,97325.14763856138
5094.623132866966,97025.51338607774
5094.649627550242,97370.29160466132
5094.676122371305,97332.05507025124
5094.702617330153,97670.86880357956
5094.7291124267895,97819.596214054
5094.7556076612145,97711.0860924182
5094.782103033428,97636.24566550953
5094.808598543431,97910.6210044035
5094.835094191225,97440.2697229619
5094.861589976809,97957.23386313219
5094.8880859001865,97428.94941091369
5094.914581961356,97795.67914322641
5094.941078160318,97693.60407893774
5094.967574497075,97484.29312050011
5094.994070971626,97705.45049414114
5095.020567583972,97687.40031486741
5095.047064334115,97976.1000550182
5095.073561222054,97609.78623509429
5095.100058247791,98090.91015608935
5095.126555411327,97941.59556430584
5095.153052712661,98024.65573735877
5095.1795501517945,97927.37740390559
5095.20604772873,98018.86951828038
5095.232545443465,98115.08105186986
5095.259043296002,98112.07954451199
5095.285541286343,98377.75221079541
5095.312039414486,98132.52791896998
5095.338537680434,97995.43392209431
5095.365036084186,98169.03414929223
5095.391534625743,98090.76670755213
5095.418033305107,98149.26070895289
5095.444532122277,98002.79338144326
5095.471031077255,97649.78525902226
5095.497530170042,96987.56760870862
5095.524029400638,97701.80684640587
5095.550528769043,97769.89187135287
5095.577028275259,97496.65317467928
5095.603527919286,96974.93981848004
5095.630027701124,97273.72642739971
5095.656527620776,97453.26011711961
5095.683027678241,97316.41296164265
5095.70952787352,97397.233004577
5095.736028206613,97471.00146849496
5095.762528677522,97271.57854731356
5095.789029286248,97410.77253268303
5095.81553003279,96944.09820017617
5095.84203091715,96797.3834093789
5095.868531939327,96776.16208800649
5095.895033099325,96602.71737710013
5095.921534397142,96166.90972742818
5095.948035832779,96137.19294754087
5095.974537406238,95843.4904074999
5096.001039117518,95204.22716953387
5096.027540966622,94888.17497001865
5096.054042953549,94554.40869194688
5096.080545078299,93326.94231851272
5096.1070473408745,92475.12319885747
5096.133549741276,90167.82853107099
5096.160052279503,87940.02809727857
5096.186554955557,85790.33393482305
5096.213057769439,83157.55532592398
5096.239560721149,79503.7131824066
5096.266063810689,75753.3826257971
5096.292567038058,71882.48681956812
5096.319070403258,68574.80139535858
5096.345573906288,65224.51300046937
5096.372077547152,62955.87299955123
5096.398581325847,62162.72323542264
5096.425085242377,62989.05396032093
5096.451589296739,64719.2915364833
5096.478093488937,67425.17772366817
5096.504597818971,69959.7671852525
5096.531102286841,71951.07245662398
5096.5576068925475,73136.0616068005
5096.584111636092,73777.67189110942
5096.610616517474,73596.4460385384
5096.637121536696,72586.40281015055
5096.6636266937585,71720.78557435176
5096.690131988661,70774.20259291015
5096.716637421405,70205.6749198998
5096.743142991991,70931.22435645749
5096.769648700419,71931.26980782811
5096.796154546691,73446.66763509673
5096.822660530806,74662.6498767541
5096.849166652767,75806.79074147624
5096.8756729125735,77285.27937063623
5096.9021793102265,79242.89346841475
5096.928685845726,81663.5292894592
5096.9551925190735,84158.58236104618
5096.98169933027,86517.63790478719
5097.008206279315,88716.66158108936
5097.03471336621,90590.68712812611
5097.061220590956,92157.96115963215
5097.0877279535525,93351.19312723597
5097.114235454002,94402.32604223538
5097.140743092304,95355.84174542881
5097.167250868459,96180.37872582523
5097.193758782468,96982.67546803395
5097.2202668343325,97022.3790383631
5097.246775024052,96998.17264096817
5097.273283351628,97311.03811168828
5097.299791817061,97282.6793964553
5097.326300420353,97329.62952252428
5097.352809161503,97496.53567558038
5097.379318040511,97171.44662877452
5097.40582705738,96700.07862779165
5097.4323362121095,96209.17903719659
5097.4588455047,96138.38063412346
5097.485354935153,96296.23226855308
5097.511864503468,96027.44938289476
5097.538374209647,96109.77251381626
5097.564884053691,96198.58213205994
5097.591394035599,95753.596161903
5097.617904155372,95534.07158276925
5097.644414413013,95538.20819254503
5097.670924808521,95379.23516557984
5097.6974353418955,94966.59985824478
5097.7239460131395,93773.88622524394
5097.750456822252,92545.41783421645
5097.776967769235,90708.91176421416
5097.803478854089,88624.23888463066
5097.829990076813,85993.85530750113
5097.856501437411,82306.32442012409
5097.88301293588,78279.11431791597
5097.909524572224,73521.96308285843
5097.936036346442,69010.9315806982
5097.962548258534,64599.58174904277
5097.989060308503,60446.74594071886
5098.015572496348,57269.3174451915
5098.04208482207,55356.1826778474
5098.06859728567,54125.46887400344
5098.095109887148,54248.476015156106
5098.121622626506,56114.85318087812
5098.148135503743,59395.04150661936
5098.174648518861,63085.29941191111
5098.201161671861,67228.43699048857
5098.227674962744,70840.89552341336
5098.254188391508,74563.22254702318
5098.280701958157,77354.70705222274
5098.3072156626895,79600.21469077969
5098.333729505107,80612.32710837253
5098.36024348541,81430.78972376548
5098.3867576036,81709.06205739315
5098.4132718596775,81577.34965103833
5098.4397862536425,81013.20986779757
5098.466300785496,81021.00498114956
5098.492815455239,80383.80826132488
5098.519330262871,80646.8108075789
5098.545845208395,80984.08313247796
5098.572360291811,80636.8203943244
5098.5988755131175,79923.12838941377
5098.625390872318,78884.74649852686
5098.651906369412,77740.10753551204
5098.6784220044,76548.6471433264
5098.704937777284,75975.06295831088
5098.731453688062,75987.15989802252
5098.757969736738,76990.10658458901
5098.784485923311,78539.71864444697
5098.811002247781,80214.7537913873
5098.837518710151,81920.16187291108
5098.864035310419,83765.36639530431
5098.890552048588,85045.60338502578
5098.9170689246575,86466.5890724769
5098.9435859386285,87911.93773168948
5098.970103090502,89104.67117795658
5098.996620380278,90005.32555817148
5099.023137807958,90967.5769279467
5099.049655373542,91106.51388639447
5099.076173077032,91171.87843475213
5099.102690918427,90548.41129044564
5099.129208897729,89661.54258284734
5099.155727014938,88473.42501250209
5099.182245270054,86421.8823018667
5099.20876366308,83692.50455940895
5099.235282194015,80837.62002405185
5099.261800862861,77559.00946413202
5099.288319669617,74551.76807910747
5099.314838614284,72801.51588102005
5099.341357696863,72742.69081820545
5099.367876917357,73934.8835460551
5099.394396275763,76061.13265574901
5099.420915772083,78652.15587904783
5099.4474354063195,81057.99500909811
5099.473955178471,83276.77318660117
5099.50047508854,85608.42114774669
5099.526995136526,87802.95407189999
5099.55351532243,89396.97442177264
5099.580035646252,90763.36940155677
5099.606556107994,92364.42581858381
5099.633076707656,92906.15960907153
5099.659597445239,93273.43908709261
5099.686118320744,93584.78422972928
5099.7126393341705,93607.75314382857
5099.739160485521,93473.38309235331
5099.765681774795,92722.78436756683
5099.792203201992,91850.7603149227
5099.818724767116,90581.65291113942
5099.845246470165,88817.76047911114
5099.871768311141,87105.9497478175
5099.898290290044,84265.40348006503
5099.924812406875,80557.25968854307
5099.951334661635,76777.32823893122
5099.977857054325,73009.61330169623
5100.004379584944,68800.3843005131
5100.030902253495,65389.931671606806
5100.057425059977,63526.6775491123
5100.0839480043915,62411.92318359334
5100.110471086739,62532.37091659237
5100.13699430702,62939.622288103885
5100.163517665236,63569.726186044194
5100.190041161388,64317.09063062722
5100.216564795474,65369.16615579852
5100.2430885674985,67339.63896418159
5100.269612477459,69468.1596401972
5100.296136525359,72694.02932379671
5100.3226607111965,76305.79899833459
5100.349185034974,79649.73043417979
5100.375709496692,82982.2590249403
5100.402234096351,86009.29535731574
5100.428758833951,88550.05079055905
5100.455283709494,91007.32957679611
5100.48180872298,92679.73110463814
5100.50833387441,93983.95747941671
5100.534859163784,94981.17121329867
5100.561384591104,95985.56803130129
5100.587910156369,96795.6566254427
5100.614435859581,97304.44447902913
5100.640961700741,97536.55877779868
5100.667487679849,97950.92742590587
5100.694013796906,97999.08985967706
5100.7205400519115,98056.1703790883
5100.747066444868,98238.71588574327
5100.7735929757755,98373.1109841976
5100.800119644635,98597.97658519895
5100.826646451446,98648.42182380125
5100.853173396212,98621.48322082878
5100.87970047893,98543.07960435981
5100.906227699604,98454.53043123706
5100.932755058232,98614.20339116757
5100.959282554817,98228.95364951954
5100.985810189358,98606.12097404106
5101.012337961857,98799.88278078224
5101.038865872314,98560.62774423903
5101.0653939207305,98369.48392522226
5101.091922107105,98387.30676145112
5101.1184504314415,98309.62980725795
5101.144978893738,98115.2677241306
5101.171507493997,97752.38821789264
5101.198036232218,97887.46856878886
5101.224565108402,97715.6370241872
5101.251094122551,98066.9194080782
5101.277623274664,97957.32839075522
5101.304152564742,97489.16449650064
5101.330681992787,97953.0151442214
5101.357211558798,97990.4393882281
5101.383741262776,98284.64555282227
5101.4102711047235,97926.46462663975
5101.436801084639,97991.13289955401
5101.463331202524,97960.66153655198
5101.48986145838,97869.54092998974
5101.516391852208,97716.49157477044
5101.542922384006,97433.50868493436
5101.569453053778,97195.76951063324
5101.595983861522,96319.5948152169
5101.62251480724,95653.36149221094
5101.649045890934,94901.32789680995
5101.675577112602,93878.48945974589
5101.702108472246,92586.4409485583
5101.728639969868,90808.82784093809
5101.755171605468,89273.87367778925
5101.781703379044,87861.90740362795
5101.808235290601,86890.81344593699
5101.834767340137,86499.25437855897
5101.8612995276535,86606.89536559685
5101.887831853151,87034.95667488978
5101.914364316631,88043.47899373349
5101.940896918092,88983.86596412078
5101.967429657538,90281.72827495205
5101.993962534967,91739.89641189507
5102.020495550381,92781.62799727356
5102.047028703781,93702.72983018484
5102.0735619951665,94658.95789308757
5102.100095424539,95212.02256058241
5102.126628991899,95452.24617681505
5102.153162697247,96054.68822226777
5102.179696540585,95861.71942477729
5102.206230521912,95290.79573297748
5102.23276464123,94948.12064741041
5102.259298898539,94315.62717081093
5102.2858332938395,93318.62876617465
5102.312367827133,92429.6002879226
5102.33890249842,91541.07953318962
5102.365437307701,91462.79911675407
5102.391972254976,91039.91205627426
5102.418507340248,90899.89647428211
5102.445042563515,90945.20710909233
5102.471577924779,91147.72855752385
5102.498113424041,92423.77620610343
5102.524649061301,93151.16484445306
5102.55118483656,93482.32961422067
5102.5777207498195,94057.31180307132
5102.604256801079,95027.81592328669
5102.63079299034,95572.6600771608
5102.6573293176025,96384.05658907694
5102.683865782868,96734.00406691851
5102.710402386137,97046.18840651821
5102.73693912741,97166.14194557903
5102.763476006688,97604.70861460292
5102.790013023971,98141.4228273173
5102.816550179261,98212.50915626637
5102.843087472557,98272.08080962652
5102.869624903861,98135.14268510487
5102.896162473174,98597.76299433065
5102.922700180496,98796.05328213958
5102.949238025827,98571.09362756374
5102.97577600917,98924.47644463682
5103.002314130523,98766.25698564168
5103.028852389889,98596.08781947942
5103.055390787266,98820.94885996365
5103.081929322659,98814.36323226351
5103.108467996064,98531.81377063654
5103.135006807484,99748.39354664485
5103.1615457569205,99528.05626456144
5103.188084844373,98445.35012692974
5103.214624069843,98079.30677040064
5103.24116343333,97923.57953843796
5103.267702934836,97414.08647050994
5103.294242574361,97043.8281460165
5103.320782351906,96635.71010670405
5103.347322267471,95470.08299371254
5103.373862321058,94816.18316622362
5103.400402512667,93767.1663496488
5103.426942842299,92986.37018606378
5103.453483309953,92563.54303040817
5103.480023915633,92255.48243107124
5103.506564659337,92136.64707655115
5103.533105541067,91532.64140960258
5103.559646560823,91196.29185053172
5103.586187718606,91249.92114087266
5103.612729014417,91262.80208659556
5103.639270448257,91789.44310860561
5103.6658120201255,91883.74590558678
5103.6923537300245,91715.568682627
5103.718895577954,91423.1505888438
5103.7454375639145,91196.7176663634
5103.771979687907,90483.52870048695
5103.798521949932,89992.22203126298
5103.825064349992,89732.57009453338
5103.851606888085,89897.86398731015
5103.878149564213,90932.40033332817
5103.904692378378,91833.66824316407
5103.931235330579,92354.34235033217
5103.957778420816,93404.47673988134
5103.984321649092,94304.05775781795
5104.010865015405,94936.95123460675
5104.037408519759,95433.28071420954
5104.0639521621515,96508.47213156028
5104.090495942586,97223.88370967844
5104.117039861061,97610.09763141561
5104.143583917579,97757.23037285365
5104.1701281121395,98195.41999003934
5104.196672444743,97973.16074211699
5104.223216915391,98286.04024146961
5104.2497615240845,98714.98274062647
5104.276306270824,98675.54009414799
5104.3028511556095,98584.99281115417
5104.329396178442,98301.21889539559
5104.355941339323,98541.02781854782
5104.382486638252,98646.77615104099
5104.40903207523,98284.72138493745
5104.435577650259,98148.0594675892
5104.462123363339,97974.56502948263
5104.488669214469,97446.67909028199
5104.515215203653,97035.76451979994
5104.541761330888,96688.02856431357
5104.568307596178,96123.84236423013
5104.594853999522,95799.12680530896
5104.62140054092,95631.79646898004
5104.6479472203755,95707.7504753567
5104.674494037887,95400.39105757793
5104.701040993455,95230.80531785413
5104.727588087081,94745.26006741887
5104.754135318766,93746.38617984449
5104.780682688511,92799.15774466332
5104.807230196316,91402.19983170836
5104.833777842181,89574.65299832079
5104.860325626108,87931.33579588735
5104.886873548096,86482.10459794116
5104.913421608149,84937.5711743784
5104.939969806264,84544.04646777533
5104.966518142445,84327.23961666928
5104.99306661669,85481.1045463694
5105.019615229002,86539.37958722026
5105.046163979379,88212.83798779795
5105.0727128678245,89878.23820771048
5105.099261894337,90844.25729386638
5105.125811058919,92112.44278285222
5105.15236036157,93386.86647157828
5105.178909802291,94454.37947384991
5105.2054593810835,95164.52014561743
5105.232009097947,95497.69887684059
5105.258558952883,96275.61283017044
5105.285108945892,96743.14324738187
5105.311659076975,97032.38019521245
5105.338209346132,96953.53257736303
5105.3647597533645,97139.60983687358
5105.391310298673,96969.67383862454
5105.417860982057,96717.20140345694
5105.44441180352,97097.33667172572
5105.47096276306,96728.92096720301
5105.49751386068,96732.48868944916
5105.524065096378,96643.17763423244
5105.5506164701565,96601.71692926016
5105.577167982016,96443.79650998532
5105.603719631958,96524.60810586506
5105.630271419981,96504.30667843227
5105.656823346088,96842.48838624063
5105.683375410278,97123.47668642456
5105.709927612553,97091.87977868802
5105.736479952913,97341.6476997588
5105.7630324313595,97203.94440083046
5105.789585047893,97225.15426879481
5105.8161378025125,97157.38157749166
5105.842690695221,96952.97142335874
5105.869243726018,96772.2904777935
5105.895796894904,97165.03970266208
5105.922350201881,97270.57612151488
5105.9489036469495,96737.46826451909
5105.975457230109,96352.33723027473
5106.002010951361,96644.2071455555
5106.0285648107065,96869.95722833354
5106.055118808145,97042.2663594578
5106.081672943678,97071.79010157663
5106.108227217307,97441.45721957387
5106.134781629033,97416.20465862719
5106.161336178854,97891.35214357014
5106.187890866773,98058.02301708554
5106.21444569279,98173.35339675313
5106.241000656906,98556.82053976282
5106.267555759121,98475.25850293825
5106.294110999437,98606.42432378278
5106.320666377855,98820.19651543326
5106.3472218943725,98899.97510576405
5106.3737775489935,98568.59053279946
5106.400333341719,98428.23594946097
5106.426889272547,98589.02257707511
5106.453445341479,98040.9749509033
5106.480001548517,97555.30248689107
5106.506557893662,97313.62978595239
5106.533114376913,96349.81820507019
5106.559670998271,95361.70762565365
5106.586227757738,94240.83257990699
5106.612784655314,92298.53991885151
5106.639341690999,90017.96397389384
5106.665898864794,87443.15967683072
5106.692456176701,83678.23129627456
5106.719013626719,79110.7274612046
5106.74557121485,74788.25674499564
5106.772128941095,69368.71588981184
5106.798686805452,64411.83960674558
5106.825244807926,60014.41502406356
5106.851802948514,57092.359766241316
5106.878361227218,54655.00649220836
5106.904919644039,53000.94287530769
5106.931478198978,51089.79716862873
5106.958036892035,49862.430727300074
5106.984595723211,48953.77985444187
5107.011154692506,49257.990192062156
5107.037713799923,50603.14726549908
5107.06427304546,53366.70987472457
5107.0908324291195,57674.22691097418
5107.117391950901,62429.06321354767
5107.143951610806,67721.38695254835
5107.1705114088345,72559.26503024218
5107.197071344988,76710.7123421366
5107.223631419268,80845.39593029731
5107.250191631672,84116.30849259626
5107.276751982205,86835.81102920657
5107.3033124708645,88969.07115975361
5107.329873097653,91222.6616875105
5107.35643386257,93388.02683463044
5107.382994765617,94444.04435168635
5107.409555806794,95162.34144659579
5107.436116986103,95909.48001399885
5107.462678303544,96784.25537717275
5107.489239759117,97213.4385440268
5107.515801352823,97181.11135801778
5107.5423630846635,97722.13103835215
5107.5689249546385,97430.36865456185
5107.595486962749,97641.6827274514
5107.622049108996,97763.89200564765
5107.648611393381,97339.12724265357
5107.675173815902,97154.62945198642
5107.701736376563,96834.90625137986
5107.728299075361,96100.60185306276
5107.7548619123,95964.41754286122
5107.781424887379,96014.1448372043
5107.807988000601,95522.22284479454
5107.834551251963,95718.15954685769
5107.861114641469,96251.49395009695
5107.887678169117,96075.42331772608
5107.91424183491,96761.16123476333
5107.940805638847,96614.10369107654
5107.9673695809315,97100.16311311007
5107.993933661161,96883.26472033188
5108.020497879537,97017.45650445983
5108.047062236062,97712.92391816665
5108.073626730734,97722.97951911994
5108.100191363556,97620.93936569188
5108.126756134528,97524.6900667604
5108.15332104365,97787.0152038898
5108.179886090924,97680.13856973765
5108.20645127635,97506.62281042516
5108.233016599928,97176.83023801088
5108.25958206166,96603.40045533016
5108.286147661546,96591.16146389318
5108.312713399587,96584.88132306321
5108.339279275783,96386.59461004163
5108.365845290136,96509.51992290303
5108.392411442646,97044.19077971368
5108.418977733314,97186.82583342335
5108.44554416214,97294.01952839112
5108.472110729126,97636.60852325136
5108.4986774342715,97907.68445189601
5108.525244277577,97946.81731955102
5108.551811259044,98231.77480793063
5108.578378378675,98197.99147929113
5108.604945636466,98089.5291430592
5108.631513032422,98335.33121045734
5108.658080566543,98186.25557610385
5108.684648238827,98008.22554803216
5108.711216049278,97688.20935325423
5108.737783997895,97132.85538729279
5108.76435208468,96595.94627635722
5108.7909203096315,96016.33366894534
5108.817488672752,94707.91785105935
5108.844057174042,93441.80461054722
5108.870625813502,91993.21141205594
5108.897194591133,89314.87930093276
5108.923763506935,86961.14317406461
5108.9503325609085,84114.7359579822
5108.976901753055,81219.38498045172
5109.003471083376,78329.14851672393
5109.030040551871,76548.95527025049
5109.056610158541,76303.35160868493
5109.083179903387,77283.17590916855
5109.109749786408,78456.3393855939
5109.136319807608,80858.65489881813
5109.162889966985,83212.2523056005
5109.189460264541,85562.38396067903
5109.216030700276,87621.21665623145
5109.242601274192,89328.76392215502
5109.269171986287,90873.02085951914
5109.295742836564,92532.77626050648
5109.322313825024,93934.91884947217
5109.348884951667,94894.32398117136
5109.375456216493,95423.2479748497
5109.402027619503,95628.44871814514
5109.428599160699,95617.77896786085
5109.45517084008,95361.65428741569
5109.481742657649,94872.18280568584
5109.508314613404,94127.28197135746
5109.534886707347,92489.97585631728
5109.561458939479,89998.74117715597
5109.5880313098005,87700.23763612614
5109.6146038183115,84104.97654746604
5109.641176465014,80195.18845848292
5109.6677492499075,75339.39367355316
5109.694322172993,70726.51573290426
5109.720895234273,65857.45708653209
5109.747468433745,61116.7898245162
5109.774041771412,58164.08277406318
5109.800615247274,57481.91095544041
5109.827188861333,58036.454906388804
5109.853762613587,60033.69293851818
5109.880336504039,63689.49881754262
5109.906910532689,67345.70708147246
5109.933484699538,71583.22559676523
5109.960059004586,75597.87243504588
5109.986633447835,78361.99628176246
5110.013208029283,82077.15747021143
5110.039782748934,84556.95367459265
5110.066357606787,86313.07932292241
5110.092932602844,87618.20462041597
5110.119507737104,88800.22987755992
5110.146083009568,89722.62545700761
5110.172658420238,90752.67607627201
5110.199233969113,91827.9989069503
5110.225809656195,92724.9949645548
5110.252385481485,93537.25478825271
5110.278961444983,94241.67777174035
5110.305537546689,94830.8451009178
5110.332113786605,95834.64290308507
5110.358690164731,96578.32047951457
5110.385266681069,97105.40552554536
5110.411843335618,97242.55265168873
5110.438420128379,97415.48621581554
5110.464997059354,97544.77224386983
5110.491574128541,97868.59803048549
5110.518151335944,97552.39296487618
5110.544728681562,97685.24866856894
5110.571306165396,98060.61681911269
5110.597883787447,98180.24845067569
5110.624461547715,98362.98991580131
5110.651039446201,98259.031475494
5110.6776174829065,98217.56652741402
5110.704195657831,98362.11456626862
5110.730773970976,98374.32440075875
5110.757352422342,98139.04430856183
5110.78393101193,98298.59759958732
5110.81050973974,98668.30565438322
5110.837088605774,98502.18983491391
5110.8636676100305,98608.12723913376
5110.890246752512,98624.09870538831
5110.91682603322,98524.83821191493
5110.943405452153,98547.69343482873
5110.969985009313,98178.33499913214
5110.9965647047,98090.70151717508
5111.023144538316,98141.4180531766
5111.049724510161,98109.12351806571
5111.076304620235,98056.31490661575
5111.10288486854,98002.97310372835
5111.129465255075,98115.34929225172
5111.156045779843,97895.2960861078
5111.182626442843,98147.64795981164
5111.209207244076,98027.02837946941
5111.235788183543,97697.4662726329
5111.262369261245,97811.21106040613
5111.288950477183,97856.15666309597
5111.315531831356,97632.1100613911
5111.342113323766,97767.74535968599
5111.368694954414,97358.67192184147
5111.3952767233,97209.02078958933
5111.421858630425,96951.75283520018
5111.44844067579,95899.4482813512
5111.475022859395,94863.70366753906
5111.501605181242,93302.75413061072
5111.528187641329,91742.33070616747
5111.554770239661,89490.97428657662
5111.5813529762345,86644.63678923836
5111.607935851052,84253.38563400779
5111.634518864115,82443.21648759775
5111.661102015423,81207.50057097354
5111.687685304978,80949.79979761227
5111.71426873278,82089.06606945928
5111.740852298828,83568.96439363167
5111.767436003126,85531.4688705903
5111.794019845672,87183.17351268615
5111.820603826468,89178.33427668478
5111.847187945515,90534.79941231331
5111.873772202813,92584.18957455564
5111.900356598362,94163.56101511499
5111.926941132165,94714.83187334164
5111.953525804221,95886.43571453057
5111.9801106145305,97229.21846475007
5112.0066955630955,97569.0022743107
5112.0332806499155,98344.86200481988
5112.059865874992,98641.1254486467
5112.086451238325,98859.8320525014
5112.113036739916,99321.28678389509
5112.139622379766,99207.57798530789
5112.166208157874,99526.68777302119
5112.192794074243,99351.12287870844
5112.219380128872,99402.11056361026
5112.245966321762,99319.32186499744
5112.272552652915,99341.28584799138
5112.2991391223295,99371.27156602945
5112.325725730008,99455.26208760825
5112.35231247595,99022.54320992858
5112.378899360158,98642.21669389219
5112.405486382631,98329.89260332368
5112.43207354337,98083.73517029974
5112.458660842377,98033.34240548495
5112.4852482796505,97902.33245095282
5112.511835855194,97475.28728658926
5112.538423569005,97346.98880671243
5112.565011421087,97197.92054940229
5112.591599411439,97130.4177494413
5112.6181875400625,97348.04425342398
5112.644775806959,97337.3526014986
5112.671364212127,97380.66893621995
5112.697952755569,96995.85884359507
5112.724541437286,97200.95627404534
5112.751130257277,97152.55700584699
5112.777719215544,97125.08059711846
5112.8043083120865,96615.29328222979
5112.830897546906,96249.61580783395
5112.857486920005,96439.35938699935
5112.884076431382,96740.44921645924
5112.910666081038,97007.31433097032
5112.937255868973,97376.48196755142
5112.96384579519,97792.00295703475
5112.990435859688,98209.23887222137
5113.017026062468,98280.0055054759
5113.043616403531,98777.76988914417
5113.070206882877,98769.69236086137
5113.096797500508,98943.94555010738
5113.123388256424,98958.10755017289
5113.149979150625,99149.24776905839
5113.176570183114,99486.57320233985
5113.203161353888,99618.00669995912
5113.229752662952,99320.2486522996
5113.256344110303,99565.7458177588
5113.282935695944,99675.86613892697
5113.309527419875,99665.29188310145
5113.336119282097,99732.37703606681
5113.36271128261,99934.36142213215
5113.389303421415,100127.46327829323
5113.415895698514,99536.72047176473
5113.442488113906,99530.47696658199
5113.469080667592,99522.1290661439
5113.495673359574,99733.1569828468
5113.522266189851,99497.05282863132
5113.548859158424,99171.96276653215
5113.575452265295,99532.00626040899
5113.602045510464,99593.67642858448
5113.628638893932,99047.11647258153
5113.655232415698,98903.14363733701
5113.6818260757655,98688.86378707203
5113.708419874133,98340.37133201737
5113.735013810803,97944.91799193491
5113.7616078857745,96742.48440360113
5113.788202099049,95245.30513935418
5113.814796450628,94096.31555382423
5113.841390940511,92929.07062173061
5113.867985568699,91839.53648830262
5113.894580335193,89941.44151412742
5113.921175239992,88284.47778748164
5113.947770283101,87547.65581222995
5113.974365464516,87273.30411920161
5114.00096078424,87733.79326201348
5114.027556242275,88450.14959609338
5114.054151838619,89947.22943918733
5114.080747573274,91557.75745810964
5114.1073434462405,92443.46634805779
5114.13393945752,93360.16698534219
5114.160535607111,94612.8407956147
5114.187131895017,95558.40274981382
5114.213728321238,96805.13658544223
5114.240324885773,97405.07606070665
5114.266921588624,98095.55117784823
5114.293518429792,98294.48121921324
5114.320115409278,98184.42994496967
5114.346712527082,97963.66620360692
5114.373309783204,97990.7780958594
5114.399907177646,98107.86510204063
5114.426504710408,98091.96798667179
5114.453102381491,97462.44435855879
5114.4797001908955,97452.06206494266
5114.506298138623,96521.78393592914
5114.532896224673,95900.16434776213
5114.559494449048,94844.50454907866
5114.586092811746,93679.10446889009
5114.61269131277,92111.5251221848
5114.639289952121,90474.65607067602
5114.665888729797,87628.40841271526
5114.6924876458015,84538.12230665021
5114.719086700134,81715.55736922013
5114.745685892795,78767.57810194712
5114.772285223786,77002.6231423818
5114.798884693107,76602.64034880979
5114.825484300759,77376.53022758
5114.852084046744,79439.70114363932
5114.87868393106,81489.84571795735
5114.905283953709,83759.65928850637
5114.931884114693,86314.7870408998
5114.958484414011,88604.82171649054
5114.985084851664,90319.6991969071
5115.011685427654,91816.82536530933
5115.03828614198,92987.08804922368
5115.064886994644,94029.8360344593
5115.091487985646,95120.3756201272
5115.118089114988,95264.2671782834
5115.144690382669,95809.68438626236
5115.17129178869,95564.04843499052
5115.197893333052,96202.81130353388
5115.2244950157565,96322.25894548534
5115.251096836803,96510.68048414636
5115.277698796193,97032.5137456236
5115.304300893927,96126.40648219104
5115.330903130006,96058.51322148569
5115.357505504429,95545.48861160895
5115.3841080172,94846.22568489145
5115.410710668317,94694.79076740131
5115.437313457782,94367.44480612104
5115.4639163855945,94263.70788414395
5115.490519451757,94531.20852553802
5115.517122656269,94930.684062962
5115.54372599913,95990.863049456
5115.570329480344,96480.73377558222
5115.59693309991,97250.15404795551
5115.623536857827,97349.44717978348
5115.650140754098,97970.93697735821
5115.676744788724,98650.87006454614
5115.703348961704,99152.08279209996
5115.729953273039,99305.89970155986
5115.7565577227315,99322.89012000027
5115.78316231078,99427.57215881851
5115.809767037187,99724.64690291267
5115.836371901952,99892.17693606843
5115.862976905076,100218.373094772
5115.88958204656,99769.94548468097
5115.916187326404,99967.51210533518
5115.942792744609,99871.74150991585
5115.969398301177,99196.01813430822
5115.996003996107,99093.1094902515
5116.022609829401,99236.43636686135
5116.049215801058,98870.08536135033
5116.075821911081,98266.08115553863
5116.102428159469,98175.41644327341
5116.129034546223,98414.05787937171
5116.155641071345,98812.7345800459
5116.182247734834,98547.29733676674
5116.208854536691,98737.96205166528
5116.235461476918,98773.61234164746
5116.262068555516,98679.60718709222
5116.288675772483,98498.64542310033
5116.315283127821,98398.08013322078
5116.341890621532,98269.66866890446
5116.368498253616,97768.92971276301
5116.395106024072,97699.2123159973
5116.421713932904,97295.86334180356
5116.44832198011,97007.07257183881
5116.474930165692,96439.52750197667
5116.501538489651,95953.79721145869
5116.528146951985,95410.64045738964
5116.554755552698,95318.7923512897
5116.58136429179,95277.69486765264
5116.607973169261,95455.43128047639
5116.634582185112,95954.11481324403
5116.6611913393435,96704.85434715728
5116.687800631956,96900.97930753665
5116.714410062951,97362.50539556997
5116.741019632329,98066.50924467942
5116.76762934009,98337.65848134996
5116.794239186236,98366.11561390478
5116.820849170766,98890.54407941208
5116.847459293684,99039.0965688996
5116.874069554986,99272.13098367798
5116.900679954676,99937.07585699447
5116.927290492754,100070.20344427979
5116.95390116922,99935.35792199119
5116.980511984077,100260.51768369005
5117.0071229373225,99904.10416244598
5117.033734028959,100032.75388464723
5117.060345258988,99879.2370096962
5117.086956627408,99903.57622446076
5117.113568134221,99525.0829346675
5117.140179779428,99459.7894674618
5117.166791563029,99883.74461252369
5117.193403485026,99196.03604535245
5117.2200155454175,98530.17728077211
5117.246627744206,98244.00026415903
5117.273240081392,97618.29333368121
5117.299852556976,97256.32261995508
5117.326465170959,96986.853051575
5117.353077923341,97233.48915216897
5117.379690814123,97184.31195638397
5117.406303843305,97982.47345044286
5117.43291701089,98019.67428526928
5117.459530316877,98558.33296425757
5117.486143761266,98604.6872432383
5117.5127573440595,99125.97407487249
5117.539371065258,99399.79822895092
5117.5659849248605,99651.95564623723
5117.59259892287,100037.48149738851
5117.619213059285,100103.37755190431
5117.645827334108,100570.21129407235
5117.672441747339,100677.66300784989
5117.699056298979,100458.27795202212
5117.725670989028,100408.93104620493
5117.752285817487,100561.095140191
5117.778900784358,99906.88828840878
5117.8055158896395,100791.68596314023
5117.832131133333,100598.23641635965
5117.8587465154405,100725.08753268271
5117.885362035961,101042.25744803259
5117.911977694897,100690.70969715156
5117.938593492248,100477.14391213517
5117.9652094280145,100277.49833232425
5117.9918255021985,100248.38476494967
5118.018441714799,100662.55946155866
5118.045058065818,100535.51249720673
5118.071674555256,100511.88646454431
5118.098291183113,100450.5943112203
5118.124907949391,100298.6817072048
5118.151524854089,100188.70331361664
5118.17814189721,99793.45058592026
5118.204759078752,99148.76528061344
5118.231376398719,98964.65908310069
5118.257993857108,98552.39695870939
5118.2846114539225,97714.68790127664
5118.311229189162,96316.03674491182
5118.337847062828,94878.05466833402
5118.36446507492,93342.43204703432
5118.3910832254405,90428.89469020003
5118.417701514389,88486.81838120749
5118.444319941766,85818.74611087084
5118.470938507572,83537.02685597537
5118.497557211809,82523.72776617165
5118.524176054478,82443.27863369968
5118.550795035578,83222.0123583879
5118.57741415511,84335.92134278174
5118.604033413076,86384.80542809734
5118.630652809475,88409.06771910618
5118.65727234431,90208.01143997726
5118.683892017579,91829.80407070236
5118.710511829285,92982.9684772694
5118.737131779427,94310.05664382709
5118.763751868008,96003.66182934742
5118.790372095026,97117.31530299204
5118.816992460484,98021.93975111643
5118.843612964381,98397.87513242677
5118.870233606718,98458.34138375067
5118.896854387496,99019.40966903299
5118.923475306717,98919.98705319241
5118.95009636438,99328.49559737064
5118.976717560487,99140.3896769753
5119.003338895037,99153.28513763352
5119.029960368032,99212.4892965205
5119.056581979473,98919.50407904135
5119.08320372936,98745.89319995293
5119.109825617694,98930.85613551566
5119.136447644475,99280.3081162506
5119.163069809705,98912.32227503973
5119.189692113384,99079.34115625094
5119.216314555512,98862.8390421048
5119.242937136092,99238.13983594696
5119.269559855122,99385.92507228658
5119.296182712605,99200.11632134969
5119.32280570854,99451.21137646926
5119.349428842928,99234.42309841028
5119.37605211577,98788.51512374826
5119.402675527068,98620.20265417571
5119.429299076821,97919.94216166453
5119.45592276503,97292.40074651963
5119.482546591696,96853.79175890484
5119.50917055682,95420.81552755664
5119.535794660402,93937.96367230627
5119.562418902444,91570.8992144772
5119.589043282945,88907.66953088916
5119.615667801907,85818.4341509308
5119.64229245933,82150.83272026927
5119.668917255215,78060.72779880321
5119.695542189564,74527.94059344998
5119.722167262375,72175.68243328057
5119.748792473651,70898.6882606108
5119.775417823391,71359.89950745789
5119.802043311597,73548.40856775387
5119.828668938269,75470.53722804396
5119.8552947034095,78899.6008235881
5119.881920607017,82188.22485136292
5119.908546649092,84993.51915554074
5119.935172829638,87777.97678452297
5119.961799148653,90218.01389397403
5119.988425606139,92122.0910244858
5120.015052202096,94237.50543024972
5120.041678936525,95820.07163363142
5120.068305809427,96990.83287929848
5120.0949328208035,97727.30085479176
5120.121559970653,98704.55075642669
5120.148187258978,99543.42422391815
5120.174814685779,99859.8968063966
5120.201442251056,99963.2977461724
5120.22806995481,99892.76199346717
5120.254697797042,99776.92007548644
5120.2813257777525,99608.60068529003
5120.307953896943,100162.20231292027
5120.334582154613,100065.3288941066
5120.361210550764,99708.79601309943
5120.387839085396,99612.02677343534
5120.414467758511,99510.03909040897
5120.441096570108,99534.22147847929
5120.467725520189,99834.04846747828
5120.494354608754,99616.69659765695
5120.520983835805,99443.39682743167
5120.547613201341,99772.15526733626
5120.574242705364,100050.96765272776
5120.6008723478735,99662.96031235269
5120.627502128872,99446.93803624115
5120.654132048358,99229.45724213385
5120.680762106334,98938.06460293218
5120.707392302801,98546.86802138592
5120.734022637757,98060.02740645697
5120.760653111206,97582.14335540202
5120.787283723147,96461.11677047213
5120.813914473581,95275.81955568629
5120.840545362508,93489.7058281388
5120.86717638993,91177.17566588611
5120.893807555847,88236.24477530099
5120.92043886026,84944.45749372046
5120.94707030317,81806.27559385636
5120.973701884577,79233.52914187247
5121.000333604482,77185.11402589579
5121.0269654628855,76383.12118464724
5121.053597459789,76409.98900313996
5121.080229595193,78044.7254510651
5121.106861869097,80360.3808389346
5121.133494281503,83100.84040808023
5121.160126832411,86134.2356552101
5121.186759521823,88295.1605756395
5121.213392349738,90173.38469916402
5121.240025316158,92050.59349224175
5121.266658421082,93857.0079895606
5121.293291664513,95288.36574892982
5121.319925046451,96628.2501725052
5121.3465585668955,97596.31015805916
5121.373192225849,97903.99062333806
5121.399826023311,98701.61320095608
5121.4264599592825,99331.55788141489
5121.4530940337645,99236.05500973824
5121.479728246757,99423.10833032164
5121.506362598262,99722.75986873977
5121.5329970882785,99639.76410207592
5121.559631716809,99483.91304371982
5121.586266483853,99847.12033852011
5121.6129013894115,100307.86744564315
5121.639536433486,99891.38569424982
5121.666171616076,100294.53062722202
5121.6928069371825,99999.29466483498
5121.719442396807,99761.636005505
5121.74607799495,100036.55393601293
5121.772713731611,99749.10037888103
5121.799349606792,99684.47416267062
5121.825985620493,99337.17683051739
5121.852621772716,99504.07060505413
5121.879258063461,99596.84188990522
5121.905894492727,99697.05223677415
5121.932531060517,99902.9640689927
5121.959167766831,100034.89768833441
5121.985804611671,99803.14499184399
5122.012441595035,99765.7986803017
5122.039078716924,99419.88461057565
5122.065715977342,99543.26695277481
5122.092353376287,99217.45844194146
5122.11899091376,98708.38493819928
5122.145628589762,97910.68721266718
5122.172266404294,97079.79517181654
5122.198904357356,95658.13416195857
5122.225542448949,93988.92780442885
5122.252180679075,92073.30044538302
5122.278819047733,90004.03178503006
5122.305457554924,87797.92626291321
5122.332096200649,84644.01921726417
5122.3587349849095,81313.3922278631
5122.385373907705,79016.25891741423
5122.412012969037,77131.8524530058
5122.438652168906,75273.01368327618
5122.465291507312,72746.15226831933
5122.491930984257,69963.72668269205
5122.518570599741,67069.16831072228
5122.545210353765,63861.293589173336
5122.571850246329,61941.78028641395
5122.598490277434,61509.54025350371
5122.625130447082,62075.92113656334
5122.651770755272,64344.55901537728
5122.678411202006,67552.05068600133
5122.705051787284,70868.50361423935
5122.731692511106,74301.74346264353
5122.758333373475,77557.62294733617
5122.784974374389,80134.82304758672
5122.8116155138505,82598.40791855787
5122.83825679186,84517.29246748616
5122.864898208418,85326.88347545793
5122.891539763525,85525.85037175452
5122.918181457182,85014.58838301305
5122.944823289389,83581.00604124359
5122.971465260148,80934.56198698586
5122.998107369459,77872.84183051827
5123.024749617322,73965.2127200282
5123.05139200374,69519.95528046263
5123.078034528711,66310.92475283146
5123.104677192237,64324.38745831259
5123.13131999432,63869.23323677588
5123.157962934958,65045.28882106516
5123.184606014154,67585.41576749888
5123.2112492319075,70774.35651196129
5123.237892588219,74470.56467985958
5123.26453608309,78061.92043265367
5123.291179716522,81459.99098595732
5123.317823488514,84564.56012159548
5123.344467399067,87383.82580270022
5123.371111448183,89532.91289674473
5123.397755635861,91694.15682062873
5123.424399962103,93584.92141493403
5123.451044426909,94726.59288700463
5123.477689030281,96203.80749539746
5123.504333772218,97461.93550738833
5123.530978652721,97945.07050899894
5123.5576236717925,98568.75581349878
5123.5842688294315,99029.61976833188
5123.610914125638,99851.4736311746
5123.637559560415,99863.85667939752
5123.664205133762,99868.32805612418
5123.69085084568,100222.72702234148
5123.717496696169,100562.33912689594
5123.74414268523,100480.28399279359
5123.770788812864,100126.71404646695
5123.797435079073,100039.07832456872
5123.8240814838555,99997.76675531454
5123.850728027213,99690.72427945593
5123.877374709146,99277.54131076735
5123.904021529656,98814.92777258837
5123.930668488743,98522.89096427933
5123.957315586409,98148.89870119396
5123.983962822653,97602.49284849994
5124.010610197476,97016.3885835316
5124.03725771088,97282.56729740518
5124.063905362865,96893.75062685074
5124.090553153431,96847.97863966576
5124.117201082579,96776.54711930634
5124.143849150311,96474.84878753014
5124.170497356627,95922.48306266472
5124.197145701526,95609.87757459652
5124.223794185012,94398.08224857449
5124.250442807082,92426.80336073184
5124.27709156774,90706.76409779617
5124.303740466985,88322.28751064755
5124.330389504818,85037.89635047244
5124.357038681241,81487.21795043256
5124.383687996252,77696.13383424317
5124.410337449854,73115.77096971827
5124.436987042046,68493.40349061239
5124.463636772831,64063.92572552143
5124.490286642208,61178.93242945474
5124.516936650178,59265.97481542821
5124.543586796742,59216.76874356603
5124.5702370819,60423.37740028919
5124.596887505654,62388.41524740294
5124.623538068004,65289.98462947563
5124.65018876895,69022.6551846364
5124.676839608494,73281.1130389158
5124.703490586637,77235.12958176991
5124.730141703378,81401.53141119546
5124.7567929587185,84849.62409038085
5124.78344435266,87982.20808173009
5124.810095885202,90508.64693864118
5124.836747556346,92951.18132581688
5124.863399366092,94596.34308816589
5124.890051314443,95516.61619760547
5124.916703401396,96219.1681037671
5124.943355626954,96783.06786474626
5124.970007991118,97465.07474518241
5124.996660493888,97865.2662691802
5125.023313135265,97879.29171687245
5125.049965915249,97842.69283486252
5125.076618833842,98516.0423657775
5125.103271891044,98228.03513032294
5125.129925086855,98518.15261142963
5125.156578421277,98669.17079557161
5125.18323189431,98330.68657812523
5125.209885505955,97913.43876896528
5125.2365392562115,98017.10987308901
5125.263193145082,97716.48898104887
5125.2898471725675,97780.51885343486
5125.316501338667,97702.20666611566
5125.3431556433825,96858.93599024141
5125.369810086713,95825.70158041047
5125.396464668662,95169.35543713292
5125.423119389227,93540.37938875366
5125.449774248412,91401.99855922128
5125.476429246215,89231.35878961143
5125.503084382638,86657.0468424205
5125.5297396576825,83905.24916277526
5125.556395071347,81979.15043807382
5125.583050623634,81054.64671479212
5125.6097063145435,81177.56069742373
5125.636362144077,82596.26285502865
5125.663018112234,84456.00393549516
5125.689674219016,86554.90394604125
5125.716330464424,88633.80859187682
5125.742986848458,90836.17490791177
5125.769643371119,92426.12510505514
5125.796300032407,94312.0456987717
5125.822956832325,95849.0416761072
5125.849613770871,97063.28301807081
5125.876270848047,97753.94639956823
5125.902928063854,98366.74171016565
5125.929585418293,99146.39148517605
5125.956242911363,99448.76384746132
5125.982900543066,99531.29740118714
5126.0095583134025,100307.00072244243
5126.036216222374,100800.35452023768
5126.062874269979,100468.59548137296
5126.089532456221,100561.5394735877
5126.116190781099,100520.34006594648
5126.142849244614,100358.23511682541
5126.1695078467665,100107.57167525221
5126.196166587558,100243.45966909242
5126.222825466989,99995.51069359228
5126.24948448506,99164.64553186577
5126.276143641771,98895.85368674845
5126.302802937124,98175.42930322699
5126.329462371119,97058.00376326952
5126.356121943757,95669.16242040506
5126.382781655038,94771.11085339493
5126.409441504965,94071.19254339574
5126.436101493536,92928.16644616074
5126.462761620753,92259.64966299248
5126.489421886616,91573.88447525339
5126.516082291126,90954.4915206592
5126.542742834285,90034.09401337366
5126.569403516091,88087.32072680091
5126.596064336548,85631.27797440928
5126.622725295654,82568.04027850003
5126.649386393411,78686.29554799695
5126.6760476298205,75393.89912093253
5126.702709004881,72041.63867534377
5126.729370518596,69721.97902220712
5126.756032170963,69285.73142015404
5126.782693961985,70024.3566104069
5126.809355891663,71793.73241881255
5126.836017959996,74567.13435028918
5126.862680166986,77863.54313684322
5126.889342512633,80846.2313479274
5126.916004996938,83342.45615338098
5126.942667619902,86223.82646978527
5126.969330381526,88146.77699061637
5126.995993281809,89656.97532188846
5127.022656320753,90819.5371056172
5127.049319498359,91747.94862459693
5127.075982814628,91850.13912218422
5127.10264626956,91169.64583515501
5127.129309863155,90145.27066948282
5127.155973595415,88694.96810729029
5127.18263746634,86816.9012164351
5127.209301475931,85511.62428702391
5127.235965624189,83636.42070572269
5127.262629911113,83216.62440968584
5127.289294336707,83431.65739459317
5127.315958900969,84655.02431500514
5127.342623603901,86739.03692141503
5127.369288445503,88396.33896357408
5127.395953425776,89543.3087842867
5127.4226185447205,90994.63785735477
5127.449283802338,92358.3614368858
5127.475949198628,93470.75782128495
5127.502614733592,94842.88730546605
5127.529280407231,96328.36439743872
5127.555946219545,97298.12699214111
5127.582612170536,97899.4744340585
5127.609278260203,98770.15093164748
5127.6359444885475,99341.90297913493
5127.66261085557,99652.81404497048
5127.689277361272,100060.54983827166
5127.715944005653,100274.00963985504
5127.742610788715,100591.53747761692
5127.769277710458,100891.6938370119
5127.795944770883,100675.60901840706
5127.822611969989,100626.26957791281
5127.84927930778,100889.53908154732
5127.875946784255,100871.43689131271
5127.902614399413,100819.52307141927
5127.929282153258,100844.94992825038
5127.955950045789,100719.14031912145
5127.982618077007,100913.83383822397
5128.009286246912,100358.02867305282
5128.035954555506,100266.68754146977
5128.062623002788,100309.13421840617
5128.089291588761,100013.66232555313
5128.115960313424,99196.77110272027
5128.1426291767775,98467.68308574897
5128.169298178824,97756.20271228584
5128.195967319562,96167.43404509255
5128.222636598994,94754.8373496467
5128.24930601712,92204.16713185077
5128.275975573941,89447.57649203131
5128.302645269458,86538.15299485228
5128.3293151036705,82243.3186395488
5128.35598507658,77517.99727115396
5128.3826551881875,72379.78348122202
5128.4093254384925,66609.98852263084
5128.435995827498,60683.01214806887
5128.462666355203,54870.668140253845
5128.489337021608,49602.28063670681
5128.5160078267145,45955.06635435336
5128.542678770523,43707.591760998395
5128.5693498530345,43367.20155496797
5128.59602107425,44382.73706000231
5128.622692434168,46359.78953581399
5128.649363932793,48840.62883234835
5128.676035570122,51483.660428214935
5128.702707346158,54742.272513649456
5128.729379260901,58426.168936513255
5128.756051314352,61514.11116463923
5128.7827235065115,65811.13806531648
5128.809395837379,69751.70752872401
5128.836068306959,73556.59389663914
5128.862740915248,76884.22230933279
5128.889413662248,79608.70939110799
5128.916086547961,81824.68954849243
5128.942759572386,83931.82296103382
5128.9694327355255,85868.48260292198
5128.996106037379,86771.44332214157
5129.022779477948,87852.5279891877
5129.049453057231,89265.27671566681
5129.076126775232,91145.36973528254
5129.10280063195,92412.17455472641
5129.129474627385,93933.48266882615
5129.15614876154,95615.43406424744
5129.182823034414,96724.23037395359
5129.209497446007,97547.82744630045
5129.236171996322,98448.50405239679
5129.2628466853575,98978.22400815775
5129.289521513116,99495.82464654605
5129.316196479596,99495.54055999343
5129.342871584801,100115.8282472423
5129.369546828731,101042.3901142482
5129.396222211385,100894.99010728592
5129.422897732765,100841.0088806676
5129.449573392872,101075.37833808518
5129.476249191705,100734.5895591609
5129.502925129267,100542.52132814733
5129.529601205558,100275.90822584323
5129.556277420578,100414.53008199041
5129.582953774328,100010.02542007786
5129.609630266809,99340.14501464012
5129.636306898023,98987.36380433846
5129.662983667968,98542.145972202
5129.689660576645,97766.4663163184
5129.716337624057,97167.76948985594
5129.743014810203,96497.97251544276
5129.769692135085,95201.39371731225
5129.796369598703,95370.12235165198
5129.823047201056,94368.23242775093
5129.849724942148,93627.28016308039
5129.8764028219775,92017.22939886004
5129.903080840546,90786.42751376815
5129.929758997854,89537.16398207513
5129.956437293902,88403.2001742437
5129.983115728691,88081.82046552331
5130.009794302222,88383.238264874
5130.036473014496,89140.91526041682
5130.063151865512,90619.91320116971
5130.089830855272,91915.43798054129
5130.116509983777,93122.55698253306
5130.143189251027,94107.94318905931
5130.1698686570235,95530.25617606402
5130.196548201767,96865.82150970526
5130.223227885257,97492.01116204285
5130.249907707495,98133.57704287775
5130.2765876684825,99118.55791725122
5130.30326776822,99492.29514635696
5130.329948006708,100044.30937926112
5130.356628383946,100128.30923423501
5130.383308899937,99823.03142644667
5130.40998955468,100014.46086197172
5130.4366703481755,99507.54496329433
5130.463351280426,98962.82378877184
5130.490032351431,98197.02383997328
5130.516713561191,96822.84308398007
5130.543394909708,95260.38282319024
5130.570076396981,92952.22355158576
5130.596758023012,90665.52618612513
5130.623439787801,88698.76612445993
5130.650121691349,86403.23608365441
5130.676803733657,83692.75358947105
5130.703485914725,81667.64374148077
5130.730168234555,79482.94253615943
5130.756850693147,77257.76113554178
5130.783533290501,75665.01861203865
5130.810216026618,74330.4035313303
5130.836898901499,73461.44207598467
5130.863581915146,73683.17128461479
5130.890265067557,74986.8623484341
5130.916948358736,77096.72344696097
5130.94363178868,79346.5823595628
5130.970315357393,81731.80920717285
5130.996999064874,84086.31186662623
5131.0236829111245,86079.65128285463
5131.050366896145,87395.99024351395
5131.0770510199345,88242.85396214522
5131.103735282497,89052.31852508518
5131.130419683831,89370.77580577935
5131.1571042239375,90203.58096271961
5131.1837889028175,91165.95647781092
5131.210473720472,92004.56266399915
5131.2371586769,93360.72166272035
5131.263843772105,94707.7122454195
5131.290529006086,95729.85110073414
5131.317214378845,96547.25082057367
5131.343899890381,97356.93698345564
5131.370585540695,98235.35552141484
5131.397271329789,98658.88797943298
5131.423957257663,99299.25643061352
5131.450643324317,99508.6456213865
5131.477329529753,99215.44943139896
5131.50401587397,99049.35135547936
5131.530702356971,99188.7087185726
5131.557388978755,99131.30093786641
5131.584075739323,98474.27225047878
5131.6107626386765,97716.52738688182
5131.637449676816,97292.17412681297
5131.664136853742,96420.3770611934
5131.690824169455,95058.79110093981
5131.717511623955,94908.35450963072
5131.744199217244,93800.94845317598
5131.7708869493235,92791.67212041399
5131.797574820192,92673.566326319
5131.824262829851,91970.76045644528
5131.8509509783025,90095.7572456589
5131.877639265545,87707.53788358085
5131.904327691582,84874.02541362366
5131.931016256412,81578.74672238942
5131.957704960036,77940.91619148084
5131.984393802454,73785.58677696371
5132.01108278367,70618.73811600829
5132.0377719036815,68487.9001041676
5132.06446116249,68020.84635886122
5132.091150560097,69296.19448949337
5132.117840096503,71501.73703339367
5132.144529771707,74573.3127050922
5132.171219585713,78112.30840459111
5132.197909538519,81022.47172680708
5132.224599630126,84344.41477369779
5132.251289860536,87012.95331661345
5132.277980229749,90223.68798637277
5132.304670737766,92538.20546907958
5132.331361384588,94644.83101056996
5132.358052170214,96185.55003648842
5132.384743094646,97352.26264001765
5132.411434157885,98315.8823621278
5132.438125359932,99077.87156812918
5132.464816700786,99941.08205405179
5132.49150818045,100803.48938265817
5132.518199798923,101566.579154295
5132.544891556206,101447.26274902021
5132.5715834523,101506.28170471749
5132.598275487206,101107.98882150433
5132.624967660924,100625.84164407825
5132.651659973456,100452.90774753325
5132.678352424801,100402.90174157958
5132.705045014961,99530.12504023727
5132.731737743936,97837.6768352349
5132.758430611728,96520.81522738817
5132.785123618335,95045.60639059554
5132.811816763761,92678.23025558556
5132.8385100480045,90152.54991728623
5132.865203471068,86653.14926118535
5132.89189703295,83538.2323244808
5132.918590733652,79377.41665723965
5132.945284573176,74254.0789593341
5132.971978551522,69226.97067851953
5132.998672668689,64207.10746977773
5133.025366924681,59422.877730786975
5133.052061319497,56158.60618118936
5133.0787558531365,54511.30589242729
5133.105450525602,54717.85052869126
5133.132145336894,56212.89201990479
5133.158840287012,59308.57196364005
5133.185535375958,63985.52880826476
5133.212230603733,68634.82711214901
5133.238925970336,73086.79027968041
5133.265621475769,77351.00515036822
5133.292317120033,81421.10802875647
5133.319012903127,85714.68925559802
5133.345708825054,88970.68138667787
5133.372404885814,91280.98301540411
5133.399101085406,93600.51854045484
5133.4257974238335,95276.69393802754
5133.452493901095,96800.73727832537
5133.479190517192,97786.7931604182
5133.505887272126,98774.22273397929
5133.532584165896,99198.38368043392
5133.559281198504,99207.43636052363
5133.585978369951,99835.47401819863
5133.612675680236,100255.53894205295
5133.639373129362,100019.49417860298
5133.666070717328,100603.6762933953
5133.692768444135,100810.6844105051
5133.719466309785,100516.25385416331
5133.746164314277,99941.0521092212
5133.772862457613,99804.54822630626
5133.7995607397925,99840.39770156072
5133.826259160817,100001.97115096157
5133.852957720688,99734.1230226934
5133.8796564194045,98859.41290217776
5133.906355256969,98725.35995494726
5133.93305423338,98530.8837961477
5133.95975334864,98265.20122946944
5133.98645260275,98692.67928627203
5134.013151995709,99045.98174165108
5134.039851527519,99059.87837945083
5134.0665511981815,99222.51106230072
5134.093251007695,99735.27802137395
5134.119950956061,100287.4536870551
5134.146651043282,100382.75916539998
5134.173351269356,100305.09540624834
5134.200051634286,100846.64563342984
5134.226752138071,101201.94988826122
5134.253452780713,101420.12870838105
5134.280153562211,101091.26141412575
5134.306854482568,101426.87616739153
5134.333555541783,101385.71558986916
5134.360256739858,101372.92087916567
5134.386958076793,101239.29408402753
5134.413659552589,100917.17432883127
5134.440361167246,100515.0422533856
5134.467062920766,100157.1413701808
5134.493764813148,100238.97525376265
5134.520466844394,99752.95552315576
5134.547169014505,100414.18797063398
5134.5738713234805,100522.00585563703
5134.600573771322,100154.73565106133
5134.62727635803,99871.25452766416
5134.653979083606,100445.33508174469
5134.680681948049,100659.86069105688
5134.707384951361,100591.35571720866
5134.734088093543,101091.35579467393
5134.760791374595,101579.81571218604
5134.787494794517,101856.39131957993
5134.814198353312,101985.14501145508
5134.840902050979,101557.4243901894
5134.867605887519,102343.79910996342
5134.8943098629325,102395.45551759945
5134.92101397722,102534.49873158644
5134.9477182303835,102422.85332488832
5134.974422622423,102032.14432133359
5135.001127153339,101949.77008897898
5135.027831823133,102102.60132526951
5135.054536631805,102140.40430367099
5135.081241579355,102242.22817940328
5135.107946665785,102289.51086751549
5135.134651891095,102437.39656185506
5135.161357255287,101788.77871071777
5135.18806275836,101938.92599968208
5135.214768400316,102362.44289802927
5135.241474181154,102001.72764161888
5135.2681801008775,101588.68334724756
5135.294886159484,101363.7463280307
5135.321592356977,101075.55763413725
5135.348298693356,100801.6834921203
5135.375005168622,100411.47669803517
5135.401711782775,100129.78631896863
5135.4284185358165,99449.37584899947
5135.455125427747,98967.41556682262
5135.481832458567,98877.38491586258
5135.5085396282775,98636.46254999506
5135.535246936879,98650.87437471654
5135.561954384372,98967.79565368251
5135.588661970758,99017.26944655426
5135.615369696037,98870.33458716309
5135.642077560211,99250.72387704688
5135.668785563279,100044.47603971403
5135.695493705242,100219.78695876602
5135.722201986103,99706.30526029613
5135.7489104058595,100194.32637213814
5135.775618964513,100417.11935536409
5135.802327662066,100242.70569781268
5135.829036498518,100290.2192772896
5135.85574547387,100291.07013909105
5135.882454588122,99901.52733621425
5135.909163841276,99268.81521586498
5135.93587323333,98569.97210686372
5135.9625827642885,97534.46245954759
5135.98929243415,95870.90991191275
5136.016002242915,93887.75031665419
5136.042712190586,91238.76341156928
5136.069422277163,88623.20017989328
5136.096132502645,85485.0188317703
5136.122842867034,81678.56618553807
5136.149553370331,78387.59294532378
5136.176264012537,76417.67167710794
5136.202974793651,75524.6669326682
5136.229685713676,75238.66135344676
5136.256396772612,75613.28732055984
5136.283107970458,76404.58427321722
5136.309819307217,76510.07533622996
5136.336530782889,75977.6877937874
5136.363242397474,74590.97071075554
5136.389954150974,73139.27131911361
5136.4166660433875,71498.77504472985
5136.443378074718,70308.68936147909
5136.470090244964,69819.9517660481
5136.496802554128,70303.62128692082
5136.52351500221,71473.21198436122
5136.5502275892095,72422.80400797959
5136.576940315129,72953.38340110041
5136.603653179968,73105.48181027327
5136.630366183729,71803.31762244966
5136.657079326411,70087.74794683242
5136.683792608014,67476.89939819905
5136.710506028541,65349.221947860635
5136.737219587992,63047.12099363187
5136.763933286366,62196.02838690393
5136.7906471236665,63217.861511897565
5136.817361099892,65517.163321057684
5136.8440752150445,68931.4018236607
5136.870789469124,72978.67438633225
5136.897503862131,76905.29070044136
5136.924218394068,80774.51514056422
5136.950933064933,84238.31779494588
5136.977647874729,87483.82054685711
5137.004362823455,90524.96092160582
5137.031077911114,93221.59571844866
5137.057793137705,95368.10788670674
5137.084508503228,97010.50725769649
5137.111224007685,98382.38422767459
5137.137939651077,99523.11794082895
5137.164655433404,100100.00909762837
5137.191371354667,100592.07441015457
5137.218087414866,101402.44324618792
5137.244803614004,101404.09189550827
5137.271519952079,101885.0206419404
5137.298236429093,102135.51070486622
5137.324953045046,102099.45939210177
5137.351669799939,102370.31998707558
5137.378386693775,102274.54576855202
5137.405103726551,102509.53727568284
5137.4318208982695,102585.5364498598
5137.458538208932,102452.45735713646
5137.485255658537,102482.82260606968
5137.511973247088,102377.05855871743
5137.538690974584,102419.48104738866
5137.565408841026,102872.44596023543
5137.592126846414,102495.0339773752
5137.61884499075,102544.756671209
5137.645563274034,102646.34599760438
5137.672281696267,102223.94299699448
5137.69900025745,102447.04686928116
5137.725718957584,102562.11758526872
5137.752437796668,102426.2807176744
5137.7791567747045,102198.86687946181
5137.805875891693,102173.58573754913
5137.8325951476345,102253.80292725789
5137.859314542531,102054.26396149129
5137.886034076381,102434.00051694628
5137.912753749188,101710.49368135167
5137.93947356095,102125.46846974616
5137.966193511669,102001.91293905002
5137.992913601346,102200.77172870046
5138.019633829981,101985.41441908338
5138.046354197575,101746.5583872974
5138.073074704129,101898.19595914405
5138.0997953496435,102112.69806124315
5138.126516134119,102068.87331722696
5138.153237057557,101873.971217477
5138.1799581199575,101544.13111799418
5138.206679321321,100888.35523332744
5138.233400661648,100366.03109667373
5138.260122140941,100472.47436145062
5138.2868437592,99358.84419023554
5138.313565516423,98820.92967120338
5138.340287412615,97329.09650709952
5138.367009447774,95385.35707889638
5138.393731621902,93363.96706218197
5138.4204539349985,90382.44826800816
5138.447176387065,86489.03504080235
5138.473898978103,82125.25395139225
5138.500621708111,77146.89017140235
5138.527344577092,71974.95218412168
5138.554067585045,66082.64492736921
5138.580790731972,60783.680036591555
5138.607514017874,55742.465122083675
5138.6342374427495,51703.012180110854
5138.660961006602,48645.42775123395
5138.687684709429,46292.52332860069
5138.714408551235,44425.30573692923
5138.741132532018,42738.353220326506
5138.76785665178,41070.50337380907
5138.79458091052,40080.9016145631
5138.821305308242,40059.4301473653
5138.848029844943,40524.83428003739
5138.874754520627,42654.53221743777
5138.901479335292,46307.735685697255
5138.92820428894,50667.66880352785
5138.954929381572,55420.4685279136
5138.981654613189,60909.48473999383
5139.008379983789,66012.17068131131
5139.035105493377,71271.23882186766
5139.06183114195,76272.88378932385
5139.0885569295115,80715.98530931947
5139.11528285606,84735.29109879676
5139.142008921597,88333.1940370557
5139.168735126124,91657.3377223247
5139.1954614696415,94133.04882374612
5139.222187952149,96148.99650178576
5139.248914573649,97439.67042856023
5139.27564133414,99148.05765502939
5139.302368233625,100263.27947934238
5139.329095272104,101010.8857002597
5139.355822449577,101645.35522905126
5139.3825497660455,102001.3598185185
5139.409277221509,101747.43419577804
5139.43600481597,101954.95869407685
5139.4627325494275,102198.22445882316
5139.489460421884,101814.33463721263
5139.516188433339,102677.71840114797
5139.542916583793,102594.78678036468
5139.569644873248,102712.0840671883
5139.596373301704,102981.3972595322
5139.6231018691615,102561.75062199267
5139.649830575621,102394.62994140232
5139.676559421084,102779.24756624717
5139.703288405551,102721.73290678744
5139.730017529022,102991.14131997226
5139.756746791499,103152.79799333727
5139.783476192982,102767.37364127485
5139.810205733471,102720.76048363734
5139.836935412968,102829.97521939696
5139.8636652314735,102798.96260797359
5139.890395188988,102792.13714603036
5139.917125285511,102725.0997933646
5139.943855521045,102559.75282442805
5139.97058589559,102037.85449774089
5139.997316409148,102111.03881444912
5140.024047061717,102142.61533513898
5140.0507778533,101503.72510226294
5140.0775087838965,101143.89275821038
5140.104239853508,101049.47222533036
5140.130971062135,100646.31556426885
5140.157702409779,99832.97588649386
5140.184433896438,99053.30065384175
5140.211165522116,99667.74957720682
5140.237897286812,99888.3249953801
5140.264629190527,99744.67096332161
5140.291361233261,100352.22689032444
5140.318093415017,100276.64948158895
5140.344825735793,100718.82891210935
5140.371558195591,101180.32967561537
5140.398290794412,101027.85352221903
5140.425023532257,101447.81368897518
5140.451756409125,101828.28169849025
5140.478489425019,101844.89409715499
5140.505222579937,102541.77445243849
5140.531955873883,102942.79703688221
5140.558689306855,102611.13007475462
5140.585422878855,102217.31093690706
5140.612156589883,102739.75984764518
5140.63889043994,102799.95854326627
5140.665624429028,102458.56139312305
5140.692358557146,102240.670759312
5140.719092824294,102465.0777990534
5140.745827230477,102450.131786679
5140.7725617756905,101954.71393618063
5140.799296459938,101309.92526761629
5140.82603128322,100985.56126550635
5140.852766245536,100865.44823456547
5140.879501346889,100029.54914282578
5140.906236587278,98565.02796318967
5140.932971966704,97613.65846976484
5140.959707485168,95805.97831725393
5140.98644314267,93296.04833947617
5141.013178939212,90095.81420016427
5141.039914874794,86804.7635640837
5141.066650949416,83559.32953560396
5141.0933871630805,80672.79714280422
5141.120123515786,78996.7461989329
5141.146860007535,78618.09238609808
5141.173596638328,79423.85030542217
5141.200333408165,81538.63054966548
5141.227070317047,84284.91164460583
5141.253807364975,86820.21918127022
5141.280544551949,89261.42220312169
5141.307281877971,91726.57120613942
5141.33401934304,93526.16729925176
5141.360756947159,95042.92531259409
5141.387494690326,97153.64001521685
5141.414232572544,98603.37877706047
5141.440970593812,99220.59873250403
5141.467708754133,99997.65054346243
5141.494447053506,100287.19117689697
5141.521185491931,100451.36065584085
5141.54792406941,100846.06173546867
5141.574662785944,100392.11040711151
5141.601401641533,99670.0910856198
5141.628140636179,98779.26810764142
5141.65487976988,97209.93954635526
5141.681619042639,95990.90675705354
5141.708358454456,93404.13915516701
5141.735098005332,90974.16490100321
5141.761837695267,87458.28915667272
5141.788577524263,83218.13860933087
5141.815317492319,78597.69597319931
5141.842057599438,74048.10488351465
5141.868797845618,69628.58504938737
5141.895538230862,66253.53739316299
5141.92227875517,64643.36510856876
5141.949019418543,64165.98891577416
5141.97576022098,64944.145573864276
5142.002501162484,65948.85292093575
5142.029242243055,66722.07131501837
5142.055983462693,67126.71339976268
5142.082724821399,66532.74475338864
5142.109466319173,65065.83445182205
5142.136207956019,63656.10697111916
5142.162949731934,61946.0405408788
5142.18969164692,60485.83342999647
5142.216433700978,59389.11728677238
5142.243175894109,58588.53160545853
5142.269918226313,58057.38319719579
5142.296660697591,57905.64876471618
5142.323403307943,59178.94201458725
5142.350146057372,62087.231980288896
5142.376888945876,65575.79161753482
5142.403631973458,70142.12687300294
5142.430375140117,74540.69128423545
5142.457118445854,79088.44167013568
5142.48386189067,83315.2973704146
5142.510605474566,86912.52424311277
5142.537349197542,89941.32076144006
5142.5640930596,92279.67417328396
5142.590837060739,94643.47910300567
5142.617581200962,96288.6870999011
5142.644325480268,97270.90333774828
5142.671069898658,98623.20190769402
5142.697814456133,99411.27560297039
5142.7245591526935,100206.10990573965
5142.75130398834,100186.21660379495
5142.778048963073,100395.27006363372
5142.804794076895,101360.75216170671
5142.831539329804,101818.55314145394
5142.858284721804,101636.80181460027
5142.885030252893,101482.46435959838
5142.911775923072,101683.33353002937
5142.938521732343,101886.35803237309
5142.965267680706,101960.7581898658
5142.992013768162,101451.20866831191
5143.018759994712,100471.74599466287
5143.045506360356,100247.0540203634
5143.072252865094,100509.88916048985
5143.0989995089285,99904.21506882354
5143.125746291859,99610.31439202226
5143.152493213887,99934.24737950992
5143.1792402750125,100145.13755326407
5143.205987475238,100038.38903284902
5143.232734814561,100246.32292198577
5143.259482292985,100219.39899918159
5143.286229910509,100436.27751603325
5143.312977667135,100551.16634534954
5143.339725562863,100948.89280821996
5143.3664735976945,101555.14184251695
5143.393221771629,101860.58407412063
5143.419970084668,101813.02938407066
5143.446718536813,101648.88229772355
5143.473467128063,102004.76774632404
5143.500215858419,101990.32100990802
5143.526964727884,102635.70024744292
5143.553713736455,102118.95530360576
5143.580462884136,101717.24311358624
5143.607212170926,101657.88233300461
5143.633961596826,101208.64273839685
5143.660711161838,100845.75533459948
5143.68746086596,100346.69890332894
5143.714210709195,99851.54274248866
5143.7409606915435,99430.41395081341
5143.767710813006,98931.17128115761
5143.794461073582,98773.44611767406
5143.821211473273,99389.44312338195
5143.847962012082,100081.7024584533
5143.874712690005,99875.88358613254
5143.901463507047,99972.08405992186
5143.928214463207,100585.34088138466
5143.954965558486,100640.81467686806
5143.981716792884,100915.1908542633
5144.008468166403,100643.05056316008
5144.035219679043,100478.27887861742
5144.061971330803,100210.85421084844
5144.0887231216875,100575.98153723252
5144.115475051694,100800.12178002809
5144.142227120826,100970.90026817938
5144.168979329081,101195.89797753838
5144.195731676462,101078.22752130541
5144.222484162969,101283.68629354872
5144.2492367886025,101192.06696864958
5144.275989553364,101074.22071741594
5144.302742457254,100530.66318840385
5144.329495500272,99893.41226985471
5144.35624868242,98852.34548237913
5144.383002003699,97663.0368370405
5144.409755464109,96339.22523924713
5144.436509063651,94984.40123571357
5144.463262802325,94323.32535261924
5144.490016680133,93843.70960936208
5144.516770697074,93672.73130207823
5144.543524853151,94455.44838981843
5144.570279148363,95438.99148802612
5144.5970335827105,96129.03607138737
5144.623788156196,96979.54232716416
5144.650542868819,97479.56035822596
5144.67729772058,97874.92824182413
5144.7040527114805,98299.05094829168
5144.73080784152,98465.31988745397
5144.757563110701,98702.70287955784
5144.784318519023,98248.03511894144
5144.811074066487,97842.33987191539
5144.8378297530935,97569.34957545278
5144.864585578844,97966.25338669021
5144.891341543737,98329.2879502932
5144.918097647777,98328.66717191997
5144.944853890962,98229.88892127696
5144.971610273293,98518.72752263123
5144.998366794771,98849.98217064238
5145.025123455397,98455.85190062028
5145.051880255171,98159.34922477842
5145.078637194096,97820.82533225302
5145.105394272169,98093.97545207727
5145.132151489393,97589.68257251474
5145.1589088457695,96944.52692205158
5145.185666341297,96999.3394171502
5145.212423975978,96775.75791489298
5145.239181749813,96076.94201209539
5145.265939662801,95023.49578607871
5145.292697714945,93670.84365310094
5145.319455906244,91579.88000824291
5145.346214236701,88968.52664640515
5145.372972706314,85857.2160253011
5145.399731315085,81725.70931118181
5145.426490063014,77297.89307240993
5145.453248950103,73612.88740461736
5145.480007976353,70572.96059698358
5145.506767141763,68749.81471931649
5145.533526446334,68491.64445711138
5145.560285890068,69804.00310116909
5145.587045472965,71696.47010120032
5145.613805195026,73544.07666017966
5145.64056505625,75842.65536972966
5145.66732505664,77037.15464185106
5145.694085196196,77652.28121276261
5145.720845474919,78119.32589080074
5145.747605892809,77709.9960896936
5145.774366449867,76760.95176355905
5145.801127146094,75450.81146202111
5145.82788798149,73568.07437145921
5145.854648956057,72451.67643271651
5145.881410069794,72925.487128826
5145.908171322703,74529.62789219883
5145.934932714785,77064.08825584895
5145.96169424604,80306.76131768367
5145.9884559164675,83222.79568426122
5146.015217726071,85958.91678199278
5146.041979674849,88901.66626861317
5146.068741762803,90829.46237860285
5146.0955039899345,93067.42699466947
5146.122266356243,94878.66638015678
5146.149028861731,96449.80409533325
5146.175791506396,97859.55990222695
5146.202554290241,98790.98703438597
5146.229317213267,99578.72885620357
5146.256080275473,100298.26508840067
5146.282843476863,100532.62874073652
5146.309606817434,100187.61200706186
5146.336370297187,100494.98537282686
5146.363133916126,99891.6759090819
5146.389897674249,99731.61311710729
5146.416661571558,99495.39619207666
5146.443425608052,99097.50390348356
5146.470189783734,98577.53539524268
5146.496954098603,98859.99790840475
5146.52371855266,98938.3827107871
5146.550483145907,99186.2346533524
5146.577247878343,99977.97142899776
5146.60401274997,100420.9624200312
5146.630777760787,100436.95784431983
5146.657542910798,100579.11796720051
5146.6843082000005,100724.22849055003
5146.711073628396,100586.03309372644
5146.737839195986,100186.04175287206
5146.764604902771,100115.93679812779
5146.791370748751,99858.85560411263
5146.818136733928,99226.09453645565
5146.844902858302,98683.17381586676
5146.871669121873,98141.40097107035
5146.898435524643,97977.51038535466
5146.925202066613,97990.73094806059
5146.951968747781,98086.3933158058
5146.978735568151,98006.901598822
5147.0055025277225,98121.913453701
5147.032269626495,98556.23497367927
5147.059036864471,99097.26032623615
5147.08580424165,99564.66760036591
5147.112571758034,99701.12230859339
5147.139339413623,99549.94177093547
5147.166107208417,99261.53919189244
5147.1928751424175,98516.95155520832
5147.219643215625,97425.78651486848
5147.246411428041,96182.65846427767
5147.273179779666,93874.97998759172
5147.299948270499,90572.65068232252
5147.326716900543,87424.4571765564
5147.353485669798,83688.170772738
5147.380254578264,79589.15797335477
5147.407023625941,76211.89834412753
5147.4337928128325,73093.49335263466
5147.460562138937,70450.90164343925
5147.487331604257,69135.54508640272
5147.514101208791,67829.48783225362
5147.540870952541,65976.0501965458
5147.5676408355075,64767.06677302221
5147.594410857691,64333.692824234204
5147.6211810190935,65212.283575914196
5147.647951319714,67514.62898301448
5147.674721759554,70866.53555890938
5147.701492338614,74977.26554041891
5147.728263056895,78631.02414833632
5147.755033914398,83081.40945812149
5147.781804911123,86433.95184061301
5147.808576047071,89359.51417385142
5147.835347322243,91792.15783097636
5147.86211873664,94216.43869936549
5147.888890290262,96341.6880565505
5147.915661983109,97734.20838303838
5147.942433815184,98613.5131229686
5147.969205786486,99087.98082634156
5147.995977897016,99495.58446342484
5148.022750146774,99896.63106050143
5148.049522535763,99895.46509203126
5148.076295063982,100044.23570979983
5148.103067731431,100215.17617178675
5148.129840538113,100135.73209222253
5148.156613484027,99826.39035660427
5148.183386569174,99206.81064706869
5148.210159793555,98965.78072175758
5148.236933157171,99099.62493604881
5148.263706660023,98925.05487356843
5148.290480302109,99314.05267697126
5148.317254083434,99687.09445110631
5148.344028003996,100047.36155544953
5148.370802063795,100863.07600483886
5148.397576262834,101045.85536048193
5148.4243506011135,100860.30243117534
5148.451125078632,101308.07617982518
5148.477899695393,101692.35206341077
5148.504674451395,101806.89385956268
5148.531449346639,101896.12970443846
5148.558224381128,101659.32241249415
5148.58499955486,101870.50644066429
5148.611774867837,101085.86919486288
5148.638550320059,101721.66697954723
5148.665325911528,101588.84476883085
5148.692101642244,101595.85160630569
5148.718877512208,100890.02479142163
5148.74565352142,100748.97692682549
5148.772429669881,100059.8740982048
5148.799205957591,99808.2363250752
5148.825982384553,99598.27726571648
5148.852758950766,98974.35787445623
5148.8795356562305,99148.98167552469
5148.906312500948,99726.67211026276
5148.933089484919,100035.8947557441
5148.959866608144,100587.07844708813
5148.986643870624,101114.88562111581
5149.01342127236,101776.48534311495
5149.040198813353,102400.10186369864
5149.066976493602,102059.86067975863
5149.093754313109,102293.03361059538
5149.120532271874,102392.50506853187
5149.147310369899,102578.45839292444
5149.174088607184,102891.56578846129
5149.20086698373,103389.12656015405
5149.227645499537,103513.88438388951
5149.254424154607,103026.70229059608
5149.281202948939,103174.54893787466
5149.3079818825345,103713.44121470203
5149.334760955395,103494.52179753679
5149.36154016752,103188.99195029857
5149.388319518911,103301.12952939516
5149.415099009569,103439.84803825464
5149.441878639494,103244.14375684578
5149.468658408687,102757.4182350226
5149.495438317148,102563.08414503916
5149.522218364878,102165.00633330952
5149.54899855188,101651.19038386036
5149.575778878152,101380.56517184648
5149.602559343695,101225.00701578002
5149.629339948511,101193.73841896208
5149.6561206926,101242.98116375403
5149.682901575962,100889.22195357003
5149.7096825986,101375.4505506347
5149.7364637605115,101847.60689488455
5149.7632450617,101410.72008112169
5149.790026502165,101395.70861547298
5149.816808081908,101287.96356311481
5149.8435898009275,101144.16272971855
5149.870371659227,101003.65161265543
5149.897153656806,100590.81950641678
5149.923935793665,99977.67204532855
5149.950718069805,99113.17804342824
5149.977500485227,97983.34038380282
5150.004283039931,96217.12864928866
5150.031065733919,93941.02158636769
5150.0578485671895,91179.9530989773
5150.084631539746,88293.00396571409
5150.111414651587,83646.73333820366
5150.138197902715,78377.25238856986
5150.164981293129,73203.79866655005
5150.191764822831,68605.54026433111
5150.21854849182,65001.297248647155
5150.245332300099,62536.031211231704
5150.272116247668,61771.879969342976
5150.298900334527,62457.487953491705
5150.3256845606775,64385.14633125408
5150.352468926119,67659.58734120791
5150.379253430854,71816.62406624157
5150.406038074882,76235.71902920047
5150.432822858204,80596.58253599818
5150.459607780821,84631.07135973185
5150.486392842733,88085.65734436788
5150.5131780439415,91080.92274281582
5150.539963384447,94005.91439011773
5150.56674886425,96276.05609135416
5150.5935344833515,97971.24000184171
5150.620320241753,99646.71380840731
5150.647106139453,100773.75274763223
5150.6738921764545,101633.43348717845
5150.700678352757,102220.41743169309
5150.727464668361,102886.24733062933
5150.754251123268,103105.02282767656
5150.781037717478,103079.30172828007
5150.807824450993,103278.48671903105
5150.834611323813,103197.15098893731
5150.861398335938,103062.97829210218
5150.88818548737,103028.056097162
5150.914972778109,102709.41758833341
5150.941760208155,102481.23187240142
5150.96854777751,102296.63000895301
5150.995335486175,101779.54060487726
5151.022123334149,101255.65596104067
5151.0489113214335,100213.85579070455
5151.07569944803,98416.12730898547
5151.102487713939,96158.26998475622
5151.12927611916,94283.02960230614
5151.156064663695,91327.02488915036
5151.182853347545,87759.27404760603
5151.209642170709,83497.17163823707
5151.236431133189,79831.01414144317
5151.263220234986,76759.59661475709
5151.2900094761,74773.69921992063
5151.316798856532,74544.96074303782
5151.343588376282,75463.5054656341
5151.370378035353,77724.550142217
5151.397167833743,80363.01003363899
5151.423957771453,82688.99423926901
5151.450747848487,85490.19208522356
5151.477538064841,88019.75244052973
5151.5043284205185,89930.00980215926
5151.531118915521,91882.06264185163
5151.557909549847,93379.56459990969
5151.584700323498,94871.13898626121
5151.611491236476,96137.52907773295
5151.638282288779,97115.04311541961
5151.66507348041,97958.15618087034
5151.69186481137,98783.7376253749
5151.718656281658,100371.49369115589
5151.745447891275,100624.5702948027
5151.772239640223,101233.48890552041
5151.799031528502,101631.21893000152
5151.8258235561125,102133.91646011348
5151.852615723056,102524.46154014654
5151.879408029332,102936.57575802451
5151.906200474942,102631.0834323414
5151.932993059887,102704.15479597452
5151.959785784167,103142.15355362801
5151.986578647783,103265.01309691375
5152.013371650736,103447.12244973014
5152.040164793027,103221.79319180094
5152.066958074655,103173.028288873
5152.093751495623,103811.13000214343
5152.120545055931,103747.98572053472
5152.147338755579,103839.59482265836
5152.174132594568,103947.1678376354
5152.200926572898,103710.66835155296
5152.227720690572,103671.15280659194
5152.254514947588,103354.29559241787
5152.281309343949,103633.6564527453
5152.3081038796545,103207.27650625221
5152.334898554705,103130.68200775456
5152.361693369103,102693.25543184626
5152.388488322847,102205.25497341674
5152.415283415939,101752.08364075208
5152.442078648379,101315.11847948276
5152.468874020168,100107.071699935
5152.495669531308,98844.38782269313
5152.522465181797,97728.89135767335
5152.549260971638,96324.04440279731
5152.576056900831,94934.72881903594
5152.602852969377,93424.643582042
5152.6296491772755,91475.90802571898
5152.656445524529,89925.8601569036
5152.683242011138,88770.46782919901
5152.710038637101,86668.61515974288
5152.736835402421,83926.28006322763
5152.763632307099,81084.49990348484
5152.790429351134,77441.89678277145
5152.817226534527,74437.65412733416
5152.84402385728,71737.74697430579
5152.870821319393,69994.15729991841
5152.897618920867,70452.9231508494
5152.924416661702,71582.25057019846
5152.951214541899,73825.37227474108
5152.97801256146,77197.02719627484
5153.004810720383,80101.60548650991
5153.031609018671,82811.89849758374
5153.058407456324,85190.08784366395
5153.085206033343,87266.53632244072
5153.112004749728,88685.12491790128
5153.1388036054805,88884.30683890813
5153.165602600601,88551.43440596173
5153.19240173509,87558.93926073021
5153.219201008949,85381.1851152792
5153.2460004221775,82271.62852795693
5153.272799974778,78351.23423032401
5153.299599666749,73812.44896464025
5153.326399498092,68271.59337584818
5153.353199468808,62133.33024452254
5153.379999578899,56753.739595314095
5153.406799828364,52477.33575081029
5153.433600217203,49233.07613166078
5153.460400745419,47638.52811855311
5153.4872014130115,47993.637041536225
5153.514002219981,49716.69737352622
5153.540803166329,52416.74968796973
5153.567604252056,55788.68540622308
5153.594405477163,58941.59122083731
5153.621206841649,62126.691377742485
5153.648008345516,64327.64719309281
5153.674809988766,65639.00050243146
5153.701611771397,66150.957022353
5153.728413693412,66294.79303640997
5153.755215754812,66622.4979632544
5153.782017955595,67171.35740570238
5153.808820295763,68965.27684370837
5153.835622775318,71874.70132586139
5153.862425394261,75211.5918347474
5153.88922815259,79394.45948823607
5153.916031050307,83556.49291295759
5153.942834087414,86909.70112461312
5153.969637263909,89595.45415138628
5153.996440579796,92531.3609311555
5154.023244035074,94860.72144495179
5154.050047629743,97033.35978205386
5154.076851363806,98131.55228708245
5154.103655237261,99747.80890330224
5154.130459250111,101167.1593861248
5154.157263402355,101825.976611688
5154.184067693995,101977.19428830263
5154.210872125031,102242.326532176
5154.237676695464,102447.97397222187
5154.264481405295,102088.36936840967
5154.291286254524,101760.79485899527
5154.318091243152,101134.94463009214
5154.34489637118,100297.28738873218
5154.371701638608,98743.27054916763
5154.398507045438,97380.60821330616
5154.42531259167,95914.13213624553
5154.452118277304,94072.18138636625
5154.478924102343,92682.9797551817
5154.505730066785,91867.86822912347
5154.532536170633,91822.22296627772
5154.559342413885,92403.34547414066
5154.586148796545,93500.14464909252
5154.612955318611,94865.69328413147
5154.639761980085,95918.15773990603
5154.666568780967,96808.35500498432
5154.69337572126,97408.98536809669
5154.720182800962,98601.46976615017
5154.746990020074,99739.24961215466
5154.773797378599,100275.67863938317
5154.800604876535,100727.76474118218
5154.827412513884,100932.16398547134
5154.854220290647,101326.12085292467
5154.881028206824,101102.89106459095
5154.907836262417,100609.7232355338
5154.934644457425,99880.58085313159
5154.961452791849,98897.59508182447
5154.988261265691,96989.56756486106
5155.01506987895,94520.24925842271
5155.0418786316295,91608.12552271868
5155.068687523727,88147.2777167442
5155.0954965552455,84804.71900145887
5155.122305726184,82360.03683899103
5155.149115036545,80849.37095305184
5155.175924486328,80748.6465100408
5155.202734075533,82321.63099400233
5155.229543804163,84257.91000188155
5155.256353672217,86130.21291372592
5155.283163679696,88478.45251846363
5155.309973826602,90750.49230514494
5155.336784112934,92207.6509155363
5155.363594538693,93595.68790644438
5155.390405103881,95311.7022685994
5155.4172158084975,96696.2813146845
5155.4440266525435,97615.96748870643
5155.4708376360195,98815.59736231751
5155.4976487589265,100296.14462204136
5155.524460021266,100663.16801209326
5155.551271423037,101306.25121728153
5155.578082964242,101870.92279112531
5155.604894644881,102220.33188057851
5155.631706464954,102521.83771816034
5155.658518424462,102545.2693293341
5155.685330523407,102591.25933208685
5155.7121427617885,102541.84577297633
5155.738955139608,102614.28180812523
5155.765767656865,102636.1943461379
5155.792580313562,102565.90852315738
5155.819393109698,102756.59441053207
5155.846206045275,102427.02003811415
5155.873019120292,101922.96259060524
5155.899832334752,101441.46274002668
5155.926645688654,100673.53485032226
5155.953459182,100364.34609141678
5155.98027281479,99455.35671048833
5156.007086587024,98538.49395936873
5156.033900498704,97750.85259735673
5156.060714549831,97402.84404517345
5156.087528740403,97300.3170102678
5156.114343070424,97260.24558359952
5156.141157539894,97580.43955489194
5156.167972148813,98395.83022593734
5156.194786897181,98766.45003489169
5156.221601785,99510.93323397575
5156.24841681227,99602.8061641597
5156.275231978992,99953.73744456178
5156.302047285168,100308.24774866365
5156.328862730797,100495.50577310997
5156.355678315879,100669.4312347379
5156.382494040417,100831.62442313462
5156.40930990441,100655.90886234262
5156.4361259078605,100625.95507830886
5156.462942050767,100676.58328717217
5156.489758333132,100238.44653726347
5156.516574754956,99876.84855254876
5156.543391316239,99815.18673311191
5156.570208016981,99295.29217874465
5156.597024857185,98640.16649174869
5156.62384183685,98467.82655289354
5156.650658955978,98736.60087377527
5156.677476214568,98909.91748848092
5156.704293612622,98694.11900621494
5156.73111115014,98783.97057780823
5156.757928827124,99070.60296224638
5156.784746643572,99643.99637121653
5156.8115645994885,99823.52570297594
5156.838382694871,100173.55739059561
5156.865200929722,100622.64018088678
5156.892019304042,101007.97627801928
5156.918837817831,101534.56886520972
5156.945656471091,101991.74782836759
5156.972475263821,102412.21364618649
5156.999294196023,102780.3942069713
5157.026113267697,102727.48235561597
5157.052932478845,103202.62762629882
5157.079751829466,103351.52001041594
5157.106571319562,103769.20090973016
5157.133390949133,103487.44109239016
5157.16021071818,103378.70828612182
5157.187030626704,103305.76606126722
5157.213850674704,103336.7673988055
5157.240670862184,103107.17845140654
5157.267491189142,102830.04605624621
5157.29431165558,102389.59812755077
5157.321132261498,101543.5560321383
5157.347953006897,101055.92387222486
5157.374773891778,101321.062789064
5157.401594916142,101090.11419972352
5157.428416079989,100981.21044609966
5157.455237383319,101432.70657452443
5157.482058826135,101663.30045017181
5157.508880408435,102278.12933376759
5157.5357021302225,102770.37000194516
5157.562523991496,103400.4510338807
5157.589345992258,103415.94008762624
5157.6161681325075,103965.13740773483
5157.642990412247,104130.96948102141
5157.669812831475,104349.27260685884
5157.696635390194,104799.316300474
5157.723458088404,104720.01429725207
5157.750280926107,104454.64915312736
5157.777103903301,105254.47447214069
5157.80392701999,105039.4718706594
5157.830750276173,104704.12500188155
5157.857573671849,104781.31974445427
5157.884397207023,105164.13298368125
5157.911220881691,104492.83643668756
5157.938044695858,104035.2232918332
5157.964868649522,103846.09134224357
5157.991692742684,103324.30867271636
5158.018516975346,102962.58036801522
5158.045341347507,102289.16319022473
5158.072165859169,102044.14853445189
5158.098990510333,100523.28226604282
5158.1258153009985,99477.77541929654
5158.152640231167,98483.82247621194
5158.179465300839,97205.86307689329
5158.206290510016,96533.31438538848
5158.233115858697,95800.23852892773
5158.259941346884,94839.19603969788
5158.286766974577,93478.88244423381
5158.313592741778,91563.3391230572
5158.340418648487,89684.84956468828
5158.367244694704,87130.79931611629
5158.39407088043,84051.38109561593
5158.420897205667,82522.61223506174
5158.447723670414,81775.11038517083
5158.474550274674,81951.86767569845
5158.501377018445,83724.22019301636
5158.528203901729,85873.85176194218
5158.555030924527,88408.89697197442
5158.58185808684,91052.66466953966
5158.608685388667,93074.30255246037
5158.63551283001,95260.30854457781
5158.6623404108705,96762.93494043738
5158.689168131248,98698.07998132588
5158.715995991143,100232.0768654537
5158.742823990558,101257.98658332409
5158.769652129491,101990.45019851302
5158.796480407946,102425.0215464242
5158.82330882592,102942.54139358376
5158.850137383417,103299.03624516969
5158.876966080436,103730.2935058332
5158.903794916979,103149.65195071191
5158.930623893045,103199.46961685723
5158.957453008635,103678.60956825002
5158.984282263751,103732.89961144017
5159.011111658393,103559.32372443554
5159.037941192562,103905.98968278266
5159.064770866258,104292.43268253752
5159.091600679483,104057.73084412029
5159.118430632237,103829.33481009929
5159.145260724519,104154.52619794353
5159.172090956333,104310.29873376785
5159.198921327677,103927.8985450863
5159.225751838554,103719.28639163422
5159.2525824889635,103604.4669378433
5159.279413278906,103316.00335822618
5159.306244208382,103026.96180474163
5159.333075277394,102640.15386049401
5159.35990648594,102551.40328887095
5159.386737834023,102902.94168199267
5159.413569321643,103420.88688594564
5159.4404009488,103351.99995483375
5159.467232715496,103442.34173554128
5159.494064621731,103599.30196205541
5159.520896667505,103974.10452772265
5159.547728852821,104100.08967767685
5159.574561177677,104279.35828665113
5159.601393642076,104637.49734939689
5159.628226246017,104561.87859087258
5159.655058989502,104573.17021897214
5159.681891872531,104875.34928730944
5159.708724895106,104970.01008592694
5159.735558057225,104967.93440514855
5159.76239135889,105081.86722855293
5159.7892248001035,104501.77122117097
5159.816058380865,104255.55180752365
5159.842892101174,104187.25455947439
5159.869725961033,103407.4964315703
5159.896559960442,103165.04402525883
5159.923394099401,103253.70006960315
5159.950228377911,102472.66209691936
5159.977062795974,102000.12780864624
5160.00389735359,101266.84437627206
5160.03073205076,100696.18248158191
5160.0575668874835,99621.4234370813
5160.084401863763,98212.95289198018
5160.111236979597,96226.01634895276
5160.138072234989,93972.29870682461
5160.164907629936,91447.74186702791
5160.191743164443,89281.81638982263
5160.218578838509,87971.82572427076
5160.245414652133,87329.69829232094
5160.272250605318,87804.79922562045
5160.299086698064,89006.91034675884
5160.32592293037,90170.90113497805
5160.35275930224,91252.79967232466
5160.3795958136725,91825.6005346119
5160.406432464669,91317.94490553346
5160.43326925523,90562.76837889894
5160.4601061853555,89743.52049011564
5160.486943255048,88278.2020572542
5160.513780464306,86494.24539378413
5160.5406178131325,85201.2028451782
5160.567455301527,84603.40400525475
5160.594292929491,85479.3976883926
5160.621130697023,86844.42054880639
5160.647968604126,88626.4905697393
5160.6748066508,90798.25730671558
5160.701644837046,92594.36318173997
5160.728483162864,95228.46085026051
5160.755321628256,96228.89676685215
5160.7821602332215,98447.1127214691
5160.808998977762,100040.64502575305
5160.835837861877,100630.53214016785
5160.862676885569,102121.04093994846
5160.889516048837,102676.81572075753
5160.916355351684,103791.4318910338
5160.943194794108,104024.03365049443
5160.9700343761115,104014.53589179172
5160.996874097695,103848.80320285195
5161.023713958858,103875.07029457625
5161.050553959603,103190.65419791499
5161.07739409993,103138.63799340864
5161.10423437984,103258.79157825907
5161.131074799332,102998.32250213846
5161.157915358409,102953.85913115583
5161.184756057071,102626.42309564397
5161.2115968953185,102440.02905722767
5161.238437873152,102325.00032545475
5161.265278990572,101972.63249867402
5161.292120247581,101377.37875219656
5161.318961644178,100871.20559510472
5161.345803180364,99758.47336373397
5161.37264485614,97835.83138459506
5161.399486671507,96058.45231049108
5161.426328626464,93854.35174883189
5161.453170721014,90822.65997810457
5161.480012955157,87001.83889161258
5161.506855328894,82553.27243070718
5161.533697842224,77564.40923240047
5161.560540495149,72058.84364047076
5161.587383287671,66906.72577233784
5161.614226219789,62302.37137308229
5161.641069291504,59502.786983564874
5161.667912502817,58743.62946461369
5161.694755853729,59442.15622294548
5161.721599344239,62015.77916218567
5161.74844297435,65710.04339710515
5161.775286744061,69965.33434383302
5161.802130653375,74206.13378744983
5161.828974702291,78431.11442171669
5161.855818890809,82443.28289950655
5161.882663218931,86106.99348523158
5161.909507686658,89402.64823269856
5161.936352293989,92096.76022677179
5161.963197040927,94397.83002016474
5161.990041927472,96278.34454647425
5162.016886953623,97437.46182757067
5162.043732119383,99065.66401498167
5162.070577424752,99374.62713469903
5162.09742286973,100383.22807028162
5162.124268454318,100667.3151032339
5162.151114178517,101448.98852843887
5162.177960042328,101589.34844207094
5162.204806045751,102138.9909514747
5162.231652188788,102781.92047615063
5162.258498471438,102842.34096197745
5162.285344893703,103229.64957427469
5162.312191455583,103491.78338160497
5162.339038157079,103516.68027250042
5162.365884998192,103956.10770237891
5162.392731978923,103965.827476345
5162.419579099272,104006.13538478086
5162.446426359239,104352.9656126322
5162.4732737588265,104784.96602473578
5162.500121298035,104836.03580653909
5162.526968976864,105054.00592746442
5162.553816795315,105033.84882083931
5162.580664753388,104507.6192201411
5162.607512851085,104323.43263935918
5162.634361088405,104576.66262331774
5162.661209465351,104586.85793856486
5162.688057981922,104136.74240275085
5162.714906638119,104406.5289892651
5162.741755433944,104507.47259995963
5162.768604369395,104411.6291574146
5162.795453444475,104287.54189297886
5162.822302659185,104335.86822685663
5162.849152013524,104297.3752991162
5162.876001507493,104123.78408860468
5162.902851141094,103754.68673436977
5162.929700914327,103148.93547881972
5162.9565508271935,102803.06740687619
5162.983400879692,102542.36029657909
5163.010251071826,102598.36805219417
5163.0371014035945,102590.54165581762
5163.063951874999,102842.71694794245
5163.090802486039,103558.52317880296
5163.117653236717,103375.41985796056
5163.144504127033,103203.78643021385
5163.1713551569865,103486.842770173
5163.19820632658,103551.03793323613
5163.225057635813,104094.91612726716
5163.251909084687,104320.58250300676
5163.278760673203,104171.07490955165
5163.30561240136,104412.22652777848
5163.3324642691605,104265.47430027828
5163.359316276605,104072.01116582201
5163.386168423694,104148.9629978363
5163.413020710427,104372.17605614677
5163.439873136806,104440.50554715491
5163.466725702832,104634.68537800272
5163.4935784085055,104353.7997562488
5163.520431253827,104445.24211687241
5163.547284238797,104332.69001177195
5163.574137363416,104830.21824372266
5163.600990627687,105137.67221314624
5163.627844031607,104979.30804233653
5163.654697575179,104851.85241399855
5163.6815512584035,105031.28682946638
5163.708405081282,104617.13983622132
5163.735259043813,104266.5372861021
5163.762113145999,103451.83720923433
5163.78896738784,102749.86227579053
5163.815821769337,101694.0168803089
5163.842676290492,100495.20861415348
5163.869530951303,98557.45902224275
5163.896385751773,97558.44404913181
5163.923240691901,96980.11938098299
5163.950095771689,96406.90991127543
5163.9769509911375,96408.26844229511
5164.003806350247,96905.04664948727
5164.0306618490185,97432.6058093757
5164.057517487452,98354.78834373568
5164.084373265549,99314.276618263
5164.111229183311,99728.95810063805
5164.1380852407365,100717.88661712798
5164.164941437827,101278.32388732157
5164.191797774585,101858.07365143686
5164.218654251009,102380.16339514573
5164.245510867101,102329.80358223333
5164.272367622862,102344.29524065727
5164.29922451829,102549.7910978888
5164.3260815533895,102480.87228977492
5164.352938728159,102392.64681226338
5164.3797960426,102144.36770078748
5164.406653496712,101932.98426811554
5164.433511090498,100990.60213880788
5164.460368823957,100359.32128579763
5164.48722669709,99814.07301527698
5164.514084709898,99071.26506400718
5164.540942862382,98018.00305409028
5164.5678011545415,97114.3219621002
5164.594659586378,95791.7924105612
5164.621518157893,93528.9286782592
5164.648376869086,91187.19208185245
5164.675235719958,88158.80400136307
5164.702094710511,84832.96586668478
5164.728953840744,81111.89762858293
5164.755813110658,78018.11249776119
5164.782672520255,75836.54801443845
5164.809532069535,75075.84998277613
5164.8363917584975,76272.83469485611
5164.863251587145,78741.4649419714
5164.890111555477,81652.60646580368
5164.916971663495,84559.22391175941
5164.9438319112005,87628.70178763314
5164.9706922985915,90703.77659278135
5164.997552825672,93055.90014251998
5165.0244134924405,94897.19333534836
5165.0512742988985,97067.24155865113
5165.078135245047,99049.77895833542
5165.104996330885,100527.79463314844
5165.1318575564155,101669.68275476567
5165.158718921639,102508.99801146003
5165.185580426554,103073.40012275426
5165.212442071164,103625.91834104343
5165.239303855468,103988.26783170791
5165.266165779467,103896.2947755236
5165.293027843162,103876.2892620455
5165.319890046554,103743.73076717134
5165.346752389643,103248.4017565897
5165.373614872431,101998.5821282079
5165.400477494917,100888.40513134767
5165.427340257103,99391.76172191478
5165.45420315899,97241.76701672094
5165.481066200577,94385.99525645743
5165.507929381865,91368.85966529432
5165.534792702857,88066.16505929029
5165.561656163552,83769.57391082968
5165.58851976395,79926.23826693013
5165.615383504053,76641.61852663672
5165.642247383862,73826.82908663178
5165.6691114033765,73187.75729586677
5165.695975562598,74181.03208941122
5165.722839861527,75966.77316306304
5165.749704300165,78705.42521621616
5165.776568878511,81711.44175843206
5165.803433596567,84934.76813931146
5165.830298454333,87929.57659309304
5165.857163451811,90298.23551702236
5165.884028589001,92687.46198803636
5165.910893865904,94953.57444801189
5165.937759282519,96580.29541762239
5165.964624838849,97823.19810066093
5165.991490534894,99332.33305945543
5166.018356370654,100375.44171857116
5166.045222346131,100390.22655860725
5166.072088461324,101082.18617758712
5166.098954716235,101369.44885416419
5166.125821110865,102036.99762200376
5166.152687645214,102163.17381467223
5166.179554319283,101569.79999540978
5166.206421133073,101058.79426489363
5166.233288086583,100690.90645330107
5166.260155179816,99810.5784459876
5166.287022412772,98538.84089554277
5166.3138897854515,96739.05322244561
5166.340757297855,94896.57358201084
5166.367624949984,92134.02004563498
5166.394492741838,89704.19620951531
5166.421360673418,85501.197713401
5166.448228744727,81450.76231270793
5166.475096955763,76957.37280691472
5166.501965306527,71660.90741386493
5166.528833797021,65691.67281969792
5166.555702427245,59804.41405445608
5166.5825711972,53481.21176380129
5166.609440106886,48276.451565533665
5166.636309156304,45243.366051307545
5166.663178345457,39424.15992031429
5166.690047674341,34540.699846741656
5166.716917142961,31523.250572655525
5166.743786751316,29373.085966997274
5166.770656499407,27779.973680760766
5166.797526387235,26488.975790467986
5166.8243964148,26292.49762575526
5166.851266582103,26991.879676755398
5166.878136889144,28608.146573808033
5166.905007335926,31666.76194260481
5166.931877922447,35723.37284727137
5166.95874864871,40981.1183766753
5166.985619514714,46968.34232451375
5167.01249052046,52902.414190875614
5167.03936166595,59179.282066629414
5167.066232951184,65416.14097466067
5167.093104376162,71371.43787728128
5167.119975940886,76407.37791124808
5167.146847645356,80742.15961592621
5167.173719489572,85148.00477034836
5167.200591473536,88484.21596621998
5167.227463597249,91946.6956668094
5167.254335860711,94219.77851943103
5167.281208263921,95945.30258693737
5167.308080806883,97029.7989195635
5167.334953489596,99015.67528145961
5167.361826312061,99371.02814789138
5167.388699274277,99877.58023186137
5167.415572376248,100153.684409926
5167.442445617972,100144.96626089053
5167.469318999452,100298.33810171238
5167.496192520687,100087.33061852724
5167.523066181679,99526.47339479545
5167.549939982427,99183.77057063626
5167.576813922932,98594.26473819121
5167.603688003196,98042.93031164563
5167.63056222322,96987.97738891681
5167.657436583003,97214.5561297903
5167.6843110825475,97436.36088014122
5167.711185721852,97310.1418620656
5167.73806050092,96825.40691811372
5167.76493541975,96956.74337486818
5167.791810478344,96315.62901058028
5167.8186856767015,95294.38622022585
5167.845561014825,94231.89314678899
5167.872436492713,92352.82946816174
5167.899312110369,89794.4391783444
5167.926187867791,87014.64712101949
5167.9530637649805,83186.91766894206
5167.9799398019395,78535.56040889981
5168.006815978667,74666.99021055162
5168.033692295166,70145.82668993747
5168.060568751434,65467.40094517907
5168.087445347474,61785.18148695653
5168.114322083287,57483.00457388932
5168.141198958872,53238.05438581602
5168.168075974232,48561.68471578171
5168.194953129366,43457.00566571735
5168.221830424274,38883.04055206165
5168.248707858959,34854.58867272822
5168.275585433421,30952.313884346557
5168.302463147659,27583.525188927677
5168.329341001676,24770.107859943168
5168.356218995471,22663.373484777785
5168.383097129046,21075.234695188727
5168.409975402402,20171.74403694309
5168.436853815538,19852.398022681562
5168.463732368456,20528.40123682214
5168.490611061156,22007.03304074281
5168.517489893639,24010.081724018568
5168.544368865907,27442.482722456185
5168.571247977959,31624.62378843709
5168.598127229796,36834.43663907425
5168.62500662142,42380.69898364148
5168.651886152829,48236.29909728596
5168.678765824027,54345.826986904416
5168.705645635013,60142.729891218725
5168.732525585788,66121.79448434727
5168.759405676353,71463.90873271375
5168.786285906707,75924.29877194852
5168.813166276854,80329.53282694877
5168.840046786791,83937.03165354535
5168.866927436522,87308.96286356436
5168.893808226046,90369.93803837187
5168.920689155364,92908.18284029436
5168.947570224476,94398.41566806077
5168.974451433384,96323.39725576875
5169.001332782089,97703.10624199531
5169.02821427059,98723.32024689027
5169.05509589889,99001.76612606258
5169.081977666987,100370.84396420605
5169.108859574883,100932.61677935765
5169.13574162258,101188.92775980096
5169.162623810077,102046.17402302744
5169.189506137375,102396.62905653531
5169.2163886044755,102544.20176219322
5169.243271211379,103063.71274611144
5169.270153958086,103289.7261749346
5169.297036844597,103491.83101574918
5169.3239198709125,103917.73441283258
5169.350803037034,103745.00199841133
5169.377686342962,104132.53857211494
5169.404569788698,103910.11656678758
5169.431453374241,103968.48910737818
5169.458337099592,104476.04443232529
5169.485220964753,104515.9157383274
5169.512104969724,104576.72001968444
5169.538989114506,104479.17408998929
5169.565873399099,105001.394672934
5169.592757823504,104798.9111319111
5169.619642387723,105114.93740856537
5169.646527091755,105378.80159767656
5169.6734119356015,105144.79004285796
5169.700296919263,105000.7869951663
5169.72718204274,105417.38572212729
5169.754067306035,105233.9285467539
5169.780952709146,104884.16824046394
5169.807838252075,104732.2762971396
5169.834723934824,104857.31816907984
5169.861609757391,104508.6040390062
5169.88849571978,104316.26004835653
5169.915381821988,103732.69095280085
5169.942268064019,103391.75872932997
5169.969154445872,102787.2054995406
5169.996040967548,101871.03848403529
5170.022927629047,100657.44580184831
5170.049814430373,99121.76839223341
5170.076701371522,97508.38384302918
5170.103588452498,95514.5162854901
5170.130475673301,94039.68514019305
5170.157363033931,93384.64427508364
5170.184250534389,93922.74833303584
5170.211138174677,94549.48744621975
5170.238025954794,95610.6088042897
5170.264913874741,96944.16075975358
5170.29180193452,98095.59215304382
5170.3186901341305,99301.48783232702
5170.345578473573,100301.40524470962
5170.37246695285,101230.58649333385
5170.39935557196,102642.48233292477
5170.426244330905,103407.66615039326
5170.453133229686,103555.7938119914
5170.4800222683025,104061.49229806903
5170.506911446757,104265.36320218998
5170.533800765048,104405.04314590643
5170.560690223178,104018.2715642937
5170.587579821147,103584.02564877103
5170.6144695589555,102830.68429287619
5170.641359436606,101548.63811327312
5170.668249454096,100199.00641313453
5170.695139611429,98113.23110525837
5170.722029908605,95271.50900052735
5170.748920345623,92018.07126601663
5170.775810922487,87766.95844443994
5170.802701639195,83107.60171805647
5170.829592495749,77811.91305575633
5170.85648349215,71760.66575906967
5170.883374628397,65703.10953169726
5170.910265904493,60012.53327583965
5170.937157320436,55220.546599797824
5170.96404887623,52104.97578126486
5170.990940571873,50711.03497987478
5171.017832407367,51095.275668578746
5171.044724382713,53275.889691984376
5171.07161649791,56917.113160975474
5171.098508752961,62015.483242021815
5171.125401147866,67544.65991643867
5171.152293682624,73001.89483408588
5171.179186357238,78022.20741316151
5171.206079171708,82188.9324305445
5171.232972126035,86777.96929714805
5171.259865220218,91032.24592175122
5171.28675845426,93956.16485003439
5171.313651828161,96537.77343701661
5171.34054534192,98955.30777461363
5171.36743899554,100675.3887972574
5171.394332789022,101814.92646087652
5171.421226722365,102462.75741036132
5171.44812079557,103293.98715597152
5171.475015008638,103774.1549093124
5171.50190936157,103987.10676298331
5171.528803854368,103503.67078993903
5171.555698487029,102737.0169872565
5171.582593259558,102125.08360682488
5171.609488171953,101003.30675626917
5171.636383224215,99686.41800473518
5171.663278416346,97863.66367103366
5171.690173748346,95482.38153375128
5171.717069220214,92511.15919365233
5171.743964831954,89167.20587050382
5171.770860583565,85416.35391731195
5171.797756475048,80730.9507248846
5171.824652506403,75633.24453753832
5171.851548677632,69553.0219910359
5171.878444988734,63504.04422255686
5171.905341439712,57083.81200565435
5171.932238030565,50704.49747007499
5171.959134761294,44944.75755820664
5171.9860316319,39971.955590892736
5172.012928642384,35543.45010742224
5172.039825792746,32785.05676460791
5172.066723082988,30697.900161489822
5172.093620513109,30054.801226847223
5172.12051808311,30952.199646890105
5172.147415792994,33011.40593266286
5172.1743136427585,36219.940895167194
5172.201211632407,40461.364903562375
5172.228109761938,45411.96968706802
5172.255008031354,50902.26804339184
5172.281906440655,56883.209395030564
5172.308804989841,62442.76481523081
5172.335703678914,67469.86293324853
5172.362602507874,72240.14060955169
5172.389501476721,77452.24468721099
5172.416400585457,81628.74635289732
5172.4432998340835,85460.15637967533
5172.470199222599,89626.30775702109
5172.497098751005,92877.66487489198
5172.523998419303,95759.96822149417
5172.550898227493,98071.155282211
5172.577798175576,100015.40743747806
5172.6046982635535,101619.31594127776
5172.6315984914245,102570.58625758722
5172.658498859191,103568.97955928107
5172.685399366853,104222.27802268123
5172.712300014412,104582.95972014115
5172.739200801868,104972.0040242334
5172.766101729222,105344.82300708702
5172.793002796476,105268.50802869367
5172.819904003628,104961.97790009895
5172.84680535068,104801.39395913389
5172.873706837634,104788.15735572482
5172.90060846449,103975.94977822468
5172.927510231248,102730.01637102074
5172.954412137909,101645.98361816048
5172.981314184473,100410.86478877135
5173.008216370942,98942.49868267462
5173.035118697318,96904.02975510497
5173.062021163598,94393.55856801377
5173.088923769786,92196.74285757696
5173.115826515881,90521.57338542485
5173.142729401884,89999.33749653996
5173.169632427796,90426.99170686086
5173.196535593618,91218.33228978793
5173.223438899351,92072.61742431631
5173.250342344994,93062.50803759278
5173.27724593055,94205.08500981305
5173.304149656017,95663.40180393145
5173.331053521399,97128.63570726305
5173.357957526694,98919.71461969643
5173.384861671904,100201.04669072987
5173.41176595703,101232.79130777589
5173.438670382072,102667.20640459472
5173.465574947031,103607.31868816177
5173.492479651907,104182.60668557917
5173.5193844967025,104448.34730720706
5173.546289481416,104845.28820728004
5173.5731946060505,105117.07833800887
5173.600099870606,105085.37985229446
5173.6270052750815,105257.62167027906
5173.653910819479,104947.0197268557
5173.6808165038,105142.83385003071
5173.707722328045,104944.2532813302
5173.7346282922135,104387.68442198448
5173.761534396307,104113.17122885173
5173.788440640326,104137.33928014756
5173.815347024271,104614.27868644228
5173.842253548145,104149.02928414142
5173.869160211945,105069.5403566418
5173.896067015675,104944.15828969453
5173.922973959334,105102.46612522163
5173.949881042922,105196.02287268703
5173.976788266442,105613.21133565098
5174.003695629893,105738.23095050655
5174.030603133276,106059.52844453437
5174.057510776593,106092.93596629152
5174.084418559843,106099.40115432744
5174.1113264830265,106385.00973131345
5174.138234546146,106854.7468112484
5174.165142749202,106446.64722195336
5174.192051092194,106490.39246349089
5174.218959575123,106715.99299899298
5174.245868197991,106403.09653240087
5174.272776960797,106282.40395766006
5174.299685863543,106530.27217719787
5174.326594906229,106630.4320614453
5174.353504088856,106587.29686285525
5174.380413411425,106661.83306516458
5174.407322873936,106593.3332220281
5174.43423247639,106568.97726398362
5174.461142218789,106531.4358592729
5174.488052101132,106581.14807870549
5174.5149621234195,106291.29649910356
5174.541872285654,106229.56464863812
5174.568782587835,106227.8742172214
5174.5956930299635,106015.28487584267
5174.622603612041,105779.9064115636
5174.649514334067,105469.43693073928
5174.676425196042,105441.5452092221
5174.703336197968,105090.83490833831
5174.730247339846,105249.02793719122
5174.7571586216745,105310.22097500152
5174.784070043456,105877.25917032236
5174.810981605192,105839.11489986103
5174.837893306881,105661.33284327546
5174.864805148525,106342.05682612902
5174.891717130125,106287.89771347123
5174.91862925168,106473.34710618448
5174.945541513192,106457.0192844995
5174.972453914664,107092.24736824613
5174.9993664560925,106913.43899923172
5175.026279137481,106672.54807933986
5175.053191958828,106628.75691298286
5175.080104920137,106587.8296327539
5175.107018021407,107463.23778772519
5175.13393126264,106880.45308796798
5175.160844643834,106803.13591032104
5175.187758164993,106531.66263758352
5175.214671826116,106631.20112119494
5175.241585627204,106948.00093255189
5175.268499568257,106838.47538242891
5175.295413649277,106291.00249573863
5175.3223278702635,106027.21202068953
5175.349242231219,105895.31331182156
5175.376156732143,106367.30250710798
5175.403071373035,105839.14017633506
5175.429986153898,105402.28839237904
5175.456901074733,105073.6801636057
5175.483816135538,105013.11238450021
5175.510731336316,105103.91782448544
5175.537646677067,104889.67420691217
5175.564562157791,104581.32513818274
5175.59147777849,104123.92534276468
5175.618393539165,103613.93804030937
5175.645309439815,102840.19174259501
5175.672225480442,102699.59524640112
5175.699141661045,102774.44582360183
5175.7260579816275,102509.16557374796
5175.752974442189,102112.93532214084
5175.779891042729,101042.230270962
5175.80680778325,99728.36776610832
5175.833724663752,98437.86295190552
5175.860641684236,96286.29268741408
5175.887558844702,94245.44204159883
5175.914476145152,92612.28674575809
5175.941393585585,91580.74902498261
5175.968311166002,91782.16221492625
5175.995228886406,92476.25157437222
5176.022146746795,93545.39421760621
5176.0490647471715,95188.80032846202
5176.075982887535,96529.30324464398
5176.1029011678875,97934.35313641308
5176.129819588229,99157.25378771519
5176.156738148559,100436.68220660328
5176.183656848881,101988.33925449365
5176.210575689193,102739.46785455923
5176.237494669498,103231.11284966348
5176.264413789795,104329.24995350743
5176.291333050086,104368.30419328908
5176.31825245037,104574.622892073
5176.34517199065,104814.89001243594
5176.372091670925,104877.18365729057
5176.399011491197,104554.92413777401
5176.425931451465,104835.21071542235
5176.452851551731,104890.34480298245
5176.4797717919955,104924.43329067455
5176.50669217226,104598.55232635808
5176.533612692523,104227.3025981183
5176.560533352788,103900.0319214152
5176.587454153054,103170.26947311014
5176.6143750933215,102646.40192919814
5176.641296173593,102315.25217127267
5176.668217393867,102096.09911032807
5176.695138754146,102302.85976067418
5176.72206025443,102243.56691331844
5176.74898189472,102059.15788695985
5176.775903675016,102161.00602385911
5176.802825595319,102267.50214549765
5176.82974765563,102403.78328629017
5176.85666985595,102668.7785006952
5176.883592196279,103402.4830622071
5176.910514676619,104036.11285509511
5176.93743729697,104331.27507529035
5176.964360057331,104408.77875508451
5176.991282957705,104545.30684704831
5177.0182059980925,104691.59563777653
5177.045129178494,105389.67111929759
5177.072052498909,105230.8965794241
5177.09897595934,105551.79404322388
5177.125899559787,105603.74308236303
5177.152823300251,105967.67891487744
5177.179747180731,105902.60811808576
5177.20667120123,106466.33450714554
5177.2335953617485,106622.15633300066
5177.260519662286,106595.03984529417
5177.287444102843,106665.14777670891
5177.314368683423,106841.42987249541
5177.341293404023,107037.35311403841
5177.368218264646,106719.30285340137
5177.395143265293,106817.95117091911
5177.422068405964,106984.71729758417
5177.4489936866585,106614.96637681584
5177.475919107379,106823.70807059732
5177.502844668126,107551.89806099795
5177.529770368899,107424.11582984641
5177.556696209701,107640.1351759826
5177.58362219053,107252.81314793944
5177.610548311389,106961.65764808764
5177.637474572277,107530.49371751124
5177.664400973196,107297.75639022753
5177.691327514146,107244.97595148721
5177.718254195129,107471.88839695818
5177.745181016144,107459.46284743356
5177.772107977192,107066.54948986172
5177.799035078274,107355.42581671472
5177.825962319392,106970.66603723002
5177.852889700544,107041.5215689034
5177.879817221734,107539.3342180907
5177.90674488296,107505.20562383794
5177.933672684225,106896.34094159825
5177.960600625527,106342.04095041846
5177.98752870687,106345.38615699788
5178.014456928252,106056.77863519789
5178.0413852896745,105896.08152494021
5178.068313791138,105534.08796429448
5178.095242432645,105018.27146620341
5178.122171214194,103822.36560665112
5178.149100135787,102796.86673644706
5178.176029197424,101921.38302373281
5178.202958399107,101028.77278609804
5178.229887740835,100741.96780534787
5178.25681722261,100645.12279785333
5178.283746844432,100311.72966267032
5178.310676606302,100743.08268219058
5178.33760650822,100597.54176091545
5178.364536550189,100631.509266499
5178.391466732207,100648.41504299072
5178.418397054276,101384.88685539414
5178.445327516398,101988.520600097
5178.472258118571,101947.44677359579
5178.499188860797,102031.6527491597
5178.526119743077,103207.75799619616
5178.553050765412,103424.63624487347
5178.579981927803,104196.79082093536
5178.606913230249,104709.67755080241
5178.633844672751,105805.84383171936
5178.660776255312,105688.0220180492
5178.687707977931,106221.0217949529
5178.714639840608,106128.52997523424
5178.741571843345,106439.39682392076
5178.768503986143,106787.9663366472
5178.795436269002,106459.8339689981
5178.822368691922,106908.91907319152
5178.849301254905,107204.20274293389
5178.876233957952,106748.78599948877
5178.903166801061,106513.02456648913
5178.9300997842365,106852.2328934187
5178.957032907478,106346.77828884273
5178.983966170784,105917.90911820656
5179.010899574158,105695.65221617246
5179.0378331176,105078.5620018939
5179.06476680111,104242.06035757685
5179.091700624688,103407.66866759404
5179.118634588337,102515.55864194469
5179.145568692056,101976.70591639601
5179.172502935848,101279.24619531135
5179.19943731971,101374.3772474388
5179.226371843645,101457.04642216783
5179.253306507655,101253.71451101807
5179.280241311738,100795.38212889747
5179.307176255896,100092.63083084713
5179.33411134013,99375.63339706494
5179.361046564441,97900.88875276301
5179.387981928828,96864.58934466408
5179.414917433293,95407.90902597003
5179.441853077837,94592.65776257886
5179.46878886246,95394.78088249979
5179.495724787163,95830.32271586236
5179.522660851948,96885.3585194172
5179.549597056814,98142.95070566784
5179.5765334017615,98900.27602579894
5179.603469886792,99907.23440990466
5179.630406511907,100930.26848816755
5179.657343277106,101226.717668671
5179.68428018239,101791.73707750082
5179.711217227759,102432.57754725225
5179.738154413216,102921.37994775525
5179.76509173876,103169.58015293602
5179.792029204392,103131.77248657723
5179.818966810112,103208.3241003064
5179.845904555923,103342.05214852291
5179.872842441823,102936.80930406698
5179.899780467815,102418.13766322826
5179.926718633898,102884.04848608699
5179.953656940073,103352.13939605103
5179.980595386342,103664.18798508374
5180.0075339727055,104147.55992970413
5180.0344726991625,105139.17117690365
5180.061411565715,105093.75757817303
5180.088350572364,105495.65774242072
5180.11528971911,106605.7554501005
5180.142229005953,106819.9267128321
5180.169168432894,106883.69705569165
5180.196107999935,107357.173203703
5180.223047707075,107518.51818891207
5180.249987554315,107368.88933754011
5180.276927541658,107214.51954086334
5180.303867669101,107738.59269193318
5180.330807936647,107191.30754596989
5180.357748344297,107030.12860364161
5180.384688892051,107017.1552708723
5180.4116295799095,106504.5775347521
5180.438570407873,105709.94627770202
5180.465511375944,105026.56085039783
5180.492452484122,104643.79560617785
5180.519393732407,104242.65573327178
5180.5463351208,103500.7201684639
5180.573276649303,102793.64721178277
5180.600218317916,101693.22500105493
5180.627160126639,100979.55748540298
5180.654102075474,100360.2389004701
5180.681044164421,100533.05111234654
5180.7079863934805,100125.82848055856
5180.734928762654,100163.61577295765
5180.761871271941,100866.43133704977
5180.788813921345,101570.7205319522
5180.815756710863,102474.48290595769
5180.842699640498,103313.6127573632
5180.8696427102495,104313.11591747018
5180.89658592012,105122.61541258462
5180.923529270109,105430.84189329583
5180.950472760216,105723.31478694554
5180.977416390445,106029.94118175132
5181.004360160794,106110.71557145371
5181.0313040712645,106560.6043925638
5181.058248121857,106796.58323066616
5181.085192312574,106622.04040056787
5181.112136643414,106138.09492283681
5181.139081114377,105670.7282777901
5181.166025725467,105224.36642560174
5181.192970476683,104925.31955774887
5181.219915368025,104617.8075003263
5181.246860399494,104561.26035520856
5181.273805571092,104206.76232316782
5181.300750882819,104400.27959560732
5181.327696334675,104752.13070288407
5181.354641926661,104868.41458794544
5181.381587658779,105070.97943619538
5181.408533531028,105658.14695473899
5181.43547954341,105617.28363773754
5181.462425695925,105978.47243172125
5181.489371988574,106791.8240881743
5181.516318421358,106867.8539978104
5181.543264994278,106886.97481864324
5181.570211707332,107314.41447927871
5181.597158560525,107430.68502790491
5181.624105553855,107276.99532957688
5181.6510526873235,107264.31985611266
5181.677999960931,107275.10729998791
5181.704947374677,107639.8696985079
5181.731894928565,107510.26438771725
5181.758842622594,107144.57662283581
5181.7857904567645,107417.23086987012
5181.812738431078,106944.59034623079
5181.839686545535,106379.37749644785
5181.866634800137,106245.5715526096
5181.893583194883,105900.47797263831
5181.920531729775,105123.73998085335
5181.947480404813,104577.19304989924
5181.9744292199985,104340.39803161543
5182.001378175331,104240.34188079325
5182.028327270813,104294.57697096781
5182.055276506443,104207.21032031486
5182.0822258822245,104241.53745102987
5182.109175398156,104409.1698473872
5182.136125054239,104559.83590738606
5182.163074850474,104525.63958902855
5182.1900247868625,104763.19285993221
5182.216974863404,105068.89746298164
5182.243925080101,104853.30429277614
5182.270875436951,105404.84579872142
5182.297825933959,104472.44219158836
5182.324776571123,104640.15372199756
5182.351727348444,104625.36968891241
5182.378678265923,103918.93206951996
5182.405629323561,103661.87238839253
5182.4325805213575,102894.56047233414
5182.459531859316,102368.34407623576
5182.486483337434,101228.46202051152
5182.513434955714,99622.99959096413
5182.540386714156,97735.9926924771
5182.567338612762,95312.49768392123
5182.594290651531,92630.49742717024
5182.621242830465,88801.79823430648
5182.648195149564,84531.28656735948
5182.67514760883,79592.56978268815
5182.702100208262,74214.24957777656
5182.729052947862,68855.18558257038
5182.756005827629,63052.94320823258
5182.782958847567,57626.1610726039
5182.809912007673,51768.63436273334
5182.836865307951,46050.46240882668
5182.863818748398,40933.541420452
5182.890772329019,36288.99991561427
5182.917726049811,32459.511033575716
5182.944679910776,29549.193754332522
5182.971633911917,27624.380443476904
5182.998588053231,26525.14182875373
5183.025542334722,26910.149724640647
5183.052496756388,28482.445816257154
5183.079451318232,31023.023001358946
5183.1064060202525,34838.77230709818
5183.133360862453,39841.00770982635
5183.1603158448315,45480.97351323047
5183.18727096739,51802.97704322699
5183.2142262301295,58270.9307685759
5183.2411816330505,64552.246129825864
5183.268137176153,70598.07583423083
5183.295092859438,76357.91418887925
5183.322048682908,81371.76771860717
5183.34900464656,85483.45094382233
5183.375960750399,88911.5647738366
5183.402916994423,90911.79550552496
5183.429873378634,92645.5624147169
5183.456829903032,93655.82937361696
5183.483786567617,92871.73048224545
5183.5107433723915,92967.55402866275
5183.537700317355,90916.69521754327
5183.564657402509,88901.81264334887
5183.591614627853,87023.8257123546
5183.618571993389,85707.38044444846
5183.645529499117,84511.42773293864
5183.672487145039,84951.37521455724
5183.699444931154,86439.92028905754
5183.726402857464,87999.840389136
5183.753360923969,89571.62895389121
5183.780319130669,90761.56538711204
5183.807277477567,91731.79255914583
5183.834235964662,91980.49032010793
5183.861194591955,91611.36493431737
5183.888153359447,91134.74470658244
5183.915112267138,91185.1625851658
5183.942071315029,91426.69320420627
5183.969030503123,92324.11243739158
5183.995989831416,94024.37482854295
5184.022949299913,95574.24805853708
5184.049908908613,97311.23796323968
5184.0768686575175,99046.51111300023
5184.103828546627,100693.48700077621
5184.130788575941,102030.44148354902
5184.1577487454615,103717.07267452597
5184.184709055188,104464.81427102727
5184.211669505124,105383.32634214523
5184.238630095267,106003.42833555413
5184.265590825618,106670.98122798876
5184.29255169618,107146.62635624124
5184.319512706953,107627.12440867884
5184.346473857937,107731.38380229776
5184.373435149133,107740.00371746915
5184.400396580541,107840.52314197499
5184.427358152163,107924.62808603406
5184.4543198639985,108213.46002106814
5184.48128171605,108162.28724296004
5184.5082437083165,108353.08321322993
5184.535205840799,108422.80070175606
5184.562168113499,108316.71816674237
5184.589130526417,108248.3058455053
5184.616093079553,108100.31311455408
5184.643055772909,108442.09089643444
5184.6700186064845,108246.04559790171
5184.69698158028,108342.57375109577
5184.723944694299,108132.95803594014
5184.750907948538,108546.88657255424
5184.777871343001,108099.24140608116
5184.804834877687,106932.62863762303
5184.831798552598,107317.73344166759
5184.858762367734,106707.01472310057
5184.885726323096,106177.15262871016
5184.912690418684,104700.49554897596
5184.9396546544995,102885.41211740181
5184.966619030543,101301.21151567645
5184.993583546816,98579.16326907546
5185.020548203317,95885.46903889447
5185.04751300005,92188.99512455892
5185.0744779370125,88491.8938102271
5185.101443014207,83528.79281328895
5185.128408231634,77311.34103860616
5185.155373589294,71096.92436652795
5185.182339087188,65114.32579890985
5185.2093047253165,59476.34792287161
5185.23627050368,54703.31653970558
5185.26323642228,51296.87333039023
5185.2902024811165,49941.75140078808
5185.317168680191,50377.6436694385
5185.3441350195035,53019.22570369821
5185.371101499055,56289.254547910394
5185.398068118846,60747.90621678135
5185.425034878877,65901.54435818315
5185.452001779149,71343.77416227676
5185.478968819664,76768.04104862784
5185.505936000422,81790.33881344127
5185.532903321421,86550.25811275307
5185.559870782666,90443.73175594876
5185.586838384155,94090.35215539059
5185.61380612589,97615.46231462306
5185.640774007871,99982.33895695751
5185.667742030098,101850.77340782859
5185.694710192574,103713.38321948025
5185.721678495299,104416.78448021322
5185.748646938272,105099.45637576774
5185.775615521495,105943.03448110513
5185.802584244969,106147.07521194176
5185.829553108694,106427.19720793382
5185.856522112671,106162.15606979569
5185.883491256901,106227.13234752277
5185.910460541385,105842.08784209484
5185.937429966122,105538.57993219311
5185.964399531115,105463.40286857504
5185.991369236363,105526.59435533732
5186.018339081869,106256.25723805529
5186.045309067631,106723.83225619019
5186.072279193651,106618.23849573999
5186.09924945993,106605.48923659294
5186.126219866468,107067.81881701556
5186.153190413266,106559.40470577226
5186.180161100326,107246.18465125456
5186.2071319276465,107763.34266270054
5186.234102895229,107699.50895483038
5186.261074003075,107398.04906234216
5186.2880452511845,107740.53884970913
5186.315016639559,107457.42619953319
5186.341988168198,107615.29364028525
5186.368959837104,108210.9378769937
5186.395931646276,108194.48247539921
5186.422903595715,108463.14815304634
5186.449875685423,108049.32391590966
5186.476847915399,107941.8868851636
5186.503820285645,108159.21853400627
5186.530792796161,107641.07658247677
5186.557765446949,107681.52498929223
5186.584738238008,106946.34705125945
5186.611711169339,106547.57282200805
5186.638684240945,105645.16038815807
5186.665657452823,104968.01169496254
5186.692630804977,104152.12343068667
5186.719604297406,102712.63861387248
5186.746577930111,100976.52392186406
5186.773551703093,99711.21263962815
5186.800525616352,98643.68175879127
5186.827499669891,98070.61792657399
5186.854473863707,97823.51176236813
5186.881448197804,97868.8177713611
5186.908422672182,98609.51711003907
5186.93539728684,99552.29317737506
5186.962372041781,101065.5629060645
5186.9893469370045,101774.7091554354
5187.016321972512,102222.23123841833
5187.043297148302,103063.21811067469
5187.070272464378,102970.87799625017
5187.097247920739,103266.89733549253
5187.124223517388,102869.53312624893
5187.151199254323,101880.87510950932
5187.178175131546,100472.10951429352
5187.205151149057,98641.27628839326
5187.232127306857,96684.23869380541
5187.259103604948,95191.38493194066
5187.28608004333,94357.00379821286
5187.3130566220025,93317.62669291392
5187.340033340967,93975.98626575853
5187.367010200225,94909.97075173567
5187.393987199777,96764.23228064529
5187.420964339623,97781.22828837296
5187.447941619765,99259.91640829439
5187.474919040202,100218.3339372221
5187.501896600936,100839.68721345563
5187.528874301966,101085.40654576155
5187.555852143295,101079.21146632945
5187.582830124923,101406.00986842655
5187.60980824685,101486.53214982372
5187.636786509078,101180.69060579024
5187.663764911606,100276.09612979674
5187.690743454436,99916.8070287258
5187.717722137569,97837.43302060876
5187.744700961004,95689.8994507282
5187.771679924744,93039.47922577304
5187.798659028788,89294.86157906092
5187.825638273138,85047.81828340581
5187.852617657793,79998.5982776879
5187.879597182756,74449.65904619757
5187.906576848026,68469.44630962276
5187.933556653604,61532.877921746
5187.960536599491,55038.76282843331
5187.987516685688,49249.59515498593
5188.014496912195,44291.85280442446
5188.041477279014,40228.2531756485
5188.068457786144,37157.93583429379
5188.095438433587,35961.765537302956
5188.122419221343,35349.29690043814
5188.149400149414,36231.71904202526
5188.1763812178,37949.61098277956
5188.2033624265005,41204.282155231085
5188.230343775517,45713.02798527827
5188.257325264852,50999.00258043645
5188.284306894503,57533.16997510843
5188.311288664474,64441.76514576543
5188.338270574764,71281.61508150621
5188.365252625373,77789.37262019464
5188.392234816303,83729.87177044593
5188.419217147554,88615.80872597128
5188.4461996191285,92438.83482616018
5188.473182231025,96412.54564747479
5188.500164983245,99162.2429593347
5188.5271478757895,101238.95681246974
5188.554130908658,102989.58795842696
5188.581114081854,104366.87854301768
5188.608097395376,105704.97074168433
5188.635080849224,106482.90177198307
5188.6620644434015,107419.19159840667
5188.689048177907,107688.7229522234
5188.716032052742,107734.0496055717
5188.743016067907,107763.92355431504
5188.770000223403,108216.1609961801
5188.796984519231,108502.76517584706
5188.823968955391,108061.305934826
5188.850953531884,108527.55799973902
5188.877938248711,108776.8357028415
5188.9049231058725,108707.45010221662
5188.931908103369,108759.87253803364
5188.958893241202,108858.67565288534
5188.985878519371,108870.70627303113
5189.012863937877,109006.65157479652
5189.039849496723,108869.01047533979
5189.066835195907,108906.17339899806
5189.09382103543,108536.6621343472
5189.120807015293,108811.92336726097
5189.147793135498,108718.97480107675
5189.174779396046,109250.05500613281
5189.2017657969345,108939.47969109967
5189.228752338167,109038.1250544583
5189.255739019744,108850.57114963632
5189.2827258416655,108865.99672504807
5189.309712803933,108559.3747819366
5189.336699906546,108636.80253753948
5189.3636871495055,108870.33888569642
5189.390674532813,109284.86410202285
5189.417662056469,109202.92071823178
5189.444649720474,108988.35425858009
5189.471637524829,109312.85046854627
5189.498625469535,109191.82633540337
5189.5256135545915,108805.70069054313
5189.552601780001,109221.40671412002
5189.579590145762,109572.8643827838
5189.6065786518775,109734.14278818107
5189.633567298348,109506.79095389278
5189.660556085172,109485.79239205929
5189.687545012352,109409.11811829708
5189.714534079889,109489.40835817375
5189.741523287782,109450.02020877553
5189.768512636034,109555.01974571131
5189.795502124644,109233.31662393572
5189.822491753614,109181.61298024065
5189.849481522943,109133.5807556204
5189.8764714326335,109282.92218719622
5189.903461482685,108750.28458292714
5189.9304516731,108973.47305024446
5189.957442003877,108926.7339991587
5189.9844324750175,108651.87097431513
5190.011423086523,108481.16936070815
5190.038413838394,108472.18765031686
5190.065404730631,108806.57976931147
5190.092395763233,108354.2379786356
5190.119386936204,107495.24470035547
5190.146378249542,107618.49765015347
5190.17336970325,107198.04021447503
5190.200361297327,107540.65229984984
5190.227353031774,107110.64647534538
5190.254344906592,106916.74107323567
5190.281336921783,107015.8163317447
5190.308329077345,107154.5209329538
5190.335321373281,107543.12073233059
5190.362313809591,107243.79116890462
5190.389306386275,107215.9879836546
5190.4162991033345,107057.74538840988
5190.443291960771,106085.23588699145
5190.470284958583,105629.74902321756
5190.497278096774,103804.10830422693
5190.524271375342,102408.4916271174
5190.55126479429,101102.9009077291
5190.5782583536175,98459.94315961588
5190.605252053326,94531.90085035858
5190.632245893415,91012.70956601578
5190.659239873886,86701.87663291823
5190.68623399474,81158.0774932411
5190.713228255977,75309.2667503312
5190.740222657599,69207.83474775255
5190.7672171996055,63613.84976226722
5190.794211881997,58371.015749274935
5190.821206704775,54469.397987862605
5190.848201667941,52014.78757451122
5190.875196771494,50847.90035811676
5190.902192015436,50738.03896122806
5190.929187399767,51800.88099309427
5190.9561829244885,53835.403611636146
5190.9831785896,57372.38176412278
5191.010174395104,61937.15838166258
5191.037170340999,67164.62233054463
5191.064166427287,72923.78608513973
5191.091162653969,78207.49099021549
5191.118159021046,83077.8074850678
5191.1451555285175,87880.39880977679
5191.172152176385,91541.39193581055
5191.199148964649,94387.11826814596
5191.22614589331,96914.97145013695
5191.25314296237,98467.1397710771
5191.280140171828,99833.45407938806
5191.307137521685,100596.02548976745
5191.3341350119435,100347.7273183365
5191.361132642602,99614.77668195788
5191.388130413662,98881.21119744593
5191.415128325125,97496.84151782807
5191.442126376991,95941.27561574923
5191.469124569261,94603.97823165292
5191.496122901935,91129.38889069115
5191.523121375016,87741.48801897264
5191.550119988501,83782.53692671558
5191.577118742394,78655.3382337698
5191.604117636694,73117.11365951203
5191.631116671403,67377.17543307002
5191.658115846521,61888.554616276255
5191.685115162048,57537.97404130672
5191.712114617985,54897.494087601364
5191.739114214334,53761.02046333495
5191.766113951095,54225.136232120116
5191.793113828268,56543.633465207306
5191.820113845854,59638.23727538224
5191.8471140038555,62937.540197824106
5191.874114302271,66428.7284307882
5191.901114741102,69728.35459309393
5191.92811532035,73649.74599501766
5191.955116040014,76743.93549277988
5191.982116900097,80258.03925303296
5192.009117900598,83434.27464740277
5192.036119041517,86025.10033199568
5192.063120322858,89175.40538373758
5192.090121744618,91500.60569604299
5192.1171233068,93430.56225019103
5192.144125009404,94253.48081256202
5192.1711268524305,95569.56593224849
5192.198128835881,94741.44269625239
5192.225130959756,93848.13189556648
5192.252133224056,92363.26608915317
5192.279135628782,90776.68310979316
5192.306138173934,89439.6268304024
5192.333140859514,88229.9318512351
5192.3601436855215,87781.69392710512
5192.387146651958,88529.18308220593
5192.4141497588225,89786.58292235062
5192.441153006119,92265.64475672545
5192.468156393845,94419.86206778977
5192.495159922003,96246.71262370136
5192.522163590594,98378.5115951395
5192.5491673996175,99685.81937291971
5192.576171349076,101488.12423896624
5192.603175438967,103711.75487459899
5192.630179669295,104955.82713781403
5192.657184040058,105545.20151828657
5192.684188551259,105693.39476189583
5192.711193202896,105623.13408521807
5192.738197994971,105577.00951073834
5192.765202927486,105671.15090139375
5192.79220800044,105207.57520704054
5192.819213213836,104599.99610982795
5192.846218567671,104266.09465397753
5192.873224061948,104530.95043985276
5192.900229696669,104875.23986948867
5192.927235471832,105182.03477121271
5192.954241387441,105804.77141107651
5192.981247443493,106269.7537730116
5193.0082536399905,106554.04857739377
5193.035259976935,106846.96082228457
5193.062266454326,107591.73359985104
5193.089273072164,107989.6087601655
5193.116279830452,108523.16386566852
5193.143286729188,109057.90736616902
5193.170293768374,109310.33610552584
5193.197300948012,108880.31629534539
5193.2243082681,108995.99802896012
5193.251315728639,109395.80390914147
5193.278323329633,109255.15224746458
5193.305331071079,109172.05334554569
5193.3323389529805,108884.58162501949
5193.359346975336,108611.0988176742
5193.386355138148,108554.76511219396
5193.413363441416,108257.70523873698
5193.440371885141,107553.15015940926
5193.467380469325,107811.83697471667
5193.4943891939665,108538.93740962287
5193.521398059067,108034.17716184881
5193.548407064629,108299.46721467932
5193.5754162106505,108611.19591055396
5193.602425497134,108991.10390521486
5193.629434924081,108863.79737938874
5193.656444491489,109165.99649877567
5193.683454199362,109072.24198217565
5193.7104640477,109210.8459062177
5193.737474036502,109649.74977599745
5193.764484165771,109915.01972463378
5193.791494435506,109595.4868833145
5193.818504845709,109729.9145242377
5193.84551539638,109664.7768188567
5193.872526087519,109285.41135880182
5193.899536919128,109499.03026539239
5193.9265478912075,109163.7011932365
5193.9535590037585,107783.42615303802
5193.980570256781,107098.14821143541
5194.007581650276,105890.78330124103
5194.034593184244,104060.52473146736
5194.061604858686,101835.84857536812
5194.088616673604,99463.57563814717
5194.115628628995,96315.21413442508
5194.142640724865,91876.34481850419
5194.16965296121,87036.83774563015
5194.196665338033,81175.62759178386
5194.223677855334,75869.78964441405
5194.250690513115,70016.17229096738
5194.277703311375,65145.52731422019
5194.304716250116,61927.4230725227
5194.3317293293385,60815.22863208436
5194.358742549043,61643.790484936115
5194.38575590923,63820.66041908461
5194.412769409901,67778.02190399238
5194.439783051055,71879.71454540991
5194.466796832695,76148.68285768793
5194.4938107548205,80225.75844304958
5194.520824817432,84431.74027501678
5194.547839020531,87703.15565782513
5194.574853364118,89749.39298490288
5194.601867848193,91357.21445827451
5194.628882472758,91767.76146693947
5194.6558972378125,92031.60390798844
5194.682912143358,90200.1104742955
5194.709927189396,88170.5169866975
5194.736942375925,84923.03835535907
5194.763957702948,81122.38467036058
5194.790973170463,77176.43799294055
5194.817988778474,73977.46100822826
5194.84500452698,72037.68693108893
5194.872020415982,71779.26064974358
5194.899036445479,73263.93934564933
5194.926052615475,76014.33536043682
5194.953068925969,79718.76866895589
5194.980085376961,84127.2070887847
5195.007101968454,87498.76234072736
5195.034118700446,91134.08374531288
5195.06113557294,94894.15706486235
5195.088152585935,97561.95627312627
5195.1151697394325,99436.10550897596
5195.142187033433,101376.34145128758
5195.169204467938,102167.97645451441
5195.196222042948,103195.193873193
5195.223239758462,103215.22711087439
5195.250257614483,101926.80118501415
5195.277275611012,100888.88889414101
5195.304293748047,99109.94701386559
5195.331312025591,96392.26915835621
5195.358330443643,92665.21572667621
5195.385349002207,89286.19190128306
5195.412367701279,86799.65719054751
5195.439386540864,85804.21845867892
5195.4664055209605,85879.29260033391
5195.49342464157,86915.8992232309
5195.520443902692,88920.3298168745
5195.547463304329,91069.93042585439
5195.57448284648,93473.9434069414
5195.601502529148,95251.47396124907
5195.628522352332,96501.33651230705
5195.655542316033,97566.9088541149
5195.682562420251,97627.58034777554
5195.709582664988,96739.20112733405
5195.736603050244,95631.0728575543
5195.763623576021,94747.28501832245
5195.790644242318,93289.23958501329
5195.817665049137,93081.07159393054
5195.844685996478,92825.1449459907
5195.871707084341,93706.05932884396
5195.898728312729,94951.42903882758
5195.925749681641,95966.04094410088
5195.952771191079,97273.02450298532
5195.979792841042,98662.65571671801
5196.006814631531,100463.08747252938
5196.033836562548,102129.10165445009
5196.060858634092,103799.77619715662
5196.087880846167,104888.84473974258
5196.11490319877,106062.20486587167
5196.141925691903,107128.30860001575
5196.168948325568,107995.18751301606
5196.1959710997635,108903.14405560099
5196.2229940144925,109451.08270481334
5196.250017069754,109803.86870100658
5196.27704026555,109414.6610829342
5196.30406360188,109432.9373715695
5196.331087078746,109381.28910747066
5196.358110696148,109007.2530495767
5196.385134454086,108518.15931936965
5196.412158352563,108309.69039732766
5196.439182391578,107114.74588095685
5196.466206571131,106353.98824456982
5196.493230891224,104660.4878749001
5196.520255351858,103706.8461043297
5196.547279953033,101743.92634390932
5196.57430469475,100306.9658074367
5196.60132957701,98367.27593157774
5196.628354599812,95584.54108691018
5196.6553797631595,92732.81706176292
5196.682405067052,89125.95936861748
5196.70943051149,84907.42380066274
5196.736456096473,79732.37694169756
5196.763481822004,74258.24986768111
5196.790507688083,68047.78916079013
5196.817533694711,61723.01310707485
5196.8445598418875,55843.34068271317
5196.871586129614,50500.604387358144
5196.898612557891,45935.613231992786
5196.92563912672,42894.12833559482
5196.952665836101,41258.670601968945
5196.9796926860345,41385.32533700622
5197.006719676522,42936.17588913774
5197.033746807564,46451.27315488531
5197.060774079161,50774.65758248143
5197.087801491313,55875.628618313116
5197.114829044023,61419.190071367906
5197.141856737289,67297.5795250618
5197.168884571114,73179.31341374232
5197.195912545498,78003.21806567145
5197.22294066044,82171.45243209088
5197.249968915944,85492.80885433499
5197.276997312008,88137.73042882064
5197.3040258486335,90891.83898444913
5197.331054525822,93669.06870057712
5197.358083343573,95846.2324165251
5197.3851123018885,98128.57889405321
5197.412141400768,100745.52077391633
5197.439170640213,102598.3540924039
5197.466200020224,104366.2665888753
5197.4932295408025,105586.45210384141
5197.520259201948,107089.4109348486
5197.547289003662,107612.11802572274
5197.5743189459445,108185.4560716169
5197.601349028797,109229.52330229233
5197.62837925222,109636.30831807181
5197.6554096162145,109768.12422822166
5197.6824401207805,109948.8965645589
5197.709470765919,109638.72178613397
5197.736501551631,109507.9668090696
5197.763532477917,109119.26474129851
5197.790563544778,108374.12645361086
5197.817594752215,107133.94818494632
5197.844626100227,106025.19075977082
5197.8716575888175,104501.58277992059
5197.8986892179855,102133.2083493438
5197.925720987731,99400.18415277505
5197.952752898057,95755.19505839024
5197.979784948962,91637.22479947584
5198.006817140448,87394.40399311951
5198.033849472516,82815.31916096175
5198.060881945165,79276.91916990536
5198.087914558398,77298.76819205291
5198.114947312214,77102.81723009293
5198.141980206615,78856.98976841613
5198.1690132416,81561.19810298627
5198.196046417172,84612.53695201557
5198.2230797333295,88155.58702483721
5198.250113190074,91388.60562619423
5198.277146787408,94644.94069647044
5198.30418052533,97077.76228258418
5198.331214403841,99387.37772360578
5198.358248422943,101540.49742771234
5198.385282582635,103113.59137163192
5198.412316882919,104368.79384611307
5198.439351323796,105259.37667220694
5198.466385905265,106217.20600972188
5198.493420627328,106512.93605046855
5198.5204554899865,106797.03906869075
5198.54749049324,107067.852571198
5198.574525637089,107942.40716440912
5198.601560921536,108328.06994312714
5198.62859634658,108413.80447999152
5198.655631912221,109264.55534802139
5198.682667618462,109365.25298944459
5198.7097034653025,109563.82650198803
5198.736739452744,109600.61060143195
5198.763775580786,109615.45283575909
5198.79081184943,109703.97192857116
5198.817848258677,109640.89126692098
5198.844884808527,109579.30054439878
5198.8719214989815,109201.89544547268
5198.89895833004,109260.62425781625
5198.9259953017045,109193.83390805495
5198.953032413975,109138.56901686892
5198.980069666853,108978.9857921834
5199.007107060339,108821.80737806216
5199.034144594432,108602.66584921688
5199.061182269135,108764.53928813108
5199.088220084449,109003.69094093492
5199.115258040372,109246.71990719133
5199.142296136908,109382.45950549285
5199.169334374055,109027.08154980141
5199.196372751815,108957.78887142846
5199.223411270189,109134.64388742413
5199.250449929177,109226.3868666535
5199.277488728781,109044.72432346558
5199.304527668999,108829.53206769872
5199.331566749835,108774.59897752738
5199.358605971288,108309.42131039362
5199.385645333358,107252.30832128681
5199.412684836047,106257.3038999406
5199.439724479356,104531.70235501381
5199.466764263286,102551.77197704645
5199.493804187836,100866.76209720288
5199.520844253007,99092.00008218875
5199.547884458801,97212.650728337
5199.574924805218,94661.49791825759
5199.601965292259,91614.0355375268
5199.629005919925,88669.46641082295
5199.656046688215,84785.1102926254
5199.683087597132,80086.4300474328
5199.710128646675,75261.21505463155
5199.737169836846,70942.53239828355
5199.764211167645,68132.98687174734
5199.791252639074,67095.33682540387
5199.818294251131,67723.16178399746
5199.845336003819,69974.16667184165
5199.872377897139,73619.50397215181
5199.89941993109,77554.2426746663
5199.926462105674,81984.94067970832
5199.953504420891,86614.41016878953
5199.980546876743,90284.11345072824
5200.007589473228,93614.84317176638
5200.03463221035,97031.8159398502
5200.061675088108,99613.54715632978
5200.088718106503,102045.43140698315
5200.115761265535,103843.48527367998
5200.1428045652065,105403.86868630265
5200.1698480055165,106839.30345305458
5200.196891586466,107372.08304299098
5200.223935308058,108072.04541863348
5200.25097917029,108872.3352537785
5200.278023173164,109350.33503415105
5200.305067316681,109413.25712470672
5200.332111600841,109399.26692581581
5200.359156025646,109268.87327514426
5200.386200591097,109460.67472165672
5200.413245297193,109133.74355567832
5200.440290143934,108781.75452291174
5200.467335131324,108965.4856876294
5200.494380259362,109007.29319509317
5200.521425528048,109020.45039854427
5200.548470937383,108955.42580800291
5200.575516487369,109130.6278458733
5200.602562178006,109448.75416729765
5200.629608009294,109541.7004224163
5200.656653981235,109743.1657435814
5200.6837000938285,109764.53134477945
5200.710746347077,109995.01997722525
5200.737792740978,109858.94352166253
5200.764839275535,110362.51653815404
5200.791885950749,110334.17167600298
5200.81893276662,110224.83423372233
5200.845979723147,110771.80882425082
5200.873026820333,110541.90584190571
5200.900074058178,110732.59311359371
5200.927121436682,110888.23599122687
5200.954168955846,110852.88192455185
5200.981216615673,110732.5871257728
5201.00826441616,110640.60977332387
5201.03531235731,110722.4525284321
5201.062360439125,110915.3831127761
5201.089408661603,111105.07325239574
5201.116457024745,110901.1046558527
5201.143505528553,110754.370793437
5201.170554173027,110525.94132375126
5201.197602958168,110335.67094951023
5201.2246518839775,110305.8016731184
5201.251700950455,109280.96392523366
5201.278750157602,108135.09501108591
5201.305799505419,108058.29862549945
5201.332848993906,106885.1605997829
5201.3598986230645,105584.18992162948
5201.386948392895,103780.60979820037
5201.413998303398,101794.0630875605
5201.441048354576,100098.08385495725
5201.468098546427,97439.11875053626
5201.495148878954,94305.75326241062
5201.522199352155,90256.67645213535
5201.549249966035,85136.5662945237
5201.576300720591,80264.17266523544
5201.603351615824,74712.33277293928
5201.630402651737,69784.04366765848
5201.6574538283285,65611.24102814874
5201.684505145601,63182.43834911642
5201.711556603554,62388.51793432594
5201.7386082021885,63327.44173451293
5201.765659941506,66462.44576836398
5201.792711821506,70430.06627596308
5201.81976384219,75207.51135690795
5201.846816003558,80224.88662902736
5201.873868305612,84416.98547502107
5201.900920748351,88648.91739363468
5201.927973331778,92155.90982231486
5201.955026055892,95898.19158458864
5201.982078920694,98936.20317261809
5202.009131926185,101297.06397867342
5202.036185072366,103204.51436556799
5202.0632383592365,105163.1054812792
5202.090291786799,106052.6729140977
5202.117345355053,107140.7180498673
5202.144399063999,108497.11798474105
5202.17145291364,109315.19897439545
5202.198506903974,109335.15304396313
5202.225561035002,109768.05863272224
5202.2526153067265,110319.80071029469
5202.279669719147,110304.21491860622
5202.306724272265,110728.46022685007
5202.33377896608,111282.4187737555
5202.360833800594,111308.64278939142
5202.3878887758065,111425.80423683424
5202.414943891719,111277.57445826294
5202.441999148333,111471.6406371436
5202.469054545648,111393.89582751131
5202.4961100836645,111005.18671696709
5202.523165762384,111018.30578738955
5202.550221581808,111052.04980291938
5202.5772775419355,111137.79905937906
5202.604333642768,111479.03030705683
5202.631389884306,111084.84105095945
5202.658446266551,111038.24898874035
5202.6855027895035,111452.92188470741
5202.7125594531635,111412.53234785469
5202.739616257532,110874.58126993621
5202.76667320261,110684.52517604435
5202.793730288398,110692.12038756191
5202.820787514898,110804.4292668094
5202.847844882109,110555.41351483928
5202.874902390032,110209.3407893483
5202.901960038668,109932.5162225413
5202.929017828018,109634.79855662247
5202.956075758083,109342.84572069897
5202.983133828862,109082.11112583664
5203.010192040359,108788.23513240015
5203.037250392571,108365.60296863383
5203.064308885501,108160.7606576428
5203.09136751915,108534.33432748298
5203.118426293517,108073.31219671217
5203.1454852086035,107661.22785229479
5203.172544264411,106441.33513660265
5203.199603460939,105367.41706746284
5203.22666279819,104187.89615274355
5203.253722276162,103195.35911362772
5203.280781894859,102586.44442818838
5203.3078416542785,102054.4582815024
5203.334901554424,102192.03104722791
5203.361961595295,102363.58686009381
5203.389021776891,102873.39768902652
5203.416082099215,103360.34327161548
5203.443142562266,103922.9673113291
5203.470203166046,103903.61231287806
5203.497263910555,103500.49977723231
5203.524324795794,103450.08672007089
5203.551385821765,103111.27897359992
5203.578446988466,101870.34216612976
5203.605508295898,100356.09571674978
5203.632569744064,98201.8195009496
5203.659631332964,94789.61751140952
5203.686693062597,91276.84534491815
5203.713754932966,86977.57305827808
5203.740816944071,81798.56197991862
5203.767879095913,75512.44847329061
5203.794941388491,68861.94936455801
5203.822003821807,62752.79679493411
5203.849066395862,57511.72927437938
5203.876129110657,53577.61709120727
5203.903191966191,51572.106699559095
5203.930254962467,51787.950886085666
5203.957318099484,53541.623906855784
5203.984381377243,57196.0342338475
5204.011444795746,62163.35415724037
5204.038508354993,67487.68736053674
5204.065572054983,73420.7246265096
5204.0926358957195,79674.8626464953
5204.119699877202,84844.77660914522
5204.146763999431,89767.50736959676
5204.173828262407,94255.80788301092
5204.200892666132,97811.27456858261
5204.227957210605,101047.1495365078
5204.255021895829,103500.53317229633
5204.282086721802,105261.32849609126
5204.309151688527,106961.07488194857
5204.336216796004,108419.22155519924
5204.363282044233,109169.2479489395
5204.3903474332155,109733.38661221218
5204.417412962952,110215.27329113627
5204.444478633443,111040.44184936752
5204.47154444469,110976.59991703447
5204.498610396694,111531.43630435817
5204.525676489454,111511.74111185168
5204.552742722972,111456.24047639733
5204.5798090972485,111031.32773501147
5204.606875612284,110511.31109267226
5204.633942268079,110551.97225403134
5204.661009064635,109634.97274714235
5204.688076001953,109545.94225722314
5204.715143080033,109184.20571768298
5204.742210298876,107476.98917220303
5204.769277658482,106741.01481011025
5204.796345158852,105148.81518240129
5204.823412799988,102744.08628209346
5204.850480581888,100461.60707456106
5204.877548504556,97261.66323390574
5204.904616567991,92857.05001960244
5204.931684772194,88867.68149476987
5204.9587531171655,83688.07169996313
5204.985821602907,78083.4452049009
5205.012890229418,72264.50105243817
5205.0399589967,66664.57246764409
5205.0670279047545,61906.323380515365
5205.09409695358,58567.829879742545
5205.12116614318,56700.77074868109
5205.148235473553,56114.40074521256
5205.175304944701,56317.86123413524
5205.202374556623,56339.88219662502
5205.229444309322,56484.290849932346
5205.256514202798,54894.32319087147
5205.283584237051,53256.25947840139
5205.310654412083,50579.36021587105
5205.337724727893,47782.63650778383
5205.364795184483,45438.18932012001
5205.391865781853,44052.854306759305
5205.418936520005,44043.63901815221
5205.4460073989385,45472.07178374218
5205.473078418655,48944.33248797209
5205.500149579154,52918.12110534037
5205.527220880438,57916.19484951245
5205.554292322506,63364.88913555022
5205.58136390536,69183.3008386028
5205.608435629,75348.73710482431
5205.635507493427,81089.02973816711
5205.662579498642,86118.40562076539
5205.689651644646,91012.65222536068
5205.7167239314385,95377.93713326723
5205.743796359021,98120.78468797357
5205.770868927394,101294.42895038042
5205.797941636559,103067.05034772809
5205.825014486515,104776.05826053413
5205.852087477265,105992.8234185747
5205.879160608808,106550.96910795575
5205.906233881145,106895.54052155107
5205.933307294278,107501.37277491992
5205.960380848207,108113.96987730158
5205.987454542932,108400.13586035572
5206.014528378454,108972.7122574627
5206.041602354774,109853.30001555828
5206.068676471893,109543.72653339939
5206.095750729811,109740.48211738422
5206.12282512853,110121.60309756422
5206.149899668049,110280.5307448757
5206.17697434837,110287.65807095522
5206.204049169493,110542.4191781423
5206.23112413142,110924.9798037495
5206.258199234151,110907.28684296116
5206.285274477686,110803.93260846278
5206.312349862026,111463.80566232893
5206.339425387173,111569.42945479706
5206.366501053126,111483.13630789967
5206.393576859887,111657.08080326986
5206.420652807456,111826.88400604021
5206.447728895833,111651.22070190811
5206.474805125021,111937.86650149329
5206.501881495019,112399.81680927049
5206.528958005828,112050.38179369457
5206.556034657449,111934.7120179775
5206.583111449882,111953.3720332048
5206.61018838313,111721.30454629709
5206.6372654571915,112026.56911205307
5206.6643426720675,112014.50037206375
5206.691420027759,112007.97933678326
5206.718497524266,112019.22812844471
5206.745575161592,111632.65639364086
5206.772652939734,111682.91325273499
5206.7997308586955,112237.31334870111
5206.826808918476,111714.47860299124
5206.853887119076,111547.06225176068
5206.8809654604975,111814.66683220908
5206.90804394274,111596.00767120173
5206.935122565805,111961.40043264421
5206.962201329692,111857.40606807145
5206.989280234403,111801.93983783809
5207.016359279938,111913.20574884614
5207.043438466299,111351.05225751866
5207.070517793485,110738.26711084049
5207.097597261499,111064.23290827053
5207.124676870339,110767.82862733302
5207.151756620006,110084.26681341516
5207.178836510504,109652.03754620261
5207.20591654183,108651.81446525491
5207.232996713987,108085.54262103913
5207.260077026975,107817.87104041025
5207.287157480794,106889.11897205112
5207.314238075445,106234.9739118625
5207.341318810931,106234.76228579108
5207.368399687249,105854.74418095022
5207.395480704403,105446.25455281258
5207.422561862391,103882.33141073704
5207.449643161216,103249.39705449718
5207.476724600878,101688.247910684
5207.503806181377,99275.04387842404
5207.530887902713,96528.31993739576
5207.55796976489,93666.5481861882
5207.585051767906,89835.84862650439
5207.612133911763,84540.4015532676
5207.63921619646,78466.89032858767
5207.666298622,72173.0033697735
5207.693381188383,65541.41927894502
5207.720463895608,58682.82225793677
5207.747546743678,52273.15364205299
5207.774629732593,47508.432134617375
5207.801712862353,43756.448949081474
5207.82879613296,41264.344462784145
5207.855879544413,39689.830435072385
5207.882963096715,39149.48110540587
5207.910046789865,40020.16572524608
5207.9371306238645,41901.19555120453
5207.964214598714,44919.719521803534
5207.9912987144135,49763.273177702366
5208.018382970965,55530.16470669695
5208.045467368368,61456.618797085386
5208.0725519066245,68512.24771375133
5208.099636585735,75315.7687492054
5208.1267214057,81214.96887139927
5208.153806366519,86445.86238771239
5208.180891468195,91435.37685448857
5208.207976710727,96001.3182176767
5208.235062094116,99461.88769193352
5208.262147618364,102105.42694116542
5208.28923328347,104272.01980979505
5208.316319089436,106037.47937143473
5208.343405036262,107743.86024582275
5208.370491123948,109104.77146292811
5208.397577352497,109865.10443139021
5208.4246637219085,110718.46457895715
5208.451750232182,111241.21498602026
5208.478836883321,111374.88557453259
5208.505923675324,111894.7205000914
5208.533010608192,112046.15278596386
5208.560097681926,111776.855068817
5208.587184896527,112102.51893472942
5208.614272251996,111972.81905691701
5208.641359748333,112404.90565109727
5208.668447385539,112341.93170823538
5208.695535163615,112395.69670075159
5208.722623082561,112652.94714499277
5208.749711142379,112200.62599842584
5208.776799343068,111867.83209608094
5208.80388768463,112522.86818131634
5208.830976167066,112476.74588259993
5208.8580647903755,112751.31163871649
5208.88515355456,112229.88424435833
5208.912242459621,112561.2592826331
5208.939331505558,112637.40647710362
5208.966420692371,112690.41874759409
5208.993510020063,112757.01682925319
5209.020599488633,112576.85481346655
5209.047689098082,112485.08795785053
5209.074778848411,112636.02873365478
5209.101868739622,112412.81675673858
5209.128958771714,111926.63338698263
5209.156048944687,112018.16582392278
5209.1831392585445,111465.35735577115
5209.210229713285,111199.02683216413
5209.23732030891,110755.2323289939
5209.26441104542,110948.61385868116
5209.291501922816,110843.48671293467
5209.318592941098,110699.72067012273
5209.345684100268,110958.22096783697
5209.372775400327,110994.58134491582
5209.399866841273,111008.68748896492
5209.42695842311,111039.0323347723
5209.454050145837,110181.95216861126
5209.481142009454,110015.09723290989
5209.508234013963,109872.37697521577
5209.5353261593655,109052.0756390876
5209.562418445661,107646.54644133731
5209.58951087285,105653.02138856484
5209.616603440933,103459.34624319215
5209.643696149913,101059.11192633094
5209.670788999788,98127.16500631422
5209.69788199056,95235.0822348891
5209.72497512223,92906.11926836982
5209.752068394798,90856.01771616112
5209.779161808266,90185.54897255494
5209.806255362632,90954.17647922174
5209.8333490579,92306.79226680755
5209.860442894069,94251.63859877613
5209.88753687114,95907.09016165993
5209.914630989113,97579.01464431932
5209.94172524799,99417.11792225712
5209.968819647771,100904.042394979
5209.995914188457,102116.20190019044
5210.023008870049,102187.0624828568
5210.050103692548,101731.68019017334
5210.077198655953,101356.10753524423
5210.104293760266,99818.09575251455
5210.131389005488,97895.51502008579
5210.158484391619,95313.58078208494
5210.185579918661,92404.3727258408
5210.212675586612,90734.7837120703
5210.239771395476,90138.67058035705
5210.266867345252,90169.56525255491
5210.293963435941,91828.07130125575
5210.3210596675435,94016.18424869525
5210.3481560400605,96167.88173390322
5210.375252553492,98170.9277570402
5210.40234920784,100405.27505965049
5210.429446003105,102307.10283450692
5210.456542939288,103628.04010705726
5210.483640016388,104718.00920133246
5210.510737234407,105346.44754047488
5210.537834593346,105738.08020617873
5210.564932093204,106115.84998988984
5210.592029733984,105642.76104626627
5210.619127515687,104452.6232751395
5210.646225438311,103799.10111483118
5210.673323501859,101509.65713160773
5210.70042170633,99693.6839216646
5210.727520051727,96794.68840878078
5210.754618538049,92589.88026577508
5210.781717165297,88032.02943522664
5210.808815933472,82913.05305612205
5210.835914842574,77838.33081099002
5210.8630138926055,73605.91029076144
5210.890113083566,70479.03638476424
5210.917212415456,69594.48862413516
5210.944311888276,70273.28362332116
5210.971411502028,72559.40342432239
5210.998511256712,76290.33355660133
5211.025611152329,80576.62822480485
5211.052711188879,84968.85580611884
5211.079811366363,88890.18076574433
5211.106911684783,92967.62401752373
5211.134012144138,96584.2523325683
5211.161112744429,99577.35026892141
5211.188213485659,102456.22865981601
5211.215314367825,104459.87722197517
5211.242415390931,106312.24928766915
5211.269516554976,108131.20480388966
5211.29661785996,109420.84131032696
5211.323719305886,110791.49987813112
5211.350820892753,110757.45492589718
5211.3779226205625,111164.34345784617
5211.405024489315,111368.24314148129
5211.432126499012,111726.73143450657
5211.459228649653,111666.22495444272
5211.4863309412385,110900.78516017256
5211.5134333737715,110917.11478334646
5211.54053594725,110338.74905776733
5211.567638661676,109100.41511350052
5211.59474151705,108897.65739622441
5211.621844513374,107884.0129791037
5211.648947650647,107483.53073776777
5211.676050928871,106782.00828447322
5211.703154348045,105993.96586488729
5211.730257908172,106074.47071118545
5211.75736160925,106420.29516539356
5211.784465451283,106623.34831258077
5211.811569434269,107307.62075267296
5211.83867355821,107869.5148650551
5211.865777823106,107752.51597262744
5211.892882228959,108815.33915810917
5211.919986775769,109104.65840173652
5211.947091463537,109325.19355106255
5211.974196292263,109346.7729611923
5212.001301261947,109414.62294254825
5212.028406372592,109386.58531427126
5212.055511624198,109814.43833043244
5212.082617016765,109940.21079842391
5212.109722550294,109507.77723665364
5212.136828224786,109796.92030848187
5212.163934040242,110345.08488209083
5212.191039996661,110751.1597787346
5212.218146094046,110930.15069356184
5212.245252332396,111271.08578040573
5212.272358711713,110898.5116461826
5212.299465231998,111425.5416156132
5212.32657189325,111610.45029977411
5212.353678695471,111399.90778272886
5212.380785638662,111502.14179819115
5212.407892722822,111541.45695394222
5212.434999947954,111417.87527268381
5212.462107314057,111655.79431707643
5212.489214821132,111802.23093722534
5212.5163224691805,111692.65381542608
5212.543430258203,110943.40402727494
5212.570538188201,111126.52826929455
5212.5976462591725,111370.3025868643
5212.624754471121,110812.3161603557
5212.6518628240465,110108.6198139627
5212.678971317949,109980.62879564863
5212.70607995283,110403.99064474269
5212.733188728689,110814.1423607874
5212.760297645529,110666.89333147998
5212.787406703349,110344.07660741311
5212.81451590215,110780.13711672733
5212.841625241933,111302.83679970034
5212.868734722699,111281.7118946768
5212.895844344447,111874.7048335365
5212.92295410718,111391.95486454529
5212.950064010898,111659.91541660861
5212.977174055602,111751.39888898605
5213.004284241291,111686.35949182576
5213.031394567968,111597.42715229008
5213.058505035633,111316.3003717824
5213.085615644286,111299.688889239
5213.112726393928,111538.80798295682
5213.139837284561,111457.24408211945
5213.166948316183,110968.63305258022
5213.194059488797,111188.55531192999
5213.221170802404,111096.54221958815
5213.248282257004,111002.59755854568
5213.275393852597,110732.6347317622
5213.302505589184,110723.23104438194
5213.329617466767,110257.96449085171
5213.356729485345,110034.00208838058
5213.38384164492,109897.53372639639
5213.410953945492,109243.68052210944
5213.4380663870625,109276.20134147533
5213.465178969631,109341.10483206346
5213.4922916932,109189.83094693956
5213.519404557768,108972.35109988504
5213.546517563338,109600.42493495214
5213.57363070991,109488.98873815412
5213.600743997483,109974.30675098073
5213.6278574260605,110721.07506374517
5213.654970995641,110549.9491604902
5213.682084706226,110260.08718785648
5213.709198557817,110841.38073898328
5213.736312550414,111072.66685495152
5213.763426684018,110531.11293238915
5213.790540958629,110765.34220256565
5213.817655374249,110300.36907322629
5213.844769930877,110155.77229629373
5213.8718846285155,110287.66253533805
5213.898999467165,109423.98619965768
5213.926114446825,108612.59206380999
5213.953229567497,107990.55115849874
5213.980344829182,107739.74613243177
5214.00746023188,107658.79938715058
5214.034575775592,107814.28692884062
5214.06169146032,108124.95750940789
5214.088807286063,108502.03151620361
5214.115923252822,109138.7968604396
5214.143039360598,108638.44738024427
5214.170155609392,108556.64568431897
5214.197271999205,108084.43474919112
5214.224388530037,107899.85163171182
5214.251505201889,107436.09495698706
5214.278622014762,106775.5306743517
5214.305738968656,105697.68893770289
5214.332856063573,103544.38942355027
5214.359973299513,100469.02014668015
5214.387090676475,97069.76371426109
5214.414208194463,93275.15045865899
5214.441325853476,88696.35594646561
5214.468443653514,83559.03061632912
5214.49556159458,78873.07379250284
5214.522679676673,74397.02017765198
5214.549797899794,71208.82038561994
5214.576916263943,70908.21963200856
5214.604034769122,71743.1618219401
5214.631153415332,74265.5671269921
5214.658272202572,77244.12647868769
5214.685391130844,80443.60127488451
5214.712510200149,83993.37787189889
5214.7396294104865,87139.51030981998
5214.766748761859,89953.57110830072
5214.793868254265,92569.63169328574
5214.820987887708,94533.24970489796
5214.848107662186,95505.90254236475
5214.875227577701,96729.70153966002
5214.902347634254,97937.7538474483
5214.929467831845,98317.95529694058
5214.956588170475,99075.51911868759
5214.983708650145,99687.91733376651
5215.0108292708555,100060.71611661784
5215.037950032607,100296.10896582158
5215.065070935401,100639.68780909094
5215.092191979238,101254.16135302713
5215.1193131641185,101577.47586922445
5215.146434490042,101825.1963574683
5215.1735559570125,102262.91934542773
5215.200677565027,101640.27036032995
5215.227799314089,101992.39394572676
5215.254921204198,101877.28888832444
5215.282043235354,101948.0683182208
5215.309165407559,101783.94629873947
5215.336287720814,101736.25893056403
5215.363410175119,101488.90629555036
5215.390532770474,100157.86795933901
5215.417655506881,98294.42011558764
5215.444778384341,96335.93649592818
5215.471901402852,93039.23216425155
5215.4990245624185,88545.20923841625
5215.52614786304,84232.27900175519
5215.553271304716,78738.67690090193
5215.580394887447,73285.12889642801
5215.607518611236,68571.67865776467
5215.634642476082,65612.29040083107
5215.661766481986,64649.452761362925
5215.68889062895,65556.01548952804
5215.716014916972,68090.53985726219
5215.743139346055,71555.00045512478
5215.770263916199,75339.76530490852
5215.797388627405,79066.32955743765
5215.824513479674,82637.98856969342
5215.851638473006,86624.52871950429
5215.878763607402,90120.29468224318
5215.905888882862,94007.42905798543
5215.933014299389,96842.71140723192
5215.960139856981,99013.84647058503
5215.987265555641,101601.80682527342
5216.014391395368,103634.82237715561
5216.041517376163,104519.3229392919
5216.068643498028,105853.06454230858
5216.095769760963,106823.60506899099
5216.122896164968,106660.12879194856
5216.150022710045,106643.00525254158
5216.177149396193,106087.45474015811
5216.204276223415,105174.7735457616
5216.23140319171,105449.22238858939
5216.25853030108,105415.71500572802
5216.285657551524,105444.34292155047
5216.312784943045,106398.56438877784
5216.3399124756415,107751.8001166935
5216.3670401493155,108630.57782210069
5216.3941679640675,108799.5002795055
5216.4212959198985,108975.57124269643
5216.4484240168085,108633.29326564936
5216.4755522547985,107983.95004740085
5216.50268063387,107443.73860774632
5216.529809154023,105918.36602950434
5216.556937815259,104020.36424799908
5216.584066617576,101144.80190955357
5216.611195560979,98065.9105247323
5216.638324645466,94095.09455108063
5216.665453871038,89310.97969170181
5216.692583237696,84631.710151755
5216.719712745441,80332.05565858271
5216.746842394274,77166.46635696595
5216.7739721841945,75662.59352198799
5216.801102115204,76059.28450158691
5216.828232187304,78438.26108075904
5216.8553624004935,81813.77303651451
5216.882492754775,85346.46127394719
5216.909623250148,89419.41824630399
5216.936753886613,92968.1129121157
5216.963884664172,96095.06284268275
5216.991015582826,98886.32821531003
5217.018146642573,101539.22667242488
5217.045277843416,103626.63935574403
5217.072409185357,105034.64382661483
5217.099540668393,105420.02204553022
5217.126672292528,105378.34309185017
5217.153804057762,105360.28773855044
5217.180935964094,104958.88575434696
5217.208068011527,104050.64412858139
5217.23520020006,103247.7165701443
5217.2623325296945,102604.49455508469
5217.289465000432,101809.05320772209
5217.316597612271,102125.90665852434
5217.3437303652145,102733.20998963623
5217.3708632592625,103462.5282262056
5217.397996294416,103797.58216276465
5217.425129470675,103733.56095520816
5217.45226278804,103284.32568010477
5217.479396246513,102704.69950256488
5217.506529846093,101688.27262097763
5217.533663586783,100446.25659338257
5217.560797468582,99676.49894681375
5217.587931491492,99288.39151351969
5217.615065655512,99170.45837552525
5217.642199960644,99760.7226399199
5217.669334406889,100502.86760511548
5217.696468994246,101199.93977204063
5217.7236037227185,102213.85855202269
5217.7507385923045,103829.15614943292
5217.777873603006,104690.96462237013
5217.8050087548245,105911.68638770668
5217.832144047759,107498.20120917162
5217.859279481811,108574.72595831307
5217.886415056982,109153.46446521133
5217.913550773272,109821.40716589917
5217.940686630682,110761.96714689191
5217.967822629212,111342.66713997601
5217.9949587688625,111321.45685991595
5218.022095049636,111744.04529790564
5218.049231471532,112459.8679379031
5218.076368034552,112266.05417303073
5218.103504738696,112575.86011733406
5218.1306415839645,111886.00773665604
5218.157778570359,112329.76815551259
5218.18491569788,112096.77435874574
5218.212052966528,111982.40341701818
5218.239190376304,111833.62140147513
5218.266327927208,111652.17791542424
5218.293465619242,111818.96628167633
5218.3206034524055,111702.13789440523
5218.347741426701,110945.99391002394
5218.374879542127,110507.19171820999
5218.402017798685,110645.05865166723
5218.429156196376,110514.68223289085
5218.456294735202,110599.2498315113
5218.483433415162,110803.2645109233
5218.510572236257,111196.22999790157
5218.537711198487,111391.61471918217
5218.564850301856,111626.77488897523
5218.59198954636,112168.36060114157
5218.619128932003,112380.26252533525
5218.646268458785,112376.47043774617
5218.673408126707,112373.24804620261
5218.7005479357695,112855.75123983777
5218.727687885972,113250.92280461025
5218.754827977317,112910.2205014495
5218.781968209804,113002.352841866
5218.809108583435,112679.46862624059
5218.83624909821,112742.6670678724
5218.8633897541295,112955.6428841959
5218.890530551194,112657.02437323923
5218.917671489406,112524.48419385994
5218.944812568764,112094.56366310107
5218.97195378927,111675.10936827956
5218.999095150924,111060.73528070537
5219.026236653728,110965.35268526102
5219.053378297682,110984.37451539276
5219.080520082785,110994.57706219656
5219.107662009041,111010.378726849
5219.134804076448,110764.3351546808
5219.1619462850085,110945.04585844654
5219.189088634723,111128.4215357036
5219.216231125591,111057.81681309138
5219.243373757614,110789.85658131154
5219.2705165307925,110974.55090940272
5219.297659445128,110691.12212101452
5219.324802500621,110091.33618265692
5219.351945697272,109055.76315011614
5219.379089035081,107931.34312897062
5219.40623251405,107632.45490376865
5219.433376134179,106666.44688765748
5219.460519895469,105593.55220725725
5219.4876637979205,105127.15494003161
5219.514807841534,104522.3555705847
5219.541952026311,104329.62400417867
5219.569096352252,104598.43610185028
5219.596240819357,104872.27270329704
5219.623385427629,104319.77461980264
5219.650530177065,104795.66677137988
5219.677675067669,105060.21463833151
5219.7048200994395,105926.38301919764
5219.731965272379,106775.36591557825
5219.759110586488,107894.44489640582
5219.786256041765,108842.91865453238
5219.813401638215,109912.72441177614
5219.840547375834,110475.822965964
5219.867693254625,110990.59218397699
5219.89483927459,111994.13236373499
5219.921985435727,112661.18445790741
5219.949131738039,112933.27602522053
5219.976278181526,113010.30786203648
5220.003424766188,112992.35143531293
5220.030571492027,113381.41156196894
5220.057718359042,113020.01294080613
5220.084865367236,113347.13330210384
5220.112012516607,112881.89222823265
5220.139159807159,112649.56665391856
5220.166307238889,112534.90570862568
5220.1934548118015,112131.12854585813
5220.220602525895,111850.86856294646
5220.247750381171,111850.89851643726
5220.274898377629,111513.37303603828
5220.302046515271,110718.31043208124
5220.329194794098,110009.33041473088
5220.356343214109,109535.91191778395
5220.3834917753065,109191.36000150196
5220.410640477691,109077.00151836194
5220.437789321262,109236.97085576359
5220.464938306022,109500.63882281737
5220.4920874319705,109494.96176970091
5220.519236699108,110364.43977982571
5220.546386107437,110682.63684939512
5220.573535656956,111130.92732117095
5220.6006853476665,111920.56221283392
5220.62783517957,112102.37990656443
5220.654985152666,112440.8101116132
5220.682135266957,112728.46374876708
5220.709285522442,112715.97219430182
5220.736435919123,112814.93498036238
5220.763586456999,112706.12057297009
5220.790737136073,112844.18216271681
5220.817887956345,112987.67632871942
5220.845038917814,112776.88790614625
5220.872190020483,112743.82871608392
5220.899341264351,112149.51768590866
5220.926492649421,112128.06796800323
5220.953644175691,111838.05793017992
5220.980795843164,111391.76975354816
5221.007947651839,110899.44687198615
5221.035099601717,110488.53829069332
5221.062251692801,109901.71469491237
5221.089403925088,109181.85628510926
5221.116556298582,108660.43146695501
5221.143708813282,108494.99501559862
5221.170861469189,108728.57970559028
5221.198014266303,109293.36710657873
5221.225167204628,109942.39556321198
5221.25232028416,110451.22469110666
5221.279473504904,111058.03146107764
5221.306626866857,111328.75631238426
5221.333780370023,112003.23747745565
5221.360934014401,112046.70805865986
5221.388087799992,112732.7090022939
5221.415241726796,112820.39863109072
5221.442395794816,112758.89004739192
5221.46955000405,113172.2416049778
5221.4967043545,113267.01634884832
5221.523858846167,113091.71495980087
5221.551013479052,112947.06741374066
5221.578168253154,112689.20389535541
5221.605323168476,112734.15360258931
5221.632478225018,112757.30929365054
5221.659633422779,111863.12677093108
5221.686788761762,111100.52263900776
5221.713944241967,111189.58952013496
5221.741099863393,110832.89533939018
5221.768255626044,110271.46739989625
5221.795411529918,109906.2409096312
5221.822567575018,110144.13859322324
5221.849723761343,110017.64501584192
5221.876880088894,109676.59991924082
5221.904036557672,109807.41689120045
5221.9311931676775,109787.84605245471
5221.958349918912,109320.42971089667
5221.985506811376,109234.82167338382
5222.012663845069,109454.3350040478
5222.039821019993,109204.77252815782
5222.066978336148,109017.40411583266
5222.094135793536,109383.85913068432
5222.121293392157,109560.29531569105
5222.14845113201,110431.60089190963
5222.175609013099,110672.14639162656
5222.202767035423,111188.69710934418
5222.229925198982,111452.08221572542
5222.257083503778,111799.40513086553
5222.284241949811,111682.48480918386
5222.311400537082,111553.75636904195
5222.338559265592,112178.79509278022
5222.365718135341,112597.24669377376
5222.392877146331,112273.08147582629
5222.420036298561,111819.81125250978
5222.4471955920335,111417.77983547971
5222.4743550267485,110701.20683799118
5222.501514602706,109813.2110772598
5222.528674319908,109082.91547476179
5222.5558341783535,108243.30262203993
5222.582994178046,108451.30080565787
5222.610154318983,108541.97638403109
5222.637314601167,109058.46491992167
5222.6644750246,109448.13715034274
5222.69163558928,109987.50843938932
5222.718796295209,110396.1317992154
5222.745957142389,111149.39246786846
5222.773118130818,111475.48908780087
5222.800279260499,111444.36901506422
5222.827440531432,111997.35229419162
5222.854601943617,111881.39900470634
5222.881763497056,111511.55290324231
5222.908925191749,111697.37531168468
5222.936087027698,111505.87617919581
5222.963249004902,111690.63510611892
5222.990411123362,111781.17004353405
5223.017573383078,112111.49500220116
5223.044735784054,111805.84865572795
5223.071898326287,112264.67295633444
5223.09906100978,112240.52586432066
5223.126223834533,112325.46237743294
5223.153386800547,112778.13290273063
5223.180549907822,112808.28493839806
5223.207713156359,112413.73101334865
5223.23487654616,113104.56811594353
5223.262040077224,112592.79151939075
5223.289203749553,112154.3589548813
5223.316367563147,112386.18582549934
5223.343531518007,112382.74859735185
5223.370695614133,112428.59523623246
5223.397859851527,111974.82227700172
5223.425024230189,111704.10277327792
5223.45218875012,111841.04560657441
5223.47935341132,111629.01230002703
5223.5065182137905,110905.70079907509
5223.533683157532,110890.18154374635
5223.560848242546,109982.3283969296
5223.588013468832,109390.12862017103
5223.615178836391,108719.54790551637
5223.642344345225,107186.34965709048
5223.669509995333,107014.96995376228
5223.696675786717,106643.86891859343
5223.723841719377,106654.71681765527
5223.751007793313,107305.0561378319
5223.7781740085275,107607.8831760635
5223.80534036502,107451.72338414875
5223.832506862792,107356.48548963651
5223.859673501845,107700.46981027402
5223.886840282176,108274.86821899877
5223.914007203791,108568.37089530278
5223.941174266686,108466.5766411063
5223.968341470865,109028.13600381045
5223.995508816328,109522.47094763702
5224.022676303074,109949.6393496488
5224.049843931106,110479.06577832786
5224.077011700423,110241.54853720954
5224.104179611027,109713.56018423194
5224.131347662918,109051.99712336446
5224.158515856097,108774.26872968834
5224.185684190565,107398.9804075561
5224.212852666322,105536.65552649858
5224.24002128337,103548.5628213746
5224.267190041708,101606.03090318368
5224.294358941338,99911.73381640787
5224.32152798226,98467.50759012187
5224.348697164475,98054.51560294013
5224.375866487984,98292.81584876441
5224.403035952789,98675.80119077786
5224.430205558888,100020.5908212218
5224.457375306282,101535.57985731532
5224.484545194975,103054.45486496526
5224.511715224964,104217.5355432539
5224.538885396252,105747.41550102463
5224.566055708839,107177.15862889173
5224.593226162725,108113.78755951159
5224.620396757912,108847.42275446541
5224.6475674944,109319.70605886345
5224.67473837219,109555.0826827751
5224.701909391282,109328.68703947743
5224.729080551679,108936.7461567827
5224.756251853379,108037.30539352339
5224.783423296384,106315.34984213706
5224.810594880694,104458.9265901434
5224.837766606312,102698.7946592367
5224.864938473235,101004.52057437398
5224.892110481467,99926.14021906182
5224.919282631008,99857.87572822523
5224.946454921857,100200.86627401519
5224.9736273540175,101160.958683883
5225.000799927488,102344.45429359564
5225.02797264227,103065.66650662535
5225.055145498363,104390.82372011527
5225.082318495771,105295.34176371663
5225.109491634492,106249.62432830554
5225.136664914527,107241.8930591575
5225.163838335877,107497.13756219139
5225.191011898543,107879.42415486785
5225.218185602526,108433.1286203417
5225.245359447827,108418.23198076125
5225.272533434444,108595.53390310406
5225.299707562382,108586.01158080285
5225.326881831638,108076.44775502247
5225.354056242215,108254.72553393237
5225.381230794113,107820.41063237475
5225.408405487333,106855.0186381738
5225.435580321875,106226.30561297965
5225.462755297741,105240.65558077252
5225.48993041493,104460.2424561771
5225.517105673444,103630.46579343754
5225.544281073284,102077.46203495821
5225.57145661445,99554.25400813641
5225.598632296943,97163.95058186301
5225.6258081207625,94348.62132268907
5225.652984085911,90790.83536365727
5225.68016019239,86783.30954216751
5225.707336440197,81744.07170047567
5225.7345128293355,75745.21794504295
5225.761689359805,69571.66074038646
5225.788866031607,63323.87014314886
5225.816042844741,57124.422327364526
5225.84321979921,51424.484080784045
5225.870396895011,46703.69556873818
5225.897574132149,43468.74199081888
5225.924751510622,41465.60492958842
5225.9519290304315,41240.68509757144
5225.979106691578,42277.60609608899
5226.006284494062,43629.99163168029
5226.033462437886,45650.099414782126
5226.060640523048,47755.93617831954
5226.087818749551,48795.34057165935
5226.1149971173945,49154.77034385332
5226.14217562658,48979.829827185145
5226.169354277108,48207.971085372854
5226.196533068979,47502.88345879527
5226.223712002194,47240.238853752955
5226.250891076752,47425.96189610705
5226.278070292657,48231.210980900425
5226.305249649907,49768.78075205675
5226.332429148504,50935.69400271158
5226.359608788449,51172.72132330139
5226.386788569742,50654.589636776785
5226.413968492384,48927.12761648203
5226.441148556375,46895.94700177631
5226.468328761717,44193.10975379235
5226.49550910841,41663.68301768365
5226.522689596455,39931.30063256129
5226.549870225853,39209.268462759836
5226.577050996604,39971.24565703952
5226.604231908709,42345.43590968901
5226.63141296217,45710.09453375803
5226.658594156986,50535.68610429096
5226.685775493157,55511.620356529784
5226.712956970686,61322.00292464211
5226.740138589573,66741.48419058797
5226.767320349818,71850.42128719528
5226.794502251422,76616.24473947682
5226.8216842943875,80658.59745520836
5226.848866478713,84039.17754203759
5226.876048804399,86788.90584717794
5226.903231271448,89449.57791845295
5226.93041387986,92266.40150098495
5226.957596629635,94564.13956763217
5226.984779520775,96420.0013945627
5227.011962553281,98251.48529262732
5227.039145727151,99553.73174129715
5227.066329042389,100712.39696673729
5227.093512498994,101644.34705448731
5227.120696096967,102932.8896327579
5227.147879836308,103365.87906730232
5227.17506371702,103601.3899538003
5227.202247739101,104442.78327002071
5227.229431902553,104554.33077197954
5227.256616207378,104752.31690244486
5227.283800653575,105639.89933135387
5227.310985241144,106707.99302670558
5227.3381699700885,106438.38854901303
5227.365354840407,106480.52129578652
5227.392539852101,107017.26670231551
5227.419725005172,107140.91051131998
5227.446910299619,107038.07242791323
5227.474095735444,106821.55354704885
5227.501281312647,106803.68468534628
5227.528467031229,106358.69602683467
5227.555652891192,106485.39814774375
5227.582838892535,105867.62599432596
5227.610025035258,104498.86796399923
5227.637211319365,102917.40191545688
5227.664397744853,100600.86233172151
5227.691584311726,98575.10604299267
5227.718771019982,96735.64956284841
5227.745957869623,95016.308473622
5227.773144860651,94649.45566974279
5227.800331993065,95465.48755782335
5227.827519266866,96723.96358644257
5227.854706682055,98577.20521108937
5227.881894238632,100537.89616897605
5227.909081936599,102442.63351762659
5227.936269775956,104102.4042604014
5227.963457756705,105691.14980975944
5227.990645878844,107049.35746189918
5228.017834142376,108556.96697938658
5228.045022547301,109984.02263168144
5228.072211093619,110722.42791800035
5228.099399781333,111825.56152975727
5228.126588610442,112107.94376411235
5228.153777580947,112399.42645903604
5228.1809666928475,112927.24419781278
5228.208155946147,113249.19142263896
5228.235345340844,113029.59324375719
5228.26253487694,113673.14210568668
5228.289724554435,113283.63751764194
5228.316914373332,113794.55585000652
5228.344104333629,113275.18842023752
5228.371294435328,113487.15526347708
5228.398484678431,114158.48755123894
5228.425675062936,114126.00124737424
5228.452865588845,114072.0896393348
5228.4800562561595,114052.78203390757
5228.507247064879,114115.88731786844
5228.5344380150045,113986.01066761633
5228.561629106538,113938.08763247613
5228.588820339479,114306.09090276853
5228.616011713829,114536.17811593502
5228.643203229587,114541.11624181068
5228.670394886756,114271.28750934867
5228.697586685335,113906.0161522506
5228.7247786253265,114221.80348666488
5228.7519707067295,114232.14958879878
5228.779162929545,113992.93108999902
5228.806355293775,113573.00426262848
5228.833547799419,113011.6145591478
5228.860740446478,112679.91749373313
5228.887933234953,111763.02069280778
5228.915126164845,111102.90965567842
5228.942319236154,110053.21698607934
5228.969512448881,108282.41518235809
5228.996705803027,106195.61865123839
5229.023899298592,103941.89134872088
5229.051092935578,100733.3840494325
5229.078286713984,96389.26871982256
5229.105480633813,91634.12855799079
5229.132674695064,86691.85215704051
5229.159868897738,81286.87379434721
5229.187063241837,76392.34416918062
5229.21425772736,73518.20761048092
5229.2414523543075,72569.77552985052
5229.2686471226825,73390.40330169543
5229.295842032484,76198.83277690575
5229.323037083713,79864.53489136
5229.35023227637,83915.75521508796
5229.377427610457,88179.14024695942
5229.404623085973,92192.48179563473
5229.431818702919,95723.45639949868
5229.4590144612985,99185.40947074667
5229.4862103611085,101949.71559043847
5229.513406402351,103458.10740300198
5229.540602585028,105574.98845688104
5229.567798909139,106977.94315888418
5229.594995374685,107789.52122769793
5229.622191981666,108796.66728279757
5229.649388730085,109801.16047119755
5229.67658561994,110081.48855482723
5229.703782651233,110257.68693769547
5229.730979823965,110491.80549944985
5229.7581771381365,110987.03833337611
5229.785374593747,111108.4581691192
5229.8125721908,111200.02054921209
5229.839769929294,111264.33103833452
5229.86696780923,111397.523633369
5229.894165830609,112018.36567194684
5229.921363993432,112365.20712213009
5229.9485622977,112248.42005827454
5229.975760743413,111907.51731341037
5230.002959330573,112317.09853396945
5230.030158059179,112740.32508263897
5230.057356929232,112671.79245420897
5230.084555940733,112721.62302928127
5230.111755093683,112786.86099421741
5230.138954388084,114095.31738407447
5230.166153823934,113964.03796541746
5230.193353401236,113867.87493523485
5230.22055311999,114068.50359055802
5230.247752980196,113796.40893583088
5230.274952981857,114300.70710522475
5230.30215312497,114309.05584988416
5230.329353409539,114707.00351776072
5230.356553835563,114914.74094537809
5230.383754403044,114752.83641938599
5230.410955111982,114698.90051944653
5230.438155962377,114610.44686336559
5230.4653569542315,114769.04252889496
5230.492558087544,114917.85853110682
5230.519759362318,114959.00990093459
5230.546960778552,114793.36758830797
5230.574162336247,114626.41864559097
5230.601364035405,114678.53163429373
5230.628565876026,114422.0886835373
5230.65576785811,114329.21303470104
5230.682969981659,113833.35530147246
5230.710172246673,114117.73694013247
5230.737374653153,113759.34930912874
5230.764577201099,113196.91794537629
5230.791779890514,113308.05978651716
5230.8189827213955,112756.768761881
5230.8461856937465,113059.47551566805
5230.873388807567,112502.174358533
5230.900592062857,112144.19657472696
5230.927795459619,112141.11224263422
5230.954998997852,111914.45323388277
5230.982202677558,112301.24894693603
5231.009406498738,112565.16072887955
5231.03661046139,112652.73040380586
5231.063814565518,112629.4987194515
5231.091018811122,113250.7453380279
5231.118223198202,113095.12458101199
5231.1454277267585,112955.51698736392
5231.172632396792,113078.71898826284
5231.199837208305,113240.40283589181
5231.227042161297,113391.54870274062
5231.254247255768,113620.66062611998
5231.28145249172,114167.75134114632
5231.308657869154,114141.43864375258
5231.33586338807,114179.25138664719
5231.363069048468,114587.45007375974
5231.39027485035,114402.19261680494
5231.417480793716,114236.36999017395
5231.444686878567,114443.80010584489
5231.471893104904,114292.30464948613
5231.499099472728,113875.14773278587
5231.526305982038,113228.04154670956
5231.553512632837,112839.51261173298
5231.580719425125,112438.99472223024
5231.607926358901,110921.2333345887
5231.635133434168,110212.03643210568
5231.662340650926,109013.65753873566
5231.689548009175,107423.64433049138
5231.716755508917,104499.93880667376
5231.743963150153,101150.01937443418
5231.771170932881,97370.25360348454
5231.798378857105,93046.92338397854
5231.825586922823,89129.14313779362
5231.852795130038,85935.72767888634
5231.88000347875,84083.42814066564
5231.907211968959,83781.7517210351
5231.934420600667,84285.69877803013
5231.961629373873,84865.54800082903
5231.988838288579,85689.73480354932
5232.016047344786,86001.76608166216
5232.0432565424935,85486.61898088711
5232.070465881704,84403.70675504823
5232.097675362416,81735.19394135327
5232.1248849846315,78682.18415960412
5232.152094748352,74673.699407549
5232.179304653577,69720.88506021533
5232.206514700308,64376.705742100305
5232.233724888544,59097.94474161751
5232.260935218288,54801.88977265047
5232.28814568954,51556.46217726785
5232.315356302301,50403.00914429975
5232.34256705657,50333.904319017245
5232.36977795235,52707.790315901504
5232.396988989641,56292.37718937853
5232.424200168442,61068.17487436655
5232.451411488757,66999.34923724234
5232.4786229505835,73140.95746565635
5232.505834553925,78969.27870615752
5232.53304629878,84845.15692737598
5232.560258185151,90042.57755305676
5232.587470213038,94754.96470201304
5232.61468238244,98744.93511643074
5232.641894693361,102019.94897920232
5232.6691071458,104970.27374382595
5232.696319739757,107422.17816305015
5232.723532475235,109322.00350459387
5232.750745352232,110999.69964851119
5232.777958370751,112356.74914828857
5232.805171530791,113099.28954098905
5232.832384832354,113831.02741072555
5232.8595982754405,114459.86225968413
5232.886811860051,114456.30442039348
5232.914025586186,114709.78643661359
5232.941239453847,114806.56380221235
5232.968453463033,114761.92055772168
5232.995667613747,114630.5156843243
5233.0228819059885,114756.66311043146
5233.050096339758,114650.37649553447
5233.077310915058,114660.00478768694
5233.104525631887,115121.20722953186
5233.131740490246,114927.454677631
5233.158955490137,114189.8896932613
5233.18617063156,114229.52651955375
5233.213385914516,114121.98020036197
5233.2406013390055,113643.86423519363
5233.26781690503,113176.56743892425
5233.295032612588,112902.79596569554
5233.322248461683,112128.09230091152
5233.349464452314,111222.9247761529
5233.3766805844825,110672.64354096283
5233.403896858189,109502.77427433836
5233.431113273435,108647.62617161886
5233.45832983022,107745.2229656807
5233.485546528545,106261.79197712455
5233.512763368411,104594.1237750949
5233.539980349818,103338.8731599991
5233.567197472768,102086.7026916993
5233.594414737261,100475.39748021493
5233.6216321432985,99031.60022911879
5233.6488496908805,97669.56397561681
5233.676067380007,95654.91328404822
5233.70328521068,92885.7856441778
5233.7305031829,89614.50965173023
5233.757721296668,85649.2787625049
5233.784939551984,80756.24489946359
5233.812157948849,75150.50583126013
5233.8393764872635,69582.01132182917
5233.866595167229,63194.454129849044
5233.893813988746,57000.3705266032
5233.921032951814,51347.74059002736
5233.948252056435,47060.51859062602
5233.9754713026105,43845.569275712485
5234.002690690339,42516.192714990335
5234.029910219623,42097.662077790475
5234.057129890462,43866.22128559655
5234.084349702858,47197.64627360741
5234.111569656811,51720.25879621226
5234.138789752323,57724.62999634133
5234.166009989392,63957.80059813662
5234.1932303680205,70150.0035313689
5234.22045088821,76985.96675683954
5234.24767154996,82860.87570226719
5234.274892353271,88294.52653692056
5234.302113298145,93184.86637189488
5234.329334384582,97045.48450920077
5234.356555612582,100411.77834081052
5234.3837769821475,103021.45456757986
5234.4109984932775,105030.93038413319
5234.438220145974,106529.63088176088
5234.465441940237,107302.5104404965
5234.492663876067,107690.06550270296
5234.519885953466,107538.78978050234
5234.547108172434,107065.82559743144
5234.574330532971,105946.38578138659
5234.601553035078,103733.09250981796
5234.628775678757,101419.40043968873
5234.655998464007,98723.897022905
5234.683221390831,95165.3585143068
5234.710444459227,91760.13782730346
5234.737667669198,89367.12292515542
5234.764891020744,87746.08930534757
5234.792114513864,87372.6939091474
5234.819338148562,87941.37101434906
5234.846561924836,89885.95390848797
5234.8737858426875,92009.7928875661
5234.901009902119,94741.52705964645
5234.9282341031285,98013.70130492662
5234.955458445718,100731.08460718654
5234.982682929888,103180.80717413417
5235.009907555641,105418.76193561
5235.037132322975,107564.08337397761
5235.064357231891,109526.98741964914
5235.091582282392,110635.41665530941
5235.118807474477,111750.72859689797
5235.1460328081475,112616.38564384983
5235.173258283404,113104.70325156047
5235.200483900246,113641.78157415599
5235.227709658676,114015.920484283
5235.254935558694,114278.61822716669
5235.282161600301,114240.57754252106
5235.309387783497,114174.5696576328
5235.336614108283,114286.47628096849
5235.3638405746615,114420.7996096124
5235.391067182631,114051.66753729086
5235.418293932193,112960.8601834996
5235.445520823348,112377.4373742844
5235.472747856097,111919.09829347006
5235.4999750304405,110647.8257795009
5235.527202346379,109570.30161824221
5235.554429803915,108719.80067009521
5235.581657403048,107978.44583573546
5235.608885143777,107833.09240587814
5235.636113026106,107763.9014126403
5235.663341050033,107987.01470553348
5235.690569215561,108487.26636767334
5235.717797522688,108623.70742239436
5235.745025971417,108803.25934886151
5235.772254561748,109097.00339231268
5235.799483293682,109572.39365595215
5235.82671216722,110189.0775142973
5235.853941182362,110628.50880128681
5235.881170339108,110874.60220203537
5235.908399637461,111495.9932172483
5235.93562907742,112179.70434892506
5235.962858658986,112535.67198028478
5235.990088382161,112883.38812506897
5236.017318246943,113036.56165708903
5236.044548253336,113230.49475490366
5236.071778401339,114066.38511471213
5236.099008690951,113812.47461929718
5236.126239122176,114605.69327815951
5236.153469695014,114130.41920425536
5236.180700409464,114234.21115310637
5236.207931265529,114149.9906850693
5236.235162263208,113554.198128891
5236.262393402501,113207.1226102948
5236.2896246834125,112289.11242700394
5236.316856105939,110918.65333478697
5236.344087670083,109112.62963594188
5236.371319375847,107217.30392055718
5236.398551223228,105326.842092971
5236.42578321223,102086.62116436154
5236.453015342852,98985.69289329123
5236.480247615095,95111.61808197245
5236.50748002896,90643.79778229658
5236.534712584448,85832.51287610986
5236.561945281559,80448.34484035398
5236.5891781202945,74501.70177792775
5236.616411100656,68542.46636691983
5236.643644222641,63449.17154264802
5236.670877486254,59641.23155498286
5236.698110891492,57850.283976493476
5236.7253444383605,58079.40345711675
5236.752578126856,60364.816653021175
5236.779811956981,64475.56963931011
5236.807045928736,69199.1156284271
5236.834280042122,74265.18397920893
5236.861514297139,79625.47827932917
5236.888748693789,85044.44420511108
5236.915983232072,89949.63938844306
5236.9432179119885,94724.51991183749
5236.970452733539,98790.99894635403
5236.997687696726,101946.96861058571
5237.024922801547,104998.601140054
5237.052158048006,107145.98692627154
5237.079393436103,109478.56277558858
5237.1066289658365,110990.09727304145
5237.13386463721,111805.00376428173
5237.161100450223,112865.48401447892
5237.188336404875,112699.29674654719
5237.21557250117,113257.1565708209
5237.242808739106,113352.93740591759
5237.270045118685,113286.93086180859
5237.297281639906,112871.07150287794
5237.324518302772,113145.00779830538
5237.351755107283,113609.31638954997
5237.378992053439,113551.5575329603
5237.406229141242,113633.31494783792
5237.433466370691,113787.22110727946
5237.460703741788,114054.16061822434
5237.487941254534,113872.44181577132
5237.51517890893,113804.56938384906
5237.542416704974,114250.70165408305
5237.56965464267,114515.42754517759
5237.5968927220165,114010.2914897419
5237.624130943015,113863.25734279581
5237.651369305667,114475.44071997023
5237.678607809973,114419.29645893721
5237.705846455932,114589.67744269254
5237.733085243548,114450.41712107505
5237.760324172818,114308.92239863791
5237.787563243745,113924.73049170748
5237.814802456331,113394.34521943239
5237.842041810573,112973.9946750064
5237.8692813064745,112126.44335457416
5237.896520944036,111023.83210937407
5237.923760723257,110284.90146827459
5237.951000644139,108967.49968984044
5237.978240706683,107797.36954641121
5238.00548091089,107376.87929620316
5238.032721256759,107530.02289438671
5238.059961744292,108389.59063236693
5238.08720237349,109152.22651093626
5238.1144431443545,109809.77255518369
5238.141684056884,110445.96174244153
5238.16892511108,110811.3593333234
5238.196166306944,111373.1421164465
5238.223407644477,112029.10442560072
5238.250649123679,112511.759347296
5238.27789074455,112908.60878255512
5238.305132507092,113160.17919629533
5238.332374411306,113258.32706458817
5238.359616457191,113274.83065217987
5238.386858644749,113422.43664078905
5238.414100973981,113582.90015532584
5238.441343444887,113946.59913982017
5238.468586057467,113951.61724895553
5238.495828811724,114549.65543171122
5238.523071707657,114894.99526103532
5238.550314745267,115151.91186480799
5238.577557924556,115236.95701723553
5238.604801245522,114929.8472896004
5238.632044708169,115015.81099535336
5238.659288312495,114912.52256114983
5238.686532058502,115028.29147654894
5238.713775946191,114840.05449386085
5238.741019975562,114121.93764237488
5238.768264146616,113608.37896982652
5238.795508459355,113605.63152861816
5238.822752913778,113271.08287677952
5238.849997509885,112297.17932737603
5238.8772422476795,111240.08838014725
5238.90448712716,109276.51379391117
5238.931732148329,107274.94356832805
5238.958977311185,104522.4801069655
5238.98622261573,100663.83980484687
5239.013468061966,96896.25509415027
5239.040713649892,91797.92090515236
5239.0679593795085,85938.28706388695
5239.095205250817,79814.39313962446
5239.122451263818,73647.09581477768
5239.149697418513,69157.90880997147
5239.176943714902,65815.42332518703
5239.2041901529865,64740.78313779867
5239.231436732765,65746.75042629236
5239.258683454242,68584.96530961574
5239.285930317415,72898.6556102926
5239.313177322285,77351.07457006715
5239.3404244688545,82465.8674856176
5239.367671757123,87294.83260545417
5239.394919187092,91790.22033641906
5239.422166758761,95790.50409284604
5239.449414472132,99598.64745720962
5239.476662327205,103150.86406224396
5239.5039103239815,106063.15608675272
5239.5311584624615,107945.11221297091
5239.558406742645,109739.87172007746
5239.585655164536,111687.3235841874
5239.612903728131,112499.17305612075
5239.640152433432,113095.72358669863
5239.667401280442,113735.71366961289
5239.69465026916,114021.62637012817
5239.721899399587,114285.40122750509
5239.749148671723,114163.8206448545
5239.776398085569,113897.05358224698
5239.803647641127,113323.51154342551
5239.830897338396,112959.30529758977
5239.858147177378,113349.74460547836
5239.885397158074,113392.52393500302
5239.912647280483,113440.4004154815
5239.9398975446065,113588.36165753596
5239.967147950447,113608.05165887822
5239.994398498003,113951.07839508886
5240.021649187275,114235.50461990372
5240.048900018266,114558.18622440386
5240.076150990974,114868.59939468712
5240.103402105403,114889.79356427667
5240.130653361551,114738.43482764925
5240.15790475942,114710.4538628736
5240.1851562990105,114761.89432964717
5240.2124079803225,114458.30447331778
5240.239659803357,114113.52601158684
5240.266911768116,114082.00059781848
5240.2941638746,113520.69548229047
5240.321416122808,113715.55780967553
5240.348668512742,113829.2420661615
5240.375921044403,113558.97244278426
5240.403173717791,113515.36423087718
5240.430426532907,113702.27000643683
5240.457679489752,113706.77047342749
5240.484932588326,113258.99014210347
5240.512185828631,113132.29032306452
5240.539439210666,113161.58378178603
5240.566692734434,113162.17105236539
5240.593946399933,113619.7512493018
5240.621200207166,114113.30478838037
5240.648454156133,114447.17204347093
5240.675708246835,114827.94438327297
5240.702962479272,115415.5114761595
5240.730216853445,115117.55774356036
5240.757471369355,115481.2689253489
5240.784726027003,115579.12526215984
5240.811980826388,115559.33311941019
5240.839235767514,115658.97109425937
5240.866490850379,115811.02413327411
5240.893746074984,115493.12719568383
5240.921001441331,116726.18580218806
5240.948256949419,115886.32492339
5240.9755125992515,115901.88048953415
5241.0027683908265,115878.63635066507
5241.030024324145,115746.76332479295
5241.05728039921,115972.71555525372
5241.08453661602,115712.59872381213
5241.111792974577,115252.48761402634
5241.13904947488,115385.38957662534
5241.166306116932,115185.18557210825
5241.193562900733,114698.87046221935
5241.220819826282,114466.4419236026
5241.248076893583,114239.36512330083
5241.275334102634,113360.35404900629
5241.302591453436,113177.5973873892
5241.329848945991,112561.91042795508
5241.357106580299,111641.54375384303
5241.3843643563605,111106.00993178546
5241.411622274177,110099.47719916563
5241.438880333749,109945.92607599049
5241.466138535076,110327.15415629666
5241.493396878161,110217.96794859826
5241.520655363003,110097.56377081879
5241.547913989603,110488.19745314673
5241.575172757963,110482.71533252567
5241.602431668081,110052.80993940661
5241.629690719961,109533.44516524611
5241.656949913602,108549.58258936694
5241.684209249005,105963.87519292517
5241.71146872617,103678.78534665711
5241.738728345099,100430.20077333112
5241.765988105792,96132.02924554709
5241.79324800825,91981.7076241198
5241.820508052473,88374.24859842246
5241.847768238463,85322.06083035238
5241.87502856622,84208.74024731612
5241.902289035745,84903.87763385927
5241.929549647039,87346.24794633065
5241.956810400101,90170.04804659534
5241.9840712949335,93625.07075102197
5242.011332331537,96849.22799911503
5242.038593509913,100035.0849706061
5242.06585483006,103274.44544212811
5242.093116291981,105685.54677499026
5242.120377895674,108128.79049896022
5242.1476396411435,109746.06405668159
5242.174901528387,111859.515963648
5242.2021635574065,113227.90369247954
5242.229425728203,113704.57334724665
5242.256688040778,114315.05498826565
5242.283950495129,114929.95718139339
5242.3112130912605,114788.17368482293
5242.33847582917,114970.61484414715
5242.3657387088615,115027.043152033
5242.393001730334,114541.52485979238
5242.420264893588,113932.78684784262
5242.447528198624,113425.18977056167
5242.474791645444,112021.12847801748
5242.502055234048,110685.16022030331
5242.529318964437,109699.81858185756
5242.556582836612,109119.1294949267
5242.583846850572,108300.54146761565
5242.61111100632,107691.5910173066
5242.638375303855,106910.39121323013
5242.665639743179,105795.42759581922
5242.692904324292,104027.38464509927
5242.720169047195,102416.41849084345
5242.747433911889,100686.96578222561
5242.774698918374,98344.26553486839
5242.801964066652,96327.2516377693
5242.829229356722,95472.02742000621
5242.856494788586,95127.45090010425
5242.883760362244,95491.38834377662
5242.911026077698,96990.46955831707
5242.938291934947,98396.32558020962
5242.965557933993,99491.15639685412
5242.992824074836,99862.835954932
5243.020090357478,99473.16917718292
5243.047356781918,98877.2700825611
5243.074623348158,97620.70704280243
5243.101890056198,96565.2456752168
5243.129156906039,95370.43183814416
5243.156423897682,95055.14927226408
5243.183691031127,95789.50519206854
5243.210958306375,97674.9437879681
5243.238225723428,100028.34286302395
5243.265493282285,102437.3157783155
5243.292760982948,104931.06478280517
5243.320028825417,106709.37122572353
5243.347296809692,108206.70063225787
5243.374564935776,110247.83449320759
5243.401833203668,111761.67424469355
5243.429101613368,112868.47045386369
5243.456370164879,113843.5597780768
5243.483638858201,114367.37341202665
5243.510907693334,114931.02305687561
5243.5381766702785,115537.90341460347
5243.565445789037,115854.55524236361
5243.592715049608,116180.75335587958
5243.619984451993,116103.5917953658
5243.647253996194,116170.68909629608
5243.674523682211,116319.47627766656
5243.701793510044,116005.05294693232
5243.729063479694,116018.58838992806
5243.756333591162,115935.0314222939
5243.783603844449,115510.43702602964
5243.810874239555,115599.54414378705
5243.838144776482,115503.6785467289
5243.86541545523,114911.71435716956
5243.892686275799,114620.61662579031
5243.91995723819,114288.80507770403
5243.947228342405,114610.91833775734
5243.974499588444,115380.03314367779
5244.001770976307,115350.8511795856
5244.029042505996,115320.71792535798
5244.056314177511,115800.1724509941
5244.083585990852,115779.5945564814
5244.1108579460215,115389.81851137968
5244.1381300430185,115557.59427490945
5244.165402281846,116044.02558820602
5244.192674662501,115828.95881791308
5244.219947184989,116074.2346106238
5244.247219849307,116337.69919488135
5244.274492655457,116132.40649243086
5244.30176560344,116336.08603477487
5244.329038693256,116249.6963271588
5244.356311924907,116254.24276828574
5244.383585298392,116183.2329514895
5244.410858813713,116421.82511039887
5244.438132470871,116477.00349985392
5244.4654062698655,116501.71719257609
5244.492680210698,116341.4858992101
5244.51995429337,116236.61984507559
5244.54722851788,116266.65068137011
5244.574502884231,116059.74977176043
5244.601777392423,116037.78649359314
5244.629052042456,116287.81506647069
5244.6563268343325,116338.48071947889
5244.683601768051,116189.11909081884
5244.710876843614,115993.02512218476
5244.738152061021,116007.62218520939
5244.765427420272,116086.63007103592
5244.7927029213715,115945.39219533274
5244.819978564316,115710.14915434699
5244.847254349109,115757.89263463298
5244.87453027575,115458.13514928661
5244.901806344239,114876.09358358578
5244.929082554579,114312.57968023831
5244.956358906768,114026.2597500558
5244.98363540081,113928.21435991544
5245.010912036703,113965.17478409142
5245.038188814448,114350.31233647396
5245.065465734047,114465.0508138442
5245.092742795501,114714.85483666348
5245.120019998809,114948.02701899654
5245.147297343973,114575.05060721182
5245.174574830993,114772.46538423974
5245.20185245987,115081.68303673307
5245.229130230605,115415.99653745933
5245.256408143198,115621.47078088173
5245.283686197651,115932.43547039565
5245.310964393964,116051.0410472112
5245.338242732138,115832.21880335394
5245.365521212173,115805.71871095162
5245.3927998340705,115615.2052583749
5245.420078597831,115815.3023421639
5245.447357503454,116105.85408598272
5245.474636550944,116192.74351747081
5245.501915740297,116145.89677197333
5245.529195071516,116099.11399273452
5245.556474544603,116220.01275752131
5245.5837541595565,116381.23338230471
5245.611033916379,116414.35662301639
5245.6383138150695,116320.9223881093
5245.66559385563,116467.72721865233
5245.692874038061,116312.84437101927
5245.720154362362,116268.53256649384
5245.747434828537,116333.027698023
5245.7747154365825,115589.19307982968
5245.801996186502,115060.9270884694
5245.829277078296,114403.9907221634
5245.856558111965,113545.118823733
5245.883839287509,112544.48684717271
5245.911120604928,111660.11828738463
5245.938402064226,109235.53398308835
5245.965683665401,106876.92478633144
5245.992965408454,103858.04856281217
5246.020247293387,100429.28956186328
5246.0475293202,96207.47603606267
5246.074811488893,92034.48817308403
5246.102093799468,87942.91243125252
5246.129376251925,85548.18068213049
5246.156658846265,84078.90062007855
5246.183941582488,83936.73476529581
5246.211224460596,85542.38539560745
5246.238507480589,87897.3541152167
5246.265790642468,90716.21748378027
5246.293073946234,92614.14508282856
5246.320357391886,94531.26020300585
5246.3476409794275,96110.70807659645
5246.374924708857,96519.38940311992
5246.402208580176,97754.35879749304
5246.4294925933855,99280.3234182032
5246.456776748486,101002.53522219216
5246.4840610454785,102678.26122380949
5246.511345484363,104742.01654609786
5246.538630065141,106629.12456205765
5246.565914787813,108086.93358010415
5246.59319965238,109098.05004595446
5246.620484658842,110296.46569920081
5246.6477698072,111031.8972497403
5246.675055097456,111713.59931740689
5246.702340529609,111372.29648098149
5246.72962610366,110954.71833491641
5246.756911819611,110411.01634648253
5246.784197677461,108611.17432910873
5246.811483677212,106673.17081771424
5246.838769818864,104604.60390877943
5246.866056102418,101449.63158892948
5246.893342527876,98542.73428494969
5246.920629095236,96552.05226599655
5246.9479158045015,95495.06390221427
5246.975202655672,95707.58819251052
5247.0024896487475,97017.77483837714
5247.02977678373,99075.21389397685
5247.05706406062,101319.5013700787
5247.084351479418,103082.99208105373
5247.111639040124,104757.24667301752
5247.13892674274,106148.83182571558
5247.166214587266,107817.08335649624
5247.193502573703,109053.11398003274
5247.220790702052,109250.69595898634
5247.248078972313,109834.73625759804
5247.275367384487,110022.93164647241
5247.302655938576,110194.90349408344
5247.329944634579,110492.2803902222
5247.357233472497,111073.26362607797
5247.384522452331,112060.44431569765
5247.411811574083,113146.06166960554
5247.4391008377515,113697.94961037007
5247.4663902433385,114175.53676679186
5247.493679790845,114847.32225298761
5247.520969480271,115246.19346435618
5247.548259311618,115685.5412210187
5247.575549284886,116155.47255302953
5247.602839400075,116569.88281042902
5247.630129657188,116483.35215062753
5247.657420056224,116414.91217905961
5247.684710597185,116391.64093456222
5247.71200128007,116483.4797849889
5247.73929210488,116521.14232213952
5247.766583071618,116216.17026400608
5247.793874180283,115871.10392400515
5247.821165430875,115770.79094546352
5247.848456823397,116503.04454475369
5247.875748357847,116972.37361509618
5247.903040034228,116742.4016118803
5247.93033185254,117060.65698932503
5247.957623812783,117006.43495008365
5247.984915914959,116738.8967655191
5248.012208159067,117160.69522640739
5248.03950054511,117217.86531158036
5248.066793073087,116839.34958471432
5248.094085743,116664.82585130024
5248.121378554848,116896.52959437533
5248.148671508633,116966.42118279543
5248.175964604356,116753.1238108353
5248.203257842017,116676.92190295261
5248.230551221617,116354.59980901291
5248.257844743157,115812.03028422024
5248.285138406637,114669.05326789785
5248.312432212058,113895.67049987649
5248.339726159422,113262.71424251137
5248.367020248727,111951.31851723854
5248.394314479977,111201.86385807715
5248.421608853171,109924.5690065252
5248.448903368309,108911.18867138057
5248.476198025393,107542.87261991944
5248.503492824424,106986.4077757397
5248.530787765402,107095.36059022242
5248.558082848327,106650.28307344709
5248.585378073201,106226.984660148
5248.612673440025,105659.56685772023
5248.639968948799,104168.50593059212
5248.667264599523,102083.79107514149
5248.694560392199,99238.78418192077
5248.721856326827,95838.16052455398
5248.749152403408,91938.38662561506
5248.776448621943,88724.20943037684
5248.803744982432,86114.18868400803
5248.8310414848775,84261.06923364372
5248.858338129277,83428.04523624048
5248.885634915635,83577.80765238713
5248.91293184395,84012.57083403168
5248.940228914223,85279.54936035156
5248.967526126455,87642.4210547492
5248.994823480646,89606.53584783463
5249.022120976798,92007.46088540829
5249.049418614912,95243.50245064571
5249.076716394987,98121.12322277924
5249.104014317024,100522.6495904838
5249.131312381025,103088.03466138146
5249.15861058699,104759.75004596535
5249.18590893492,107018.17084230775
5249.213207424816,108923.40208869195
5249.240506056677,109924.16018847546
5249.267804830506,110496.44532954037
5249.295103746303,111417.02051753164
5249.322402804068,112168.40275234621
5249.349702003802,112500.09320867433
5249.377001345507,112412.51088740787
5249.404300829182,112109.84403376182
5249.431600454828,111683.76838726718
5249.4589002224475,110331.2398773866
5249.486200132039,109071.76210605781
5249.513500183604,108172.7655155483
5249.5408003771445,106654.09300696719
5249.5681007126595,105447.2330367399
5249.59540119015,105061.03628415354
5249.622701809618,105020.87236388681
5249.650002571063,105686.16250929228
5249.6773034744865,106570.59203425932
5249.704604519889,106795.88106878057
5249.73190570727,106952.05480405125
5249.759207036632,106719.83593191816
5249.786508507975,106120.52615919357
5249.8138101213,105077.20922675054
5249.841111876607,102580.5593489783
5249.868413773897,99528.90702593663
5249.8957158131725,95738.84148845715
5249.923017994432,91052.29615758646
5249.950320317676,86737.30145346193
5249.977622782908,82584.5072685279
5250.004925390126,79530.7823596138
5250.032228139332,78634.05688326401
5250.059531030526,79312.5043667135
5250.08683406371,81294.85687999277
5250.114137238884,84247.77322716429
5250.141440556048,87836.83663157857
5250.168744015204,90924.6718044076
5250.196047616351,93772.92632649055
5250.223351359492,96855.46962713356
5250.250655244627,100728.73924848234
5250.277959271755,102708.16033378527
5250.305263440879,105862.90731143265
5250.332567751998,107537.20441263146
5250.359872205115,109126.0319774493
5250.387176800228,110642.04643362467
5250.414481537339,110964.15525651455
5250.44178641645,111798.05470449991
5250.46909143756,111931.01318280665
5250.49639660067,112304.43966282903
5250.523701905781,112261.94624563969
5250.551007352894,112044.60901943603
5250.57831294201,111871.91807822026
5250.605618673128,112121.42176035588
5250.632924546251,112144.46359867381
5250.660230561378,112715.9280280048
5250.687536718511,113488.6607903571
5250.714843017649,113998.82218806469
5250.742149458796,114628.44698554042
5250.7694560419495,114883.1072986749
5250.796762767111,115103.37722053676
5250.824069634282,115279.03994625487
5250.8513766434635,115881.11478067392
5250.8786837946545,116227.11265566303
5250.905991087858,116056.8705743771
5250.933298523073,116267.16860927081
5250.9606061003005,116212.46960794623
5250.987913819542,115767.13238050972
5251.015221680797,115908.06625357141
5251.0425296840685,115804.93794614096
5251.069837829355,115159.25901087146
5251.097146116658,114887.69600405902
5251.124454545979,114344.73759717571
5251.1517631173165,113400.73919566542
5251.179071830674,112438.77226342825
5251.206380686051,110602.77178539266
5251.233689683447,108568.66626479368
5251.260998822865,105993.10838192022
5251.288308104305,103549.47346131997
5251.315617527766,100790.41536139672
5251.342927093251,98325.65324323019
5251.37023680076,97342.88362471953
5251.397546650293,96938.12721103252
5251.424856641853,98027.6027182289
5251.452166775438,99667.41160189558
5251.47947705105,101923.32405148157
5251.506787468689,103579.2306882801
5251.534098028357,105813.01688687444
5251.561408730054,107636.64092253541
5251.5887195737805,109429.00235884292
5251.616030559538,111160.72659923474
5251.643341687327,112590.28333048614
5251.6706529571475,113776.97083990973
5251.697964369,114455.13096944964
5251.725275922888,115086.05925621252
5251.752587618808,115993.24737159144
5251.779899456765,116515.21106418266
5251.807211436757,116388.04260732935
5251.834523558785,116691.50378996182
5251.8618358228505,116638.37017951692
5251.889148228955,116451.25658265865
5251.916460777096,116350.93655155595
5251.943773467278,116136.07945255331
5251.9710862995,116070.14455953786
5251.9983992737625,115219.26637835523
5252.0257123900665,114776.87318309714
5252.0530256484135,114918.31955288207
5252.080339048804,114590.89849875074
5252.107652591237,114606.86311719529
5252.134966275715,115331.55672773356
5252.162280102239,115164.02761355767
5252.189594070808,115493.09090831187
5252.2169081814245,115884.4619491181
5252.244222434088,115472.37554241839
5252.271536828801,115246.45310807422
5252.298851365562,115401.12250606003
5252.326166044373,115352.71353927461
5252.353480865235,115549.1672127706
5252.380795828148,115555.42321204224
5252.408110933112,115968.37312990775
5252.43542618013,115534.96947923914
5252.4627415692,115364.98785666344
5252.490057100325,115630.49618708913
5252.5173727735055,115186.86418504886
5252.544688588741,115145.93201285889
5252.572004546034,114550.82139283096
5252.599320645383,113499.4450065116
5252.62663688679,112517.98248929832
5252.653953270256,111360.32645680461
5252.681269795781,109075.94748053876
5252.708586463366,106442.60269622004
5252.735903273013,103602.86724178946
5252.7632202247205,100440.12056776871
5252.79053731849,97249.11158700303
5252.817854554323,94837.73589054054
5252.84517193222,93861.2218348755
5252.872489452182,94425.59645805253
5252.899807114209,96008.50500906863
5252.927124918301,97627.03419679448
5252.95444286446,99801.6292208284
5252.981760952687,102611.14560768938
5253.0090791829825,104589.96226999642
5253.036397555346,106410.60762471637
5253.063716069781,108713.18258888571
5253.091034726285,109837.43271879706
5253.11835352486,110936.9442712744
5253.145672465508,112498.3717912034
5253.172991548227,113624.10873759357
5253.200310773022,114046.72540315197
5253.227630139889,114140.23765151468
5253.254949648832,113933.25513943407
5253.28226929985,113612.25603760355
5253.309589092944,114112.65081677769
5253.336909028116,113941.41749377764
5253.364229105365,113994.02028552178
5253.391549324693,114322.62869623363
5253.4188696861,114528.54825078497
5253.4461901895875,115310.78900017455
5253.473510835156,115128.08997104703
5253.500831622806,115695.89849526965
5253.528152552537,115935.73620935528
5253.555473624352,116574.80674819507
5253.582794838251,116576.10011058196
5253.610116194234,116763.17485694468
5253.637437692302,116725.43419617365
5253.664759332457,117092.98183323495
5253.692081114698,117033.452653377
5253.7194030390265,117093.8920704412
5253.746725105443,116750.3864776788
5253.774047313949,116645.45527329993
5253.801369664544,116240.96472516385
5253.82869215723,115974.44328413898
5253.856014792007,115795.42836476865
5253.8833375688755,114665.23056404483
5253.910660487837,113793.54875354128
5253.937983548892,112760.30806624549
5253.96530675204,111141.29550901667
5253.992630097284,109370.45239449324
5254.019953584623,107128.31131452577
5254.047277214058,104216.36315045411
5254.074600985591,101024.88680228275
5254.101924899221,97085.19481309019
5254.12924895495,92194.02085934198
5254.156573152778,87064.89457606751
5254.183897492706,81488.22333706365
5254.211221974735,75215.90839107771
5254.2385465988655,69498.54407003603
5254.265871365098,65530.97307015617
5254.293196273433,63456.2297016466
5254.3205213238725,63081.21926573391
5254.347846516416,63907.52169711048
5254.375171851065,66663.31410954069
5254.402497327819,70127.43665611617
5254.429822946681,74244.70848927095
5254.45714870765,78388.86139880687
5254.4844746107265,82643.51844462557
5254.511800655912,87144.11052140771
5254.539126843208,91127.69994466502
5254.566453172613,94800.67389016203
5254.59377964413,98257.57125451954
5254.621106257759,100554.27721420738
5254.6484330135,102241.35935206461
5254.675759911354,104004.26102514338
5254.703086951323,105101.20441986751
5254.730414133406,105750.06425149302
5254.757741457605,105880.75511299878
5254.78506892392,105834.09472730273
5254.812396532353,105615.47347656071
5254.839724282902,105011.8489401343
5254.867052175571,104798.63803320569
5254.894380210359,104338.67043468615
5254.921708387266,105099.92860994925
5254.9490367062945,105041.63512281567
5254.976365167444,105629.62408767821
5255.0036937707155,105667.76884177748
5255.03102251611,106356.38428564162
5255.058351403629,106306.46043336591
5255.085680433272,106956.88232110508
5255.11300960504,107510.31841941515
5255.140338918934,108459.10692186441
5255.167668374954,109799.2978281834
5255.194997973102,110552.8343723083
5255.222327713378,111573.54990670345
5255.249657595782,112639.77159383116
5255.2769876203165,113342.46612076263
5255.304317786981,113935.30791118137
5255.3316480957765,114775.98922105753
5255.358978546704,115383.94291916008
5255.386309139764,116228.88473501112
5255.413639874957,116253.61100493302
5255.440970752285,116573.47642928665
5255.468301771746,117272.3817518715
5255.495632933344,117249.92165591526
5255.522964237078,117592.40480263434
5255.550295682948,118032.56431838949
5255.577627270956,117766.562693211
5255.6049590011025,117500.12461368693
5255.632290873389,117920.4447332906
5255.659622887814,118160.94621250272
5255.686955044381,117982.50381840022
5255.714287343089,118593.76190465115
5255.741619783939,118496.82205046197
5255.768952366931,118429.80116647988
5255.7962850920685,117975.94896385813
5255.823617959349,118391.01029305736
5255.850950968775,117750.60848408043
5255.8782841203465,117111.96453743754
5255.905617414065,117209.54148369892
5255.93295084993,117043.65071587275
5255.960284427944,116217.02304442662
5255.987618148107,115256.22274732715
5256.014952010419,114109.81265742265
5256.042286014881,112668.82817109142
5256.069620161494,110946.0945751026
5256.09695445026,108814.48772109339
5256.124288881177,106587.91035921434
5256.151623454247,103435.28602585263
5256.178958169472,99136.37344921086
5256.206293026851,95170.40097506507
5256.233628026386,91010.83256834598
5256.260963168077,86533.54388712413
5256.288298451925,83422.83277876498
5256.31563387793,82154.0501568752
5256.342969446095,82779.65952368254
5256.370305156417,84751.61754758967
5256.3976410089,87568.80987532086
5256.424977003544,90850.4522975906
5256.452313140348,94107.93746450126
5256.479649419316,97402.45076873252
5256.506985840446,101037.52216798926
5256.534322403739,103829.47837912712
5256.561659109197,106455.93402543117
5256.588995956819,108787.67351693899
5256.616332946608,110440.02968104593
5256.643670078563,112393.2699775302
5256.671007352686,113514.37408152802
5256.698344768976,114362.15621170202
5256.725682327435,115303.27840010496
5256.7530200280635,116051.7661396725
5256.780357870863,116191.47190244985
5256.807695855832,116321.5219313603
5256.835033982974,116704.05255401252
5256.862372252288,116191.31582554035
5256.889710663775,115804.64655074108
5256.917049217435,115212.11338029066
5256.944387913271,115074.44842252156
5256.971726751282,114449.65672698944
5256.99906573147,114476.55774159086
5257.026404853834,114668.61768145155
5257.053744118376,114537.55008616045
5257.081083525096,114792.85629240904
5257.108423073995,115487.94213793616
5257.135762765074,115799.81651793559
5257.163102598333,115866.26989476
5257.190442573775,115781.4407574751
5257.217782691398,115840.92931194678
5257.2451229512035,117080.4756832839
5257.2724633531925,117082.63021920557
5257.2998038973665,116775.86557120123
5257.3271445837245,117453.87737814506
5257.354485412269,117919.04826191383
5257.381826383,117904.36661171647
5257.409167495918,118030.22122838219
5257.436508751024,118331.08464582336
5257.463850148319,117977.32379480543
5257.491191687803,117916.13552634504
5257.518533369477,117672.92127698808
5257.545875193343,118177.9710202352
5257.5732171594,117847.33905769725
5257.600559267649,118364.98915321368
5257.627901518092,117740.25280085612
5257.655243910728,117460.50841591087
5257.6825864455595,117205.5760349009
5257.709929122586,117475.9398587559
5257.737271941808,117462.42489393392
5257.764614903227,117218.47021274429
5257.791958006845,117512.08581624224
5257.81930125266,117259.32068275775
5257.846644640674,117196.2703747533
5257.873988170888,117506.85663829904
5257.901331843303,117641.99033597863
5257.928675657919,117365.72733334759
5257.956019614737,117188.11563030083
5257.983363713758,117148.51193622834
5258.010707954982,117418.87717157486
5258.03805233841,116737.49939822491
5258.065396864044,115508.07203591727
5258.092741531883,115838.1813201002
5258.120086341929,115109.80360783012
5258.147431294182,114886.31636798773
5258.174776388642,114170.01175512979
5258.2021216253115,113792.1475911017
5258.229467004191,114046.93689261939
5258.25681252528,114479.22193900203
5258.28415818858,114582.34503502687
5258.311503994091,115070.00316319423
5258.338849941815,115481.19722597378
5258.366196031752,115572.18176620349
5258.393542263903,116142.9577402418
5258.4208886382685,116594.92395131203
5258.4482351548495,117258.23821828283
5258.475581813646,117137.79351172509
5258.50292861466,117493.28706088284
5258.530275557891,117392.41497118377
5258.557622643341,117223.37293717168
5258.58496987101,116965.85549977602
5258.612317240898,117208.63658577144
5258.639664753007,116741.27434631516
5258.667012407337,116441.67459003435
5258.694360203889,115994.36763390878
5258.721708142664,115592.60196113195
5258.749056223663,114965.9158530119
5258.776404446885,114510.28408364032
5258.803752812332,114385.55596193111
5258.8311013200055,114472.94616908173
5258.858449969905,114758.75614872796
5258.885798762032,114831.67746007578
5258.913147696387,114373.19406097979
5258.94049677297,114355.17221321943
5258.967845991783,114317.77872861731
5258.995195352825,114312.03186976061
5259.0225448561,114451.83223104055
5259.049894501604,114125.96413155866
5259.077244289342,113130.5108838817
5259.104594219313,113305.77631101655
5259.131944291517,112944.46512949292
5259.1592945059565,113336.84654854672
5259.1866448626315,113519.72075851049
5259.2139953615415,113667.26520171823
5259.241346002689,113989.85908962383
5259.268696786074,114240.4324931787
5259.296047711697,114647.65318761983
5259.323398779558,114559.5988559024
5259.3507499896605,114732.059641126
5259.378101342003,114380.92953024784
5259.405452836586,114337.25857179325
5259.432804473412,114278.89180279
5259.4601562524795,113336.5684979139
5259.487508173792,112374.73889261245
5259.514860237347,111358.01028146244
5259.542212443148,109697.75360967832
5259.569564791194,107743.14997758881
5259.596917281487,106441.80258926793
5259.624269914027,104966.0304877166
5259.651622688814,104076.15230204632
5259.678975605851,104182.10660558553
5259.706328665136,104553.32528266232
5259.733681866673,104844.81478481473
5259.761035210459,105814.32430112468
5259.788388696497,107083.87028929795
5259.8157423247885,108569.56559653077
5259.843096095332,109541.77765740272
5259.870450008129,110274.57978899569
5259.897804063181,111609.6909566787
5259.925158260488,112280.13474962639
5259.952512600052,112748.25336691966
5259.979867081872,112928.6514482217
5260.00722170595,113119.09967345459
5260.034576472285,113583.05934983639
5260.061931380879,114061.85299088445
5260.089286431734,114626.30130443326
5260.116641624849,114557.97727191805
5260.143996960225,114694.8900825072
5260.171352437863,115545.723642868
5260.198708057764,115866.94087038706
5260.226063819928,116333.41190149976
5260.253419724357,116488.28688082015
5260.28077577105,116868.94446583645
5260.308131960009,116960.41688310429
5260.335488291234,117273.46905463567
5260.362844764726,117998.3433634511
5260.390201380486,118091.71060666676
5260.417558138514,117960.52197451428
5260.444915038813,118194.5290784418
5260.472272081381,118381.01278278464
5260.49962926622,118524.00193040128
5260.526986593331,118429.93109163808
5260.554344062713,118086.05669849766
5260.5817016743695,118078.91830533832
5260.609059428299,118396.18507415592
5260.636417324503,117613.41956111576
5260.663775362982,118210.91042797182
5260.691133543737,117525.50575239476
5260.71849186677,117099.49998601606
5260.7458503320795,116438.18892846677
5260.773208939667,116041.7115699005
5260.800567689534,114528.82450864115
5260.82792658168,112541.60505313106
5260.855285616107,110798.8935994255
5260.882644792815,108395.8064026967
5260.910004111805,105142.61782667815
5260.937363573078,101628.36921820091
5260.964723176634,97350.6039141369
5260.992082922474,93148.26851148593
5261.019442810599,88410.57832692575
5261.04680284101,85169.83215281232
5261.074163013706,83182.34177879947
5261.101523328691,82833.98621401023
5261.128883785962,84016.62134160669
5261.156244385523,86715.67707735568
5261.183605127373,89237.28215109743
5261.210966011513,91161.90387648995
5261.238327037943,92822.04761797261
5261.265688206665,93519.45754192659
5261.29304951768,93226.51499851352
5261.320410970987,92064.29016665088
5261.347772566588,89752.32425266971
5261.375134304484,85971.75563001017
5261.402496184675,81512.89746100151
5261.4298582071615,76292.14773216273
5261.457220371945,70900.62937093075
5261.484582679026,65445.065567545884
5261.511945128405,62157.027994448785
5261.539307720084,59868.33827230155
5261.566670454062,59458.6459996454
5261.59403333034,60288.746333656585
5261.621396348919,63313.42296419649
5261.648759509801,67600.42240294997
5261.676122812984,72775.12879796412
5261.7034862584715,78637.5788896598
5261.7308498462635,84468.92515483708
5261.75821357636,90108.48166004886
5261.785577448762,94892.41961562344
5261.8129414634695,98796.25717520333
5261.840305620485,102472.83753440174
5261.867669919808,105343.07329597966
5261.89503436144,107625.19638346687
5261.92239894538,109631.23978877372
5261.949763671631,111295.49823104219
5261.977128540193,111995.04161557664
5262.004493551067,113192.46838655294
5262.031858704252,113972.03632449676
5262.05922399975,114378.0636867634
5262.086589437563,114543.27068050443
5262.1139550176895,115255.82996170405
5262.141320740131,115213.4038599733
5262.168686604889,114688.02206363471
5262.196052611964,114572.45137208623
5262.223418761356,114250.33940535704
5262.250785053066,113753.05982489703
5262.278151487095,113711.6810104286
5262.305518063444,113449.16716738149
5262.332884782113,113500.72101174777
5262.360251643103,112869.7847268638
5262.387618646415,111901.41793459917
5262.41498579205,110484.98248425747
5262.442353080008,108656.24841746474
5262.46972051029,106285.99784658465
5262.497088082897,103091.3506943569
5262.524455797829,99257.08064915675
5262.551823655089,94725.21365035471
5262.579191654675,89712.24351115851
5262.606559796588,84484.96577727591
5262.633928080831,79879.27884738024
5262.661296507403,76669.11382353622
5262.688665076304,75770.63345902044
5262.716033787537,76372.54345112706
5262.7434026411,78851.46895962924
5262.770771636996,82201.71936765235
5262.798140775225,86380.4251367915
5262.825510055788,90738.39126181789
5262.852879478685,94537.59669344216
5262.8802490439175,97958.58956655046
5262.907618751487,101283.28090404438
5262.9349886013915,104375.47726175291
5262.962358593633,106624.36898437064
5262.989728728215,108315.23880242796
5263.017099005134,109172.25781591513
5263.044469424393,109592.97712349209
5263.0718399859925,109528.94647162831
5263.099210689933,108884.30034159901
5263.126581536216,108157.50116614408
5263.153952524841,107165.61570527183
5263.181323655809,105421.59672646335
5263.2086949291215,103647.65283964308
5263.236066344779,102526.58199602219
5263.263437902782,101433.50490854416
5263.2908096031315,100345.39972102107
5263.318181445828,99104.17832078687
5263.345553430871,97848.88667579059
5263.372925558265,95018.6881953461
5263.400297828006,91967.20178017081
5263.427670240098,88436.58946313882
5263.4550427945405,83796.66612337575
5263.482415491335,79405.90590667499
5263.509788330481,75483.15638442803
5263.5371613119805,72195.44530196328
5263.564534435834,70040.3508885633
5263.591907702041,69895.9118693204
5263.619281110603,70869.84114836529
5263.646654661522,74246.04485855973
5263.674028354797,77030.95010244165
5263.70140219043,81043.44106072141
5263.72877616842,84728.3667633709
5263.75615028877,88171.98501776786
5263.783524551479,91329.72081093714
5263.810898956549,93604.3976202951
5263.8382735039795,95516.55781036495
5263.865648193772,96972.89599802879
5263.8930230259275,97124.47526728931
5263.920398000446,96898.81612329192
5263.947773117328,95399.81447651553
5263.975148376576,92592.78266659721
5264.002523778188,88845.80605347056
5264.029899322168,84214.6929081568
5264.057275008514,78828.25471085861
5264.084650837228,73392.52449663046
5264.1120268083105,68376.64241380834
5264.139402921763,64032.18847560444
5264.166779177584,61193.29656608945
5264.194155575777,60713.504965299275
5264.22153211634,61920.2316345625
5264.248908799277,64462.07182810346
5264.276285624586,68282.56228701875
5264.303662592269,72907.48396132099
5264.331039702326,77799.0829548097
5264.3584169547585,82793.93238837624
5264.385794349567,87155.6554889475
5264.413171886752,91296.79843718548
5264.440549566314,94810.54556283033
5264.467927388255,98038.6247495626
5264.495305352574,100669.33859577603
5264.522683459273,102582.10852303113
5264.550061708353,104226.66963344318
5264.577440099813,105719.85647398065
5264.604818633656,106386.22190196147
5264.63219730988,106651.98349762133
5264.659576128489,106906.74927698763
5264.686955089481,105954.61164654682
5264.714334192859,103878.52802751069
5264.7417134386205,101016.2252576016
5264.769092826769,97093.81725529136
5264.796472357306,92464.72937213581
5264.823852030229,87038.40776793183
5264.851231845541,81479.95959893077
5264.878611803243,76218.8053681679
5264.905991903334,72133.62896259896
5264.933372145817,69184.55927906079
5264.96075253069,68224.25478770377
5264.9881330579565,68459.9711108975
5265.015513727615,69624.03184685012
5265.042894539667,71351.45071310521
5265.070275494114,73391.03222526581
5265.097656590956,76864.52491455189
5265.125037830194,80375.50939266682
5265.152419211829,84401.55780762248
5265.179800735861,88663.8347942804
5265.207182402291,91987.3560603679
5265.23456421112,94502.7062911205
5265.261946162349,96064.78560613091
5265.289328255978,97604.06195277236
5265.316710492008,99459.12542354436
5265.344092870439,100327.39791196033
5265.371475391274,101543.16733854012
5265.398858054512,102152.12497843748
5265.4262408601535,103667.86183334782
5265.4536238082,105072.39528672858
5265.481006898653,105359.6178659896
5265.508390131511,106402.20534698032
5265.535773506776,106332.02177493132
5265.5631570244495,106522.27507895468
5265.590540684531,106166.51981612178
5265.617924487022,105422.1850106246
5265.645308431923,103660.06050380792
5265.672692519235,100555.78391847566
5265.700076748958,97167.93259573443
5265.727461121093,93292.74496725903
5265.754845635642,88333.59032194341
5265.782230292603,83051.71366708112
5265.80961509198,77017.66638463105
5265.837000033771,70773.51145058457
5265.864385117979,65230.681503937834
5265.891770344603,61002.20195009095
5265.919155713645,58662.48605002069
5265.946541225104,58534.56049808093
5265.973926878983,59825.26324328578
5266.00131267528,62828.67385097167
5266.028698613999,67497.89572320935
5266.056084695138,72611.23737105294
5266.083470918699,78206.85595348479
5266.110857284683,83832.24168123951
5266.138243793091,89085.23360937905
5266.165630443922,94080.57683085394
5266.193017237178,98096.84558978485
5266.220404172859,100885.13664578919
5266.247791250968,103690.8311177995
5266.275178471502,104899.9184502891
5266.302565834465,105584.49339691494
5266.329953339856,105778.82586369498
5266.357340987676,105425.07167933202
5266.384728777926,105306.81449697727
5266.412116710608,105403.61778380138
5266.439504785721,106047.06022049121
5266.466893003265,106840.42782501919
5266.494281363242,107575.80497117106
5266.521669865654,107726.52689012431
5266.5490585105,108340.21190291356
5266.576447297781,108784.10479670177
5266.603836227498,109498.23646791335
5266.631225299651,110693.13323493968
5266.658614514242,110894.78710113505
5266.68600387127,111304.20693872099
5266.713393370738,112107.5266183293
5266.740783012646,112803.30770924376
5266.768172796994,114164.13862933937
5266.7955627237825,115115.78436526119
5266.822952793013,115294.44077823618
5266.850343004687,116445.03836013253
5266.877733358803,117049.78128441556
5266.905123855364,117013.33140428101
5266.93251449437,117058.17308146505
5266.95990527582,117741.23575137857
5266.987296199717,117502.06105937938
5267.014687266062,117370.13023986018
5267.042078474854,117505.21432310011
5267.069469826094,118025.31226119332
5267.096861319784,118328.84585304276
5267.124252955923,118301.04994915207
5267.151644734514,118402.0557084527
5267.179036655556,118724.04952418689
5267.20642871905,118607.34642631908
5267.2338209249965,117773.62687920163
5267.2612132733975,118038.90854140269
5267.288605764253,118589.25373708912
5267.315998397563,118732.19336966227
5267.343391173329,118339.96343443719
5267.370784091552,118125.68400660934
5267.398177152232,117676.90987187513
5267.425570355371,117187.5497578144
5267.452963700968,116710.7674552239
5267.480357189024,116144.39376864293
5267.507750819542,115346.64256410094
5267.53514459252,114066.27818410374
5267.56253850796,112479.90905948727
5267.589932565863,111160.15447917904
5267.617326766229,109357.32770744673
5267.644721109059,106676.45436003353
5267.672115594354,103738.1134827491
5267.699510222114,101124.436039146
5267.726904992341,99119.58008720286
5267.754299905035,97665.71863818412
5267.781694960196,96047.25353019229
5267.809090157826,94441.36356790723
5267.8364854979245,91176.8772696112
5267.863880980494,87997.91363674871
5267.891276605534,83939.68222862449
5267.918672373045,80499.93064768887
5267.946068283029,77859.1216248284
5267.973464335485,76523.292123152
5268.000860530416,77076.6412558136
5268.02825686782,79188.89044711886
5268.055653347699,82183.01973247758
5268.083049970055,86139.02862154576
5268.110446734888,90100.69339673649
5268.137843642197,93896.66816409199
5268.165240691985,96906.62789785828
5268.192637884252,99456.72190517216
5268.220035218998,102076.45974633878
5268.247432696225,103916.19391052869
5268.274830315932,104886.34329167251
5268.302228078122,106390.08087695154
5268.329625982794,107537.18355166476
5268.35702402995,108014.5298818511
5268.384422219589,108992.90743996462
5268.411820551713,109940.84907164246
5268.439219026323,110468.18007601846
5268.466617643419,110488.47482460969
5268.494016403003,110307.14905733954
5268.521415305074,109860.80021889122
5268.548814349633,108035.7678781052
5268.576213536682,105711.56055800893
5268.603612866221,102865.01420938165
5268.63101233825,98763.7469971962
5268.658411952771,93831.75212805314
5268.6858117097845,88309.42779551643
5268.71321160929,81854.78987878733
5268.74061165129,74333.91216233886
5268.768011835784,67163.39267699597
5268.795412162774,60095.69719350396
5268.822812632258,53305.753004667095
5268.850213244241,47689.87876697961
5268.87761399872,43827.750901138366
5268.905014895698,41374.72787211601
5268.932415935174,40760.37521552033
5268.959817117149,41651.74420043808
5268.987218441626,44746.78501922387
5269.014619908603,49410.929915913046
5269.042021518083,55343.22336239182
5269.069423270064,61918.53523454577
5269.09682516455,68565.88527887114
5269.124227201539,74935.26172304833
5269.151629381033,81170.04984906544
5269.179031703033,87005.20228557607
5269.206434167539,91778.63824066953
5269.2338367745515,96284.29289897271
5269.261239524072,99445.96543591266
5269.2886424161015,101428.6067267153
5269.31604545064,102791.11235312294
5269.343448627688,103169.11638362742
5269.3708519472475,102051.33081661125
5269.398255409318,100345.18424633659
5269.425659013901,97767.39879067212
5269.4530627609965,93948.32115994752
5269.480466650606,88991.37864695751
5269.50787068273,83220.41676405538
5269.53527485737,76512.84549866288
5269.562679174524,69673.29125987487
5269.590083634196,62868.2171139961
5269.617488236386,56990.79353394286
5269.644892981093,51588.93893824908
5269.672297868319,47637.17733464609
5269.699702898065,45561.00864645546
5269.727108070331,45085.17275044133
5269.754513385118,46973.66212601665
5269.781918842427,49898.66222269423
5269.809324442259,54698.01475197355
5269.836730184615,60615.7771203478
5269.864136069494,67434.47555554334
5269.891542096898,73779.12300180097
5269.918948266827,80336.41861932658
5269.946354579283,86669.72331122607
5269.973761034266,91902.03380713795
5270.001167631776,96922.6033476555
5270.028574371816,100533.52301198599
5270.055981254384,103981.34117919429
5270.083388279483,107367.10147741904
5270.110795447112,109752.9538454046
5270.138202757273,111341.72457541287
5270.165610209966,113073.26939782305
5270.193017805192,114605.76063701176
5270.2204255429515,114413.77605637036
5270.2478334232455,115127.75841981075
5270.275241446075,115374.35457426836
5270.30264961144,114923.17269041236
5270.330057919342,114383.3656755647
5270.357466369781,113387.49947175941
5270.384874962759,112227.74202560204
5270.412283698275,111806.88662905773
5270.439692576331,111594.69482318556
5270.467101596928,111445.91949579281
5270.494510760065,111633.01439866496
5270.521920065745,111837.43499392681
5270.549329513967,112061.2832464405
5270.576739104732,111668.2255582722
5270.6041488380415,111826.56491133438
5270.631558713896,112145.00696004351
5270.658968732296,112446.17404118742
5270.686378893242,113043.18265872782
5270.713789196735,113715.86553843314
5270.741199642776,114491.4361031274
5270.7686102313655,115427.31101604697
5270.796020962504,115720.13348624784
5270.823431836194,116492.42149561047
5270.850842852434,117227.71740604639
5270.878254011224,117548.01252955211
5270.905665312568,117841.61800504306
5270.933076756464,117981.52593103265
5270.960488342915,118310.31507417993
5270.987900071919,118256.83701089944
5271.015311943479,117852.5451513286
5271.042723957595,118352.31509695885
5271.070136114267,118880.54239250669
5271.097548413497,118717.79882445265
5271.124960855285,118098.40677918613
5271.152373439632,118302.11412223184
5271.179786166538,118015.85624070396
5271.2071990360055,117939.39920122262
5271.234612048034,117542.32545245814
5271.262025202624,116709.21884313732
5271.289438499776,116328.62732724847
5271.316851939493,114806.06401314592
5271.344265521773,114259.34556282593
5271.3716792466175,113270.5960943912
5271.399093114029,112598.32256613797
5271.426507124005,112414.37456657142
5271.453921276549,111967.49779250022
5271.4813355716615,111334.47452611316
5271.508750009341,110665.92511269248
5271.536164589591,109846.44790392024
5271.563579312411,108481.81858379388
5271.590994177802,106619.62405021094
5271.618409185764,104703.80049315942
5271.645824336298,102328.94374242213
5271.6732396294055,99806.63481253151
5271.700655065087,97150.23213999199
5271.728070643342,94719.99861126585
5271.755486364173,92545.47919221364
5271.782902227579,92288.55193811338
5271.810318233563,93941.05212452513
5271.837734382124,95950.08729214234
5271.865150673263,98548.75784496758
5271.892567106981,101578.23018751011
5271.919983683279,104378.03152346353
5271.947400402157,106824.38397297828
5271.9748172636155,108922.86063205871
5272.0022342676575,111216.14323122957
5272.029651414281,113149.86629036555
5272.057068703488,114115.38603757517
5272.08448613528,115030.2143706305
5272.111903709656,115434.73008047586
5272.139321426617,116370.80262043863
5272.1667392861655,116418.64356578229
5272.194157288301,115670.65081409134
5272.221575433025,115257.34229357277
5272.248993720335,114446.01385754642
5272.276412150237,113279.91479613617
5272.303830722728,111416.21393780396
5272.33124943781,108680.84823700848
5272.358668295483,105689.44770282212
5272.386087295749,101843.00305493659
5272.413506438607,97320.23909135259
5272.44092572406,91986.7969384818
5272.468345152107,86721.03319738287
5272.495764722749,82097.6720763966
5272.523184435988,77927.84383502601
5272.550604291822,75488.60541380639
5272.578024290255,74664.0903892551
5272.605444431286,74200.95480843197
5272.632864714916,73399.55060089885
5272.660285141144,73238.12502220011
5272.687705709975,72559.45586480867
5272.715126421405,71875.51295533933
5272.7425472754385,72313.39716602734
5272.769968272074,73856.02971569478
5272.797389411313,77287.49960669014
5272.824810693156,82092.40866476943
5272.852232117604,86716.21058658528
5272.879653684658,91454.1933668096
5272.907075394317,95816.39588242394
5272.934497246584,99884.8126550013
5272.961919241459,103568.23180048142
5272.989341378943,106708.20614267275
5273.016763659036,109061.56529773603
5273.044186081739,111211.06619244032
5273.071608647053,113011.35092391289
5273.099031354978,114551.01426344583
5273.126454205516,115931.18714317607
5273.153877198667,116326.13335595578
5273.181300334431,117426.14088262123
5273.20872361281,117963.55643521657
5273.236147033805,118300.85984951993
5273.263570597415,118015.73867143602
5273.290994303642,118338.1241189907
5273.318418152487,118182.22354704411
5273.345842143949,117779.6543121385
5273.373266278031,117037.07113767149
5273.400690554733,116483.26894169657
5273.428114974055,115436.97593087638
5273.4555395359985,113766.93981832237
5273.482964240563,111609.62917425315
5273.510389087751,109586.41486487215
5273.537814077563,108046.11930254461
5273.565239209998,106344.33655100357
5273.592664485058,104445.1728266649
5273.620089902744,105257.13500304951
5273.647515463057,105509.26191359534
5273.674941165997,106420.55828769015
5273.702367011564,107700.96288476887
5273.72979299976,108783.33867146912
5273.757219130585,109931.1449267692
5273.784645404041,111151.00769699323
5273.812071820127,111753.25696067499
5273.839498378846,112735.59186532734
5273.866925080196,113278.17904126711
5273.894351924179,113289.40845143214
5273.921778910796,113028.58359557504
5273.949206040048,113129.91949631693
5273.976633311935,112637.24503455438
5274.004060726458,111838.9928843713
5274.031488283618,110193.88548963965
5274.058915983416,108516.3927673948
5274.086343825852,105835.82942247434
5274.113771810927,102746.212403376
5274.141199938641,99279.55587491566
5274.168628208996,94289.50134087117
5274.196056621992,89173.46605369661
5274.22348517763,83647.29735830326
5274.2509138759115,77668.10232391364
5274.278342716835,71494.04062962883
5274.305771700404,66617.41982164452
5274.333200826618,63414.09025747191
5274.360630095477,61867.215061766445
5274.388059506982,61779.74552733354
5274.415489061135,63307.75772795407
5274.442918757936,65522.53900405836
5274.470348597385,68169.32242732812
5274.4977785794845,71027.3522806537
5274.525208704233,73834.69223542039
5274.552638971632,76772.70599802544
5274.580069381685,80097.53147320171
5274.607499934388,83009.9064085971
5274.634930629745,85899.88785235703
5274.6623614677555,88950.15960950739
5274.689792448421,92784.98869750634
5274.717223571742,96553.3672163802
5274.744654837718,99625.70811372838
5274.772086246352,103035.09099711417
5274.799517797643,105116.58766751594
5274.826949491592,106566.55092209065
5274.8543813282,108406.1572443623
5274.881813307469,108488.33439235209
5274.909245429398,108208.89057214056
5274.936677693988,107264.01989689385
5274.964110101239,105203.23209284015
5274.991542651154,102617.93207257375
5275.018975343733,99082.43033204271
5275.046408178975,94387.51941651443
5275.073841156882,89180.18103726156
5275.101274277456,83644.86431206253
5275.128707540695,78239.56429376511
5275.156140946602,72814.59271271796
5275.183574495177,67237.49502324316
5275.21100818642,62071.949617263
5275.2384420203325,56580.716930889765
5275.265875996916,51466.49484768585
5275.29331011617,47181.20923918305
5275.320744378096,43116.38080746762
5275.348178782693,40553.80460704358
5275.375613329965,39765.27302186818
5275.40304801991,40139.29020724289
5275.430482852529,42254.154212274996
5275.4579178278245,46117.68449479951
5275.485352945795,51014.3221587507
5275.5127882064435,56971.34028267417
5275.540223609769,63615.3844011496
5275.567659155772,70496.27411387103
5275.595094844455,77717.02175490421
5275.622530675818,84059.77103722224
5275.649966649861,90009.06638849991
5275.677402766586,95271.59074538638
5275.704839025992,100509.61324093089
5275.732275428082,104416.09700808636
5275.759711972855,107834.9238883942
5275.787148660313,110342.4795830332
5275.814585490454,112478.7992343898
5275.842022463283,114259.74703909154
5275.869459578797,115669.48815292865
5275.896896836999,116859.55496753825
5275.924334237889,117538.71523930259
5275.951771781467,118035.72904846355
5275.979209467735,118407.64316808259
5276.006647296693,118505.20786036845
5276.034085268342,118181.5689299662
5276.061523382682,118046.90099270066
5276.088961639715,117502.36191381744
5276.116400039442,117376.71606222921
5276.143838581862,116724.54199012372
5276.171277266977,116628.41133861974
5276.198716094787,116075.71755249218
5276.226155065294,115664.33403815197
5276.253594178496,115687.32885573598
5276.281033434398,115597.34225749089
5276.308472832997,115907.90798163091
5276.335912374295,115991.89886114938
5276.3633520582935,116645.69588378556
5276.390791884992,117434.11128682399
5276.418231854393,117268.50771415312
5276.445671966495,117213.96680858472
5276.4731122213,117685.18055911496
5276.500552618808,117935.85765758893
5276.527993159021,118001.32103101804
5276.555433841939,118104.2352023985
5276.5828746675625,118345.95511434443
5276.610315635893,117973.76350010934
5276.637756746931,117915.40706520909
5276.665198000676,117629.76570947852
5276.692639397131,117583.58558594444
5276.720080936294,117709.67028694329
5276.747522618169,118108.30153301611
5276.774964442753,117856.61615009577
5276.80240641005,117871.50394913762
5276.829848520059,118137.84409085178
5276.857290772782,118241.60263614013
5276.884733168218,118641.74242903502
5276.912175706369,118480.50422214036
5276.939618387236,118425.62716901847
5276.967061210818,118221.38444801827
5276.994504177118,118368.17174957419
5277.021947286135,118805.32351347536
5277.049390537871,118787.57687189683
5277.076833932326,118772.04482197839
5277.104277469501,118635.50165123987
5277.131721149396,118004.33019153729
5277.159164972012,118090.6697455353
5277.186608937352,118064.44625855389
5277.214053045413,117873.3991221878
5277.241497296198,117592.7266876227
5277.268941689707,117441.19193629449
5277.296386225942,116621.6181111568
5277.323830904903,116508.75971247006
5277.35127572659,116242.4552724002
5277.378720691005,115504.50134821585
5277.4061657981465,115023.56177312418
5277.433611048018,114511.0934184705
5277.461056440618,114628.52478176539
5277.48850197595,114392.91102975296
5277.515947654012,114074.61370150177
5277.543393474806,113656.40442631856
5277.570839438332,113206.75770624858
5277.598285544592,113626.49479410941
5277.625731793585,114222.85146117528
5277.653178185314,114877.85537715128
5277.680624719777,115528.49605126357
5277.708071396977,115684.85186504581
5277.735518216915,116250.70578250168
5277.76296517959,117299.18355078068
5277.790412285002,117495.86719204622
5277.817859533155,117318.44667557062
5277.845306924047,117333.00170435471
5277.87275445768,117525.00972932842
5277.900202134054,117359.25434443253
5277.927649953171,116698.2883917156
5277.95509791503,116167.45518532276
5277.982546019633,115492.25212054016
5278.00999426698,114527.10260502767
5278.037442657073,114125.70772364517
5278.064891189912,112675.29557956036
5278.092339865497,112485.89146988044
5278.119788683829,111281.90066306567
5278.147237644909,109898.91883130753
5278.174686748739,108880.56878744415
5278.202135995318,107680.13213008479
5278.229585384646,106227.86387033662
5278.257034916727,104892.39113630613
5278.284484591559,103234.74130435404
5278.311934409144,102153.38037161427
5278.339384369481,102426.82950538192
5278.366834472574,102988.26157103662
5278.39428471842,104283.98408704456
5278.421735107023,105966.7060255995
5278.449185638381,107569.07875273541
5278.476636312496,109389.77319848342
5278.5040871293695,110741.63391975733
5278.5315380890015,112214.66325044486
5278.558989191392,113074.88759968692
5278.586440436544,114273.06272571496
5278.613891824455,115324.63215245408
5278.641343355128,116035.39641460133
5278.668795028563,116751.03476268271
5278.696246844762,117286.08154091271
5278.723698803724,117155.77465383276
5278.75115090545,117850.1518123621
5278.778603149942,118073.19360014785
5278.806055537199,117593.98666948329
5278.833508067223,117722.896511713
5278.860960740015,117551.91868367804
5278.8884135555745,116810.44159031553
5278.915866513903,116131.79899063619
5278.943319615001,115040.95316706947
5278.97077285887,113884.81598985702
5278.99822624551,112110.8997254638
5279.025679774921,109926.51460190243
5279.053133447105,107407.98423287927
5279.080587262062,104406.99885758641
5279.108041219794,99937.76905775949
5279.1354953203,95624.61092324046
5279.1629495635825,90568.41011484747
5279.19040394964,84945.18562088022
5279.217858478476,80787.32314520318
5279.245313150089,77735.17435615949
5279.27276796448,75461.69079500125
5279.300222921651,74162.60973148707
5279.327678021602,73308.72817031383
5279.355133264334,72525.9513498915
5279.382588649847,72045.63966400037
5279.410044178142,71845.19279625395
5279.43749984922,73009.3441048699
5279.464955663083,75644.39174372575
5279.49241161973,78684.25823065927
5279.519867719161,82019.73501248409
5279.547323961379,86297.31195424871
5279.574780346384,89848.68694905646
5279.602236874175,92126.9513771114
5279.629693544755,94700.44880125226
5279.657150358124,96522.36140099271
5279.684607314283,98166.78936929913
5279.712064413233,99670.29125253428
5279.739521654973,101654.09295048245
5279.766979039505,103740.83645401386
5279.79443656683,106008.0586424001
5279.821894236948,107570.77791965975
5279.8493520498605,109034.19466923932
5279.876810005568,110944.16638608431
5279.90426810407,112314.8480302172
5279.9317263453695,112838.84680254458
5279.959184729466,113490.35226988478
5279.98664325636,114334.17425830106
5280.014101926053,114739.25280638119
5280.041560738545,115501.7222774683
5280.069019693837,116064.29449788619
5280.09647879193,116784.11732431504
5280.123938032824,116880.98808874903
5280.151397416521,117375.9836799837
5280.178856943021,118082.15585800943
5280.206316612324,118480.86722206876
5280.233776424433,119085.34063688398
5280.261236379346,119305.28497806488
5280.288696477066,118638.97009710621
5280.316156717592,118875.1335543196
5280.343617100925,118593.01382736024
5280.371077627067,118916.3198848777
5280.398538296018,118588.84816426213
5280.425999107779,118859.02966777337
5280.45346006235,118050.15150534513
5280.480921159732,117706.31578934702
5280.508382399927,117420.17122942317
5280.535843782934,116919.74356524077
5280.563305308754,116793.06966925775
5280.590766977389,116663.72207825765
5280.618228788838,116754.7973457719
5280.645690743103,116146.49566570413
5280.673152840184,116080.70647907536
5280.7006150800835,115644.45456462217
5280.7280774628,115507.25465647844
5280.755539988335,115181.16965344793
5280.78300265669,114640.74097772238
5280.810465467865,114194.76716769637
5280.83792842186,113171.9142786366
5280.865391518678,111251.14317484297
5280.892854758317,110332.36681737786
5280.920318140779,107643.60682004796
5280.9477816660665,105071.57298422889
5280.975245334177,100996.42804035443
5281.002709145114,96050.49705534749
5281.030173098876,90884.45411819466
5281.057637195466,85085.49378565188
5281.085101434882,79715.43203950961
5281.112565817128,75118.42349883265
5281.1400303422015,71885.34262646332
5281.167495010105,70565.61963364785
5281.194959820839,71868.30647746805
5281.222424774405,74406.38767571721
5281.249889870804,78337.62534259948
5281.277355110034,83179.28754540696
5281.304820492098,87894.85060331982
5281.332286016996,92409.7477918556
5281.359751684729,96921.30845973142
5281.387217495298,100961.46541032486
5281.414683448703,104569.89649736186
5281.442149544946,107906.75707136188
5281.469615784026,110196.98021426407
5281.497082165945,112243.74731380465
5281.524548690704,113817.52374180486
5281.552015358303,114795.7685185286
5281.579482168743,115464.15931571416
5281.606949122024,116018.32945372192
5281.634416218148,116694.6396439083
5281.6618834571145,116411.35065385005
5281.689350838926,116150.207110672
5281.716818363581,115981.00870775593
5281.744286031082,115281.53488273504
5281.771753841429,115189.35667708251
5281.799221794623,115153.22998408978
5281.826689890664,115466.79924024423
5281.854158129554,116321.60209977136
5281.881626511293,116212.19932342209
5281.909095035882,116174.26771330921
5281.936563703322,117139.4666407366
5281.9640325136115,117433.40910584382
5281.991501466755,117830.60605636063
5282.01897056275,118279.34464542197
5282.046439801599,118443.81798551546
5282.073909183302,118566.44586092516
5282.101378707861,118812.1978685625
5282.128848375275,119088.10714761463
5282.156318185545,119534.63810995141
5282.183788138674,119431.65692320712
5282.21125823466,119961.28446980646
5282.238728473504,119844.77048433645
5282.266198855208,119893.34660591325
5282.293669379773,119594.70464170368
5282.321140047198,119404.04055968382
5282.348610857485,119154.931271544
5282.376081810635,119028.23795150965
5282.403552906648,119328.42073395135
5282.431024145524,119038.72304001186
5282.458495527266,118560.92481271998
5282.485967051873,118606.40256094027
5282.513438719346,118267.93475473499
5282.540910529686,118182.63096397025
5282.568382482894,117364.68460140543
5282.59585457897,116717.86733616191
5282.623326817915,115751.33320760384
5282.65079919973,114152.64167008403
5282.678271724416,112626.26703132577
5282.705744391973,110195.54772250714
5282.733217202402,107218.97042192408
5282.760690155704,103642.61997265091
5282.78816325188,99818.74413840668
5282.81563649093,95407.13592378465
5282.843109872855,89838.74987129626
5282.870583397656,83830.24099051126
5282.898057065334,77900.4464266188
5282.925530875888,72449.88227519642
5282.953004829322,68128.34939612138
5282.980478925633,65286.75114443976
5283.007953164824,64852.490724352996
5283.035427546896,65383.63669991681
5283.062902071849,68111.8771110852
5283.090376739683,71363.80487757474
5283.117851550401,75133.59252441475
5283.145326504001,78782.27430878997
5283.172801600485,81235.880914096
5283.200276839854,82601.9775003413
5283.227752222108,83457.61564624
5283.25522774725,83168.00253053241
5283.282703415277,80953.77358764119
5283.310179226192,78269.08557259743
5283.337655179997,74237.40300927924
5283.36513127669,69567.75576749003
5283.392607516273,64793.30949676847
5283.420083898746,60342.29509497512
5283.4475604241115,57458.74921444511
5283.475037092369,56480.48074524967
5283.50251390352,56815.14653771866
5283.5299908575635,58884.33546504565
5283.5574679545025,62659.860953736694
5283.584945194336,67609.70976779626
5283.612422577065,72911.02768369403
5283.639900102691,78812.089323797
5283.667377771215,83720.01324689286
5283.694855582637,88789.14998700602
5283.722333536957,93682.5057927537
5283.749811634178,97499.55428070313
5283.777289874298,100656.27104661254
5283.80476825732,103085.23185060458
5283.832246783243,105296.69344134208
5283.859725452069,107034.87009260262
5283.887204263799,108588.06387426956
5283.914683218432,109496.00438223462
5283.942162315971,109945.35888130762
5283.969641556415,110070.7511039734
5283.9971209397645,110669.8041798203
5284.024600466022,111091.07938763802
5284.052080135187,111053.8781639896
5284.07955994726,112030.4946546007
5284.107039902244,112999.47006579793
5284.134520000136,114379.48383942066
5284.16200024094,114879.46589323164
5284.189480624655,115611.6117365543
5284.216961151283,115546.26702464402
5284.244441820822,115760.43102799324
5284.2719226332765,116219.60576100413
5284.299403588646,116032.34524789335
5284.32688468693,115556.24873959683
5284.3543659281295,115385.46555554455
5284.381847312246,114892.67484780725
5284.40932883928,113686.72891689242
5284.436810509232,111756.09059571841
5284.464292322103,109857.14655083195
5284.4917742778935,108540.48787622376
5284.519256376605,106978.11315632651
5284.546738618237,105467.40717918487
5284.574221002791,103790.48170887865
5284.601703530268,102439.65083354767
5284.629186200669,102140.92249562334
5284.656669013993,101966.51645551907
5284.684151970243,103759.3904740839
5284.711635069418,105594.59820887986
5284.739118311519,107463.08938691161
5284.766601696548,109485.18336426391
5284.794085224504,111000.9832299409
5284.821568895389,112376.81857963171
5284.8490527092035,113654.14935958928
5284.876536665947,115034.76938376292
5284.904020765623,116350.24464580747
5284.93150500823,116854.67537620189
5284.958989393769,117566.21995062566
5284.986473922241,117626.4154455988
5285.013958593647,118107.53161697666
5285.041443407988,118573.81206127595
5285.068928365264,118647.5644005812
5285.096413465475,118870.90985794568
5285.1238987086235,119277.87167108929
5285.15138409471,119200.82201918072
5285.1788696237345,118873.18212308647
5285.206355295698,119130.96063033522
5285.233841110601,119471.8508125939
5285.261327068445,119115.26137144264
5285.28881316923,119533.99588719284
5285.316299412957,119699.24875108444
5285.343785799627,119867.04627816739
5285.371272329239,119650.40236723053
5285.398759001797,119822.21927306242
5285.426245817299,119837.11513980909
5285.453732775747,119662.96235813145
5285.4812198771415,119689.43324512392
5285.508707121483,119444.05971147705
5285.5361945087725,120383.89972918203
5285.563682039011,120267.8818245887
5285.591169712198,120219.62450703942
5285.618657528336,119943.356863046
5285.646145487425,119293.00331579984
5285.673633589466,119581.06013776231
5285.701121834459,119461.91197001228
5285.728610222404,119127.35742219584
5285.756098753304,119509.27694942061
5285.783587427159,119396.62025157815
5285.811076243968,118932.15407488945
5285.838565203734,119194.560291313
5285.866054306457,119064.71097265746
5285.893543552137,118862.08456063634
5285.921032940776,119114.60840491981
5285.948522472373,119016.54841820005
5285.976012146931,118753.24910155997
5286.003501964449,118510.111202894
5286.0309919249285,118206.66071278695
5286.05848202837,118150.76584173985
5286.085972274775,118436.44952903138
5286.113462664142,118555.44950478937
5286.140953196475,118810.25363284291
5286.168443871771,118415.37771196703
5286.195934690034,118714.95880258916
5286.223425651264,119328.28753223323
5286.25091675546,119270.78073390335
5286.278408002625,118832.13848745593
5286.305899392759,118780.1646778888
5286.333390925862,119390.75217700568
5286.3608826019345,119677.08061065724
5286.388374420979,119009.3418223743
5286.415866382995,119310.06700507789
5286.443358487983,118970.75816263432
5286.470850735945,118223.43563154613
5286.49834312688,117898.320258994
5286.52583566079,118362.77973149737
5286.553328337676,118402.64259682642
5286.580821157538,117672.40077310539
5286.608314120376,117615.00951535728
5286.635807226193,118313.80828711038
5286.663300474987,118391.8559595231
5286.690793866762,118295.60380547665
5286.718287401515,118884.71267662664
5286.74578107925,118782.51472881637
5286.773274899966,118985.91543787824
5286.8007688636635,119274.8144615168
5286.828262970344,118979.01382169723
5286.85575722001,118647.73751255641
5286.883251612659,118665.87061215144
5286.910746148293,118569.81241445105
5286.938240826912,118296.99409669041
5286.965735648519,117990.69336737323
5286.993230613112,117365.63585363199
5287.020725720694,117258.67211232941
5287.0482209712645,117011.68457320493
5287.075716364825,117190.76146675335
5287.103211901375,117137.89038882047
5287.130707580917,117029.15987487769
5287.158203403451,117417.9457241989
5287.185699368976,117852.96669500347
5287.213195477496,117883.92999607403
5287.240691729009,118019.94896037663
5287.268188123518,118471.4223313497
5287.2956846610205,118735.16753121102
5287.3231813415205,119147.82647067326
5287.350678165018,118801.566691316
5287.378175131512,118888.06103349097
5287.405672241005,118712.91639976195
5287.433169493497,118948.87351923966
5287.460666888989,119460.29459370745
5287.488164427483,119222.68588853016
5287.515662108977,119068.19204236976
5287.543159933473,119162.77067235067
5287.570657900973,118529.7603809319
5287.598156011477,118248.76586238464
5287.625654264984,117877.92448959088
5287.653152661497,117410.40171695389
5287.680651201016,116414.71658682683
5287.708149883541,115343.82720130574
5287.735648709075,114276.79422886753
5287.763147677616,112413.51726804848
5287.790646789165,110542.61484824229
5287.818146043725,108679.29612615131
5287.845645441295,106474.46814246515
5287.873144981876,104679.89711246327
5287.900644665469,103779.65694273725
5287.928144492075,104322.2360318629
5287.955644461695,105668.72456394101
5287.9831445743275,106815.03617847055
5288.010644829976,108129.10950757503
5288.038145228639,110294.57425315959
5288.065645770319,111872.100712697
5288.093146455016,112867.9211025888
5288.120647282731,113859.1816454001
5288.148148253465,114865.44006503618
5288.175649367217,115726.89066731525
5288.20315062399,116626.02780220512
5288.2306520237835,118219.27012164508
5288.258153566599,118887.26779514732
5288.285655252436,118605.58352884588
5288.313157081297,119147.10842436968
5288.34065905318,119173.00071714466
5288.3681611680895,119389.72864306792
5288.395663426023,119383.06676831438
5288.423165826984,119632.88863967723
5288.450668370971,120289.51774683256
5288.478171057985,120183.65451650853
5288.505673888027,119488.69709039587
5288.533176861099,119381.03734211679
5288.5606799771995,119454.98162908494
5288.588183236331,120244.67888998034
5288.6156866384945,119821.46835452419
5288.6431901836895,119633.82099860182
5288.670693871917,119539.44622372843
5288.698197703178,119489.45165030354
5288.725701677473,119939.33630923614
5288.753205794804,119965.13307954831
5288.780710055169,119370.4909609221
5288.8082144585715,119168.04141283402
5288.835719005011,119008.76611954124
5288.863223694489,119395.23004881128
5288.890728527004,119025.82853139561
5288.91823350256,118777.73728255753
5288.945738621155,118583.05682043942
5288.973243882791,118436.72776411098
5289.000749287469,117683.14205069601
5289.02825483519,117230.94278443634
5289.055760525954,116215.27427518586
5289.083266359761,114159.32856602331
5289.110772336613,112918.71554108999
5289.13827845651,112315.9384670106
5289.165784719454,110717.0450343036
5289.193291125444,110786.80137033801
5289.220797674482,110165.15258827482
5289.248304366568,110828.23377293283
5289.275811201704,112098.63094916446
5289.303318179888,112956.47476209466
5289.330825301124,114094.7987536417
5289.358332565411,114744.62723754757
5289.38583997275,115506.58097483723
5289.413347523142,116530.38429359988
5289.440855216587,117087.0903876058
5289.468363053086,118529.63012859205
5289.495871032641,118782.77148615113
5289.523379155252,119078.32685437988
5289.550887420918,119432.11929535762
5289.578395829642,119525.54560668183
5289.605904381425,119945.20769485553
5289.633413076265,120378.83990811785
5289.660921914166,120490.61279197969
5289.688430895127,120728.28835938103
5289.715940019148,120664.63413677992
5289.743449286231,120331.19643345609
5289.7709586963765,120562.20836860414
5289.798468249586,120393.53717776207
5289.8259779458585,120453.21244161131
5289.853487785196,120228.04392227036
5289.880997767599,120150.11002632887
5289.908507893068,119686.32043749013
5289.936018161605,119426.75078077207
5289.963528573208,119041.14253195014
5289.99103912788,118997.99476599043
5290.018549825621,118308.5584804664
5290.046060666433,117106.67413974156
5290.073571650315,116560.98301127489
5290.101082777268,115691.98700638404
5290.1285940472935,114550.14306235821
5290.156105460392,113368.34770576928
5290.183617016563,113280.53446263561
5290.2111287158095,112873.67994812985
5290.238640558131,113049.28466004539
5290.266152543529,113714.51505426297
5290.293664672003,114389.4115524241
5290.321176943554,114424.76071017505
5290.348689358183,115017.1888883325
5290.376201915891,116436.70899662623
5290.403714616678,117215.07790935603
5290.431227460546,117506.38466194803
5290.458740447495,117780.67607620617
5290.486253577526,118242.68540966367
5290.5137668506395,118351.8558971136
5290.541280266836,118433.09354409068
5290.568793826117,118559.17878513165
5290.596307528483,118593.80596347236
5290.623821373933,118677.52380250674
5290.6513353624705,118631.1385307763
5290.678849494095,118601.50070082107
5290.706363768807,118513.32121293234
5290.733878186607,118318.32303970303
5290.761392747498,118623.61672030555
5290.788907451477,118665.90108108553
5290.816422298548,117555.82210524773
5290.84393728871,118216.96397125578
5290.871452421964,117498.19447702185
5290.898967698311,117810.94096147986
5290.9264831177525,117138.34945117148
5290.953998680287,116291.023598499
5290.981514385918,116105.40170366531
5291.009030234644,115884.83332341172
5291.036546226468,115534.226125473
5291.064062361388,115628.01519902682
5291.091578639407,116087.92792614705
5291.119095060525,116638.72422556352
5291.146611624742,117114.97865490319
5291.174128332061,116362.78027648771
5291.201645182479,117708.0597908251
5291.2291621760005,117966.22729383077
5291.256679312623,118641.97804557739
5291.284196592351,118644.25178033701
5291.311714015182,118482.33354542739
5291.339231581117,118568.66081156916
5291.366749290159,118471.4453339511
5291.3942671423065,118662.84837849457
5291.4217851375615,119060.70642447461
5291.449303275925,118842.09448042526
5291.476821557396,118657.71469092308
5291.504339981977,118434.95633729923
5291.531858549668,118475.61480135239
5291.559377260469,118459.74339807573
5291.586896114382,118611.29555390636
5291.614415111408,118526.73463295917
5291.641934251546,118686.41661488482
5291.669453534799,118826.0138653534
5291.6969729611665,118646.82050501932
5291.724492530649,118299.26199713502
5291.752012243247,117805.3356803164
5291.779532098962,117380.06836322046
5291.807052097794,116207.89051462745
5291.834572239745,115104.29574116906
5291.862092524815,113873.5516765779
5291.889612953005,112515.96945311449
5291.9171335243145,111398.1786412889
5291.944654238747,109983.7949860076
5291.9721750963,109512.0590398833
5291.999696096976,110004.85612525689
5292.027217240776,110842.47694395085
5292.0547385277,111869.36488414957
5292.082259957748,112725.85651934313
5292.109781530923,113591.53002726242
5292.137303247224,114945.5531356962
5292.164825106652,115779.9365354417
5292.192347109208,115807.39547936342
5292.219869254893,116216.60949107248
5292.247391543707,116262.03994048327
5292.2749139756515,116300.05856858869
5292.302436550727,115560.04166062557
5292.329959268934,114691.9039968166
5292.357482130274,113993.25029391075
5292.385005134746,112368.91079913621
5292.4125282823525,109972.33211672048
5292.440051573094,107971.23963384033
5292.46757500697,106117.63037368789
5292.495098583983,104463.25703050954
5292.522622304133,103163.17662892122
5292.550146167419,103138.2900955334
5292.577670173845,103395.1424803754
5292.60519432341,105052.66951167
5292.632718616114,106498.92538946193
5292.66024305196,107666.38641663219
5292.687767630946,108935.564623426
5292.715292353075,110417.68293336898
5292.742817218346,111835.38219563357
5292.7703422267605,113010.3047847481
5292.79786737832,114385.00098477221
5292.825392673025,115683.72678763598
5292.852918110874,116462.08908318922
5292.880443691872,116901.9341842394
5292.9079694160155,117951.89781472558
5292.935495283307,118321.45410073825
5292.963021293748,119148.33211937523
5292.990547447339,119407.84164443653
5293.01807374408,119745.9611392089
5293.045600183971,119881.30454449182
5293.073126767014,119247.29834794132
5293.10065349321,118866.45610771603
5293.12818036256,118838.56638122744
5293.155707375063,118003.36189762651
5293.183234530721,117115.90629758542
5293.210761829535,116776.58746996554
5293.238289271504,115479.75544055535
5293.265816856631,113935.8535761961
5293.293344584916,112513.78554945397
5293.320872456358,110259.48810570943
5293.348400470961,108742.7254183182
5293.375928628722,107707.60348513316
5293.4034569296455,106576.4022375163
5293.4309853737295,105225.1203443869
5293.458513960975,104230.97206574479
5293.486042691385,104400.03876532654
5293.513571564958,105184.24387526506
5293.541100581696,106363.21064582816
5293.568629741598,107785.03144036945
5293.596159044667,108900.32268684059
5293.623688490901,110641.10267922003
5293.651218080305,111749.27161089622
5293.678747812875,113001.89482535825
5293.706277688614,114475.57003291925
5293.733807707524,115496.82549485812
5293.761337869603,116033.63323161456
5293.7888681748545,116900.01053569613
5293.816398623277,117400.52402341558
5293.843929214872,117148.92845599556
5293.871459949641,117751.2480312835
5293.8989908275835,118112.90576660652
5293.926521848701,117881.93808243997
5293.954053012994,118133.0068726377
5293.981584320463,118769.7737063063
5294.00911577111,119257.49174190497
5294.036647364935,118863.51749826079
5294.064179101937,119227.25094084366
5294.091710982119,119634.69911534738
5294.119243005482,119568.40974454762
5294.146775172025,119927.17152257268
5294.17430748175,120212.1826102775
5294.201839934657,119901.2482044501
5294.229372530746,119999.01687354628
5294.25690527002,120054.82168751859
5294.284438152478,119974.46377419676
5294.311971178122,119605.07478883491
5294.339504346952,119921.72146831115
5294.367037658968,120015.10569328452
5294.394571114172,119478.26396176314
5294.422104712564,119085.69834159268
5294.449638454145,118630.4086606295
5294.477172338917,118232.67124545098
5294.504706366878,118196.27875627237
5294.53224053803,117388.1277721255
5294.559774852375,115975.70117522292
5294.587309309912,115284.14408274922
5294.614843910643,114092.34538202746
5294.642378654567,112757.30909640926
5294.6699135416875,111668.99178660734
5294.697448572003,111710.23353032324
5294.724983745516,111690.188299213
5294.752519062225,112423.68471881894
5294.780054522132,113337.07853450859
5294.807590125238,114321.45589269455
5294.835125871543,115044.48254196618
5294.862661761048,115644.90153428016
5294.890197793754,116462.82741167996
5294.917733969663,117175.17026290573
5294.945270288773,117394.34620059414
5294.972806751086,117564.86897342923
5295.0003433566035,117904.21062484359
5295.0278801053255,117245.98685025466
5295.055416997253,117815.73945475869
5295.082954032387,116801.55719809153
5295.110491210727,116336.30898302476
5295.138028532275,115944.00528221604
5295.165565997031,115362.84440968478
5295.193103604997,115258.83333874968
5295.220641356173,115646.3337571013
5295.248179250559,116341.00941623833
5295.275717288156,116574.1241381273
5295.303255468965,116490.85867611898
5295.330793792987,117023.30706324619
5295.358332260223,117505.48308683501
5295.385870870673,118098.089395261
5295.413409624338,118106.6718759264
5295.440948521219,117403.6547405369
5295.468487561317,117957.44907059088
5295.496026744631,118873.95099835836
5295.523566071164,119205.82769967511
5295.551105540915,118846.22910633346
5295.578645153887,119148.9794593302
5295.606184910078,119550.51936649154
5295.633724809491,119410.09847821013
5295.661264852125,119554.22134144211
5295.688805037981,119641.29097451549
5295.716345367061,119156.77518806257
5295.743885839365,119053.49966723764
5295.771426454894,118338.82865166718
5295.798967213648,117903.69699338246
5295.826508115629,116146.40321082764
5295.8540491608355,114757.97938948484
5295.881590349271,113030.24495553285
5295.9091316809345,110511.88428238586
5295.9366731558275,107416.61581447831
5295.9642147739505,103483.55253019201
5295.9917565353035,99164.72072612213
5296.019298439888,95597.6842189071
5296.046840487706,93162.4526550113
5296.074382678756,92022.5424873594
5296.101925013039,92579.30538359482
5296.1294674905575,94364.75407281397
5296.157010111311,96915.7297211727
5296.1845528753,100118.77791255772
5296.212095782526,102463.89399267637
5296.239638832989,104944.41985225036
5296.2671820266905,106969.55286609136
5296.294725363631,109182.26295593445
5296.322268843811,110953.48265681807
5296.3498124672315,112359.48668586327
5296.377356233893,113209.08053854687
5296.404900143796,113680.25948033863
5296.432444196942,114114.93233691578
5296.4599883933315,114268.16829674316
5296.487532732965,114072.9084877311
5296.515077215843,113579.90399640474
5296.542621841967,112320.65605698482
5296.570166611337,110374.85104088615
5296.597711523955,108253.3891472303
5296.62525657982,105767.57126002286
5296.652801778934,102626.18683430037
5296.680347121297,99265.19940594328
5296.70789260691,96254.85104083686
5296.735438235774,94312.0434475917
5296.76298400789,93851.50610613791
5296.790529923258,94998.90303590153
5296.818075981879,97082.39702390945
5296.845622183753,99659.64777185385
5296.873168528882,102463.95130442535
5296.9007150172665,105119.97652246397
5296.928261648907,107952.02899170665
5296.955808423805,109670.38365133364
5296.983355341959,111694.13115909832
5297.010902403373,113103.56071103072
5297.038449608045,114587.0436721119
5297.0659969559765,114914.1787607716
5297.093544447169,115823.37566074744
5297.121092081623,116398.79140798117
5297.148639859339,116009.73790982927
5297.1761877803165,115117.30851475753
5297.203735844559,113459.46681737376
5297.231284052064,111199.62297643737
5297.258832402836,108754.98450652156
5297.286380896872,105463.60343390968
5297.313929534175,101511.67342974813
5297.341478314746,98246.85771531006
5297.369027238585,95619.26030423297
5297.396576305691,92652.23788947522
5297.424125516068,91979.52897315998
5297.451674869714,90639.48574918776
5297.4792243666325,90342.80117322522
5297.506774006822,88769.98455937741
5297.534323790283,87025.05448915141
5297.561873717018,84185.28144771047
5297.589423787027,81266.5655530706
5297.616974000311,79669.36352689723
5297.64452435687,79273.21067375995
5297.672074856704,80386.74252072936
5297.699625499816,82677.09641360366
5297.727176286206,85068.60861047528
5297.754727215874,87403.93123036867
5297.782278288821,89158.69825680542
5297.809829505048,91220.78374049206
5297.837380864555,93686.36156101807
5297.8649323673435,94936.03773220045
5297.892484013415,97848.87990373184
5297.920035802768,100221.82195480583
5297.947587735406,102235.04818255603
5297.975139811328,104451.75278560769
5298.0026920305345,106297.08855878362
5298.030244393028,107443.02953986196
5298.057796898806,108175.10576069956
5298.085349547873,108367.73996220686
5298.112902340228,108207.70362956905
5298.140455275871,108299.48809520058
5298.168008354804,108206.77593249176
5298.195561577028,109558.6165226796
5298.223114942542,110358.6337644331
5298.250668451348,111404.08900173362
5298.278222103448,112549.4557302613
5298.30577589884,113676.69734128853
5298.3333298375255,114660.89656994636
5298.360883919506,115111.72014690923
5298.388438144782,116163.95042799858
5298.415992513355,117469.72460065641
5298.443547025225,117903.65175497341
5298.471101680392,117872.86374419785
5298.498656478858,118140.032048441
5298.526211420623,118680.67112849896
5298.553766505688,119121.98153357986
5298.581321734055,118993.72787411111
5298.608877105721,118796.94195373986
5298.636432620691,118879.86246718164
5298.663988278964,118519.89347752514
5298.69154408054,118302.5825593574
5298.719100025421,118118.87443767952
5298.746656113607,117999.74489975562
5298.774212345099,118553.38497437008
5298.801768719897,118489.20531219862
5298.829325238004,118733.41754380622
5298.856881899417,119059.74060841375
5298.884438704141,119121.16664383732
5298.911995652174,119363.43509041765
5298.939552743516,119754.64208998445
5298.967109978171,120046.58794740768
5298.994667356137,119791.05524531436
5299.022224877416,120118.21672839404
5299.049782542009,119543.38189055191
5299.077340349915,119558.73011457271
5299.104898301137,119372.43366423555
5299.132456395674,119085.59095988292
5299.160014633528,118461.75585538596
5299.1875730146985,117814.29993046973
5299.215131539187,117024.21202321227
5299.242690206994,116609.34374311402
5299.27024901812,115430.12914435762
5299.297807972567,114040.74733439469
5299.325367070334,113004.85907999444
5299.352926311423,112392.01915428165
5299.380485695835,112618.05158060766
5299.408045223569,112816.64577978752
5299.435604894628,113230.66919388155
5299.463164709011,113733.92382724317
5299.490724666719,113996.25484831406
5299.518284767753,114951.82520971677
5299.545845012115,114988.90202307726
5299.573405399803,115938.64705240201
5299.60096593082,116796.53831936797
5299.628526605166,116860.33219387116
5299.656087422843,117435.46702148549
5299.683648383849,117381.90428627531
5299.711209488187,117380.72535934357
5299.738770735857,117513.9865691081
5299.766332126859,117308.01125376507
5299.793893661195,116876.11612147058
5299.821455338866,116186.26044371467
5299.849017159871,115678.05681924813
5299.876579124212,114981.34681454036
5299.90414123189,113995.902520995
5299.9317034829055,112935.40191143978
5299.959265877258,112192.42767523647
5299.98682841495,111087.20113032145
5300.014391095981,110474.36146566372
5300.041953920353,109612.03344793762
5300.069516888066,108784.14570878234
5300.097079999119,108030.78891627112
5300.124643253516,107979.18058776211
5300.152206651256,108506.19510125965
5300.17977019234,109317.25205341284
5300.207333876769,110180.75305292649
5300.234897704542,111235.2641966476
5300.262461675663,112032.46704059045
5300.29002579013,112287.98351865514
5300.317590047945,113274.96188985462
5300.345154449108,114241.6825761851
5300.372718993621,115094.10993031079
5300.400283681483,115687.25608411097
5300.427848512696,115960.32806745074
5300.455413487261,117084.80936995662
5300.482978605178,117492.09017923774
5300.510543866447,117900.62251437914
5300.53810927107,118030.9236397193
5300.565674819048,118661.0408103262
5300.59324051038,119227.09323728736
5300.6208063450695,119546.8384799667
5300.648372323115,119408.39648461813
5300.675938444518,119104.3545168916
5300.703504709279,119058.41345690374
5300.731071117399,119128.78111970144
5300.758637668878,119661.57127911983
5300.786204363717,120073.4946448711
5300.813771201918,119671.89752793392
5300.841338183481,119474.51170621304
5300.868905308406,119799.2278087026
5300.896472576695,120330.40712658221
5300.924039988347,119620.21797421927
5300.951607543366,119739.33717211486
5300.979175241749,119737.33646659387
5301.006743083498,119470.42229193653
5301.034311068614,119390.47779247933
5301.061879197099,118874.19589840459
5301.089447468952,118324.43482405685
5301.117015884174,117868.39016375787
5301.144584442767,117093.50061366837
5301.17215314473,116150.48665199454
5301.199721990065,114824.06177627445
5301.227290978772,113029.37845174216
5301.254860110852,111805.08225448542
5301.282429386306,111143.07315672791
5301.3099988051345,109469.36222588168
5301.3375683673385,108686.74209161353
5301.365138072918,106709.16313021025
5301.392707921874,105192.06525709435
5301.420277914208,103511.74430042399
5301.44784804992,101354.14630336521
5301.4754183290115,98439.50476714819
5301.502988751483,95009.97717041156
5301.530559317334,91031.16443038515
5301.558130026568,86159.10795416312
5301.585700879182,81033.9242192669
5301.61327187518,76760.25838819421
5301.64084301456,73619.9109007606
5301.668414297325,71885.6848269503
5301.695985723476,72097.2524505515
5301.723557293012,73981.42200906822
5301.751129005934,77227.73992985499
5301.778700862244,81494.05426521342
5301.806272861942,85827.41508216712
5301.833845005028,90235.04075040297
5301.861417291503,94014.56029538557
5301.888989721369,97937.44746553841
5301.916562294626,101148.53705876731
5301.944135011275,103841.10052939298
5301.971707871316,106105.25110657298
5301.999280874749,108213.53706898904
5302.0268540215775,110415.61362837019
5302.0544273118,112618.56176397642
5302.082000745419,113934.6997948434
5302.109574322432,115179.69293888852
5302.137148042844,116399.40794386054
5302.164721906653,116833.1881215587
5302.19229591386,117636.89336726729
5302.219870064467,118012.05242830592
5302.247444358472,118318.84768958206
5302.275018795879,118250.03814087374
5302.302593376688,118470.99712328087
5302.330168100898,118549.92106209717
5302.357742968511,118383.72212191868
5302.385317979529,117873.08809488943
5302.412893133949,116594.45717148209
5302.440468431776,115687.24530559419
5302.468043873008,114798.94094388824
5302.495619457647,113634.71532544521
5302.523195185693,112461.6847966609
5302.550771057147,110906.2899795746
5302.578347072011,109658.71599387312
5302.605923230283,109162.68424892948
5302.633499531967,109049.5018431392
5302.66107597706,109101.0653777573
5302.688652565566,109143.1944373622
5302.7162292974845,109605.5082405882
5302.743806172816,109702.98250728987
5302.771383191563,109832.68627746293
5302.798960353723,110149.32497302166
5302.826537659299,110495.47230567988
5302.854115108292,110290.62481293642
5302.881692700701,110360.60105411212
5302.9092704365285,110774.65220138356
5302.936848315774,111723.6103415309
5302.96442633844,112312.28879518986
5302.992004504525,112680.71888170073
5303.01958281403,113757.88159357582
5303.047161266958,115231.25610515015
5303.0747398633075,115851.78979654355
5303.102318603081,116333.7746876225
5303.129897486277,116639.406327798
5303.157476512898,116230.22820407225
5303.185055682944,116532.16461041578
5303.212634996416,117127.8885635181
5303.240214453315,117243.68785050212
5303.267794053641,117557.74343346835
5303.295373797397,117561.84268275584
5303.32295368458,117638.9732853711
5303.350533715193,118487.3897676904
5303.378113889237,117802.5079999597
5303.405694206712,118174.09321885771
5303.433274667619,117665.60034924746
5303.460855271959,117609.62804772916
5303.488436019732,117338.31239031462
5303.5160169109395,116466.058761239
5303.5435979455815,116163.28582035862
5303.57117912366,115942.43045007739
5303.598760445174,115714.6444383684
5303.626341910125,115709.72683149086
5303.653923518515,115984.67967488657
5303.681505270343,116500.69182726557
5303.709087165611,117032.50366251757
5303.736669204319,117844.91516157544
5303.764251386468,118104.5448047917
5303.791833712057,118496.84871614493
5303.819416181091,119174.7772917189
5303.846998793566,118849.32007573878
5303.874581549486,119169.86589196383
5303.90216444885,119717.41172516828
5303.92974749166,119320.70639176686
5303.957330677916,119777.1855670518
5303.9849140076185,119703.66648735292
5304.0124974807695,120227.68394262542
5304.040081097368,120350.99809884545
5304.067664857416,120297.18479363777
5304.095248760914,120527.45802390984
5304.122832807862,120406.43342209257
5304.150416998262,120129.32640815512
5304.178001332114,120166.69634612797
5304.205585809419,120026.74216864997
5304.233170430177,119932.55440999188
5304.260755194389,120129.13053704602
5304.288340102057,119844.84519691237
5304.315925153181,120009.56870968733
5304.3435103477605,120206.28745257764
5304.3710956857985,119813.40288318825
5304.398681167294,119976.00400480287
5304.4262667922485,119777.07021718219
5304.453852560662,120246.88055274235
5304.481438472536,119950.31718419227
5304.509024527872,120375.68218043732
5304.536610726668,120411.63425698355
5304.5641970689285,120112.11179839104
5304.591783554651,119789.97323586431
5304.619370183838,119628.24186685636
5304.64695695649,119878.95283739865
5304.674543872607,119750.29724380422
5304.70213093219,119377.26020414513
5304.729718135241,119299.9175482974
5304.757305481759,119385.02657013541
5304.784892971746,119214.4339891907
5304.812480605202,118607.22103514307
5304.840068382128,118238.50385085988
5304.867656302525,117485.81186106798
5304.895244366393,116870.2550352437
5304.922832573734,115647.22367393455
5304.950420924547,114461.08838653952
5304.9780094188345,112721.3899240189
5305.005598056597,110492.24046320753
5305.0331868378335,107822.93255412547
5305.060775762547,104316.97194593398
5305.088364830736,100390.24663564005
5305.115954042403,95265.56506185084
5305.1435433975485,89983.49147189899
5305.171132896173,85073.72320208131
5305.198722538277,81215.20350195508
5305.226312323862,79143.39150238887
5305.253902252927,78750.7107479004
5305.281492325475,80377.80585594062
5305.309082541506,83548.33515684324
5305.336672901019,87018.95868729535
5305.364263404017,90996.20015240042
5305.3918540505,95109.89539193518
5305.419444840469,98651.6997860366
5305.447035773924,102471.4022109852
5305.474626850865,105383.93361507819
5305.502218071296,107386.29931613208
5305.529809435215,109984.25083654937
5305.557400942623,111905.5425748816
5305.584992593521,113123.06682004571
5305.61258438791,114499.56391824782
5305.640176325791,115806.28366639337
5305.667768407164,116242.84519142215
5305.69536063203,117259.78772809998
5305.722953000391,117694.10278116232
5305.7505455122455,117575.99159764078
5305.778138167596,117841.59012070105
5305.805730966442,118076.96962732029
5305.833323908785,118146.69936169294
5305.860916994626,117920.27310404496
5305.888510223966,117879.93593961943
5305.916103596804,118100.29849100587
5305.943697113142,118345.61268599649
5305.971290772981,119017.73767918878
5305.998884576321,119085.90600178113
5306.026478523163,119237.82589932771
5306.054072613508,119029.0699121266
5306.081666847356,118986.96614113956
5306.109261224709,118787.60115583794
5306.136855745567,118991.32271819578
5306.164450409931,118261.47102428906
5306.192045217802,117318.96573654762
5306.21964016918,116633.31218645164
5306.247235264065,116440.66305628438
5306.27483050246,115789.1448742894
5306.302425884364,115784.5528941291
5306.330021409779,115410.74976546374
5306.357617078704,114363.14175889998
5306.385212891141,113372.97264762905
5306.412808847092,112342.50198281287
5306.440404946555,110534.0686046009
5306.468001189532,107710.89967384639
5306.495597576023,104317.72759486115
5306.523194106031,100354.97941735422
5306.5507907795545,96133.96311386961
5306.578387596595,92269.84010503226
5306.605984557154,88493.62510181885
5306.633581661231,85670.16974717203
5306.661178908827,83752.02340556424
5306.688776299944,82800.4195427108
5306.716373834581,82996.140791401
5306.743971512739,84047.11948687755
5306.77156933442,86794.69827755673
5306.799167299624,90012.75899639726
5306.826765408352,94164.75826716961
5306.854363660604,98486.75051515039
5306.881962056381,102061.53182773862
5306.909560595684,105100.08199910496
5306.937159278514,108240.5483844611
5306.964758104871,110554.31604158682
5306.992357074757,113001.79156821537
5307.019956188172,114407.90653566478
5307.047555445116,115890.6393690545
5307.075154845591,117311.22509560753
5307.102754389597,118603.21025352462
5307.130354077134,119138.36895068736
5307.157953908205,119103.59331527383
5307.1855538828095,119911.32834210967
5307.213154000948,119716.76762502585
5307.240754262621,119945.81284474426
5307.268354667829,119902.02901587765
5307.295955216575,119967.53096760865
5307.323555908857,120042.12482120177
5307.351156744678,119815.21036038519
5307.378757724036,119094.08809563657
5307.406358846934,118571.22100416795
5307.433960113373,118102.93601567835
5307.461561523352,117659.27717798369
5307.489163076874,116425.80526476681
5307.516764773937,115052.8443911936
5307.544366614544,113233.22944306332
5307.571968598695,111118.21739828958
5307.59957072639,108126.76842428122
5307.627172997631,104691.99778050021
5307.654775412418,100672.83613135167
5307.682377970751,95607.09059471785
5307.709980672632,90727.13970888784
5307.737583518062,86353.81294696272
5307.76518650704,82863.6694128116
5307.792789639569,81206.25732259582
5307.820392915648,81417.71694624943
5307.847996335278,83644.33233563865
5307.875599898462,86988.97865320498
5307.903203605197,90502.32260569045
5307.930807455486,94625.73845793889
5307.958411449329,98413.94665107726
5307.986015586728,101377.22001464675
5308.013619867682,104235.21297959749
5308.041224292193,108179.2752040197
5308.068828860261,109845.91208200649
5308.096433571887,113082.79616931148
5308.124038427073,114057.46099695635
5308.151643425817,115359.60440103042
5308.179248568123,116406.01493532228
5308.206853853989,117007.96597792929
5308.234459283416,117609.00606525847
5308.262064856407,118260.38317440911
5308.289670572961,118719.85099981034
5308.317276433078,118600.31406685767
5308.3448824367615,118559.22464921027
5308.372488584009,118801.58334661859
5308.4000948748235,119373.34506371451
5308.427701309205,119291.04619413389
5308.455307887154,119153.70441804461
5308.482914608672,119758.41932068169
5308.510521473759,119946.60373270528
5308.538128482416,120003.00997825676
5308.565735634644,120264.05810343851
5308.593342930443,120346.51702830213
5308.620950369815,120064.53253614092
5308.64855795276,120152.14952855058
5308.676165679278,120244.90310692217
5308.70377354937,120020.15080232409
5308.731381563039,119770.03343966167
5308.758989720283,120509.98275917576
5308.786598021104,120796.03746560136
5308.814206465502,120577.7426911949
5308.841815053479,120518.46622416501
5308.869423785034,120516.02566357821
5308.897032660169,120372.90508566916
5308.924641678886,120246.31229078885
5308.952250841182,120256.50721468407
5308.979860147061,120190.26493763425
5309.007469596523,120378.26646168115
5309.035079189568,120087.73252989836
5309.062688926198,119826.17169669099
5309.090298806412,120183.8083297934
5309.1179088302115,120263.84191254519
5309.145518997598,120002.55092989489
5309.173129308571,119774.21674593248
5309.200739763133,119730.2005784441
5309.228350361283,120055.184236951
5309.255961103023,119910.95373315964
5309.283571988352,119498.88126798748
5309.311183017274,119820.18338771691
5309.338794189786,119671.16570421682
5309.366405505891,119388.54168103101
5309.394016965589,119717.33713959459
5309.421628568881,119514.54080534949
5309.449240315767,119350.61528344455
5309.4768522062495,119817.07492333346
5309.504464240327,119473.11245703758
5309.532076418002,119721.28101317919
5309.559688739276,119481.06374814735
5309.587301204147,119216.82338673258
5309.614913812617,119419.83442221419
5309.642526564687,119218.91674186494
5309.670139460358,118745.09658190807
5309.69775249963,118133.42270908685
5309.725365682504,117993.76318361603
5309.752979008981,117174.00673982163
5309.780592479062,116159.32792199623
5309.808206092747,115441.29472904303
5309.835819850037,114024.14045948737
5309.863433750934,111995.86318024089
5309.891047795437,109932.58937009182
5309.918661983546,107040.29811749226
5309.946276315265,103387.01832290569
5309.973890790592,99834.52529140053
5310.001505409528,96239.97998417322
5310.029120172076,93135.54914470868
5310.056735078234,91249.81652547952
5310.084350128003,90892.14985973701
5310.111965321386,92708.62232915407
5310.139580658382,95237.73720748822
5310.167196138992,97900.60102059417
5310.194811763216,101390.90242875688
5310.222427531057,103863.4939772046
5310.250043442514,106943.30891524715
5310.277659497588,109540.87703304648
5310.305275696279,111781.05602426117
5310.332892038589,113643.0452278305
5310.360508524518,114702.49637459742
5310.388125154068,116380.72115871716
5310.415741927238,117737.76931773723
5310.44335884403,118613.47908259097
5310.4709759044445,118990.27591459872
5310.498593108481,119249.21557446933
5310.5262104561425,119628.6481011275
5310.553827947428,119521.27417778345
5310.581445582338,119340.67692749352
5310.609063360876,119212.9491853151
5310.636681283038,118748.79049346513
5310.664299348829,118764.8871813976
5310.691917558249,118113.56752793849
5310.7195359112975,117325.11104060043
5310.747154407975,117016.65067568686
5310.774773048284,116140.32213402551
5310.802391832224,115641.09668869426
5310.830010759796,115373.69154532623
5310.857629831001,115035.76688949208
5310.8852490458385,115258.35836767666
5310.912868404311,115592.0666592922
5310.940487906419,115350.2957731822
5310.968107552162,115350.8011175315
5310.995727341541,115629.89722804046
5311.023347274559,115671.52336571155
5311.050967351213,115580.08393541235
5311.078587571506,115687.94570680351
5311.10620793544,115182.2439738787
5311.133828443013,115375.92917923476
5311.161449094227,115853.34254678602
5311.189069889083,116249.33986241008
5311.216690827581,116720.30585243396
5311.2443119097225,117201.18457678903
5311.271933135508,117372.8164960921
5311.299554504939,117887.12977962519
5311.327176018014,118171.43003615346
5311.354797674736,118759.54191843336
5311.382419475105,119182.54439469859
5311.410041419122,119340.71039698928
5311.4376635067865,119390.51554782814
5311.465285738101,119352.84837232545
5311.492908113065,119320.72623011128
5311.520530631679,119538.87159577319
5311.548153293946,119620.90058081562
5311.575776099864,119306.42896135256
5311.603399049435,119599.85260179592
5311.63102214266,119838.12873459989
5311.65864537954,119921.68659763853
5311.686268760074,120114.05380964113
5311.713892284265,119707.80576518748
5311.741515952112,120026.07394782029
5311.769139763616,119849.13540724544
5311.796763718779,119784.97017225246
5311.824387817601,119854.31454888576
5311.852012060082,119871.46407425914
5311.879636446224,119691.91280246325
5311.907260976026,120063.6498547993
5311.934885649491,119339.89168270305
5311.962510466618,119010.18126199458
5311.990135427409,118712.78308334213
5312.017760531864,119111.88203954184
5312.045385779983,119037.05514629516
5312.0730111717685,118465.62965148935
5312.1006367072205,118041.51304757329
5312.128262386339,117481.28364062773
5312.155888209126,117383.04630448775
5312.183514175581,117070.57720949015
5312.211140285705,116723.09650759879
5312.2387665395,116681.64621634598
5312.2663929369655,116928.0528816584
5312.294019478103,117165.30802499273
5312.321646162913,117461.44847392029
5312.349272991395,117663.61622018299
5312.376899963551,118201.05530057348
5312.404527079382,118185.93191727284
5312.432154338889,118028.69943604145
5312.459781742071,118045.9010661858
5312.48740928893,117813.04619386067
5312.515036979467,117584.52230299557
5312.542664813682,117124.2009245431
5312.570292791576,116633.06131508587
5312.59792091315,115855.23748968037
5312.625549178405,114397.41853432695
5312.653177587341,112933.53610517668
5312.680806139959,111074.78769504529
5312.70843483626,108798.10019609476
5312.736063676244,105799.19038610437
5312.7636926599125,101879.85898549818
5312.7913217872665,97267.37243482943
5312.818951058306,92062.21347039602
5312.846580473032,86571.10559845797
5312.874210031445,80813.35426542042
5312.901839733547,76368.93306269107
5312.929469579337,72959.68364659772
5312.957099568816,71186.43866811835
5312.984729701986,71831.9430782858
5313.012359978848,74090.2225757419
5313.0399903994,78044.26056433463
5313.067620963645,82144.4107571743
5313.095251671583,86306.47857404231
5313.1228825232165,90568.00713946676
5313.150513518543,95137.1887801616
5313.178144657566,99136.79025094738
5313.205775940285,102828.64202058321
5313.233407366702,106610.20035075079
5313.261038936816,109187.01643026953
5313.288670650628,111538.80233025385
5313.316302508139,113792.56844869096
5313.343934509351,115255.54720271012
5313.371566654263,116607.31706039373
5313.399198942877,117730.65821596388
5313.426831375193,118446.70176886108
5313.454463951212,118785.02370317311
5313.482096670935,119346.74766961877
5313.509729534362,119614.24140896517
5313.537362541494,119669.99591316801
5313.564995692333,120260.78331186743
5313.5926289868785,120563.43397866594
5313.620262425131,120565.10722794535
5313.647896007092,120773.32759007008
5313.675529732762,120540.30026726564
5313.703163602141,120303.50249853182
5313.730797615231,120394.5263403498
5313.758431772032,120168.0531034289
5313.7860660725455,120355.09392668011
5313.813700516771,120265.35310136952
5313.84133510471,120489.19131113264
5313.868969836363,121258.17107762156
5313.896604711732,121021.47883240969
5313.924239730816,120446.67157039048
5313.951874893616,119421.04440289762
5313.979510200134,120256.16695496079
5314.00714565037,119781.11417262057
5314.034781244324,119453.76172937744
5314.062416981998,119539.99973771737
5314.090052863392,119088.11109258473
5314.117688888507,119240.25498866761
5314.145325057343,118756.04234556046
5314.172961369902,118498.39139259669
5314.200597826184,118150.65273811598
5314.22823442619,118035.66026952097
5314.255871169921,117007.19853849515
5314.283508057377,116147.05821894533
5314.311145088559,115303.87677507197
5314.338782263468,114646.83540766544
5314.366419582105,113831.00553569688
5314.39405704447,112991.72583197114
5314.421694650564,112380.49802458844
5314.449332400389,112271.28313309202
5314.476970293943,112609.34784130212
5314.504608331229,112874.63516447745
5314.532246512248,113447.71209592606
5314.559884836999,114454.30188240278
5314.587523305484,115632.85443340159
5314.615161917703,116286.05521242888
5314.642800673657,116683.74039401556
5314.670439573348,117370.57698601061
5314.698078616774,118130.32610355994
5314.725717803938,118483.77811408554
5314.75335713484,118358.66601207461
5314.780996609482,118295.4982561634
5314.808636227863,118570.1239702309
5314.836275989984,118746.25591877014
5314.863915895846,118277.260434282
5314.89155594545,117524.63091880333
5314.919196138797,117234.20792677555
5314.946836475887,117347.72441163832
5314.9744769567205,117727.55074601152
5315.0021175813,118065.43325938772
5315.029758349624,118058.11576730639
5315.0573992616955,118340.17948793632
5315.085040317513,118104.45947512788
5315.112681517079,118022.52890540895
5315.140322860393,118498.42923508357
5315.167964347457,118668.67636513553
5315.195605978271,118584.62291564983
5315.223247752835,118529.92050835541
5315.2508896711515,118409.70655300037
5315.27853173322,118944.71721021442
5315.306173939041,118312.85631265784
5315.333816288617,118268.80102946598
5315.361458781947,118006.23177825878
5315.389101419031,117979.10627190834
5315.4167441998725,117100.70413473
5315.444387124471,116317.57513584473
5315.472030192826,115870.08060336713
5315.49967340494,114600.9742489574
5315.527316760813,112808.01911084892
5315.554960260446,111207.72996184003
5315.582603903839,108971.0955055101
5315.610247690994,105945.08861172367
5315.63789162191,103017.93497403199
5315.665535696589,99341.79126178875
5315.6931799150325,95102.1792495091
5315.720824277239,89638.97273481883
5315.748468783212,83872.75866790672
5315.77611343295,77501.62295993973
5315.803758226454,70440.32182436291
5315.8314031637265,63223.702795736346
5315.859048244766,56624.82291381659
5315.886693469574,50665.44118662559
5315.914338838153,45150.01258259097
5315.941984350501,40767.75407713918
5315.96963000662,37585.845306623014
5315.997275806511,35242.62826413171
5316.024921750175,33536.57640603922
5316.052567837612,32787.0617137041
5316.080214068822,32742.90129982919
5316.107860443808,33458.39842192026
5316.135506962569,35546.54663562108
5316.163153625106,38789.96463722658
5316.190800431421,43163.208892753966
5316.218447381512,48764.38573210972
5316.246094475383,55325.55517486133
5316.273741713033,62241.58739984103
5316.301389094462,69399.62473768223
5316.3290366196725,76824.58048924399
5316.356684288665,83458.18150251014
5316.384332101439,89435.65302622602
5316.411980057996,94959.62471689995
5316.439628158337,99957.07744747284
5316.467276402462,104454.06148354337
5316.494924790372,107790.74961618125
5316.522573322069,110897.14711319421
5316.550221997552,113227.14951150464
5316.577870816823,114779.87547186158
5316.605519779881,116164.16530286425
5316.633168886729,116951.39613146098
5316.660818137367,117772.79136228867
5316.688467531794,118340.81910112569
5316.716117070014,118893.99629201244
5316.743766752024,119077.27813004969
5316.771416577829,118621.55220137493
5316.799066547425,118714.10068845816
5316.8267166608175,118259.93481674646
5316.8543669180035,118157.98041714307
5316.882017318985,118151.75499718159
5316.909667863763,118204.91781998547
5316.937318552339,117755.91301119611
5316.964969384713,118520.62163748928
5316.992620360885,118333.55979215252
5317.0202714808565,118539.75444470593
5317.0479227446285,119173.59015334664
5317.075574152201,119102.35317968567
5317.103225703576,119584.08049933304
5317.130877398752,119658.33599277167
5317.158529237732,119580.63377425737
5317.186181220516,119885.2181381525
5317.213833347105,119701.09848120839
5317.241485617498,119625.34502712585
5317.269138031698,119515.27400755958
5317.296790589706,119647.69374123043
5317.32444329152,119514.18620934158
5317.352096137143,118857.5019876199
5317.379749126575,118582.29908717677
5317.407402259817,117759.90622029926
5317.43505553687,116927.48633605665
5317.462708957734,115739.34509406591
5317.49036252241,114915.98827371628
5317.518016230899,113886.45103266863
5317.545670083202,112647.6233614846
5317.573324079319,110137.80020676568
5317.600978219251,107229.06695496244
5317.628632503,103901.2346097435
5317.6562869305635,100435.50539297986
5317.683941501946,97352.78303410037
5317.7115962171465,95078.27071459396
5317.739251076166,94068.74061953476
5317.766906079004,94339.76658727885
5317.794561225663,96156.87123543269
5317.822216516143,98520.86678632224
5317.849871950445,101016.68376051339
5317.87752752857,103735.4312273514
5317.905183250517,106583.08728176539
5317.93283911629,109006.35025475621
5317.960495125886,110673.85778092929
5317.988151279309,112246.154235263
5318.015807576558,113868.45453947705
5318.043464017634,114741.86080083872
5318.071120602537,115243.1194793947
5318.09877733127,115706.03438366292
5318.126434203831,115976.38451086855
5318.154091220224,116520.22974525632
5318.181748380446,116909.52628206609
5318.2094056845,117143.31157649044
5318.2370631323865,117489.47785590953
5318.264720724106,117987.76715542843
5318.29237845966,118297.67103398993
5318.320036339048,118055.15855978413
5318.347694362271,117877.91402273042
5318.3753525293305,118267.800249593
5318.403010840227,117960.89167079149
5318.43066929496,117796.07586965777
5318.458327893532,117544.00797514722
5318.485986635944,118048.35750260638
5318.513645522195,118341.41545118034
5318.541304552286,117996.34565221667
5318.568963726219,118192.89817232212
5318.5966230439935,118141.43336125437
5318.6242825056115,117949.57463929006
5318.6519421110725,118101.6727828766
5318.679601860378,118338.2080163079
5318.707261753529,118118.86256269822
5318.734921790526,118445.52206864524
5318.7625819713685,118584.28290847408
5318.790242296059,119194.29201164735
5318.8179027645965,119846.58306357714
5318.845563376984,119241.4263409559
5318.87322413322,119050.20709784933
5318.9008850333075,119211.5446504684
5318.928546077245,118688.98840449737
5318.956207265034,118367.8814961553
5318.983868596677,117343.69885195568
5319.011530072172,115910.08536872777
5319.039191691521,114533.24035642423
5319.066853454726,112541.56060088573
5319.094515361786,110564.38817667568
5319.122177412702,108478.11491839944
5319.149839607475,106596.9711455711
5319.177501946106,105436.52360792595
5319.205164428595,105490.45353075834
5319.232827054943,105421.95641424216
5319.260489825152,106789.748882973
5319.288152739221,107883.2666964861
5319.315815797152,109440.95773311067
5319.343478998945,109838.8372433317
5319.371142344601,110765.38346886699
5319.398805834121,111956.88288762918
5319.426469467506,113113.08980768907
5319.454133244755,114204.70632686852
5319.481797165871,115570.82541560329
5319.509461230853,116329.23592585788
5319.537125439703,117649.65511509233
5319.564789792421,118118.2561479161
5319.592454289008,118158.49340258764
5319.620118929465,119078.54391216407
5319.647783713792,119138.16690551014
5319.67544864199,119482.71850206093
5319.703113714061,120167.95897832079
5319.730778930004,119821.61798028635
5319.7584442898205,120070.27730167848
5319.786109793512,119941.35603994568
5319.813775441077,119446.53239153863
5319.841441232519,119725.58931889596
5319.869107167838,119941.92687265632
5319.896773247033,120317.43829969062
5319.924439470105,119712.15177968646
5319.952105837057,119289.97612914968
5319.97977234789,119517.48841679597
5320.007439002601,119171.6954742652
5320.035105801193,118578.50018556241
5320.062772743668,118041.39548212825
5320.0904398300245,117394.78982916322
5320.118107060264,116473.95722455357
5320.145774434388,116476.78012197299
5320.173441952396,116215.8151396288
5320.2011096142905,116275.95223673669
5320.228777420071,116242.4424570871
5320.256445369738,115904.12198858055
5320.284113463293,115594.668239567
5320.311781700736,115021.05684348235
5320.339450082069,114476.43462560259
5320.367118607292,113668.88781973964
5320.394787276405,112380.52051727627
5320.422456089409,111174.28942236547
5320.450125046305,110238.68833528105
5320.477794147096,109664.82022134436
5320.505463391779,110288.69487961869
5320.533132780356,110812.68270431457
5320.560802312829,111866.0405037421
5320.588471989198,112959.15758800083
5320.616141809463,114136.47956010376
5320.643811773626,115240.0623113288
5320.671481881688,116052.74490963119
5320.699152133648,117137.38819617998
5320.726822529507,117825.74581481218
5320.7544930692675,118425.08424643049
5320.782163752929,119268.88828910113
5320.809834580492,119714.3668604444
5320.837505551958,119864.30015940494
5320.865176667327,119996.17253025588
5320.892847926601,119892.12189705872
5320.9205193297785,120121.52132876407
5320.948190876863,120137.07800101976
5320.975862567853,119982.86718178555
5321.003534402751,120109.82411204894
5321.031206381556,119862.40985773086
5321.05887850427,119169.97665315839
5321.086550770893,119038.68571011644
5321.114223181427,119213.96692004969
5321.141895735872,118431.50422611464
5321.169568434228,117780.38569075911
5321.197241276496,117055.94686119947
5321.224914262678,116474.72976610556
5321.252587392773,115148.57317702648
5321.280260666784,113749.68858323406
5321.307934084709,111905.41705443124
5321.335607646551,110093.07659760678
5321.363281352309,108518.72876996544
5321.390955201985,107565.665600731
5321.41862919558,106525.23603366135
5321.446303333094,106850.2293509632
5321.473977614527,108416.84148547836
5321.501652039881,109305.57276505165
5321.529326609157,110465.72058343874
5321.557001322354,111715.3219377209
5321.584676179475,112943.29977887914
5321.612351180519,113924.23261191937
5321.640026325487,115224.09759995205
5321.667701614381,116393.83247962449
5321.695377047201,117271.291775004
5321.723052623946,118131.57596716161
5321.75072834462,118811.2411834149
5321.778404209222,119099.92824834825
5321.806080217752,119114.35252422065
5321.833756370212,119753.12378189851
5321.861432666602,119986.08189062166
5321.889109106924,119967.002857256
5321.916785691177,120090.14288263407
5321.944462419363,120073.306670072
5321.972139291483,119451.38049797398
5321.999816307535,118917.22869450392
5322.0274934675235,118384.02073444468
5322.055170771448,118043.02190109702
5322.082848219307,117283.32381682782
5322.110525811105,116366.22997865347
5322.13820354684,116261.24695289695
5322.165881426513,116183.93008862389
5322.1935594501265,116450.0560766618
5322.221237617679,117189.91762740028
5322.248915929173,117556.71155077053
5322.276594384609,117575.95427980469
5322.304272983986,118136.74001415756
5322.331951727307,118775.47449435446
5322.359630614572,118951.01459297964
5322.387309645781,119377.26779817675
5322.414988820936,119234.82101631154
5322.442668140036,119444.34329311462
5322.470347603084,119649.94434722548
5322.498027210078,119934.97081457466
5322.525706961022,120328.49348852607
5322.553386855914,120292.09468498823
5322.581066894756,119781.27193454652
5322.608747077549,119609.2437821245
5322.6364274042935,120066.5676161667
5322.664107874989,120342.672282706
5322.691788489638,120224.73759609136
5322.719469248241,119883.86927845681
5322.747150150797,119867.58639438765
5322.774831197309,119423.46112929164
5322.802512387777,119176.34176599035
5322.830193722201,119034.12057285142
5322.857875200582,119006.99166052262
5322.885556822922,119258.29186669616
5322.913238589221,118925.38015340289
5322.940920499478,118304.96537788636
5322.968602553697,118096.91391000111
5322.9962847518755,118067.30650857452
5323.023967094017,117534.84212052777
5323.05164958012,116691.30172559874
5323.079332210187,116737.10814601638
5323.107014984218,115831.83935531808
5323.134697902214,114727.08502625486
5323.162380964175,113791.17567780956
5323.190064170102,112175.56916712942
5323.217747519997,109962.3248708941
5323.245431013859,108090.44951189107
5323.27311465169,105372.52629789045
5323.30079843349,101642.4886510618
5323.32848235926,97441.65980545651
5323.356166429001,92652.62879705573
5323.383850642714,86847.01289614341
5323.4115350003985,80910.57811920848
5323.439219502056,74311.76179226069
5323.466904147688,68294.48043908006
5323.494588937294,63392.96996664056
5323.522273870875,59914.683956577726
5323.5499589484325,58484.16393177535
5323.577644169966,59073.4600187196
5323.605329535478,61258.123634840835
5323.633015044968,65189.765465321216
5323.660700698437,70310.85525485133
5323.688386495885,75999.24191782366
5323.716072437314,81801.01247518194
5323.743758522725,87247.29616664519
5323.7714447521175,92641.81167476809
5323.799131125493,97089.939580145
5323.826817642851,101926.69949588366
5323.854504304194,105651.98003665646
5323.882191109522,108302.6728926423
5323.909878058836,111326.09731152478
5323.937565152136,113355.32679857838
5323.965252389423,114745.65847415973
5323.992939770698,115975.04985986375
5324.020627295963,116817.47148035039
5324.048314965216,118013.25802328449
5324.07600277846,118032.86662044143
5324.103690735696,118887.65082964613
5324.131378836922,118985.2243616181
5324.159067082141,119253.34070736158
5324.1867554713535,119204.44180683876
5324.2144440045595,119109.04764092696
5324.242132681761,119481.36754667781
5324.269821502958,119477.8074245036
5324.29751046815,119433.10451739076
5324.32519957734,120046.370119391
5324.352888830527,119379.3175312877
5324.380578227713,119645.01848372348
5324.408267768898,118958.37539055037
5324.435957454084,118530.06561253993
5324.46364728327,118650.69977370839
5324.491337256457,118285.11308586269
5324.519027373647,117112.98298536314
5324.546717634839,116249.76019897308
5324.574408040035,114192.69887057731
5324.602098589236,113035.60583851144
5324.629789282442,110577.28876505213
5324.657480119655,108269.91172817363
5324.685171100873,104498.71889463661
5324.7128622261,101234.73466869515
5324.740553495334,96617.92761272572
5324.768244908578,91567.31651131916
5324.795936465831,85423.51228147997
5324.823628167094,79359.41331514686
5324.851320012369,73603.21982463425
5324.879012001656,69396.20578132132
5324.906704134955,66426.99519045049
5324.934396412268,65755.32647556254
5324.962088833595,67298.7826044774
5324.989781398937,70632.3449288077
5325.017474108295,74875.44365895294
5325.045166961669,79395.69745502977
5325.07285995906,84543.58146932359
5325.100553100469,89942.70857044295
5325.128246385898,94510.41410464709
5325.155939815345,99166.39746029527
5325.183633388813,103019.40846337737
5325.211327106302,106481.98516974002
5325.239020967812,109437.52083779353
5325.266714973345,111226.8370217467
5325.294409122901,113132.3429200084
5325.322103416481,114421.52096489083
5325.349797854085,115048.83123205267
5325.377492435716,115294.1026056428
5325.405187161372,115524.10465017891
5325.432882031056,114654.03444614672
5325.460577044766,114057.29107927428
5325.488272202506,113927.12834608422
5325.515967504274,114061.95784146817
5325.543662950073,113956.28715229635
5325.571358539902,114201.21696840061
5325.599054273763,114793.77346583553
5325.626750151655,115570.5192503597
5325.654446173581,116150.9262915885
5325.68214233954,116710.71797757478
5325.7098386495345,117369.40121625109
5325.7375351035635,117692.16846102072
5325.765231701628,118315.95597708692
5325.79292844373,119059.51820549068
5325.820625329869,119613.84554386351
5325.848322360046,119907.15622480566
5325.876019534262,119930.91231203476
5325.903716852518,119731.5302728039
5325.931414314814,119766.40350748117
5325.959111921152,119878.37637126567
5325.986809671531,120077.86564013432
5326.014507565953,119809.43322744417
5326.042205604418,119358.51103097033
5326.069903786928,119178.41193106475
5326.097602113483,119066.01680669394
5326.125300584083,118703.13755957696
5326.152999198729,118176.09796612797
5326.180697957423,118101.12755865196
5326.208396860165,117991.16837532018
5326.236095906956,117700.8607115382
5326.263795097795,118174.58532782651
5326.291494432685,118596.78306524029
5326.319193911626,118796.43428377433
5326.346893534618,119206.6392405184
5326.3745933016635,118964.54685368108
5326.402293212761,119664.3210653369
5326.429993267913,119823.74512634186
5326.4576934671195,119722.36873184702
5326.4853938103815,119664.69861467957
5326.5130942977,119863.60397872436
5326.540794929076,119806.51242114895
5326.568495704508,119731.56041816137
5326.596196623999,119943.18863935473
5326.623897687549,120066.66272965996
5326.65159889516,120218.4650032147
5326.67930024683,120134.59798794861
5326.707001742563,119532.08095315746
5326.734703382357,119783.91644699984
5326.762405166214,119528.20784844624
5326.790107094135,119823.4931036765
5326.817809166121,119866.68444575505
5326.845511382171,119562.77819471096
5326.873213742288,119685.09825430333
5326.900916246471,119306.42658757056
5326.928618894721,119526.99988611818
5326.95632168704,118262.75301802877
5326.984024623427,117041.49619990385
5327.011727703884,115078.44624727833
5327.039430928412,113168.06527020787
5327.067134297011,110290.24454537523
5327.094837809681,106977.28201553707
5327.122541466424,102845.81863934458
5327.15024526724,97888.53915948868
5327.177949212131,91992.78062165892
5327.205653301097,85654.49883510379
5327.233357534138,78330.20286269736
5327.261061911256,70807.85133467213
5327.288766432451,63679.603412339435
5327.3164710977235,56658.92597753526
5327.344175907075,50509.97740478621
5327.371880860505,45836.08852644829
5327.399585958015,43146.34195387466
5327.427291199608,41955.4574891338
5327.45499658528,42193.1821300883
5327.482702115036,43814.605036581896
5327.510407788875,46046.47183127592
5327.538113606797,48882.65412060944
5327.565819568805,51314.26594240998
5327.593525674897,53090.12973963539
5327.621231925076,54259.4061983357
5327.648938319342,55062.82667188561
5327.6766448576955,55128.38028946519
5327.7043515401365,55169.987110994945
5327.732058366668,55551.483584410664
5327.759765337289,55200.50082754616
5327.787472452,54601.95712436814
5327.815179710802,53273.79324289653
5327.842887113697,52024.57930641977
5327.870594660684,51778.62474469712
5327.898302351766,52901.12662787734
5327.926010186941,55716.88071184333
5327.953718166212,60142.03807450712
5327.981426289579,65209.40048314317
5328.009134557042,71500.1358054562
5328.036842968602,77910.07545312056
5328.064551524261,83730.90896007557
5328.092260224019,89743.18316971147
5328.119969067876,94490.39145316134
5328.147678055833,99109.57298739631
5328.175387187892,102943.23075573152
5328.203096464053,105900.06738626254
5328.2308058843155,108043.4731590747
5328.258515448682,109197.88218462619
5328.286225157152,110737.7109804726
5328.313935009728,111138.85548794318
5328.341645006409,109601.57952152342
5328.369355147196,109283.19474161454
5328.397065432091,106769.05734904786
5328.424775861094,104285.94662502085
5328.452486434205,102018.45568595876
5328.480197151424,99595.0250129404
5328.507908012755,98722.28008120685
5328.5356190181965,99259.42166331051
5328.563330167749,100663.86422913562
5328.5910414614145,102539.78733779806
5328.618752899193,104471.53108398888
5328.646464481085,106709.63227684789
5328.6741762070915,108636.94923913821
5328.701888077214,110234.72571237486
5328.729600091452,111818.51802472454
5328.757312249807,113217.58115251
5328.78502455228,114046.75807864011
5328.8127369988715,114996.87479625817
5328.840449589581,115912.8754622478
5328.868162324411,116302.49498704435
5328.895875203362,116271.15195114548
5328.923588226434,115982.005721847
5328.951301393628,115139.0722077789
5328.979014704945,114168.54460099511
5329.006728160385,113275.13997620672
5329.03444175995,112035.87229858483
5329.0621555036405,110673.53343506598
5329.089869391456,109192.96937553177
5329.117583423398,108299.27074831286
5329.145297599468,107850.47554397894
5329.173011919665,106962.62763654756
5329.200726383992,106320.21437561541
5329.228440992449,105698.90130129352
5329.256155745035,104887.86809707763
5329.283870641752,103053.16453405915
5329.3115856826025,101607.58169258155
5329.339300867585,100880.33330623858
5329.3670161967,100704.19969888261
5329.39473166995,101803.68235854922
5329.422447287334,103904.72816272243
5329.450163048854,105913.20064487208
5329.47787895451,108555.05694480076
5329.505595004303,110438.97995947802
5329.5333111982345,111720.31915273242
5329.561027536304,113488.06120631495
5329.588744018513,115085.05444561392
5329.616460644863,115557.64390351022
5329.644177415353,116465.34368656886
5329.671894329985,117013.26161003414
5329.699611388759,117419.42879074776
5329.727328591675,117264.40826114402
5329.755045938737,116915.20862897235
5329.782763429942,116815.17060294891
5329.810481065293,115557.929665884
5329.83819884479,114721.53298720578
5329.865916768434,113767.95603252336
5329.893634836225,112617.34720686056
5329.921353048165,111505.87372209979
5329.949071404253,111077.77924139134
5329.976789904492,110945.99846440504
5330.004508548881,110138.5848880537
5330.032227337421,110091.62749766077
5330.059946270114,109589.16573156709
5330.0876653469595,109126.37512268896
5330.115384567958,109807.47534032702
5330.143103933112,110412.25088604256
5330.17082344242,110945.35946451071
5330.198543095884,112292.46569270489
5330.226262893505,113683.9122337269
5330.253982835283,114670.78006481308
5330.281702921219,116061.56457204412
5330.309423151314,116624.88985306176
5330.337143525569,117365.11108603673
5330.364864043984,117994.31793036486
5330.39258470656,118311.54252813727
5330.4203055132975,118934.35248480862
5330.448026464198,119645.73043966542
5330.475747559262,119798.52274463537
5330.50346879849,119684.78600414978
5330.531190181882,119943.76922121973
5330.5589117094405,120025.11422672612
5330.5866333811655,120163.50180183264
5330.614355197056,119390.79144722264
5330.642077157117,119707.29321947327
5330.669799261344,119973.96018826979
5330.697521509742,119626.41967509927
5330.725243902309,119144.43464452744
5330.752966439047,118856.11014157237
5330.780689119957,118692.09927047418
5330.808411945039,118416.59857116749
5330.836134914294,118321.37593111655
5330.863858027723,118588.65062651751
5330.8915812853265,118647.24823742712
5330.919304687106,118617.32465424458
5330.94702823306,118364.99427341906
5330.974751923192,118623.18635943417
5331.002475757502,118974.39029349474
5331.030199735989,119566.51659571684
5331.057923858656,119761.99959254455
5331.085648125503,119599.17356134529
5331.11337253653,119835.4485075181
5331.141097091739,119530.97405472668
5331.168821791129,119536.46719045793
5331.196546634703,120094.86824927897
5331.224271622459,120385.59826888227
5331.2519967544,120213.49663178244
5331.2797220305265,120050.5160749817
5331.307447450839,120427.28942128437
5331.335173015338,120507.32761721229
5331.362898724024,120401.16458576325
5331.390624576898,120525.22341201252
5331.418350573961,120495.08899316445
5331.446076715213,120655.10275056514
5331.4738030006565,120141.3688622782
5331.50152943029,120285.41380620796
5331.529256004115,120028.84861799191
5331.556982722134,120452.52915424974
5331.584709584346,119920.8416596655
5331.612436590751,119809.26578205798
5331.640163741352,119869.1933761876
5331.667891036148,119096.01033738717
5331.69561847514,119450.53017146362
5331.723346058329,119120.20964499761
5331.7510737857165,118804.88345124017
5331.778801657302,118175.95447418987
5331.806529673087,117474.39630581277
5331.834257833073,116503.86164073327
5331.861986137259,115699.22218565604
5331.889714585646,113822.00315324996
5331.917443178236,111663.3383765463
5331.945171915029,109688.37951793626
5331.972900796026,107356.98769613571
5332.000629821227,105065.3753959673
5332.028358990634,103479.40842533336
5332.056088304246,101774.03340337066
5332.083817762066,100556.4086912487
5332.111547364093,98801.03660684693
5332.139277110328,96609.64823186242
5332.167007000773,94128.86956638769
5332.194737035427,90756.60313946896
5332.222467214292,87696.6550679328
5332.250197537368,86158.71636618189
5332.277928004656,86635.42810742145
5332.305658616157,87867.69100007875
5332.333389371872,90332.52998741502
5332.361120271801,93793.40102962451
5332.388851315945,96950.97554480509
5332.416582504305,100174.06676725361
5332.4443138368815,103396.78501373403
5332.472045313675,105473.3702982656
5332.499776934686,107672.19034097252
5332.527508699917,109686.97682749189
5332.5552406093675,111253.79982965729
5332.582972663038,112754.14106806355
5332.610704860929,113504.38913727869
5332.6384372030425,113990.25826447167
5332.666169689379,115115.28028975514
5332.693902319938,116284.51918905003
5332.721635094721,116703.95099788209
5332.7493680137295,117098.05470373768
5332.777101076963,117390.89321928227
5332.804834284423,117731.16468002119
5332.83256763611,117975.40514485895
5332.860301132025,117914.8963102511
5332.888034772169,118067.65747437287
5332.9157685565415,117795.14876424015
5332.943502485144,117000.0041741613
5332.971236557978,116849.90418194936
5332.998970775043,116747.25869985574
5333.026705136341,116946.33443041761
5333.054439641871,116901.98334503097
5333.082174291635,116994.60041856901
5333.109909085634,117044.13192777836
5333.137644023869,117361.19239892637
5333.165379106339,118382.09196646545
5333.193114333047,118057.04099171954
5333.220849703991,118583.80050346004
5333.248585219174,118468.20720226514
5333.276320878596,118381.53961224329
5333.304056682258,118053.01925173007
5333.331792630161,117882.6708023835
5333.359528722304,118182.65039131527
5333.38726495869,118123.98559394282
5333.415001339319,117470.17947829234
5333.442737864191,117118.196651187
5333.470474533308,115785.31422593295
5333.498211346669,114706.70738485834
5333.525948304277,113988.1828206587
5333.553685406131,112867.62968385912
5333.5814226522325,111904.68260785754
5333.609160042582,111834.05744072441
5333.63689757718,112516.20541808363
5333.664635256028,112906.48215684787
5333.692373079126,113247.41457059428
5333.720111046476,113775.1813857112
5333.747849158077,114646.51769118101
5333.77558741393,115412.10479731143
5333.803325814037,115035.64460758452
5333.831064358398,115950.31137990163
5333.858803047014,115197.29022297067
5333.886541879885,114607.71084214827
5333.914280857013,114194.26222932375
5333.942019978398,113068.46351898761
5333.969759244041,111730.67521923638
5333.997498653942,109209.58779501273
5334.025238208103,106024.80853530664
5334.052977906523,102595.76175760877
5334.080717749204,98381.47820204844
5334.108457736147,93213.30170603906
5334.136197867352,87653.4880568527
5334.16393814282,82241.6072118847
5334.191678562553,77619.81014821139
5334.21941912655,74807.05883255176
5334.247159834812,73915.01412694923
5334.27490068734,75467.71318185268
5334.302641684135,78013.68777396092
5334.330382825197,81856.15830541286
5334.3581241105285,86443.44559404165
5334.385865540128,91285.02808123844
5334.413607113998,95747.23597526147
5334.441348832139,99620.9135158673
5334.469090694551,102984.39693457093
5334.496832701234,106236.38056702954
5334.524574852191,109211.48781495099
5334.552317147421,111677.5147786173
5334.580059586925,114069.5386015723
5334.607802170705,116146.29670515307
5334.635544898761,116862.65043486802
5334.663287771093,118008.964140909
5334.6910307877015,118526.39193065625
5334.718773948589,119343.31703733184
5334.746517253755,119759.94215651357
5334.774260703201,120314.52371289372
5334.802004296927,120415.91492123324
5334.829748034935,120370.13700000844
5334.857491917223,120155.07525582823
5334.885235943795,120228.13664497266
5334.91298011465,120158.99828274212
5334.940724429789,119945.74032216932
5334.968468889213,120357.69921312682
5334.996213492923,120192.61739135403
5335.023958240919,120241.15804258452
5335.051703133201,119816.59735873152
5335.079448169772,120065.21247753648
5335.107193350631,119900.82722648079
5335.134938675779,119574.62535820439
5335.162684145218,119507.45299565996
5335.190429758948,119983.20528881026
5335.218175516969,119901.84038725971
5335.245921419282,119766.70514173806
5335.273667465889,120104.14668927339
5335.301413656789,119626.41429468496
5335.329159991984,120194.81252126828
5335.356906471475,119649.67017106399
5335.3846530952615,119689.20638188558
5335.412399863344,119605.32014112992
5335.440146775725,119442.2810045796
5335.467893832404,119550.36390398927
5335.4956410333825,119589.38993777458
5335.5233883786605,119511.83665542009
5335.55113586824,119036.42279591342
5335.578883502119,119082.8335147436
5335.606631280301,119166.86396320672
5335.6343792027865,118650.48464222543
5335.662127269575,118295.4673762392
5335.689875480668,117674.02734234351
5335.717623836066,117501.60901371698
5335.745372335769,116632.18335483666
5335.77312097978,114922.03974327134
5335.800869768098,112466.5524338264
5335.828618700723,110709.70731141955
5335.856367777658,107524.0534906308
5335.884116998903,104018.33553078829
5335.911866364458,100057.26725983022
5335.939615874323,94778.42787850852
5335.9673655285005,89143.78076878018
5335.99511532699,82665.22473863435
5336.022865269794,75976.79715441386
5336.050615356912,70012.03888775776
5336.078365588344,63805.453003308714
5336.106115964092,59003.06242948555
5336.133866484157,56187.16248784714
5336.161617148538,55075.62529770512
5336.189367957238,56326.655591362265
5336.2171189102555,59289.244474768595
5336.244870007593,63661.58766107688
5336.272621249251,68998.7000885563
5336.300372635229,75076.21228277725
5336.328124165529,81410.5275664898
5336.355875840151,87663.83404601392
5336.383627659096,93066.20403379296
5336.4113796223655,98092.97501523918
5336.43913172996,102470.5775352208
5336.466883981879,106569.50326855661
5336.494636378124,108917.01289020762
5336.522388918696,112173.91457756064
5336.550141603596,114521.06480305844
5336.577894432824,115789.13739437952
5336.605647406381,116740.91229807057
5336.633400524268,117724.4578725629
5336.661153786486,118292.74495289716
5336.6889071930345,118093.28385111368
5336.716660743916,117769.49050096981
5336.74441443913,117362.05222674037
5336.772168278678,116144.64832524507
5336.799922262559,114899.9868843906
5336.827676390777,113178.11937266435
5336.85543066333,110777.88627379968
5336.883185080219,107680.6423795654
5336.910939641446,104647.9373151809
5336.938694347012,100397.99266201747
5336.966449196915,95196.11516700305
5336.994204191159,89661.28512512713
5337.0219593297425,84143.84158649576
5337.049714612668,79003.15213225585
5337.077470039935,74543.90249875307
5337.1052256115445,72170.32955939029
5337.132981327497,71678.03940658315
5337.160737187794,72909.47144159603
5337.188493192436,76212.6930145776
5337.2162493414235,80652.12661014675
5337.244005634758,85363.54253126247
5337.271762072439,90138.84469571675
5337.299518654468,94877.41818497906
5337.327275380845,99387.29232730537
5337.355032251572,102806.0193379228
5337.382789266649,106068.74854932507
5337.410546426077,109230.99799820947
5337.438303729857,111140.98032346724
5337.466061177988,113450.59888362375
5337.493818770474,114645.06798481118
5337.521576507313,115703.88189680217
5337.549334388506,116435.6365949676
5337.577092414055,116426.68439692122
5337.60485058396,116309.23466226629
5337.632608898222,116015.17197415556
5337.660367356842,116139.43442417553
5337.688125959819,116375.12735889152
5337.715884707157,115884.80697226744
5337.743643598854,115808.3215391413
5337.771402634911,116177.33876927361
5337.79916181533,116275.67676929134
5337.826921140111,117079.51742500838
5337.854680609255,117508.11316262578
5337.882440222763,117824.54794538995
5337.910199980635,117650.30147664418
5337.937959882873,118124.17760341353
5337.965719929476,118132.95715265446
5337.993480120445,118594.54673270474
5338.021240455782,118723.00158544432
5338.049000935488,118983.21725597879
5338.076761559562,119132.98102601993
5338.104522328006,118692.52495032812
5338.1322832408205,118580.51421149973
5338.160044298006,118599.6997481118
5338.187805499563,117856.67354826849
5338.215566845493,117691.53113873363
5338.243328335796,117049.09875410901
5338.271089970473,116827.97418807821
5338.298851749526,115716.2059459178
5338.326613672954,114544.31025369574
5338.354375740759,113510.21298662637
5338.38213795294,111955.46185213485
5338.4099003095,109634.23359408806
5338.437662810438,107163.43941953468
5338.465425455755,104384.00483734388
5338.493188245453,101529.60992514106
5338.520951179532,98582.01258893726
5338.548714257992,96984.58773157984
5338.576477480835,97252.67118671218
5338.604240848061,97633.0824774239
5338.632004359671,99689.71353447567
5338.659768015666,101609.50052358511
5338.6875318160455,103451.29558163846
5338.715295760811,105407.85096565951
5338.743059849964,107313.51190445361
5338.7708240835045,109037.566172254
5338.798588461434,109856.02546159395
5338.826352983752,111392.99542315841
5338.8541176504605,111721.03641179451
5338.881882461559,111129.13931590882
5338.909647417049,110767.81462906401
5338.9374125169315,110548.49052911051
5338.965177761207,109606.2697600725
5338.992943149876,108879.72769623676
5339.02070868294,108197.17242649612
5339.048474360398,106062.53632367463
5339.076240182252,104216.08872090127
5339.104006148504,100922.42654160222
5339.131772259152,96910.28186608206
5339.159538514199,92482.46452244665
5339.187304913645,87171.72092369547
5339.21507145749,80961.26385874639
5339.242838145736,76314.88817211507
5339.270604978383,73069.45874834801
5339.298371955432,71384.05416398683
5339.326139076884,72490.03317670374
5339.353906342739,74814.27308960141
5339.381673752998,78473.41866015155
5339.409441307663,82708.80623912241
5339.437209006733,87292.39273946686
5339.464976850209,91449.15747753278
5339.492744838092,95970.97991104134
5339.520512970384,99811.37388740134
5339.548281247084,103434.96824293323
5339.576049668193,106456.27797092278
5339.603818233713,109392.1028001297
5339.631586943644,111566.36266320322
5339.659355797987,113028.64848101042
5339.687124796741,114550.81243476427
5339.714893939909,115344.85238434201
5339.742663227492,116015.70047272487
5339.7704326594885,116683.21087403923
5339.798202235901,117168.03185863576
5339.825971956729,117218.98985235853
5339.853741821975,117362.79690647913
5339.881511831638,117252.18980244268
5339.909281985719,117372.79955578192
5339.93705228422,116617.52263861561
5339.964822727141,116435.65629149176
5339.992593314482,115755.33825137554
5340.020364046245,115281.18420874633
5340.04813492243,113589.0372891493
5340.0759059430375,112322.60521907234
5340.10367710807,110777.49037480199
5340.1314484175255,108291.17579692575
5340.159219871407,104675.57183640229
5340.1869914697145,100563.52380212418
5340.214763212449,95425.11638792376
5340.242535099611,89312.8721669219
5340.270307131201,82808.18116874284
5340.298079307219,76583.05512489763
5340.325851627667,70673.50264234321
5340.353624092547,65936.50288787117
5340.381396701857,62861.24638538259
5340.409169455599,62730.35646440406
5340.436942353774,63681.13383632586
5340.464715396382,66597.3922468332
5340.492488583425,70987.77516532359
5340.520261914902,76033.53305597295
5340.548035390816,81656.87282086638
5340.575809011166,86982.53077719291
5340.603582775952,91919.54988756205
5340.631356685178,96464.74446947257
5340.659130738842,100930.80581329936
5340.686904936945,104574.2352550278
5340.714679279488,107649.1926742893
5340.742453766473,110547.30637029978
5340.770228397899,112869.24081917258
5340.798003173768,114227.41098343309
5340.825778094079,116010.07160973156
5340.853553158836,116688.02704529409
5340.8813283680365,117925.41486388087
5340.909103721683,118729.13565995771
5340.936879219776,119372.33051412871
5340.964654862315,119744.93247269178
5340.992430649302,119940.10514021455
5341.020206580738,119694.7804402645
5341.0479826566225,119816.75602006687
5341.0757588769575,119992.20484548243
5341.103535241743,120515.19421086232
5341.131311750981,120542.650967554
5341.15908840467,120382.72975073509
5341.186865202812,120691.05951504786
5341.214642145409,120513.26065418746
5341.24241923246,120017.69002658436
5341.2701964639655,119693.48216014002
5341.297973839927,120206.66239104256
5341.325751360347,119669.25457160702
5341.353529025223,119664.0331859806
5341.381306834557,119563.20899177896
5341.409084788351,118990.719555179
5341.436862886604,119102.87590893726
5341.464641129318,119167.45602881222
5341.492419516493,119429.56801979626
5341.520198048131,119496.66510908185
5341.5479767242305,119518.86922997577
5341.575755544794,119799.88524529102
5341.603534509822,119624.49345293567
5341.631313619315,120275.72293142318
5341.659092873273,119886.48021024972
5341.686872271698,119722.1839174143
5341.714651814591,120220.19189135362
5341.742431501952,120187.20468196101
5341.77021133378,119793.41194139478
5341.797991310079,119818.93114338996
5341.825771430848,120071.12222465355
5341.853551696088,120234.08715676978
5341.8813321058005,119276.12754815684
5341.909112659985,118445.67976205325
5341.936893358642,117916.60913045403
5341.964674201774,117470.16562602913
5341.992455189381,115893.49860843577
5342.020236321463,115116.96336547064
5342.048017598021,114050.56254720985
5342.075799019057,114261.37387473756
5342.10358058457,114604.752624508
5342.131362294562,114704.95772242895
5342.159144149033,115218.71215544885
5342.186926147984,116067.61773462077
5342.214708291416,116535.3761158984
5342.24249057933,117219.37875026015
5342.270273011725,118438.94464878971
5342.298055588604,118990.25331697434
5342.325838309967,118951.25089282304
5342.353621175815,119350.2750636952
5342.381404186147,119653.44891542573
5342.409187340966,119430.35846393627
5342.436970640271,119463.76612650057
5342.464754084064,119510.63727397587
5342.492537672346,119375.01244939325
5342.520321405116,118958.11579809242
5342.548105282376,118618.65945901917
5342.5758893041275,117515.0988801289
5342.603673470369,116475.1227688778
5342.631457781104,114825.4509286945
5342.659242236331,112658.3210387792
5342.687026836052,111060.34726355452
5342.7148115802665,108030.9629210746
5342.742596468976,105541.18264497232
5342.770381502182,103552.77022616663
5342.798166679885,102885.95842882116
5342.825952002085,102662.43407671386
5342.853737468783,103999.44570693202
5342.881523079979,105265.77565381408
5342.909308835676,107748.69874336866
5342.937094735873,110032.20497242776
5342.964880780571,111299.0356207653
5342.99266696977,112307.17743415835
5343.020453303472,114346.3519652553
5343.048239781678,115845.01018824303
5343.076026404387,116590.56636569525
5343.103813171602,117429.76881764331
5343.131600083322,118050.31864631506
5343.159387139549,117904.53743477623
5343.187174340283,118961.37111824384
5343.214961685524,119167.93081776306
5343.242749175274,119189.7731395408
5343.270536809534,119091.42988439811
5343.298324588303,119143.06107782168
5343.326112511583,119176.50792809922
5343.3539005793755,119715.28796553302
5343.38168879168,119468.32503094804
5343.409477148498,119315.59014230322
5343.437265649829,119458.22012568174
5343.465054295675,119419.3217989192
5343.492843086036,119463.56377673945
5343.5206320209145,119907.70167486786
5343.548421100309,119765.97061918254
5343.5762103242205,120385.59738932192
5343.603999692651,119946.96293038657
5343.6317892056,120241.9585416397
5343.65957886307,120024.15011472719
5343.68736866506,119351.39564870224
5343.7151586115715,118764.12463588636
5343.742948702605,118553.99154460171
5343.770738938161,118530.00609719378
5343.798529318242,117583.92028631143
5343.826319842847,117241.45711170592
5343.854110511976,117890.32119177876
5343.881901325632,118012.71407587279
5343.9096922838135,117771.87754427682
5343.937483386523,117911.03327853077
5343.9652746337615,118541.77153185203
5343.993066025528,117895.32569999108
5344.020857561824,118005.65264734329
5344.048649242651,118481.72052878179
5344.0764410680085,118308.35247537891
5344.104233037899,118825.63307897556
5344.132025152321,118767.97211465743
5344.159817411277,118851.28351720919
5344.187609814767,118844.05707182872
5344.215402362792,119508.82561144531
5344.243195055353,119422.48266805644
5344.27098789245,119345.0310097743
5344.298780874084,119405.89874158293
5344.326574000256,119236.86871761383
5344.354367270967,119669.62392262554
5344.3821606862175,119911.30818072801
5344.409954246007,120131.58171324509
5344.437747950339,120475.62776244411
5344.465541799212,120580.19882269848
5344.4933357926275,119830.24848191238
5344.5211299305865,119869.46753650982
5344.548924213089,120511.0016229222
5344.576718640136,120236.39636974726
5344.604513211729,120136.29426188293
5344.632307927867,120138.52171977142
5344.660102788554,119873.8968134952
5344.687897793787,120006.44058558272
5344.715692943569,119863.65199600164
5344.7434882379,119704.12049923727
5344.771283676781,119068.52100578982
5344.799079260213,118339.63910932907
5344.826874988196,118153.93349128368
5344.854670860732,117215.46884759305
5344.882466877821,115824.11285885413
5344.910263039463,114016.87867035394
5344.938059345659,110899.81183520633
5344.965855796411,108588.93787028333
5344.993652391719,105081.35960259565
5345.021449131584,101073.4306336491
5345.049246016006,95778.74286772334
5345.077043044986,90695.87108752716
5345.104840218525,85815.59279120801
5345.132637536623,82043.85134233869
5345.160434999283,80115.61701279227
5345.188232606503,79845.47303201853
5345.216030358286,80464.08025111107
5345.243828254632,82532.94972278632
5345.27162629554,84176.38214951042
5345.299424481013,86262.7487754632
5345.327222811052,87894.5851303353
5345.355021285655,88433.76534491236
5345.382819904826,88544.73966095332
5345.410618668563,88785.28589301673
5345.438417576868,89673.14658877668
5345.466216629743,91337.5091958396
5345.494015827187,94090.3465818033
5345.521815169201,96724.31164110242
5345.549614655785,99607.30969722939
5345.577414286942,102341.91773172606
5345.605214062671,104462.89635427005
5345.633013982973,107332.70053960067
5345.66081404785,108181.01308179906
5345.688614257301,109178.1095573351
5345.716414611328,109279.13664404555
5345.744215109931,108346.94757869675
5345.772015753111,107425.3142917042
5345.799816540869,105466.33984458183
5345.8276174732055,103095.44073999047
5345.855418550121,100701.26489495579
5345.8832197716165,98533.99425131352
5345.911021137693,97425.92117324557
5345.938822648351,97344.97108625015
5345.966624303591,97724.41437828456
5345.994426103414,100224.21483828548
5346.022228047821,102005.58291080414
5346.050030136813,104229.88594702842
5346.07783237039,106574.53280627445
5346.105634748553,108607.79746586645
5346.133437271302,110218.34002853867
5346.1612399386395,111646.51491696882
5346.189042750565,113351.44272845413
5346.216845707079,114835.89110843824
5346.244648808183,115577.1026750159
5346.272452053879,116814.99392588396
5346.300255444165,117566.69722004318
5346.328058979043,118236.90692819262
5346.355862658514,118682.35264545839
5346.3836664825785,118950.17298158424
5346.411470451238,118819.90868668591
5346.439274564492,118768.73248055304
5346.467078822341,118848.35442911308
5346.494883224787,119234.86920115452
5346.522687771831,119182.72989164178
5346.550492463473,119082.81990046395
5346.578297299713,119336.32604234238
5346.606102280553,119264.73845206396
5346.633907405994,119471.44494187365
5346.661712676036,119500.86077459963
5346.689518090679,119442.53598605155
5346.717323649925,119461.07447124601
5346.745129353774,119880.24110906362
5346.772935202228,119888.95535481401
5346.800741195286,119781.83989660401
5346.82854733295,119335.57919010535
5346.85635361522,119617.94694121022
5346.8841600420965,119437.03013300274
5346.911966613582,119417.46734539486
5346.9397733296755,119093.18622831511
5346.967580190379,119124.31236976013
5346.995387195691,118824.6558393415
5347.023194345616,119078.1032406387
5347.051001640151,118972.3130789761
5347.078809079299,118409.11625202502
5347.10661666306,118201.34893847919
5347.1344243914355,118662.30538785686
5347.162232264424,119058.29872110761
5347.190040282029,119214.17045365763
5347.21784844425,118402.90746190998
5347.245656751088,118688.48477023643
5347.273465202544,118894.23344081144
5347.301273798617,118821.9258178027
5347.329082539311,118590.3348631336
5347.356891424623,118637.66722159412
5347.384700454557,118208.13879358038
5347.412509629112,117119.44331283512
5347.440318948289,115876.86182718293
5347.468128412089,114643.65876219406
5347.495938020512,112058.40047523522
5347.52374777356,109519.67458494518
5347.551557671233,105676.08012233496
5347.5793677135325,102000.10856983231
5347.607177900458,97776.71056719468
5347.634988232011,93858.60229995356
5347.662798708192,91570.97402043981
5347.690609329002,90115.2740322828
5347.718420094442,91033.71098568341
5347.746231004512,93124.5054597274
5347.774042059214,95255.87837024378
5347.8018532585465,98896.56572674663
5347.829664602512,102130.50289336803
5347.8574760911115,104783.96445808835
5347.885287724345,107076.2499940887
5347.913099502213,109939.12042167006
5347.940911424717,111946.79978963114
5347.968723491858,113455.41019995655
5347.996535703635,114547.16201922695
5348.024348060051,116183.81734522451
5348.052160561106,117231.0051710084
5348.079973206799,117844.97790246537
5348.107785997133,118253.02199865253
5348.135598932108,118363.44961656886
5348.163412011724,118296.87093942602
5348.191225235983,118897.74049960352
5348.219038604885,119126.8585988747
5348.246852118432,118935.55501384448
5348.274665776622,119368.16921889721
5348.302479579458,119661.40512097134
5348.330293526941,119608.69586619434
5348.35810761907,119210.39220428055
5348.385921855847,119394.7127250702
5348.413736237273,118579.429884856
5348.441550763348,118316.76516898006
5348.469365434073,118381.97934595076
5348.497180249448,117782.66322161276
5348.5249952094755,117226.28983932233
5348.552810314154,116225.30021431285
5348.580625563486,114515.12410076786
5348.608440957472,112778.62414508605
5348.636256496113,110415.57112572546
5348.664072179408,107766.93330100461
5348.69188800736,103591.04335627114
5348.719703979968,98959.55652082065
5348.747520097234,94872.22379429483
5348.775336359157,90076.26268116021
5348.80315276574,86950.01807008815
5348.830969316983,84786.52188257063
5348.858786012886,84753.39920528648
5348.886602853451,86740.11530861554
5348.9144198386775,88467.49322628786
5348.942236968567,91422.30432220433
5348.97005424312,93801.72620009941
5348.997871662337,95039.7982233337
5349.025689226219,96203.78603933276
5349.053506934767,96768.9850671593
5349.081324787981,97292.17074820455
5349.109142785863,98357.10591923294
5349.136960928412,99943.18874562709
5349.164779215631,101409.69410089382
5349.192597647519,103153.31831807278
5349.220416224077,104761.23277407636
5349.248234945306,105863.85948761409
5349.276053811207,106029.52351262786
5349.303872821781,106176.85231512452
5349.331691977027,105532.38692290251
5349.359511276948,104682.99411446825
5349.387330721544,103848.79137752735
5349.415150310815,102805.52718766955
5349.442970044763,102490.09944268558
5349.470789923387,102068.29672782039
5349.49860994669,102818.27256472534
5349.52643011467,103140.06378660607
5349.55425042733,103372.10686876644
5349.58207088467,103132.55225273813
5349.609891486692,103228.37713612095
5349.637712233394,102057.3274707577
5349.665533124779,101785.6071345573
5349.693354160847,101619.07052884692
5349.721175341599,102056.57463110567
5349.7489966670355,103622.22620345562
5349.7768181371575,104794.31035399968
5349.804639751965,106564.43781282163
5349.83246151146,109127.72448539932
5349.860283415642,110635.25093298446
5349.888105464513,112031.07198093415
5349.915927658072,113454.87729605929
5349.9437499963215,114868.78282190675
5349.971572479261,116117.61460150733
5349.999395106893,116450.97162186996
5350.027217879217,117031.149567382
5350.055040796233,117554.20298450034
5350.082863857943,117826.26299269416
5350.110687064347,118869.87363862387
5350.138510415447,118341.30982604968
5350.166333911242,118541.70698917448
5350.194157551734,118630.7727782548
5350.221981336923,118409.52390452875
5350.249805266811,118271.33315090802
5350.277629341396,118325.05707519942
5350.3054535606825,118330.08142529122
5350.333277924668,118145.97768101741
5350.361102433356,118419.08000001006
5350.388927086746,117789.42631184733
5350.416751884837,117967.06940830563
5350.444576827633,118080.96429588074
5350.472401915132,118230.10186080913
5350.500227147337,118605.45021643156
5350.528052524246,118790.74446441207
5350.555878045862,118988.30726567592
5350.583703712186,118339.79300916825
5350.6115295232175,119387.31948774005
5350.639355478957,119727.44224059313
5350.667181579407,120038.77063976557
5350.695007824566,119924.11369159573
5350.722834214437,119457.27871762021
5350.7506607490195,119937.8719825443
5350.778487428314,119611.77327532842
5350.8063142523215,119342.5156351642
5350.834141221043,120054.95360656572
5350.86196833448,120360.85131785249
5350.889795592631,120087.14487201208
5350.917622995499,120126.69835976402
5350.945450543084,120156.28454718518
5350.973278235387,120050.12979601034
5351.001106072408,119827.94475702742
5351.0289340541485,119794.4109807869
5351.0567621806085,119887.0257266762
5351.084590451789,119739.70165861405
5351.112418867691,119683.19416272291
5351.140247428316,118993.64612521151
5351.168076133664,119303.63725592109
5351.195904983734,119546.27111127749
5351.22373397853,119084.69273988038
5351.251563118051,118569.7114991253
5351.279392402298,118307.95967644497
5351.307221831271,117968.32341587626
5351.335051404973,117383.01668122473
5351.362881123401,116995.24762726942
5351.3907109865595,117001.72144833853
5351.4185409944475,116471.24142935043
5351.446371147065,116873.59962014525
5351.4742014444155,116764.18954795237
5351.502031886497,117534.61501474322
5351.529862473311,117919.6826144658
5351.557693204859,118406.61767633058
5351.585524081141,118053.15237933547
5351.6133551021585,118336.66490975313
5351.641186267911,119021.86000268756
5351.6690175784,118925.34512794824
5351.696849033627,119023.34166861998
5351.724680633592,119162.10213450294
5351.752512378294,119280.86372498824
5351.780344267738,119074.80019519669
5351.80817630192,119087.84925186819
5351.836008480845,119074.11541822655
5351.86384080451,119517.46979704851
5351.8916732729185,119480.67936861856
5351.9195058860705,119342.28715393937
5351.947338643966,119432.91079602769
5351.975171546606,119424.37622276798
5352.003004593993,119541.77012410281
5352.030837786125,119844.83516181572
5352.058671123004,119910.21553937727
5352.086504604631,120037.88008655353
5352.1143382310065,120660.20874247997
5352.142172002132,119686.18578855212
5352.170005918007,120537.58163896501
5352.197839978633,119845.99530232682
5352.22567418401,119357.95924943192
5352.25350853414,119537.24360867847
5352.2813430290225,119417.09136025478
5352.309177668659,119188.42692767893
5352.33701245305,118648.66117741099
5352.364847382197,118155.51185102061
5352.392682456099,118369.31175929864
5352.420517674758,117697.09134548393
5352.448353038175,117633.86398978668
5352.47618854635,116831.60873142835
5352.504024199285,115423.061001883
5352.531859996979,113918.37379248088
5352.559695939433,111963.97504749824
5352.58753202665,108717.7764135535
5352.615368258628,105726.21776015636
5352.643204635368,101733.51075334608
5352.671041156874,96610.0395914385
5352.6988778231425,92902.50572216744
5352.7267146341765,89374.24802897412
5352.7545515899765,87043.81696827212
5352.782388690543,85539.59344978824
5352.810225935877,85534.48644708023
5352.8380633259785,85716.70112416799
5352.86590086085,86910.1667448432
5352.893738540491,89226.81337816338
5352.921576364901,92048.20014714033
5352.9494143340835,95658.80785545165
5352.977252448037,99095.5255079017
5353.005090706763,102694.84496051059
5353.0329291102635,105906.72685721616
5353.060767658538,108612.1985863272
5353.088606351586,110935.81489665838
5353.116445189411,113404.2814241628
5353.144284172013,114758.4533767793
5353.1721232993905,116279.29134453431
5353.199962571546,117416.93850369645
5353.227801988482,118430.07501609721
5353.255641550196,118707.14086303582
5353.28348125669,119787.83004169443
5353.311321107965,120080.4281455463
5353.3391611040215,120667.35928143706
5353.367001244861,120365.70694247504
5353.394841530484,119867.45524216644
5353.42268196089,119741.51672945548
5353.450522536081,119832.50059188165
5353.4783632560575,119813.50543802153
5353.50620412082,120440.90266241574
5353.53404513037,120947.83832361487
5353.561886284708,120266.40660953187
5353.589727583833,119882.02908285974
5353.617569027748,119794.4868202296
5353.645410616453,119994.24331730735
5353.673252349949,120192.93540963196
5353.701094228236,120487.17276995747
5353.728936251315,120196.93192938743
5353.756778419187,120192.19978470347
5353.7846207318535,120490.62643820561
5353.812463189313,120491.81687805857
5353.840305791569,119877.24213689308
5353.868148538621,120052.37210117085
5353.89599143047,120060.21792537783
5353.923834467116,119993.87124369561
5353.95167764856,119705.56286841832
5353.979520974803,119464.20157980101
5354.007364445845,119550.06779988529
5354.0352080616885,119348.52592350777
5354.063051822333,118731.5679300022
5354.09089572778,118760.35426488513
5354.1187397780295,118679.5717723355
5354.146583973082,118714.42739892143
5354.174428312939,118701.02733617298
5354.202272797601,118681.69966758441
5354.230117427069,118560.96979654385
5354.257962201344,119123.67908710719
5354.2858071204255,119398.19566252417
5354.313652184315,119685.4312351238
5354.341497393013,119485.33506538357
5354.369342746521,119849.79900988925
5354.3971882448395,119777.26208090295
5354.425033887969,119424.82268393376
5354.4528796759105,119896.34867247374
5354.480725608663,119644.85322602198
5354.50857168623,119854.66355093365
5354.536417908612,120147.0148331913
5354.564264275808,119995.1104601535
5354.5921107878185,120336.54465347447
5354.619957444646,119975.42175503785
5354.647804246291,119501.82380762044
5354.675651192754,119403.41613278285
5354.703498284035,119845.92773148918
5354.731345520136,119317.0155270773
5354.759192901056,119752.1597679024
5354.787040426797,119559.06611220076
5354.81488809736,119310.9267565895
5354.842735912745,119300.26576610202
5354.870583872954,119452.83859949687
5354.898431977986,119312.36931002582
5354.926280227843,119898.82255922366
5354.954128622525,119877.74111837204
5354.981977162033,119627.38549594485
5355.009825846368,119427.4945668298
5355.037674675531,119521.6448538726
5355.065523649521,119181.20152941151
5355.093372768341,119440.30957114449
5355.121222031992,119743.44422638693
5355.149071440473,119877.12592860105
5355.176920993785,119134.6280724566
5355.204770691928,119360.93857023174
5355.232620534905,119868.73120747533
5355.260470522716,119993.2510854383
5355.2883206553615,119935.19963685572
5355.3161709328415,120015.78234858648
5355.344021355158,120213.44356039117
5355.37187192231,120117.29946538818
5355.3997226343,120092.44768526699
5355.427573491128,120275.94271076776
5355.455424492796,120322.57087124436
5355.4832756393025,120001.26681010095
5355.51112693065,120073.84132609188
5355.538978366838,119999.03780881176
5355.566829947868,119517.11869444165
5355.594681673741,119759.04977838685
5355.622533544458,120073.46922906413
5355.650385560019,120069.16406385103
5355.678237720424,119793.51701301451
5355.706090025675,119633.21967082481
5355.733942475772,119856.94857862752
5355.761795070717,119969.19463416323
5355.78964781051,119831.83242724411
5355.8175006951515,119425.59418723037
5355.845353724642,119881.98011217496
5355.873206898983,120239.99278226282
5355.901060218175,119519.65448204444
5355.928913682219,119427.22888889891
5355.956767291115,119638.96320908383
5355.984621044865,119837.8974457673
5356.012474943468,119597.07868638805
5356.040328986926,119813.3863006626
5356.06818317524,119387.50017736413
5356.09603750841,119433.20377180146
5356.123891986436,119667.51397401963
5356.151746609321,118721.62382194029
5356.1796013770645,118141.40475120196
5356.207456289667,117718.95004248491
5356.235311347129,117388.93389210933
5356.263166549452,116553.85452311709
5356.291021896636,115712.3786190045
5356.318877388683,115425.04015795534
5356.346733025593,114934.56040489595
5356.374588807366,114205.84575760688
5356.402444734004,113507.00114366219
5356.430300805508,112884.46014574323
5356.458157021877,111600.39583807802
5356.4860133831135,111040.84289206832
5356.513869889217,110033.5915824982
5356.541726540189,109444.43150029567
5356.5695833360305,109493.58237404776
5356.597440276741,109957.54391861479
5356.625297362322,110934.92556427603
5356.653154592775,111789.17089563303
5356.6810119680995,112604.84311022217
5356.708869488297,113845.09344226273
5356.736727153368,114801.86934756642
5356.764584963314,115424.00739474755
5356.792442918134,116195.0373761428
5356.82030101783,116816.84208430636
5356.848159262403,117727.63803850133
5356.876017651853,117997.9910882479
5356.903876186181,118710.41426477295
5356.9317348653885,118603.88287855068
5356.959593689475,119229.49439074975
5356.987452658442,119604.25968001201
5357.015311772289,119830.05253505953
5357.0431710310195,119831.45790054763
5357.071030434632,119922.60747833125
5357.098889983128,119531.45770546206
5357.126749676508,119758.42342007486
5357.154609514772,120124.11696946164
5357.182469497923,120376.41736041202
5357.21032962596,120015.97920319118
5357.238189898884,119536.23123428998
5357.266050316695,119456.82708034263
5357.293910879396,119330.9535146318
5357.321771586986,119349.78164858461
5357.3496324394655,118811.748786001
5357.377493436837,119428.9148818158
5357.405354579099,119376.08775611044
5357.433215866254,119102.7052376239
5357.4610772983015,118986.15749758022
5357.488938875244,118970.09827950955
5357.51680059708,119227.54056779148
5357.5446624638125,118911.74667740418
5357.57252447544,119071.9128101264
5357.600386631965,119356.16276429348
5357.628248933388,119365.54818519673
5357.656111379709,119712.38570496581
5357.683973970929,120200.1626093749
5357.71183670705,120105.96840399422
5357.73969958807,120244.99099660393
5357.767562613993,120298.78098809565
5357.795425784817,120253.24741705021
5357.823289100545,120230.02532111874
5357.851152561176,119413.9867450523
5357.879016166711,119745.78867063529
5357.906879917152,119657.60878753559
5357.934743812499,119749.87461125886
5357.962607852753,119482.67103907553
5357.990472037914,119618.53310634635
5358.018336367983,119796.21794039755
5358.04620084296,119557.71177221963
5358.074065462849,119687.52268318363
5358.101930227647,119814.49324948835
5358.129795137356,119160.93729295622
5358.157660191978,119139.11474972329
5358.185525391513,119221.60180264927
5358.21339073596,119346.07496434743
5358.241256225322,119361.36681943008
5358.269121859599,119127.32673503426
5358.296987638792,118849.79288808536
5358.324853562902,119465.39187750813
5358.352719631928,119105.06078839499
5358.380585845873,119152.70413143863
5358.408452204736,119448.35764591543
5358.436318708519,119368.42458078984
5358.464185357222,118962.27289766728
5358.492052150846,118819.80530459539
5358.519919089392,118849.54283968048
5358.5477861728605,118544.64628377659
5358.575653401253,118647.08946545102
5358.603520774568,118765.20824349855
5358.631388292809,118626.09624017219
5358.659255955975,118872.73361535383
5358.687123764067,118583.02983199479
5358.714991717087,118682.27318279246
5358.7428598150345,118561.99866200285
5358.770728057911,118904.01491596429
5358.798596445716,118973.67616312826
5358.8264649784505,119009.77178275523
5358.854333656117,119056.00534766298
5358.882202478715,118438.25553012328
5358.910071446245,119165.42513591144
5358.937940558708,119187.01990750997
5358.965809816105,118875.3321217771
5358.993679218436,118877.00360054919
5359.021548765703,118897.61665687733
5359.0494184579065,119018.23324791565
5359.077288295047,118887.9467435484
5359.105158277124,119057.04776191124
5359.13302840414,119207.32294156175
5359.160898676095,119303.27512609621
5359.18876909299,119504.57317617729
5359.2166396548255,119763.71535485894
5359.244510361602,119635.25077985221
5359.272381213321,119797.31026434383
5359.300252209983,119865.88335114112
5359.328123351588,119613.36967982727
5359.355994638138,119411.82094557895
5359.383866069634,118808.90195640449
5359.4117376460745,118947.52117152298
5359.439609367462,118918.96032958923
5359.467481233797,119007.52609765346
5359.495353245081,119000.337223571
5359.523225401313,118929.21983975932
5359.551097702494,118645.77428472076
5359.5789701486265,118806.06880923067
5359.60684273971,119104.66454705264
5359.634715475746,119004.45713994907
5359.662588356734,119189.10891886972
5359.690461382675,119467.34242379395
5359.7183345535705,118866.61240685098
5359.746207869422,119332.58130463507
5359.774081330228,119593.033056415
5359.801954935991,119139.36250877427
5359.82982868671,119210.97141900597
5359.857702582389,119542.30773124084
5359.885576623025,119786.8193181955
5359.913450808621,119947.05873652763
5359.941325139178,119602.14948238537
5359.969199614695,119928.18000268028
5359.997074235174,119532.86708043684
5360.024949000615,119201.5712663332
5360.052823911021,119475.99935528493
5360.080698966389,120091.95047126926
5360.108574166723,120350.67133166568
5360.1364495120215,120042.88147615979
5360.164325002287,119857.3491369992
5360.19220063752,119687.12362329823
5360.22007641772,120063.16859283314
5360.247952342888,119974.75595312876
5360.275828413026,120218.0689628826
5360.303704628134,119788.9812840544
5360.331580988212,119519.62697486766
5360.359457493263,119406.16884880254
5360.387334143285,119480.98253544922
5360.415210938281,119774.1140571172
5360.4430878782505,119041.92428391935
5360.470964963194,119065.62789651124
5360.498842193113,118608.8883099671
5360.526719568009,118139.42793793525
5360.554597087881,118343.21267665683
5360.58247475273,118014.34686993466
5360.610352562559,117151.1034997675
5360.638230517366,116634.49894984244
5360.6661086171525,115959.29274631385
5360.693986861919,114408.62529459313
5360.7218652516685,113599.34664864797
5360.749743786399,111985.23971081598
5360.777622466113,110835.58499396348
5360.805501290811,109218.68403243134
5360.833380260492,107818.81094584368
5360.861259375159,106947.27073336765
5360.889138634811,106073.07563724989
5360.91701803945,105508.31544029771
5360.944897589077,105323.67470897894
5360.972777283692,104890.24411877715
5361.000657123295,106420.73431297211
5361.028537107889,107233.2840192753
5361.0564172374725,108575.67098605259
5361.084297512047,110418.55248713239
5361.112177931614,111920.63327779589
5361.140058496173,112953.39359079645
5361.167939205726,114498.56919872196
5361.195820060272,115910.38207545925
5361.223701059815,116352.5929369787
5361.2515822043515,117216.94446320983
5361.2794634938855,117673.16910514719
5361.307344928417,118273.44359271714
5361.335226507946,118409.18749297614
5361.363108232473,118569.31127392934
5361.390990102,118651.73835948542
5361.418872116527,119016.350920379
5361.446754276056,119238.93130248127
5361.474636580585,119330.82410145547
5361.502519030118,119686.91228237703
5361.530401624653,119210.32713606687
5361.558284364192,119341.31714289573
5361.586167248737,119020.4776258962
5361.614050278286,118668.18862867844
5361.641933452842,119053.33951835749
5361.669816772405,118922.3809129524
5361.697700236976,118885.72083473849
5361.725583846554,118413.14815798249
5361.753467601143,117270.44366922989
5361.781351500741,116912.33712321093
5361.80923554535,115541.47694132665
5361.837119734971,114364.8956161464
5361.865004069603,112057.02621667097
5361.892888549249,109569.56976068074
5361.920773173909,106059.0610562054
5361.9486579435825,102055.41976706391
5361.976542858272,97105.07666354191
5362.004427917977,91533.83581772848
5362.0323131227,85838.78405613166
5362.060198472439,78843.8126031602
5362.088083967197,71992.55404800315
5362.1159696069735,65930.67505749354
5362.143855391771,59729.4666341191
5362.171741321588,54868.02255586133
5362.199627396427,51735.469778496954
5362.227513616287,50300.113315152565
5362.255399981171,50672.947605906935
5362.283286491078,52720.399676246474
5362.311173146009,56342.02498751535
5362.339059945965,61625.53232021142
5362.3669468909475,67598.1918765095
5362.394833980957,73974.8027708241
5362.422721215993,80316.56867115865
5362.450608596057,86615.76791773255
5362.47849612115,91960.24789753796
5362.506383791273,96667.84429933998
5362.534271606426,101259.84946907897
5362.56215956661,105252.10738816923
5362.590047671826,108323.197175238
5362.617935922074,111056.47292015851
5362.6458243173565,113353.75189749447
5362.673712857672,115137.22400939862
5362.701601543024,116203.67518041753
5362.72949037341,117002.794620939
5362.757379348834,117854.10637830313
5362.785268469293,118584.791718172
5362.813157734791,118962.03630209925
5362.841047145328,119215.87578420092
5362.868936700905,119591.79607292156
5362.89682640152,119773.6133857565
5362.9247162471775,119625.6928201555
5362.952606237876,120193.20508894359
5362.980496373618,119569.19827039786
5363.008386654402,119070.14597966368
5363.03627708023,118759.06897407585
5363.064167651104,119011.88501937971
5363.092058367022,119616.25531463021
5363.119949227987,119761.90157303517
5363.147840233998,119487.81146190074
5363.175731385058,119468.92842535794
5363.203622681165,119530.31128703368
5363.231514122323,119009.89702225167
5363.25940570853,118942.92223055844
5363.287297439787,118921.41011823897
5363.315189316097,118899.89528371512
5363.343081337458,119081.79845053282
5363.370973503872,118924.13280142542
5363.39886581534,118784.7539239219
5363.426758271862,118990.41892850335
5363.45465087344,118658.68130423936
5363.4825436200745,119382.14882353987
5363.510436511765,119043.96858711599
5363.538329548513,118547.37899113818
5363.566222730319,118954.83565376828
5363.594116057185,118775.08729246497
5363.62200952911,118427.80357279324
5363.649903146095,118326.36169857703
5363.677796908142,117937.38077639902
5363.705690815251,117716.56101284495
5363.733584867423,118266.88666360757
5363.7614790646585,118071.13061152054
5363.789373406958,117739.81683649326
5363.817267894322,117239.74220878608
5363.845162526753,116542.31552137731
5363.873057304249,115678.33797507435
5363.900952226814,114800.68288238597
5363.928847294446,113572.85860176166
5363.956742507147,111763.72582535064
5363.984637864918,109305.31949326985
5364.01253336776,106223.01878663705
5364.040429015672,103027.1431662023
5364.068324808656,98641.54369995763
5364.096220746713,92822.16603122027
5364.124116829842,87794.25761765408
5364.152013058047,82080.32373040395
5364.1799094313255,77297.3366086843
5364.20780594968,73592.83549364937
5364.235702613111,71479.53485115708
5364.263599421619,71927.95614984447
5364.291496375205,74261.42244802824
5364.319393473869,78189.14493852659
5364.347290717614,83043.97277582601
5364.375188106437,86779.59974424256
5364.403085640342,91225.15463803428
5364.430983319329,94698.59435203498
5364.458881143398,98246.82740125076
5364.486779112551,101318.96942578349
5364.514677226786,103422.60219161396
5364.542575486107,104734.0678438379
5364.570473890513,105203.54021878871
5364.598372440006,104816.55342403363
5364.626271134585,102775.5084847945
5364.654169974252,100920.39141612597
5364.682068959008,98030.87489399036
5364.709968088852,95025.1366710378
5364.737867363787,92653.32449298874
5364.765766783812,92115.55422995644
5364.793666348929,92931.1257361301
5364.821566059138,94671.99426239752
5364.84946591444,97379.59619609168
5364.8773659148355,100255.82335458975
5364.905266060326,103227.15663947424
5364.933166350911,106291.37375966004
5364.961066786592,108060.72345029867
5364.98896736737,110487.53442446339
5365.016868093246,112397.06079952102
5365.04476896422,113737.02239965691
5365.072669980292,115344.09685490823
5365.100571141465,116400.03329250602
5365.128472447738,116843.72016664445
5365.156373899112,117794.5106537429
5365.184275495589,118366.06672569957
5365.212177237167,118494.87026156292
5365.240079123851,118229.57882719119
5365.267981155637,118533.40814755505
5365.295883332529,118627.85167536463
5365.3237856545275,118670.38286651959
5365.351688121631,118917.61454608823
5365.379590733843,119371.03715574881
5365.407493491162,119513.06526210168
5365.435396393591,119183.18846290563
5365.4632994411295,118842.60740541261
5365.491202633778,118412.53644982215
5365.519105971537,118386.35890613084
5365.547009454409,118764.09769096131
5365.574913082392,118267.62887262508
5365.602816855489,117990.67297320996
5365.630720773701,118378.92235375836
5365.658624837027,117873.69468936896
5365.686529045469,117916.379820071
5365.714433399027,118725.21251554442
5365.742337897703,118413.25316378407
5365.7702425414955,118364.02927873153
5365.798147330407,118076.5835470841
5365.826052264439,117980.7776623118
5365.85395734359,118171.79924465764
5365.881862567862,118368.57114900608
5365.909767937255,118372.03521126912
5365.937673451772,118469.89698101988
5365.965579111411,118502.46770657494
5365.993484916175,118698.66973366597
5366.021390866063,119050.8427786427
5366.049296961076,118918.1180196965
5366.0772032012155,118511.69544686789
5366.105109586481,118029.57585711792
5366.133016116876,118901.79870923898
5366.160922792398,118943.9609826642
5366.18882961305,118461.20506866799
5366.216736578832,118489.07368746113
5366.244643689744,118388.70529297531
5366.272550945788,118308.93804703778
5366.300458346965,118282.26692103532
5366.328365893273,117675.32259668213
5366.356273584716,117214.40875176486
5366.384181421293,117599.21986115252
5366.412089403006,116759.03978640227
5366.439997529854,116160.13324647998
5366.467905801839,115421.07338542078
5366.495814218962,113972.13128966233
5366.523722781223,112524.52719554136
5366.551631488623,110817.23921293723
5366.579540341162,108219.9091196283
5366.607449338842,104797.8245580947
5366.635358481664,100890.37471777874
5366.663267769627,96278.32263520847
5366.691177202733,90608.22790682259
5366.719086780983,85230.87389071823
5366.746996504377,79364.72739156727
5366.774906372916,74099.33591911643
5366.802816386601,70521.79596453645
5366.830726545433,68935.57855310156
5366.858636849412,69712.89049275761
5366.886547298538,71903.54177683634
5366.914457892814,75216.07935111858
5366.942368632239,80077.43215989249
5366.970279516815,85186.19763130996
5366.998190546541,89715.84533835854
5367.02610172142,94074.27403729863
5367.054013041451,98774.44204348187
5367.081924506635,102555.49631091728
5367.109836116973,105519.34967631723
5367.137747872467,108593.2251156954
5367.165659773116,111228.18014071477
5367.193571818922,112793.95818063803
5367.221484009883,114055.61139929318
5367.249396346004,115376.26344472237
5367.2773088272825,116054.10128209632
5367.305221453721,116519.8221782041
5367.33313422532,116711.0388815938
5367.361047142079,116649.00128355868
5367.388960204,117120.6114868914
5367.416873411083,117513.15492506941
5367.44478676333,117286.6709540201
5367.47270026074,117146.3625485324
5367.500613903315,117299.10274583873
5367.528527691055,117495.57853392775
5367.556441623962,117531.03960925806
5367.584355702036,117048.01430726083
5367.612269925277,116627.78034154198
5367.6401842936875,117013.35604830756
5367.668098807266,117081.67634932435
5367.696013466015,116721.92071206379
5367.723928269935,116553.1129541205
5367.751843219025,116550.47077318604
5367.779758313289,116629.24283974484
5367.807673552726,117051.32297446913
5367.835588937335,117220.80690897317
5367.86350446712,116845.56349330334
5367.891420142079,116786.92067288073
5367.919335962215,116854.58747002111
5367.947251927528,117392.5172040696
5367.975168038018,117011.27254472447
5368.003084293686,118069.3762035698
5368.031000694533,117955.3208558967
5368.05891724056,117768.73066212343
5368.086833931768,117988.33054732933
5368.114750768156,118504.69079112748
5368.1426677497275,118476.02615448908
5368.1705848764805,118093.99445466869
5368.198502148418,118558.34229125209
5368.22641956554,118699.57775641412
5368.254337127846,118214.04465542246
5368.282254835338,118253.47502033501
5368.310172688017,118201.95265471788
5368.338090685883,117692.23291594457
5368.366008828938,117492.33848346434
5368.39392711718,117776.4617136185
5368.421845550613,117782.98404493825
5368.449764129236,117312.58270124486
5368.47768285305,117000.02887040956
5368.505601722057,116659.18056372853
5368.533520736255,115317.78574701952
5368.561439895647,113516.14815616944
5368.589359200233,112361.98013965397
5368.617278650014,110783.90551270085
5368.64519824499,108325.41333684562
5368.673117985163,106301.3917271682
5368.701037870534,104948.4212442928
5368.728957901101,104196.70503467938
5368.756878076868,103695.12787336565
5368.784798397834,103959.47169011465
5368.812718864,104970.462726446
5368.8406394753665,105050.54914777796
5368.868560231936,104365.18029325687
5368.896481133706,103980.64605129452
5368.924402180681,103431.47057113421
5368.952323372859,103042.0891501114
5368.980244710242,102927.09491066053
5369.00816619283,102744.75524286731
5369.036087820625,101851.16340289805
5369.064009593626,100401.01954886019
5369.091931511835,98367.36792022576
5369.119853575253,95625.93046704955
5369.14777578388,92003.04937353887
5369.175698137717,87078.74573434604
5369.203620636764,82185.97454348592
5369.231543281023,76608.28499723753
5369.259466070494,71610.40644342104
5369.287389005179,67655.65563266214
5369.315312085077,65401.68439239651
5369.343235310189,65051.74023790659
5369.371158680517,66977.14923406512
5369.399082196061,70462.83348205469
5369.427005856822,74660.68005620006
5369.454929662799,79304.3346366402
5369.482853613996,84127.45127347231
5369.510777710411,89192.38562201068
5369.538701952046,93689.83605109598
5369.566626338902,97199.94745421925
5369.594550870979,100579.42374292108
5369.622475548278,103703.53170811979
5369.6504003708,105845.35007904968
5369.678325338546,108313.74890935617
5369.706250451515,110133.61779022485
5369.73417570971,111526.72580693367
5369.7621011131305,113139.19698896402
5369.790026661778,114070.6918268692
5369.817952355652,114789.29129521186
5369.845878194755,115648.83646219288
5369.873804179087,116754.62346482568
5369.9017303086475,116691.79552599993
5369.929656583439,117300.12238031886
5369.957583003462,117694.60879686655
5369.985509568716,117751.62188114396
5370.013436279203,117743.6802802805
5370.041363134924,117995.15882964205
5370.069290135878,117963.80011436727
5370.0972172820675,117805.15848454415
5370.125144573493,118220.91645049558
5370.153072010155,118369.02438319876
5370.180999592053,118320.15705131477
5370.20892731919,118559.09174840529
5370.236855191565,118483.7480735212
5370.26478320918,118082.39120379473
5370.292711372035,117978.0795736775
5370.320639680131,118048.91807662678
5370.348568133469,117850.9265736459
5370.3764967320485,117136.96483004652
5370.404425475872,116153.61498453195
5370.432354364939,115178.420997917
5370.46028339925,113814.52330109543
5370.488212578808,111444.70094388023
5370.516141903611,108318.36931307464
5370.544071373662,105135.58745501663
5370.57200098896,101233.86905085029
5370.599930749507,95730.28347945459
5370.627860655303,89655.07273785083
5370.655790706349,82951.76216787986
5370.683720902645,76009.13494998173
5370.7116512441935,68842.30680269445
5370.739581730994,61930.89227956474
5370.767512363048,56019.93890989058
5370.795443140355,51026.17288186328
5370.8233740629175,47408.72546792264
5370.8513051307345,46139.77235239262
5370.879236343808,46251.94999721722
5370.9071677021375,48279.033268340565
5370.935099205725,52079.815724528315
5370.963030854571,57420.90825896832
5370.990962648676,63530.81409052137
5371.01889458804,70329.89610753806
5371.046826672666,76981.30448535936
5371.074758902552,82732.28357202007
5371.102691277701,88224.24636394126
5371.1306237981125,93689.5859762929
5371.158556463788,97999.65529025608
5371.186489274727,101080.16111703271
5371.214422230932,103672.0031606331
5371.242355332402,105366.55056874064
5371.27028857914,107126.59312695393
5371.298221971144,108805.68867177807
5371.326155508416,110388.36689457747
5371.354089190958,111870.79443932323
5371.382023018769,113290.59523301428
5371.409956991851,114379.67438801512
5371.437891110203,115181.52425463134
5371.465825373828,115726.09107462414
5371.493759782726,116094.57871197254
5371.521694336896,117306.42230310079
5371.549629036341,117038.76502688817
5371.57756388106,117351.37747886905
5371.605498871056,118223.43380618791
5371.633434006328,118222.56838475054
5371.661369286877,118143.77897796
5371.689304712704,118628.05182213758
5371.71724028381,118387.15552015598
5371.745176000195,118291.95957663239
5371.77311186186,118273.40510298984
5371.801047868807,117666.70172219368
5371.828984021035,117869.69951419083
5371.856920318545,117489.20638890372
5371.8848567613395,117003.10081158056
5371.912793349417,117294.58569850467
5371.94073008278,116266.66906325551
5371.9686669614275,116155.97100307036
5371.9966039853625,116302.09593176667
5372.024541154584,116348.31342345517
5372.052478469092,116414.27894406264
5372.08041592889,117149.72942230864
5372.108353533978,117514.96702477928
5372.136291284354,117246.00427007528
5372.164229180023,117657.35516335563
5372.192167220982,117849.79767147772
5372.220105407233,117888.87314538087
5372.248043738778,118799.43030869645
5372.275982215617,118805.76550162837
5372.3039208377495,118517.25466304894
5372.331859605178,118908.26277354933
5372.359798517902,118776.15499005
5372.387737575924,118736.17131382317
5372.415676779243,119152.73864628923
5372.44361612786,119082.43391411734
5372.471555621777,118748.3230560129
5372.499495260993,118815.86724954193
5372.52743504551,118815.45620787005
5372.555374975328,118908.228142733
5372.583315050449,118813.23792416639
5372.611255270872,118587.9262463408
5372.639195636599,118696.42866981047
5372.66713614763,118435.50262153728
5372.695076803967,118644.10363657933
5372.723017605609,118580.52671544543
5372.750958552558,118433.96153465137
5372.778899644814,117793.33652859132
5372.806840882379,116954.80598640053
5372.834782265253,116140.79012323293
5372.862723793436,114799.12770026455
5372.89066546693,113435.01744985895
5372.918607285735,111718.01090655968
5372.946549249851,108858.7300471582
5372.974491359281,106806.60844472186
5373.002433614024,103489.64825786365
5373.030376014081,100685.28592613366
5373.058318559453,99046.03216123844
5373.086261250141,98652.30061115243
5373.114204086146,99338.12404660851
5373.142147067468,100980.05859699167
5373.170090194108,102893.36695401596
5373.198033466066,104832.68172733232
5373.225976883344,107162.94721119037
5373.253920445942,109486.21789578824
5373.2818641538615,111520.91910182874
5373.309808007102,112655.69785887872
5373.337752005666,113771.12729267163
5373.365696149553,115252.1341517055
5373.393640438763,115985.29698429702
5373.421584873299,116513.5142897081
5373.449529453161,116825.2961956633
5373.477474178348,117217.20290120787
5373.505419048863,117908.94294835377
5373.533364064705,117985.153993166
5373.561309225876,117664.71139447685
5373.589254532377,117911.23410808446
5373.617199984207,117943.61241236272
5373.6451455813685,118070.50527164132
5373.673091323862,118195.74388280656
5373.7010372116865,117693.9214692515
5373.728983244845,117866.35727612236
5373.756929423337,118147.77462017839
5373.784875747164,118059.12804396306
5373.812822216326,117906.75057768283
5373.840768830824,118263.96355056993
5373.86871559066,118246.91012344233
5373.896662495833,118156.89306068383
5373.924609546344,118388.8528389369
5373.952556742195,118325.09772382647
5373.980504083385,118648.77702897265
5374.008451569916,118844.68070452785
5374.036399201789,118266.37056401379
5374.064346979004,118154.99852724266
5374.092294901561,118135.69790231263
5374.120242969462,118334.06129766954
5374.148191182709,118561.03973567738
5374.1761395413,118629.49998706245
5374.204088045236,118671.625115064
5374.23203669452,118622.10547125981
5374.259985489151,118396.90079580552
5374.2879344291305,118390.13927943815
5374.315883514459,118431.72439025443
5374.343832745137,118177.61578634866
5374.371782121166,118359.2467575679
5374.399731642546,117989.9406392313
5374.427681309277,118333.14602293701
5374.455631121362,118051.69930429095
5374.4835810788,117589.05246676867
5374.5115311815925,117777.29035084443
5374.539481429741,117875.40877407487
5374.567431823243,117568.07162788257
5374.595382362103,117524.47930008924
5374.62333304632,117392.54504670619
5374.651283875895,117516.28638590084
5374.67923485083,117856.32222648434
5374.707185971123,117614.9027647994
5374.7351372367775,117935.22163072947
5374.763088647792,117781.77635315662
5374.791040204169,118028.26617409334
5374.818991905909,118136.75696686526
5374.846943753011,117997.25420259069
5374.874895745478,117667.05775521089
5374.90284788331,117951.21567522443
5374.930800166507,117974.55810109046
5374.958752595071,117471.53775280302
5374.986705169002,117454.92241324573
5375.0146578883005,117377.16691467275
5375.042610752967,116982.52989780501
5375.070563763004,116523.35370010455
5375.098516918411,115450.30385221241
5375.126470219189,115096.62419553295
5375.154423665339,114364.98287470991
5375.1823772568605,114248.4740766049
5375.210330993756,113816.27981489105
5375.238284876025,113449.59079723342
5375.266238903669,113861.61378737402
5375.294193076687,114324.66388771443
5375.322147395083,114923.39401274233
5375.350101858856,115533.0531120196
5375.3780564680055,115716.07305719037
5375.406011222534,116056.53920059359
5375.433966122442,116483.88141430693
5375.46192116773,116613.7315176777
5375.489876358398,117149.67666346495
5375.517831694448,117068.91521487666
5375.54578717588,117102.6776449996
5375.573742802695,117424.4667347956
5375.601698574895,117535.14702327884
5375.629654492478,117757.4997489836
5375.657610555447,117930.85867137607
5375.685566763801,117791.75929820877
5375.713523117543,117496.6031297467
5375.741479616672,117191.25461598413
5375.769436261189,116954.7618326047
5375.797393051096,116850.51758579734
5375.825349986392,116831.95071224617
5375.853307067079,116907.28959654679
5375.881264293157,116978.58584573522
5375.909221664628,116830.71683156572
5375.937179181491,117214.41851230607
5375.965136843747,116951.58456384751
5375.993094651399,117197.71404200491
5376.021052604445,117111.34273290163
5376.049010702886,117020.59706619996
5376.076968946725,116679.77944896142
5376.104927335961,116589.22174916403
5376.132885870596,116528.10792370883
5376.160844550628,115767.56169824253
5376.188803376061,115376.06613765654
5376.216762346894,115740.52927514157
5376.244721463128,115582.92398074837
5376.2726807247645,115279.21460208223
5376.300640131803,115056.53277104614
5376.328599684245,114709.95640823152
5376.356559382091,114974.59028162176
5376.384519225343,114915.7594423935
5376.412479214,114241.60088700449
5376.440439348064,114591.18087457164
5376.468399627534,115029.16949889531
5376.4963600524125,115321.0705197331
5376.5243206227,115412.88710035435
5376.552281338397,115710.60546482215
5376.580242199504,116183.85607154047
5376.608203206022,116538.21410647701
5376.636164357951,116905.17912359932
5376.664125655294,117104.64686113913
5376.692087098049,117063.45573359448
5376.720048686218,116817.81333469847
5376.748010419803,116809.92519342402
5376.775972298803,116136.16076357474
5376.8039343232185,115740.13454000713
5376.831896493052,115174.27250013943
5376.859858808302,114601.05964530955
5376.887821268972,113513.1316286989
5376.915783875061,112077.08698335354
5376.94374662657,110926.02919719064
5376.971709523499,110152.21865366248
5376.99967256585,110037.63682530778
5377.027635753624,110510.80976373296
5377.055599086821,111085.51641572085
5377.083562565441,111852.75495566166
5377.111526189486,111948.01966878228
5377.139489958956,112612.57145579768
5377.1674538738525,113995.2907328286
5377.195417934176,114317.6142912717
5377.223382139927,114413.21573847707
5377.251346491106,115346.13425209251
5377.279310987715,115405.48028455429
5377.307275629753,115344.95017643696
5377.335240417222,115898.74661390732
5377.363205350122,116129.36819249712
5377.391170428455,116109.88855388857
5377.419135652221,116218.45760420439
5377.447101021419,116015.48436194363
5377.475066536053,116006.56912001682
5377.503032196122,116543.72382834546
5377.530998001626,116741.69503071472
5377.558963952568,116669.19614074266
5377.586930048947,116426.24813470453
5377.614896290764,116193.48338413278
5377.64286267802,116329.10370738988
5377.670829210716,116570.65053927146
5377.698795888852,116587.42412549119
5377.726762712429,117101.13495576801
5377.754729681449,117471.26710133701
5377.782696795911,117592.38657915844
5377.810664055817,117835.67281547637
5377.838631461167,117990.04415756451
5377.866599011962,118032.06809895312
5377.894566708203,117942.31479481935
5377.92253454989,117896.58058066719
5377.9505025370245,118389.09533386052
5377.978470669607,118515.75998522245
5378.006438947638,118609.33070351466
5378.034407371119,118725.36129839378
5378.0623759400505,118469.15322348839
5378.090344654433,118689.35236577688
5378.118313514267,118705.10160478404
5378.146282519554,118484.07182917662
5378.174251670294,118412.69242252964
5378.202220966488,118496.08910049984
5378.230190408137,118453.14724468799
5378.258159995242,118428.22039130663
5378.286129727803,118324.04429540045
5378.314099605821,117970.9514346989
5378.342069629297,118099.80224811948
5378.370039798231,117726.92833620633
5378.398010112625,117154.98978786032
5378.42598057248,116737.87415031227
5378.453951177795,116166.039236389
5378.481921928572,116112.45255289481
5378.509892824811,115810.76312879495
5378.537863866513,115484.81934450624
5378.56583505368,115443.78387531177
5378.5938063863105,115624.36723041821
5378.621777864407,115620.81316624358
5378.649749487969,115533.44827416928
5378.677721256999,115556.06001099701
5378.705693171496,115033.33475965164
5378.733665231462,113988.82084724287
5378.761637436896,113174.50420757358
5378.789609787801,111639.63556523592
5378.817582284177,109860.93503686333
5378.845554926024,107128.87073206749
5378.873527713344,105025.60907340492
5378.901500646136,102974.79600535
5378.929473724402,102008.41935921824
5378.957446948142,101979.70868104804
5378.985420317358,102902.73568050546
5379.0133938320505,104357.70677445272
5379.041367492219,106072.78432074077
5379.069341297865,107971.59809012868
5379.09731524899,109491.9652432749
5379.125289345594,110738.71953686902
5379.153263587677,111944.59511635914
5379.181237975241,112984.50437242437
5379.209212508286,114566.2587420373
5379.237187186814,115060.15763770296
5379.2651620108245,115238.69139255327
5379.293136980318,115710.12704262244
5379.3211120952965,115536.80297037272
5379.349087355759,115574.98320096517
5379.377062761709,115297.83059757132
5379.405038313145,114819.9585427486
5379.433014010068,113709.2045269203
5379.4609898524795,112370.13193584046
5379.48896584038,110879.5274522649
5379.5169419737695,108478.04534709126
5379.54491825265,105426.54704895084
5379.572894677021,101797.33495335391
5379.600871246885,97566.55465308086
5379.628847962241,94129.60164180504
5379.656824823091,91295.14144161422
5379.684801829434,89288.53295091203
5379.712778981273,89306.98177667859
5379.7407562786075,90198.77496106362
5379.768733721438,92269.29628166089
5379.796711309766,94890.57483744406
5379.824689043592,97564.91917212974
5379.852666922917,100206.99645244412
5379.880644947741,102882.20959436939
5379.908623118065,105132.60690384606
5379.936601433891,106664.2530169061
5379.964579895218,108199.42228742939
5379.992558502048,109106.29020882622
5380.0205372543805,108594.62468249034
5380.048516152217,107753.50553789169
5380.07649519556,106751.97352456905
5380.104474384407,104792.31743400887
5380.132453718761,102043.98655706516
5380.160433198622,99162.30396059992
5380.18841282399,94812.18961134137
5380.216392594867,89923.64451798068
5380.2443725112535,84327.63149458024
5380.27235257315,78115.61801250835
5380.300332780557,72224.32571588045
5380.3283131334765,67350.09840302232
5380.356293631908,64400.99468256423
5380.384274275852,63026.04289610903
5380.41225506531,63353.24426008603
5380.440236000283,66031.33474805208
5380.468217080771,69924.65610692439
5380.496198306775,74112.98716814083
5380.524179678297,79312.43313191309
5380.552161195335,84908.89010258282
5380.580142857893,89927.88333272231
5380.60812466597,94515.60435782371
5380.636106619566,98571.01658003866
5380.664088718683,102420.96622471862
5380.692070963321,105448.04755353068
5380.720053353482,108487.21478171181
5380.748035889166,110957.34949818102
5380.776018570373,112713.11766224174
5380.804001397105,114421.26200225881
5380.831984369362,115848.67211898982
5380.859967487145,116509.22287311264
5380.887950750454,117049.61004140963
5380.915934159292,117607.03641255778
5380.943917713657,117858.57386878588
5380.971901413552,117914.4852799159
5380.999885258976,117591.76956393759
5381.0278692499305,117372.41063613172
5381.055853386417,117451.20033482951
5381.083837668435,116667.45357673719
5381.111822095985,116738.48739713276
5381.13980666907,116548.33799703317
5381.167791387688,116921.59590704937
5381.195776251842,116364.5118456828
5381.223761261532,115967.49005600983
5381.251746416758,116139.42697367308
5381.279731717521,116331.60815097649
5381.307717163822,116149.37450653806
5381.335702755663,116289.50993461616
5381.363688493043,116527.21784377715
5381.391674375963,116405.48421074466
5381.419660404425,116376.54012142481
5381.447646578428,116336.11698967507
5381.475632897974,115802.37205828131
5381.503619363063,115129.69831275004
5381.531605973696,114717.10270813601
5381.559592729875,113875.52419086575
5381.587579631599,112822.06650144471
5381.615566678869,111277.9144682605
5381.643553871686,111188.73776543251
5381.671541210052,110940.79866014626
5381.6995286939655,110945.16700549447
5381.72751632343,111314.54194026184
5381.755504098443,111649.70982036817
5381.783492019008,111946.52358280365
5381.8114800851245,112172.7037326673
5381.839468296793,112557.0887609657
5381.867456654015,113456.8723449979
5381.8954451567915,114144.18617252076
5381.923433805122,114633.09854649926
5381.951422599009,115653.14266658641
5381.979411538451,116397.3115871854
5382.00740062345,117102.45575090569
5382.035389854008,117247.85359104736
5382.063379230123,116921.37691010453
5382.091368751799,117130.81259468038
5382.119358419034,116956.38402907114
5382.14734823183,117374.64564050683
5382.175338190187,117428.22882260129
5382.2033282941065,117336.43055552557
5382.23131854359,116794.59907323263
5382.259308938636,116621.0709063808
5382.287299479248,116127.79747904224
5382.315290165424,115221.62462793473
5382.343280997166,114200.48285706181
5382.371271974476,112565.6487637319
5382.3992630973535,110808.31174271888
5382.427254365799,109201.16768606762
5382.455245779814,106694.21837133948
5382.483237339397,103504.18138019278
5382.511229044553,99844.14305262157
5382.539220895279,95342.53318425168
5382.567212891578,89926.43612496305
5382.595205033449,84291.78056332695
5382.623197320894,77941.47977380833
5382.651189753914,72065.0996429504
5382.679182332509,67423.05632652345
5382.707175056679,64194.16911859752
5382.735167926427,62566.392247654985
5382.763160941752,63243.540079292696
5382.791154102655,65787.54898228365
5382.819147409136,69789.44021031464
5382.847140861199,74692.77216580532
5382.875134458841,79762.51443277116
5382.903128202064,85038.56056939295
5382.931122090869,90459.35281507934
5382.959116125257,95221.45786705714
5382.987110305229,99385.23808425239
5383.015104630785,103469.7207042759
5383.043099101926,106429.96916842122
5383.071093718652,109165.38925044729
5383.099088480966,111155.5274040328
5383.127083388867,112964.70538935713
5383.155078442355,114364.27794239872
5383.183073641432,115313.10636040078
5383.211068986099,115952.29001076952
5383.239064476356,116685.3452378744
5383.2670601122045,117068.63671222309
5383.2950558936445,117045.8551280576
5383.323051820677,117271.90942204521
5383.351047893304,117286.05840222351
5383.379044111523,117431.42840703439
5383.407040475338,117675.39161264467
5383.43503698475,117733.48270479507
5383.463033639757,117670.56943817074
5383.49103044036,117389.07549450027
5383.519027386563,117972.69632316353
5383.547024478363,117902.37141227681
5383.575021715763,118245.8343603889
5383.603019098763,117798.37100534725
5383.631016627364,117616.83352670113
5383.659014301567,117884.24396944501
5383.687012121372,118105.23145173301
5383.715010086781,118165.46779679086
5383.743008197794,118375.31492700521
5383.771006454411,118209.32782196911
5383.7990048566335,117838.66574379912
5383.827003404462,117437.31220124601
5383.855002097897,117613.92261110831
5383.883000936941,117881.0393356904
5383.9109999215925,118039.23998718645
5383.938999051854,118063.50147552196
5383.966998327725,117667.43680686285
5383.994997749207,117319.18696215405
5384.0229973163005,117279.3309011836
5384.050997029007,117187.99924220565
5384.078996887325,116744.90720319553
5384.106996891258,116648.1579011108
5384.134997040805,115683.04775910541
5384.162997335968,115298.11417557271
5384.1909977767455,114988.18288715812
5384.2189983631415,114458.86841045892
5384.246999095154,114370.00521948455
5384.274999972785,114950.88085796067
5384.303000996036,114894.43463777778
5384.331002164906,115784.83042132862
5384.359003479396,115950.84300952553
5384.387004939508,116173.36854641905
5384.415006545243,116590.0789987535
5384.4430082966,116722.59733609803
5384.471010193581,117100.16756688853
5384.499012236186,117304.6352020551
5384.527014424416,117412.71535572247
5384.555016758272,117719.44346089136
5384.583019237755,117532.54596503779
5384.6110218628655,117696.45481980317
5384.639024633604,117795.48425121118
5384.667027549971,117395.57327494363
5384.695030611968,118115.32651142783
5384.723033819596,117995.38237440053
5384.751037172854,117341.30940432553
5384.779040671745,117289.26849401536
5384.807044316269,117451.54433336505
5384.835048106425,117833.14465018132
5384.863052042217,117669.59485945976
5384.891056123643,117555.01950791014
5384.919060350705,117425.18821233443
5384.947064723403,117462.3178253449
5384.975069241738,117244.98613462177
5385.003073905712,117086.41343100516
5385.031078715325,117049.02835572854
5385.059083670577,116902.85256110977
5385.087088771469,116835.51877100766
5385.115094018002,116282.49108994145
5385.1430994101775,115630.10756086526
5385.171104947995,115745.48925469787
5385.199110631456,115511.77574538265
5385.227116460562,115157.00104180063
5385.255122435311,114553.07516266826
5385.283128555707,114851.59193389988
5385.311134821749,114937.37713966757
5385.339141233438,115468.71332796114
5385.367147790775,115765.45579020251
5385.39515449376,115866.21481617454
5385.423161342395,115923.25655165067
5385.45116833668,115827.88935681296
5385.479175476617,115772.00335802762
5385.507182762204,115761.80661840172
5385.535190193444,115269.7932175048
5385.563197770337,114755.07048959144
5385.591205492884,113857.49351923494
5385.619213361086,112953.48615097343
5385.647221374943,112363.74852035483
5385.675229534457,111726.00940803616
5385.703237839627,111564.44339629872
5385.731246290456,111666.36975886262
5385.759254886942,112187.41067392689
5385.787263629088,112540.08763151072
5385.815272516894,113273.04586757024
5385.84328155036,114083.30600718281
5385.8712907294885,114532.83097967693
5385.899300054279,115251.35996058892
5385.927309524732,115405.86921322015
5385.9553191408495,115426.44846397113
5385.983328902631,116017.03924358413
5386.011338810078,115894.80277864046
5386.039348863191,115899.834028096
5386.067359061971,115373.84667494315
5386.095369406418,115194.95352469981
5386.123379896534,115071.16754840376
5386.151390532319,114606.05645938103
5386.179401313773,113937.61309464794
5386.2074122408985,113589.72269556203
5386.235423313695,113236.37048587254
5386.263434532164,112202.18848223884
5386.291445896305,111218.28907446326
5386.319457406121,110839.6439513543
5386.34746906161,110688.48162734704
5386.375480862775,110419.15912653712
5386.403492809615,110463.18282555504
5386.4315049021325,110544.68050193595
5386.459517140327,111363.27797703078
5386.4875295242,112271.22389581904
5386.515542053752,112816.312787869
5386.5435547289835,114020.50872076963
5386.571567549895,114585.25490014948
5386.5995805164885,114674.01525492998
5386.627593628764,115065.16573615429
5386.655606886721,115715.21707417889
5386.683620290362,115526.80169036031
5386.711633839688,115441.34995654874
5386.739647534699,114928.4546724995
5386.767661375395,114584.91264625169
5386.795675361777,114305.8992581472
5386.823689493847,113970.1243424655
5386.851703771606,113556.38461879962
5386.879718195052,113165.52992896704
5386.907732764189,113319.34690241994
5386.935747479015,113375.9285446452
5386.963762339533,113814.24216942402
5386.991777345743,114640.93054313432
5387.019792497645,114925.96341166577
5387.047807795239,115146.9137718621
5387.075823238529,115952.7758810746
5387.103838827514,116545.01636905987
5387.131854562193,116394.05892172393
5387.15987044257,117048.40888620354
5387.187886468643,117299.38250677528
5387.215902640414,117090.0295595195
5387.243918957884,117411.31820224368
5387.271935421053,117245.33178877748
5387.299952029923,117500.4488024783
5387.327968784492,117576.20696101931
5387.355985684765,117080.23885622143
5387.384002730739,117002.47454358707
5387.412019922417,117028.50630128203
5387.440037259798,117033.56913615447
5387.468054742884,117195.41088646448
5387.496072371676,117319.44423040329
5387.524090146174,117133.5802722439
5387.552108066378,116824.9373579202
5387.580126132291,117041.66131121888
5387.608144343912,117154.02634854589
5387.636162701242,116768.93889807203
5387.664181204283,116527.5381168566
5387.692199853033,116399.7264744104
5387.720218647496,116742.5265701538
5387.748237587671,116417.15381902974
5387.776256673558,116469.5475121925
5387.80427590516,116154.31264429497
5387.832295282476,116488.64951535547
5387.860314805507,116391.56730604789
5387.888334474254,116900.32768956538
5387.916354288719,116625.26543490757
5387.9443742489,117186.66464664372
5387.972394354801,117768.18033477674
5388.000414606419,117574.00607032783
5388.028435003759,117526.191066164
5388.056455546818,117871.07581381811
5388.084476235599,117713.13448224419
5388.112497070103,117519.37952150003
5388.140518050329,117529.67626054992
5388.1685391762785,117405.64569821028
5388.196560447952,117585.54876987275
5388.224581865352,117623.5604136717
5388.2526034284765,117622.46419555473
5388.280625137329,118144.25327218967
5388.308646991907,117968.97485619684
5388.336668992215,117899.46717659452
5388.364691138251,117371.78093629335
5388.3927134300175,117209.48231673377
5388.420735867514,116840.73158718307
5388.4487584507415,116964.41572707026
5388.476781179701,115766.73252884299
5388.504804054393,115914.19635930813
5388.53282707482,114839.62826152761
5388.56085024098,114436.02515120232
5388.588873552874,112905.50642145803
5388.616897010505,111398.02483229371
5388.644920613872,109548.69848575244
5388.672944362977,106476.17548410164
5388.70096825782,102915.44432374596
5388.728992298402,99282.66380634966
5388.757016484723,95260.5356865278
5388.785040816784,91092.49407447055
5388.8130652945865,87970.24151528135
5388.841089918131,86546.34892324828
5388.869114687417,86927.5324326847
5388.897139602447,88700.22050645326
5388.925164663222,91231.82461481696
5388.9531898697405,94345.94849260317
5388.981215222006,97438.51552414006
5389.009240720016,100514.79691469591
5389.0372663637745,103637.81727806048
5389.065292153281,106004.34793922037
5389.093318088536,108274.4943518202
5389.12134416954,109865.14177997284
5389.149370396294,110665.20538797801
5389.1773967688,112108.6156593208
5389.205423287056,112777.93387746924
5389.233449951065,113132.5596559857
5389.261476760828,114164.62468915884
5389.289503716344,114453.57639855533
5389.317530817616,114887.33433568905
5389.345558064642,115526.39557230943
5389.373585457425,115630.03049143947
5389.401612995965,115627.33676667894
5389.429640680262,116044.96310432823
5389.457668510318,116421.55978982813
5389.485696486134,116249.78844482882
5389.513724607709,116254.80310423212
5389.541752875046,116313.73650594136
5389.5697812881435,116286.85540624346
5389.597809847003,116408.42938602866
5389.625838551626,115974.46843773406
5389.653867402013,115320.68915203994
5389.681896398164,115194.36607158322
5389.709925540081,114651.77888471297
5389.737954827764,113500.46149345441
5389.765984261214,112329.94584628458
5389.794013840431,110952.29012069355
5389.822043565417,109845.74274781138
5389.8500734361705,109179.44046516542
5389.8781034526955,108615.97291234099
5389.906133614991,109061.47503862975
5389.934163923057,109412.3179211384
5389.962194376896,109689.84418867709
5389.990224976507,110482.84898717212
5390.018255721892,111399.4046579093
5390.046286613052,112235.68093758693
5390.074317649987,113308.86576331849
5390.102348832698,114531.63074564152
5390.130380161186,115155.7853747677
5390.158411635451,115704.59654654004
5390.186443255493,116139.72839626786
5390.214475021316,115956.08768436959
5390.242506932917,116615.80954825565
5390.270538990299,116905.9072965468
5390.298571193463,117110.37192344316
5390.3266035424085,117403.17988432557
5390.354636037137,117270.54959796202
5390.382668677649,117236.32307440689
5390.410701463945,116873.48644678161
5390.438734396026,116373.83445466768
5390.466767473893,116108.20184197121
5390.494800697546,115336.72419098055
5390.522834066987,114279.83058321718
5390.550867582216,113304.24266742822
5390.578901243233,112415.38746371215
5390.606935050041,111197.9328007253
5390.634969002638,109032.597804504
5390.663003101027,106789.04002769581
5390.691037345207,103898.714448624
5390.7190717351805,101394.9094428728
5390.747106270947,98573.01597422894
5390.775140952508,94824.06612722018
5390.8031757798635,92923.08224058404
5390.831210753015,91853.47733165954
5390.859245871962,92606.53619202285
5390.887281136707,93527.76144193778
5390.91531654725,95380.87420370104
5390.943352103591,96946.0871595332
5390.971387805732,98711.18131553094
5390.999423653673,100790.15110009784
5391.027459647415,102902.7174426875
5391.055495786958,105471.0578912759
5391.0835320723045,107901.49559543171
5391.111568503454,109929.86306108515
5391.139605080407,111707.0869899081
5391.167641803165,112652.51419428202
5391.195678671729,113427.22199944234
5391.223715686098,114402.89830417772
5391.251752846276,115061.2500363992
5391.27979015226,115423.0178408067
5391.307827604053,115590.33026514028
5391.335865201656,116066.64414558148
5391.363902945068,116077.336017645
5391.391940834292,115416.33584162523
5391.419978869327,115578.36949213775
5391.448017050174,116050.53967280265
5391.476055376834,115853.64226300236
5391.504093849308,115972.14984382204
5391.532132467597,116040.70581479024
5391.560171231701,116320.01794019586
5391.588210141621,115614.5611496577
5391.616249197358,115306.29860408473
5391.644288398913,115347.97131111744
5391.672327746286,115081.72586181652
5391.7003672394785,114363.46339601642
5391.728406878491,114930.75912838509
5391.756446663324,115050.46134137614
5391.784486593978,115341.1736429961
5391.812526670455,115599.94474732263
5391.8405668927535,116129.73257807949
5391.868607260877,116289.59828591406
5391.8966477748245,116322.26835269453
5391.924688434598,116464.30386621587
5391.952729240196,116694.77746542355
5391.980770191622,116947.18977718505
5392.008811288875,117116.17648435592
5392.036852531956,116843.80050139014
5392.064893920867,116521.87231923443
5392.0929354556065,116612.60813217137
5392.120977136177,116196.91963444388
5392.149018962579,115172.73614460202
5392.177060934813,114318.74736693196
5392.205103052879,113236.56471845935
5392.23314531678,111835.49507870864
5392.261187726514,110060.34942314886
5392.289230282084,107240.75858079105
5392.31727298349,103996.80476852646
5392.345315830732,100588.77709239513
5392.373358823811,96415.21925746942
5392.401401962728,91125.17815533708
5392.429445247485,85191.18983545087
5392.457488678081,79999.25332015548
5392.485532254518,75506.95538121145
5392.513575976795,73003.9756180927
5392.541619844915,72064.3009729873
5392.569663858877,72640.61648405595
5392.597708018683,74814.61282092545
5392.625752324332,77834.55042736795
5392.653796775827,81151.28049302107
5392.681841373168,84215.69019686138
5392.709886116354,87385.60533218343
5392.737931005388,90348.60434076544
5392.76597604027,93635.86158197164
5392.7940212210015,96820.95368783327
5392.822066547582,100330.52734395498
5392.850112020013,103049.72139767549
5392.8781576382935,105436.56363480841
5392.906203402427,107588.67765826595
5392.934249312413,109113.44536421163
5392.962295368252,110804.36048704942
5392.9903415699455,112340.8734676834
5393.018387917493,113275.75097248431
5393.046434410897,114060.30427803226
5393.0744810501565,114431.59076929053
5393.102527835274,114610.91408216991
5393.130574766248,115074.74987564654
5393.158621843081,115477.36401573595
5393.1866690657735,115495.79234370479
5393.214716434327,115150.18851811948
5393.2427639487405,115317.56849926636
5393.270811609015,115878.6014268134
5393.298859415153,116086.26883936583
5393.326907367154,116173.00542956483
5393.354955465019,116216.74585531554
5393.383003708748,116634.57439770413
5393.411052098343,116643.4922065362
5393.439100633804,116945.20622619739
5393.467149315132,116698.2565832943
5393.495198142327,116554.05697915773
5393.523247115391,116833.4261688487
5393.551296234325,116425.67460099109
5393.579345499128,116201.60004344197
5393.607394909802,116838.49543633548
5393.635444466347,116400.7332011396
5393.663494168764,116708.29729617048
5393.691544017055,116400.02605884761
5393.71959401122,115918.69523554445
5393.747644151259,116032.3948172938
5393.775694437173,115899.49881543341
5393.803744868963,116047.47879930938
5393.83179544663,115933.11759110235
5393.859846170175,115306.66140191814
5393.887897039598,114734.68233914142
5393.9159480549,114019.2550833013
5393.9439992160815,113204.95721941524
5393.972050523144,112626.26452216446
5394.0001019760875,112366.46539439609
5394.028153574914,112072.46610905683
5394.056205319623,112073.36313603721
5394.084257210215,112171.46488749089
5394.112309246691,112388.44615342868
5394.140361429054,112925.9924058253
5394.168413757301,113477.98601976251
5394.196466231436,113919.26350926845
5394.224518851458,114380.72612617402
5394.252571617368,114903.55149719681
5394.280624529167,115297.2769619421
5394.308677586856,115775.03651726569
5394.336730790435,115782.4451977101
5394.364784139905,115552.32482149304
5394.392837635268,115978.40197400111
5394.4208912765225,116035.74007221973
5394.448945063671,115691.5160451637
5394.4769989967135,114807.95968951263
5394.505053075652,113971.35150854092
5394.533107300485,113676.32552918604
5394.561161671215,113390.34133630188
5394.589216187843,113109.03045978023
5394.617270850368,113114.03374763786
5394.645325658792,113666.6189630675
5394.673380613116,113609.37004589742
5394.70143571334,113602.00500487938
5394.729490959466,114279.43486248139
5394.757546351492,114218.07425685656
5394.785601889422,114104.92953964743
5394.813657573255,114409.23741584732
5394.841713402992,114763.41836578904
5394.8697693786335,114844.61491074911
5394.897825500181,114625.51415805043
5394.9258817676355,114950.80290756149
5394.953938180996,114803.91780405681
5394.981994740266,114718.3281278991
5395.010051445443,115069.09415698191
5395.0381082965305,114868.82867240549
5395.066165293528,114475.89918594669
5395.094222436435,114069.79342498368
5395.122279725256,113828.92769000467
5395.150337159987,113670.19478850851
5395.178394740634,113205.91321628304
5395.206452467193,113557.7934641208
5395.234510339667,113026.06130175648
5395.262568358057,112800.44957727025
5395.290626522363,113313.7992956319
5395.318684832586,113300.77656315647
5395.346743288726,113102.64849060873
5395.374801890786,112522.99041073692
5395.402860638765,111394.9183830092
5395.430919532663,109881.23587046434
5395.458978572483,107915.44484419485
5395.487037758224,105475.3467284392
5395.515097089888,103042.83323423912
5395.5431565674735,100230.00145393141
5395.571216190984,97546.59751593471
5395.599275960419,96287.11120979149
5395.627335875779,95525.79794134997
5395.655395937066,95811.61248537299
5395.683456144278,96811.3752093115
5395.711516497419,98577.06443543486
5395.739576996489,99690.85529466676
5395.767637641487,100397.3615840083
5395.7956984324155,100664.50316971498
5395.823759369275,100434.89735062345
5395.851820452065,99819.05070023552
5395.879881680788,99620.95552135694
5395.907943055443,99783.66020139575
5395.936004576032,99615.4597349336
5395.964066242556,100275.33139135389
5395.992128055015,101584.26133837888
5396.02019001341,103254.25788286168
5396.048252117742,104343.58401146297
5396.076314368011,104591.72370278384
5396.104376764218,104692.53995127624
5396.132439306364,104219.47808013349
5396.160501994451,103700.55570293662
5396.188564828478,101438.30950150522
5396.216627808446,99119.9027949834
5396.244690934356,95478.65130954918
5396.272754206208,90777.57782311935
5396.3008176240055,85921.2193599362
5396.3288811877455,79719.58662453276
5396.356944897432,73133.82997015733
5396.385008753064,67150.87262344822
5396.413072754642,60909.40342164306
5396.441136902168,55955.36962554899
5396.469201195641,52692.96431183068
5396.497265635065,51644.91085313962
5396.525330220436,52522.2085703217
5396.553394951759,55062.155306651366
5396.5814598290335,59167.13642516967
5396.60952485226,64348.18843199224
5396.637590021438,70331.3720922689
5396.66565533657,76291.12337864998
5396.693720797656,82194.71572883781
5396.721786404697,88003.94756173287
5396.7498521576945,93013.636214411
5396.777918056648,97364.14624719702
5396.805984101558,101204.51167070476
5396.834050292427,104176.8944455098
5396.862116629254,106037.90000836931
5396.890183112041,107687.1781229215
5396.918249740788,108911.78739485344
5396.946316515497,109754.72131438165
5396.974383436166,110789.90216013366
5397.002450502799,111704.43197506208
5397.030517715394,112172.94292046904
5397.058585073954,112136.73911554554
5397.086652578479,112878.7724716592
5397.114720228969,113255.34638212348
5397.142788025426,113826.05065689162
5397.170855967849,114174.14161478716
5397.198924056241,113910.69544947086
5397.226992290602,114257.36082970249
5397.255060670931,114468.08858557101
5397.283129197231,114089.87233059994
5397.3111978695015,114210.69900007654
5397.3392666877435,114057.707990646
5397.3673356519585,113050.50543364957
5397.3954047621455,111925.57084726542
5397.423474018307,111005.41202018865
5397.451543420444,108896.70218797363
5397.4796129685565,106788.32186143998
5397.507682662645,104372.01390235423
5397.535752502709,101360.33736186469
5397.5638224887525,97604.15117525149
5397.591892620773,94844.96979792074
5397.619962898774,92353.14467451157
5397.648033322755,91270.39664187966
5397.676103892716,92273.81226427901
5397.704174608659,94089.27145979396
5397.7322454705845,96684.8784919214
5397.760316478492,99146.71684677544
5397.788387632385,101123.71255420987
5397.816458932261,103592.35267184085
5397.844530378123,105817.5742091488
5397.872601969971,107880.09048380706
5397.900673707806,109224.49968243465
5397.928745591628,111167.8796880212
5397.956817621439,112917.32375993693
5397.984889797239,114214.13454768967
5398.012962119029,114243.04168558336
5398.0410345868095,115027.81435024545
5398.069107200581,115573.96915268293
5398.097179960345,115359.11756524774
5398.125252866102,115199.78261179915
5398.153325917852,115301.7800801012
5398.181399115598,115636.54448027522
5398.209472459338,115740.68600399682
5398.237545949074,115310.64607535861
5398.265619584807,115515.66796696855
5398.293693366537,115428.55119050936
5398.321767294266,115549.56908450062
5398.349841367993,115770.99573589273
5398.37791558772,115832.63149011719
5398.405989953448,115660.79473931943
5398.4340644651775,115883.09739592149
5398.462139122908,115686.49473353852
5398.490213926642,115948.76878351835
5398.518288876379,115930.45838423375
5398.546363972121,115570.32150501554
5398.574439213868,115719.41597820986
5398.602514601621,115613.950102265
5398.63059013538,115262.25500254027
5398.658665815146,114958.91317711757
5398.686741640921,114616.81337249391
5398.714817612705,113870.54643932689
5398.742893730498,112972.47729410557
5398.770969994301,112538.88092593668
5398.799046404116,111711.94653585147
5398.827122959942,110773.11073639471
5398.855199661782,110921.16901996109
5398.883276509634,111498.5444481206
5398.9113535035,111636.8661556887
5398.939430643382,111941.42365106232
5398.96750792928,112737.19312514062
5398.995585361194,113373.67302218656
5399.023662939125,113968.31301598225
5399.051740663073,114531.10045122563
5399.079818533041,114847.53762722973
5399.107896549029,115156.95369305127
5399.135974711036,115580.55120708993
5399.164053019064,115872.91066097429
5399.192131473115,115857.84135292072
5399.220210073187,115961.95593911284
5399.2482888192835,116094.73518948368
5399.2763677114035,116308.37967181265
5399.304446749549,116250.15573588495
5399.332525933719,115890.5929923607
5399.360605263916,116011.9437562242
5399.38868474014,116358.39892167579
5399.416764362391,116028.38651027763
5399.444844130672,115756.4820806684
5399.4729240449815,115259.8731822407
5399.501004105322,114581.60881928423
5399.529084311693,113360.64283579505
5399.557164664095,112161.79622789765
5399.58524516253,110782.79846952975
5399.613325806998,109200.53092626565
5399.6414065975,106707.84293937504
5399.669487534036,103144.1211447424
5399.697568616608,99137.58403454084
5399.725649845216,95178.63411707898
5399.753731219861,90306.50543022127
5399.7818127405435,85322.99175870295
5399.809894407265,81130.60102029063
5399.837976220026,77817.75396509314
5399.866058178826,76331.1948314846
5399.894140283667,77000.04348000647
5399.92222253455,78636.54265068934
5399.950304931475,81482.40318446954
5399.9783874744435,85109.14503964891
5400.006470163456,88896.73588644092
5400.034552998512,92970.35650684062
5400.062635979613,96728.03776662912
5400.090719106762,100439.32337581644
5400.118802379956,103337.00544731943
5400.146885799199,105838.34604397575
5400.174969364489,108582.01014630895
5400.203053075828,110227.16047807335
5400.231136933218,112140.77091049678
5400.2592209366585,112906.07345902977
5400.28730508615,113689.4537249136
5400.315389381693,114412.55030721432
5400.34347382329,115162.0728130103
5400.37155841094,115334.16149415317
5400.399643144646,115320.26927873628
5400.427728024405,115388.74879873601
5400.455813050221,114499.60263493705
5400.483898222094,114332.33709643036
5400.511983540024,113447.85798262805
5400.540069004012,112542.74322658815
5400.5681546140595,111688.87332308813
5400.596240370166,111071.77698107185
5400.624326272334,110410.27626141501
5400.652412320563,110500.27600383763
5400.680498514853,110682.65141982475
5400.708584855207,110788.25848370927
5400.736671341624,111134.8168757812
5400.764757974105,111081.12402687663
5400.792844752652,111458.51873082899
5400.820931677264,111157.48538637192
5400.849018747943,111644.94675645808
5400.877105964689,111729.84717180752
5400.905193327503,111839.31632410939
5400.933280836386,111981.95430381205
5400.961368491339,112332.3692643886
5400.989456292363,112693.76977645155
5401.017544239457,112952.23958983303
5401.0456323326225,113308.18430448885
5401.0737205718615,113354.05494867449
5401.1018089571735,114300.68596624653
5401.12989748856,114018.7285753263
5401.157986166022,114353.47561676537
5401.186074989559,114112.09795075492
5401.214163959172,113727.71042855704
5401.242253074863,114046.28223726734
5401.270342336632,113419.79731176367
5401.298431744479,112770.92744430045
5401.326521298406,112710.74510520435
5401.354610998413,111408.1722538133
5401.382700844501,110520.01382629477
5401.410790836671,110643.30409258672
5401.438880974923,110747.05428993884
5401.4669712592595,110563.5121767797
5401.4950616896795,111221.46237413822
5401.523152266184,112280.66437592614
5401.551242988774,112833.39113324416
5401.57933385745,113833.47998233097
5401.607424872214,113937.97460856472
5401.635516033066,114773.44507346115
5401.663607340006,114669.81567428383
5401.691698793035,114369.02248339419
5401.719790392155,114558.82996584382
5401.747882137365,115211.03239107781
5401.775974028667,115427.18824819564
5401.804066066062,114914.73064858773
5401.83215824955,114255.87683957959
5401.860250579131,113335.13296593813
5401.888343054808,112202.985436824
5401.91643567658,110999.71315393389
5401.944528444447,109454.57453578257
5401.972621358413,106504.26388595176
5402.000714418475,103376.14923037903
5402.028807624636,100114.5382981887
5402.056900976896,96129.73277029932
5402.084994475257,92848.51959469293
5402.113088119718,90465.52483964752
5402.1411819102805,88944.07870097242
5402.169275846945,89601.46094726397
5402.197369929714,91284.9062287657
5402.225464158585,93779.13866235911
5402.253558533562,96727.84295892823
5402.281653054643,99104.19850253999
5402.309747721832,101901.78524856037
5402.337842535126,104206.14486461347
5402.365937494528,106257.43329617023
5402.394032600039,108407.58471033946
5402.422127851659,110204.79817260201
5402.450223249388,111943.52875126908
5402.478318793229,112944.05173331362
5402.50641448318,113683.795236326
5402.534510319244,114732.90369035304
5402.562606301421,115239.50211342769
5402.590702429711,115355.03815753672
5402.618798704116,115955.84593776238
5402.646895124636,115948.83946423432
5402.674991691272,115773.02463096012
5402.703088404025,116049.89918701921
5402.731185262895,116085.05250074119
5402.7592822678835,115830.89819620465
5402.787379418991,115269.56793636993
5402.815476716219,115207.46985937549
5402.843574159566,115523.94868953974
5402.871671749035,114905.16462728643
5402.899769484627,114270.31872916197
5402.92786736634,113391.65025284658
5402.955965394178,112028.96209268327
5402.984063568139,110841.62534074318
5403.012161888227,109072.07022108491
5403.040260354439,106190.97199875719
5403.068358966779,103378.53913735424
5403.096457725245,99864.53988971584
5403.12455662984,95948.18558201789
5403.152655680564,92999.63243757446
5403.180754877417,90055.56665873106
5403.2088542204,87704.66478384552
5403.236953709516,85943.2534906044
5403.265053344762,84267.81240389381
5403.293153126142,81985.66738524174
5403.321253053655,78827.48330433102
5403.349353127302,74980.85243400489
5403.377453347084,70757.54227038792
5403.405553713002,65835.94820222503
5403.433654225056,61733.48590925142
5403.4617548832475,58679.22455170803
5403.489855687577,57431.54644384227
5403.517956638045,58095.1723109014
5403.546057734653,60101.441336798314
5403.574158977401,63543.698788923655
5403.6022603662905,68271.95653618555
5403.6303619013215,73589.17528819558
5403.658463582495,79308.4125839141
5403.686565409811,84422.26172342524
5403.714667383272,89568.9570171058
5403.742769502878,94271.98999410584
5403.770871768629,98007.33802618767
5403.798974180527,101671.14083617025
5403.827076738572,103075.85146098191
5403.855179442765,105283.9796037322
5403.883282293106,105933.735066033
5403.911385289596,107399.67680038298
5403.939488432237,107580.51361111847
5403.96759172103,108178.46632721236
5403.9956951559725,108604.92093447798
5404.023798737068,109441.11601350349
5404.051902464318,109782.1505523211
5404.080006337721,110100.29089140685
5404.108110357279,110390.73558550299
5404.136214522992,111250.73913585057
5404.164318834862,111284.06765505965
5404.192423292888,112423.43380779261
5404.220527897072,112489.92638038416
5404.248632647415,112472.58568633223
5404.276737543917,112591.56653983411
5404.30484258658,112411.50622600752
5404.332947775402,112309.24108762806
5404.361053110387,112444.08579963587
5404.3891585915335,112100.2301819124
5404.417264218844,112096.12454478422
5404.445369992318,112119.4526272932
5404.473475911956,112129.60146304655
5404.50158197776,111400.98871491096
5404.529688189729,111066.11696508354
5404.557794547866,110289.14604435349
5404.585901052171,109354.73937832331
5404.614007702643,108150.04629684573
5404.6421144992855,106227.26555361427
5404.6702214420975,104715.35710100328
5404.69832853108,103770.39306599832
5404.726435766233,102406.81409239341
5404.75454314756,101470.12958596715
5404.782650675059,100668.75335406452
5404.810758348732,99382.3660274627
5404.838866168579,97541.8363499201
5404.866974134602,95120.93574051517
5404.8950822468005,91640.07780279958
5404.923190505176,86639.5103561419
5404.951298909729,81558.36637776399
5404.979407460461,75682.95479827034
5405.00751615737,69145.01221132303
5405.035625000461,62773.34264592626
5405.063733989731,57143.66033643378
5405.091843125183,52686.40704432481
5405.119952406817,49725.74287765901
5405.148061834634,48807.75484296861
5405.176171408634,50100.5141375115
5405.204281128819,53102.529872633066
5405.232390995189,57517.728479473044
5405.260501007745,62909.17579236053
5405.2886111664875,68803.50362978938
5405.316721471418,74769.0393267471
5405.344831922535,81020.77637270317
5405.372942519843,86988.62490476762
5405.401053263339,92027.5066154249
5405.429164153026,96279.38378755191
5405.4572751889045,99886.1238427821
5405.485386370975,102947.01176857906
5405.5134976992385,105823.75465812412
5405.541609173695,108331.83554765917
5405.569720794346,110005.59904024606
5405.597832561191,110784.61734636259
5405.625944474234,111421.0493281422
5405.654056533472,112040.4265138459
5405.6821687389065,112689.24912705112
5405.71028109054,113413.36882916259
5405.738393588373,113390.97966906095
5405.766506232404,113695.831705488
5405.794619022637,114070.05724531897
5405.82273195907,114313.78002023282
5405.850845041705,114729.23858294415
5405.878958270543,114645.75432072754
5405.9070716455835,114515.89436933461
5405.935185166829,114327.53139072045
5405.963298834279,113976.1127601689
5405.991412647935,112679.17834915688
5406.019526607797,111695.53509322376
5406.047640713867,110666.2241558943
5406.075754966144,109446.26096034878
5406.103869364631,108656.3565523521
5406.131983909326,108235.86401790299
5406.160098600231,108492.84094160201
5406.188213437348,108741.08575003939
5406.216328420676,109486.89177654905
5406.2444435502175,110465.76541800225
5406.272558825972,110983.38380780721
5406.30067424794,111437.25403812248
5406.3287898161225,112151.98328156135
5406.3569055305215,112977.12023462597
5406.385021391136,113738.01607334927
5406.413137397968,114437.43417216062
5406.441253551017,114312.9991039792
5406.469369850286,114479.91387622143
5406.497486295773,114162.93314212761
5406.525602887481,113919.67220804578
5406.55371962541,113521.62648434665
5406.58183650956,112690.13349498145
5406.609953539933,111757.98323757731
5406.638070716529,110704.79922125794
5406.6661880393485,109221.92933603018
5406.694305508393,107022.01191211997
5406.722423123662,104997.02646047958
5406.750540885158,103479.61682832341
5406.778658792881,100322.04773439473
5406.806776846832,97424.63932736566
5406.834895047011,94190.8709540374
5406.863013393419,90520.06371026786
5406.891131886057,86812.35842778739
5406.919250524927,83388.05224554197
5406.947369310027,81187.64671287217
5406.97548824136,80556.32564303996
5407.003607318926,81456.73718029834
5407.031726542725,83831.3242814083
5407.05984591276,86950.42699199509
5407.087965429029,90877.11626831867
5407.116085091535,94443.24485993866
5407.144204900277,97608.60810734692
5407.172324855257,100665.30152785985
5407.200444956475,103747.8758935726
5407.228565203933,106403.95488919543
5407.25668559763,108528.24483781573
5407.284806137568,110186.65464587192
5407.312926823747,111549.24509713691
5407.3410476561685,112506.1519580846
5407.369168634833,113499.10617780323
5407.397289759741,114260.34522986956
5407.425411030894,114396.91153740583
5407.453532448291,114770.0661185304
5407.4816540119355,115335.27939835115
5407.5097757218255,115729.72021627406
5407.537897577964,115408.87725421107
5407.56601958035,115276.14282269297
5407.594141728985,115583.2300025245
5407.62226402387,115760.87978719264
5407.650386465005,115757.07394047598
5407.678509052392,115624.07764087997
5407.706631786031,115976.46075931871
5407.734754665922,115692.7467972726
5407.762877692067,115532.40309626838
5407.791000864467,115631.17637000217
5407.819124183122,115499.387106314
5407.847247648032,115537.29954434816
5407.875371259199,115193.68978193657
5407.903495016623,114548.1918624266
5407.9316189203055,114308.3340528059
5407.959742970247,113825.72939037734
5407.987867166448,112912.30007111694
5408.01599150891,112076.36413283325
5408.044115997633,111024.77588147514
5408.072240632617,109836.53917339141
5408.100365413864,108148.69369623241
5408.128490341374,106470.7435734667
5408.15661541515,105162.83183813347
5408.18474063519,104135.09503377922
5408.212866001495,103668.99273843956
5408.240991514067,104084.69287669516
5408.269117172907,104816.41184741702
5408.297242978014,104975.62275465098
5408.325368929391,105085.75862464406
5408.353495027036,104511.86170905994
5408.381621270952,103038.62665318878
5408.409747661139,101691.77053744387
5408.437874197598,99259.39531275368
5408.466000880329,98340.87027315659
5408.494127709334,97244.38386487082
5408.522254684613,96873.77222145024
5408.550381806167,97891.1536607413
5408.578509073996,99087.26459737233
5408.606636488102,100365.9993778096
5408.634764048485,101600.03915134628
5408.662891755146,103551.77668964249
5408.691019608085,105398.50897960992
5408.719147607304,106763.54190476239
5408.747275752803,107766.17318256714
5408.775404044583,108334.53524976267
5408.803532482645,108803.62370067454
5408.831661066989,108728.41899246293
5408.859789797617,107626.65284595049
5408.887918674528,106065.01268390623
5408.916047697724,104009.55332890626
5408.944176867206,100992.87322063663
5408.9723061829745,96812.94860424504
5409.000435645029,92382.73597473514
5409.028565253372,87131.17449531569
5409.056695008004,81994.15449667159
5409.084824908924,76945.23864596861
5409.112954956135,72965.7137230142
5409.141085149637,71015.7863631267
5409.16921548943,70974.80973054098
5409.197345975515,72904.04385911128
5409.225476607894,76156.16274580224
5409.253607386567,79811.84937476451
5409.281738311533,83944.57429798554
5409.309869382797,88292.15855588102
5409.338000600355,92458.64386676786
5409.3661319642115,95921.68330243675
5409.394263474364,98952.03681963986
5409.422395130816,101786.06221645347
5409.450526933568,104578.9331151094
5409.478658882618,106588.224354496
5409.50679097797,108193.2090179073
5409.534923219623,109636.06679780797
5409.563055607579,110907.6678874245
5409.591188141838,111715.33987067369
5409.6193208223995,112412.75187852654
5409.647453649267,112979.94790925646
5409.6755866224385,112691.50568759177
5409.703719741917,113085.68876345774
5409.731853007702,112798.75474707523
5409.759986419795,111742.9549601775
5409.788119978195,111558.00272646868
5409.816253682905,111150.67563178507
5409.844387533925,110541.11323705773
5409.872521531255,109734.35320799531
5409.900655674897,108349.53929921113
5409.928789964852,106860.70621329297
5409.956924401118,105505.04236709258
5409.985058983699,104102.49347265268
5410.013193712594,101845.10657091327
5410.041328587804,99712.71817046311
5410.06946360933,96519.79985848826
5410.0975987771735,93083.68947338399
5410.1257340913335,88548.49459672757
5410.153869551812,83663.16534413869
5410.182005158609,78257.30824108761
5410.210140911727,73517.33432768258
5410.238276811165,70077.47588286451
5410.266412856924,68308.20446851055
5410.294549049005,68833.32266230811
5410.3226853874085,71149.42042761164
5410.350821872136,74350.2710588959
5410.378958503188,78115.31904375531
5410.407095280565,81845.00225430742
5410.435232204268,86050.78990182314
5410.463369274296,89395.86822614922
5410.491506490654,92072.57991393206
5410.5196438533385,94703.06427409675
5410.547781362352,96864.00350984323
5410.575919017695,99176.50566537208
5410.604056819368,101202.50388476782
5410.632194767373,103018.43400928423
5410.66033286171,105216.85526412984
5410.6884711023795,106946.00611791009
5410.716609489383,108773.35488540372
5410.74474802272,110018.36812751039
5410.7728867023925,110666.27841536155
5410.8010255284,111624.45005544802
5410.829164500744,112194.47213284527
5410.857303619426,112964.15648785915
5410.885442884445,113302.1033686096
5410.913582295804,113580.98135889013
5410.941721853502,114058.07523886014
5410.96986155754,114414.70790099003
5410.998001407919,114758.745148705
5411.02614140464,114821.5919294652
5411.054281547704,115059.46722064764
5411.082421837111,114766.7723920034
5411.110562272862,114523.15760617844
5411.138702854958,114438.65922546166
5411.1668435834,114540.18527652245
5411.194984458188,115223.49447441011
5411.223125479323,114889.48219097049
5411.251266646806,114745.97198902867
5411.279407960637,114941.80137019974
5411.307549420819,114869.70404593229
5411.335691027351,114999.60961589511
5411.363832780233,114855.17067817274
5411.391974679466,114768.52688459448
5411.420116725053,114983.74968474958
5411.448258916993,115335.18171999957
5411.476401255287,115186.56772884811
5411.504543739935,114848.84348541376
5411.532686370939,115073.21983851446
5411.5608291482995,115262.79577643248
5411.588972072017,115078.08823927998
5411.617115142091,115462.24125514149
5411.645258358525,115256.38074948524
5411.673401721318,115115.01348238124
5411.701545230471,115179.40223303143
5411.7296888859855,115464.35008716476
5411.757832687861,114893.53607135007
5411.785976636099,114875.83035654004
5411.8141207307,115236.69791186356
5411.842264971665,114634.93262666182
5411.870409358995,114812.65738377126
5411.89855389269,114021.73220090882
5411.926698572751,114280.17437284003
5411.954843399179,113312.68262391503
5411.982988371975,113273.02584160602
5412.011133491139,112504.89319456874
5412.0392787566725,111908.657526509
5412.0674241685765,111567.65172471649
5412.09556972685,110700.06574743423
5412.123715431496,110705.5931405558
5412.151861282514,110833.30711900571
5412.180007279905,110767.7064199329
5412.20815342367,111095.95786119942
5412.23629971381,111405.74286628485
5412.264446150324,111718.52161062042
5412.292592733215,111318.81752603593
5412.320739462482,110921.98535884764
5412.348886338128,111203.9215286572
5412.3770333601515,110852.28298533517
5412.4051805285535,109487.96792029562
5412.433327843337,109219.64234177223
5412.4614753045,109768.72550581783
5412.489622912044,109962.74241144325
5412.517770665971,110255.03036673737
5412.54591856628,110960.2212969746
5412.574066612974,111330.42826735749
5412.602214806052,111279.93550210568
5412.630363145515,111777.120429553
5412.658511631364,112343.25729974112
5412.686660263599,112811.31751024857
5412.714809042222,113142.87762721872
5412.742957967234,113921.86522659764
5412.771107038635,113802.39248284967
5412.799256256425,114085.80063903976
5412.8274056206055,113385.95617182994
5412.855555131177,113573.31090181055
5412.883704788142,113710.56006261925
5412.911854591499,112935.51512363392
5412.940004541249,112942.29540090775
5412.968154637394,111954.08610798775
5412.996304879934,111418.42220810667
5413.02445526887,110752.21056425107
5413.052605804202,110180.6178024593
5413.080756485932,109508.49141120963
5413.10890731406,108311.77469706337
5413.137058288587,106970.90679149526
5413.165209409513,105289.65827644854
5413.193360676841,103656.29501173133
5413.2215120905685,101320.61622749502
5413.2496636506985,97938.52787203096
5413.277815357232,94191.69180681194
5413.305967210168,89784.12999887542
5413.334119209509,84604.75052703777
5413.362271355254,79891.4180177608
5413.390423647405,76483.91392043322
5413.418576085964,74616.66800097769
5413.446728670929,74039.01297121836
5413.474881402302,75567.9028435583
5413.503034280084,78812.91525072877
5413.531187304276,82482.41328208968
5413.559340474878,86481.87745529292
5413.587493791891,90573.97954540927
5413.615647255316,94410.06795550259
5413.643800865153,98021.88890769397
5413.6719546214035,101631.02470328943
5413.700108524069,104313.85676678205
5413.728262573149,106753.39829833158
5413.756416768644,108644.02535358518
5413.7845711105565,109963.75012219697
5413.812725598886,111566.89025964579
5413.840880233633,112636.3001181133
5413.869035014798,112982.1180297631
5413.897189942383,113793.3356321035
5413.925345016389,113649.71009492414
5413.953500236816,113702.50334247106
5413.981655603664,114071.25610686245
5414.0098111169345,113905.50822700564
5414.037966776628,113302.21797992189
5414.066122582747,112793.1510347744
5414.09427853529,112043.09034172968
5414.122434634258,111226.46479311319
5414.150590879653,110329.84199334489
5414.178747271475,109313.38900475888
5414.206903809724,107648.9702467232
5414.235060494402,106279.83071942169
5414.263217325511,104218.45536650276
5414.291374303048,101240.52445391926
5414.319531427017,98329.37623239684
5414.347688697417,95427.46336771174
5414.37584611425,90675.79325358054
5414.404003677516,85697.20442281473
5414.432161387215,79885.41246585241
5414.460319243351,74303.58158378211
5414.48847724592,68779.6061273967
5414.516635394926,64822.55213560279
5414.544793690369,62494.83886271524
5414.572952132251,61753.77218884755
5414.60111072057,63418.53714210436
5414.6292694553285,66264.26471894742
5414.657428336528,70275.8609225591
5414.685587364167,75190.75706695495
5414.713746538248,80516.51146082593
5414.741905858772,85798.29449914329
5414.770065325738,90714.74537549775
5414.798224939149,94986.90713470381
5414.826384699004,98932.20709818469
5414.854544605304,102563.9459869692
5414.88270465805,105562.41419063325
5414.910864857244,107354.55384468437
5414.939025202884,109186.25741319233
5414.9671856949735,110471.269184938
5414.995346333512,111674.27472394524
5415.023507118501,112551.22539209675
5415.0516680499395,112928.76346202576
5415.079829127831,113638.4845106291
5415.107990352173,114197.38592730068
5415.136151722969,114195.12289954064
5415.164313240219,114705.30880634158
5415.192474903923,114848.10519203995
5415.220636714082,114937.57676466616
5415.248798670697,114402.39234044333
5415.276960773769,114576.72410779617
5415.305123023299,114800.54109150518
5415.333285419287,114656.97576853196
5415.361447961734,114429.89004990838
5415.389610650641,114534.71078398326
5415.417773486009,114767.59488882497
5415.445936467837,114874.2979823825
5415.474099596128,114737.42174856034
5415.502262870882,114744.72421589123
5415.530426292099,114687.61719286897
5415.558589859781,114273.90938169415
5415.586753573928,114080.16374223262
5415.614917434541,114054.98074424638
5415.643081441621,114162.83566110433
5415.671245595167,113872.46894470419
5415.699409895183,113713.80873608342
5415.727574341667,113185.86441398463
5415.755738934621,113163.64165121867
5415.783903674045,113173.86829006758
5415.8120685599415,113675.71588457863
5415.840233592309,114285.57877015507
5415.868398771149,114145.40442773086
5415.896564096463,114296.58572013912
5415.924729568252,114578.88034330134
5415.952895186515,114338.73693784788
5415.981060951254,115074.01690359824
5416.00922686247,115203.51178518958
5416.037392920163,114483.56095096857
5416.065559124335,115031.99824732222
5416.093725474985,114768.5057130636
5416.121891972115,114486.76013835483
5416.150058615724,114241.26870986777
5416.178225405816,113637.787629736
5416.206392342389,113726.60729756711
5416.234559425446,112960.07652306631
5416.262726654985,111899.1409586841
5416.290894031008,111189.37520660351
5416.319061553517,110211.77348488675
5416.3472292225115,109026.27867857569
5416.375397037992,107879.53107151679
5416.4035649999605,107597.351588719
5416.431733108417,107983.68279156611
5416.4599013633615,108031.06135463568
5416.488069764796,109043.16282896946
5416.51623831272,109543.2335237289
5416.544407007136,110347.33778172758
5416.572575848044,111009.17073619908
5416.600744835444,111513.78365121318
5416.628913969337,112380.02848629649
5416.657083249725,113115.31153564023
5416.685252676607,113597.291390106
5416.713422249985,113292.56440505166
5416.74159196986,113434.71466447783
5416.769761836232,114174.97395090858
5416.797931849102,114761.5405798876
5416.826102008469,114703.35828256664
5416.854272314337,114379.81341635215
5416.882442766705,114212.5865929772
5416.910613365574,114222.98483914582
5416.938784110945,114015.50096829006
5416.9669550028175,114108.14760369994
5416.995126041194,114321.69995711668
5417.023297226075,114778.56173601373
5417.05146855746,114405.73852641876
5417.07964003535,114423.080133294
5417.107811659747,113491.22546812064
5417.135983430651,113815.93175628128
5417.164155348063,113826.07876537036
5417.192327411984,113333.03725127577
5417.220499622414,113072.43933526179
5417.248671979353,112554.66460965175
5417.276844482804,112685.85534842817
5417.305017132767,112091.92002687394
5417.333189929242,111625.57242515116
5417.36136287223,111298.78309519401
5417.389535961731,110641.79088412295
5417.417709197748,110211.6213450754
5417.445882580279,110398.01805391787
5417.474056109328,110038.67423268134
5417.502229784894,110021.63329867508
5417.5304036069765,110493.02110311225
5417.558577575577,110354.54542790593
5417.586751690698,111414.90484252931
5417.614925952339,111739.6965297641
5417.6431003605,111832.16369135713
5417.671274915183,111988.48506590768
5417.699449616389,111484.66015431024
5417.727624464117,111274.52928414114
5417.755799458369,110747.18570117585
5417.783974599146,109956.58172312046
5417.812149886448,108366.19611149188
5417.840325320276,106502.18528687155
5417.868500900631,104228.96125941195
5417.896676627514,100901.21476464218
5417.924852500925,97575.44671157365
5417.953028520866,93281.71556739339
5417.981204687336,88016.24764723654
5418.009381000336,82335.00463366482
5418.037557459869,77143.2530748699
5418.065734065934,71489.57270076517
5418.093910818531,67757.88053615384
5418.122087717662,66315.0707080649
5418.150264763328,66329.8196398382
5418.178441955529,68540.14641704655
5418.206619294266,72102.16155477449
5418.2347967795395,76330.60183657672
5418.262974411351,81006.33978880916
5418.2911521897,85891.4291491921
5418.319330114589,90753.03580664757
5418.347508186018,94888.41526295166
5418.375686403987,98355.56668231715
5418.403864768497,101784.61162277337
5418.43204327955,104375.82654973296
5418.460221937145,106722.71688504652
5418.488400741285,108776.40550651109
5418.516579691968,109703.46189825924
5418.544758789197,110846.94006450148
5418.572938032971,111377.58607267805
5418.601117423293,112445.58096740078
5418.629296960162,112625.02829384488
5418.657476643579,112366.54539431399
5418.685656473544,111769.60199328554
5418.71383645006,111911.79186406858
5418.742016573126,111546.38785685987
5418.770196842744,111166.07430931172
5418.798377258913,110865.60299312428
5418.826557821635,111151.77235229059
5418.854738530911,111627.02950456255
5418.8829193867405,111918.19323448288
5418.911100389126,112376.8160543442
5418.939281538067,112742.49451593244
5418.967462833564,112757.31742854358
5418.995644275619,113204.26679075204
5419.023825864232,113853.80601657722
5419.0520075994045,113680.26466706177
5419.080189481136,113547.23494563389
5419.108371509427,113744.21460657542
5419.13655368428,113970.08695865024
5419.164736005696,113639.86042086298
5419.192918473674,113490.44500399337
5419.221101088215,113342.5259123276
5419.24928384932,113918.1090066362
5419.27746675699,114013.67032596521
5419.305649811226,113605.14286915874
5419.33383301203,113495.64135289172
5419.3620163594,113440.51343971529
5419.390199853337,113659.34266160859
5419.418383493844,113643.40955749432
5419.44656728092,113327.29859138883
5419.474751214567,112718.11063228786
5419.502935294784,112330.62020972361
5419.531119521574,111838.61921395377
5419.5593038949355,110870.03363376844
5419.587488414872,109768.32536403743
5419.615673081381,108185.29361630412
5419.643857894465,106503.96278249768
5419.672042854126,106380.31390404781
5419.700227960362,106168.96979328647
5419.728413213175,106121.40162102044
5419.756598612567,106226.59872895539
5419.784784158538,106875.53759246794
5419.8129698510875,106829.77522355171
5419.841155690217,107280.77606966202
5419.869341675929,108121.1381734413
5419.897527808222,108561.59157023109
5419.925714087097,108733.30872012358
5419.953900512555,108739.63052968014
5419.982087084598,108875.9543149457
5420.010273803226,108786.84560681181
5420.038460668438,107533.15398733421
5420.066647680237,105813.86226630994
5420.094834838624,104411.62789533322
5420.123022143598,101598.59264012215
5420.15120959516,98176.71371855377
5420.179397193313,94293.42643057198
5420.207584938055,90465.1079879352
5420.235772829388,86823.37083595381
5420.2639608673135,83793.9957830908
5420.29214905183,83011.32126391145
5420.320337382941,83362.20088077147
5420.348525860645,84147.20868699317
5420.376714484944,85424.46529792789
5420.404903255839,87171.2194937405
5420.43309217333,88491.3629267604
5420.461281237418,89530.16187302566
5420.489470448103,90554.59814765405
5420.517659805388,91908.36676608946
5420.545849309271,92929.63325601592
5420.574038959754,95168.60710658417
5420.6022287568385,96962.89863562095
5420.630418700524,99730.36696496469
5420.658608790812,102122.53533285164
5420.686799027703,103488.51425266467
5420.714989411198,104800.53063726272
5420.743179941298,106278.11283455079
5420.771370618003,107374.08227926117
5420.799561441315,108564.66749709765
5420.827752411233,109089.43899854262
5420.855943527758,108981.09622872388
5420.884134790893,109646.2037963775
5420.912326200636,110013.61127890521
5420.94051775699,110277.54501084777
5420.968709459953,110829.38221647093
5420.996901309529,110874.4596119414
5421.025093305717,111004.48188634524
5421.053285448517,111112.86828661762
5421.081477737932,110950.9133429234
5421.109670173962,110920.31269280636
5421.1378627566055,110570.25380998418
5421.166055485866,110334.5771150004
5421.194248361743,109601.77722465225
5421.222441384239,109524.43703719943
5421.250634553351,110007.0868166029
5421.278827869084,109957.10934665037
5421.307021331436,110397.94047946938
5421.335214940409,110695.46855821181
5421.363408696003,110981.59559048101
5421.391602598219,111078.72900222064
5421.419796647058,111088.46698228137
5421.447990842522,110723.86858070089
5421.476185184609,111029.47459824463
5421.504379673322,111662.05810782658
5421.5325743086605,111258.68584696877
5421.560769090625,111567.2505659765
5421.588964019218,111972.72228225046
5421.61715909444,112080.97562903247
5421.64535431629,112003.55953732444
5421.67354968477,111550.3810562105
5421.70174519988,111435.24716453635
5421.729940861621,110757.28246869
5421.758136669995,110056.11076034975
5421.786332625002,109661.59943943826
5421.814528726642,109160.2158727917
5421.842724974917,108975.00712787449
5421.870921369826,108750.57063688284
5421.899117911372,108776.46970504987
5421.927314599554,108943.7536961961
5421.955511434373,109790.8048017928
5421.983708415831,110282.45556867006
5422.011905543928,110779.91063209032
5422.040102818664,111654.15275576468
5422.068300240041,111750.40673146264
5422.096497808059,112149.0104994683
5422.124695522719,112597.86246120172
5422.152893384022,113140.06791956707
5422.181091391968,113590.2614722185
5422.2092895465585,113541.51468959048
5422.237487847794,113192.64740440366
5422.265686295676,113822.56521644093
5422.293884890204,113905.45323448966
5422.322083631379,113912.90768216518
5422.350282519203,113754.77797604355
5422.378481553675,114266.53876663807
5422.406680734796,113917.4021634393
5422.4348800625685,113585.3387585483
5422.463079536992,113992.63144533362
5422.491279158067,114387.53941090254
5422.519478925795,114002.72343252537
5422.547678840177,114000.22144485323
5422.575878901212,113892.07373579388
5422.604079108902,113967.1445169638
5422.632279463248,113861.04700075866
5422.660479964251,113416.28770156713
5422.688680611911,112765.96527623675
5422.716881406229,112736.63422371529
5422.745082347205,112706.22195812908
5422.773283434842,112308.03969578611
5422.801484669138,111668.44379611929
5422.829686050095,112231.86494774983
5422.857887577715,112066.82043116313
5422.886089251996,111495.8318148612
5422.9142910729415,111288.88389621559
5422.942493040551,111400.14135173912
5422.970695154825,110870.20690118875
5422.998897415765,110313.65251938792
5423.027099823371,109471.28686340059
5423.055302377644,108476.66923241447
5423.083505078585,106452.61048299204
5423.111707926195,105246.6343543708
5423.139910920475,102676.88545847179
5423.168114061424,98725.13038520566
5423.196317349045,95304.55312958742
5423.224520783337,90852.06924938744
5423.252724364302,86231.77413764618
5423.280928091939,80830.81478073551
5423.309131966252,74932.37694767755
5423.3373359872385,69051.17925512606
5423.3655401549,63846.522891701876
5423.393744469239,60030.90718953992
5423.421948930255,57751.46857759003
5423.450153537949,57765.016491558206
5423.47835829232,59713.36579750082
5423.506563193372,63114.97428703544
5423.534768241104,67933.58457255055
5423.562973435516,72883.0257352054
5423.59117877661,78263.36733120345
5423.619384264386,83266.67235703213
5423.6475898988465,88018.57584574519
5423.675795679989,92188.31404542841
5423.704001607818,95907.08004485618
5423.732207682332,99178.08101842523
5423.760413903532,101384.71763422157
5423.788620271419,103062.8736500178
5423.816826785994,104802.88009989884
5423.845033447256,105449.43064530731
5423.873240255209,105380.16902504268
5423.9014472098515,105088.14191537873
5423.929654311185,105026.20824088412
5423.95786155921,104487.06371716471
5423.986068953927,104136.20277319197
5424.014276495337,104318.88277967686
5424.042484183441,105121.15179496471
5424.07069201824,105898.98167506684
5424.098899999734,106352.51912250396
5424.127108127925,107019.90119323437
5424.155316402812,107773.26427166488
5424.183524824396,108065.46260160882
5424.21173339268,107831.58488122537
5424.239942107662,107869.85988948871
5424.268150969345,106744.65834172186
5424.296359977728,105426.25332911794
5424.324569132812,104307.18019488598
5424.352778434599,101758.75481306553
5424.380987883089,98592.56326069374
5424.409197478282,94809.49775789701
5424.437407220181,90415.76620775473
5424.465617108784,85492.53063712384
5424.493827144093,80007.03991655457
5424.52203732611,74503.33931039598
5424.550247654834,69510.436365616
5424.578458130266,66109.06830541497
5424.606668752407,64567.67156930263
5424.634879521258,65024.366922881825
5424.66309043682,67539.09870692257
5424.691301499093,70851.75723494784
5424.719512708079,75159.75397960324
5424.747724063777,79600.03837855236
5424.775935566189,84626.91398448202
5424.804147215315,89422.14011472801
5424.832359011157,93232.58720592764
5424.860570953714,96778.82168805662
5424.8887830429885,100177.7937678689
5424.916995278981,102779.04604316219
5424.945207661691,105416.88919055213
5424.97342019112,107509.42405295231
5425.001632867269,109458.44965347949
5425.029845690138,110889.20002182965
5425.058058659729,111053.65780957016
5425.086271776042,111956.27359096293
5425.114485039077,112596.13021182794
5425.142698448837,113013.85210416927
5425.170912005321,113251.23835908517
5425.199125708529,113462.10940344441
5425.227339558464,113408.99037260537
5425.2555535551255,113473.79929636938
5425.283767698515,113919.29876056992
5425.3119819886315,113274.68554002904
5425.340196425477,113453.33148933353
5425.368411009053,113331.3126602963
5425.396625739359,113646.4711514715
5425.424840616396,113252.34094265892
5425.453055640166,113496.77094698593
5425.481270810667,113599.123299013
5425.509486127903,113905.03591074044
5425.537701591873,113709.632938086
5425.565917202578,113210.96725242777
5425.594132960019,113210.08533157533
5425.622348864196,113526.73068658514
5425.650564915111,113313.61016935398
5425.678781112763,113296.66885275414
5425.706997457155,113525.47123963098
5425.735213948286,113703.05166232928
5425.763430586158,113302.38302560255
5425.791647370771,113077.88499161002
5425.819864302126,113307.18228016252
5425.848081380223,113409.36809069348
5425.876298605064,113775.26817121376
5425.904515976649,113609.499511016
5425.932733494979,113673.17030104963
5425.960951160055,113162.78453977636
5425.989168971877,113464.1925092157
5426.017386930447,113922.29500731736
5426.045605035764,113953.03939163416
5426.073823287831,113382.37730913638
5426.102041686647,113427.32029858996
5426.130260232213,113239.6620183524
5426.15847892453,113378.11645144374
5426.186697763599,113798.70551178964
5426.214916749421,113474.45727032721
5426.243135881996,113258.99768163131
5426.271355161325,113285.95087259846
5426.29957458741,113160.41449988184
5426.327794160249,113385.1698779176
5426.356013879846,113130.43135909547
5426.384233746199,113368.78780942106
5426.41245375931,113571.53880022847
5426.44067391918,112828.78767791747
5426.46889422581,114022.28301893221
5426.4971146791995,113397.65001421941
5426.52533527935,113946.02694583149
5426.553556026262,113840.05957178981
5426.5817769199375,113555.8095746893
5426.609997960376,113091.03759975272
5426.638219147579,113103.62349514339
5426.666440481546,113014.01275507244
5426.694661962279,113384.29630503332
5426.722883589778,112873.613377847
5426.751105364044,112538.42483527126
5426.779327285078,112556.88801234886
5426.80754935288,112562.21132077787
5426.835771567452,111743.13324721562
5426.863993928794,111566.5227075853
5426.892216436908,111391.16532453019
5426.920439091792,111055.2901008367
5426.94866189345,110647.69866525277
5426.97688484188,109161.27003634523
5427.005107937085,108303.25814338028
5427.033331179064,107659.8247425109
5427.061554567818,105501.1803749842
5427.08977810335,103341.88908958033
5427.118001785658,101797.89921969154
5427.146225614743,99829.34107035719
5427.174449590608,99204.63187432192
5427.202673713251,99424.45168295388
5427.230897982675,100312.48614951984
5427.259122398879,101708.80481749093
5427.287346961866,103212.14364954074
5427.315571671635,104834.98891686334
5427.343796528186,106352.87589443497
5427.372021531522,107849.19365878368
5427.400246681642,108769.97607078383
5427.428471978547,109640.79090992014
5427.45669742224,111332.19031917423
5427.484923012718,112014.43026378562
5427.513148749985,111895.40705307349
5427.54137463404,112320.07258933407
5427.569600664884,112618.91548422146
5427.597826842518,112686.76617660222
5427.626053166943,112721.97282706613
5427.65427963816,112777.51996251044
5427.682506256168,112954.03969313405
5427.71073302097,112972.14612668185
5427.738959932566,113203.52739077622
5427.767186990956,112587.11547934703
5427.795414196142,112903.28628444573
5427.823641548124,112795.55093313317
5427.851869046903,112792.30224526966
5427.880096692479,113021.04630935466
5427.908324484853,112878.45067617323
5427.9365524240275,112405.4707989567
5427.964780510001,112761.53215200597
5427.993008742776,112902.27377815267
5428.0212371223515,112888.16261984502
5428.049465648729,112712.23146490603
5428.077694321911,112274.71130463519
5428.105923141895,112814.0722578334
5428.134152108684,112182.16602806038
5428.16238122228,112575.5666898169
5428.19061048268,112427.6144566016
5428.218839889887,112337.42191422761
5428.247069443903,112542.54807430494
5428.275299144726,112831.43933084173
5428.303528992358,112194.68661407633
5428.3317589868,111752.64821452531
5428.359989128054,112107.99553786853
5428.388219416118,112464.05244010828
5428.4164498509945,112518.24319784898
5428.4446804326835,112324.04932329687
5428.472911161187,112018.32304044865
5428.501142036504,111785.58191066454
5428.529373058636,111386.8598066576
5428.557604227585,111103.15655126229
5428.58583554335,110145.58906693192
5428.614067005933,108923.10822166622
5428.642298615334,107174.93324093011
5428.670530371554,105328.19673424163
5428.698762274595,101884.41767633463
5428.726994324455,98168.5996558641
5428.755226521136,94048.27781532529
5428.78345886464,88913.71918596688
5428.811691354967,83461.0787248819
5428.839923992117,77889.9748776592
5428.868156776091,72119.72669510132
5428.896389706891,66510.85001529215
5428.924622784517,60839.03831579144
5428.952856008968,55849.90607717825
5428.981089380249,51324.75209857821
5429.009322898356,47513.59424873712
5429.037556563293,45145.25017899794
5429.06579037506,44705.08507226388
5429.094024333656,45362.38560122244
5429.122258439084,47651.327017082695
5429.150492691345,51225.63469797055
5429.178727090438,55662.31394247425
5429.206961636364,60807.49829627973
5429.235196329125,67014.56140519315
5429.263431168721,72958.56492842802
5429.291666155152,78646.59065262647
5429.319901288421,84102.35166400216
5429.348136568526,89148.21236541624
5429.3763719954695,93349.12080133428
5429.404607569252,97616.18097200974
5429.432843289874,100794.2655848158
5429.461079157337,103301.04163916182
5429.489315171641,105585.7917628127
5429.517551332786,107905.4383021062
5429.545787640774,109282.664079735
5429.574024095606,110770.30468466107
5429.602260697282,110987.69772480617
5429.630497445803,111448.1241982895
5429.658734341169,111452.00216905128
5429.686971383382,111826.1093342434
5429.715208572443,112443.61912447096
5429.7434459083515,112407.83609183767
5429.771683391108,112127.21010575279
5429.799921020715,112666.85952221221
5429.828158797172,112789.86297633774
5429.856396720481,112750.7235469264
5429.884634790641,112750.98308722401
5429.912873007654,112527.80924746508
5429.94111137152,112520.9671622509
5429.96934988224,112524.30736325459
5429.997588539814,112734.1705292411
5430.025827344245,112980.4472784982
5430.054066295533,112993.14560407244
5430.082305393677,112466.85247028318
5430.110544638679,112769.03688148598
5430.138784030541,112763.76363583432
5430.167023569261,111891.23028760855
5430.195263254842,112917.44770147529
5430.2235030872835,112808.31651641801
5430.251743066588,112800.44055023242
5430.279983192753,112734.05331475448
5430.308223465783,112825.12863791065
5430.3364638856765,112884.87326371355
5430.364704452435,113024.86224581678
5430.392945166059,112494.37645865155
5430.42118602655,113070.97932031855
5430.449427033906,113003.02288617146
5430.477668188132,112553.04115900847
5430.505909489226,112553.82935800472
5430.534150937189,112367.71129560177
5430.562392532023,112177.14026580293
5430.590634273728,112228.19173257501
5430.618876162304,112278.489495105
5430.647118197752,112093.2271866439
5430.675360380074,112357.15499966202
5430.703602709271,111532.7027514322
5430.731845185342,111135.28929596016
5430.760087808288,111050.75098657966
5430.78833057811,110764.1256322823
5430.81657349481,109921.45568959256
5430.844816558387,109794.89328498012
5430.873059768843,109624.07655248973
5430.901303126178,109830.01007919578
5430.929546630394,110057.6137654786
5430.95779028149,110383.61299755343
5430.9860340794685,110873.25110456785
5431.014278024329,110969.22955278463
5431.042522116072,110946.25240441014
5431.070766354699,111789.88459153312
5431.099010740211,112503.54912049166
5431.12725527261,112501.57433138383
5431.155499951893,112519.04935540895
5431.183744778064,112353.84307191636
5431.211989751123,112500.16440750592
5431.240234871069,112504.17716501978
5431.2684801379055,112346.84079739056
5431.296725551632,112542.30416491433
5431.32497111225,112553.97620137737
5431.353216819758,112260.62165525545
5431.38146267416,112418.58377645585
5431.409708675454,112128.78057681535
5431.437954823642,112143.4536331882
5431.466201118725,112445.90180074071
5431.494447560703,112382.65786419653
5431.522694149577,111970.11555708053
5431.550940885348,111783.91433722383
5431.579187768017,111860.90625157903
5431.607434797584,111876.64118851167
5431.63568197405,112044.43496894886
5431.663929297417,112182.62106297584
5431.692176767684,111741.03202785837
5431.720424384853,111439.47664360394
5431.748672148923,111004.11401006146
5431.776920059898,110900.03444136998
5431.805168117775,110800.1081468756
5431.833416322557,109713.69071730171
5431.861664674245,109468.58623411223
5431.8899131728385,108839.13855616614
5431.918161818339,107959.23997934772
5431.946410610748,107162.81610048757
5431.974659550065,106293.15881617967
5432.00290863629,105480.48998354864
5432.031157869425,104599.27119719668
5432.059407249471,102431.3865718815
5432.08765677643,99854.13656060515
5432.115906450299,97287.73516758703
5432.1441562710825,93347.26351594452
5432.172406238778,88962.42255334453
5432.20065635339,84027.3760262141
5432.228906614916,79231.2186968023
5432.257157023359,74148.7239306962
5432.285407578717,70688.70328345301
5432.313658280994,69159.50236755985
5432.341909130189,69324.94290303535
5432.370160126303,71409.85427344343
5432.398411269337,74458.99451753171
5432.426662559292,78985.32613263864
5432.454913996167,82830.85386316638
5432.483165579965,86540.74255815244
5432.511417310686,90656.66363071423
5432.539669188331,94477.16489394514
5432.5679212129,98090.43205425187
5432.596173384394,101214.65392385772
5432.624425702814,103373.92018191416
5432.6526781681605,105363.4695387236
5432.680930780435,106783.803977904
5432.709183539638,108160.11817921186
5432.737436445769,109407.54261501145
5432.76568949883,110108.16881603868
5432.793942698822,110692.72843082738
5432.822196045745,110987.80534882464
5432.8504495396,110952.53683150759
5432.878703180388,111270.27882834838
5432.90695696811,111112.73876232715
5432.935210902766,111587.18332027592
5432.9634649843565,111284.73600572447
5432.991719212883,110883.0090450487
5433.019973588347,111097.70218565539
5433.048228110748,111037.21989355602
5433.076482780088,111420.81246851472
5433.104737596365,111074.060912911
5433.132992559583,111490.54260895913
5433.161247669741,111476.51478720941
5433.189502926841,111695.33548723154
5433.217758330882,111705.23993678045
5433.246013881867,111895.98646382742
5433.274269579794,112051.62855594433
5433.302525424667,112081.67128752221
5433.330781416484,111671.35145458253
5433.359037555247,111632.61646502119
5433.387293840956,111653.96745699066
5433.415550273613,111096.97214822646
5433.443806853218,110433.29281376302
5433.472063579771,110490.7394184719
5433.500320453275,108963.40928958192
5433.528577473729,107089.72037522266
5433.556834641134,105107.91303141754
5433.585091955491,102860.91793035454
5433.613349416801,99514.85284036228
5433.641607025063,95728.55393960756
5433.669864780281,91135.83707314328
5433.698122682454,85737.9557943788
5433.726380731581,79663.18512712671
5433.754638927666,73147.32183682217
5433.782897270708,66947.2718609692
5433.811155760708,60763.356038993035
5433.839414397667,56722.91573720523
5433.867673181585,54134.99652531028
5433.895932112464,53691.392724069745
5433.924191190304,55280.576804243035
5433.952450415105,58263.73077881702
5433.980709786869,62707.489243624004
5434.008969305597,67979.9789398423
5434.037228971289,73392.94744905106
5434.0654887839455,79154.95663848918
5434.093748743568,84398.9747248919
5434.122008850157,89549.68291452352
5434.150269103712,93273.42007443526
5434.178529504236,97232.68017316225
5434.2067900517295,100468.6959305353
5434.2350507461915,102824.91943074955
5434.263311587624,105107.78069433039
5434.291572576028,107123.33528164348
5434.319833711403,107753.88590695862
5434.348094993751,108756.89004863704
5434.376356423072,109219.13212185641
5434.4046179993675,109386.1518556701
5434.432879722638,109436.96337851405
5434.461141592884,109716.67058590797
5434.489403610106,109073.87613424839
5434.517665774306,108910.11904739321
5434.545928085483,108866.21249176456
5434.574190543639,109281.97728824848
5434.602453148775,109507.95604776191
5434.63071590089,109798.03724808161
5434.6589787999865,109987.59761233735
5434.687241846065,110247.64537113308
5434.715505039126,110507.24572170671
5434.7437683791695,111427.20334001121
5434.772031866198,111135.00828101995
5434.800295500211,111242.59331967653
5434.82855928121,111475.97628465413
5434.856823209195,111633.47307419952
5434.885087284167,111583.67242232578
5434.913351506126,111116.08866432818
5434.941615875075,110642.18347374813
5434.969880391012,110307.5268281626
5434.99814505394,108727.79999349588
5435.026409863859,107992.61776370982
5435.05467482077,106495.13600014575
5435.082939924672,105095.2030758875
5435.111205175569,103682.12252605116
5435.139470573458,102406.93935100929
5435.167736118344,101014.94655734175
5435.196001810224,100441.38674478212
5435.2242676491005,101435.86813693416
5435.2525336349745,101801.4003276403
5435.280799767846,102852.96446953644
5435.3090660477155,103844.63218809731
5435.337332474585,105167.60217353553
5435.365599048454,106061.22351384694
5435.393865769324,106990.82873537601
5435.422132637196,107155.43056178902
5435.450399652071,108123.20195162932
5435.478666813948,107657.49586223735
5435.506934122829,107380.62845162621
5435.535201578715,106835.27213065639
5435.563469181607,106026.95900815801
5435.591736931504,104927.25052364622
5435.620004828409,103593.71637603577
5435.648272872321,103053.35031735912
5435.6765410632415,103114.73727038623
5435.704809401172,103433.95140314364
5435.7330778861115,104342.01313513565
5435.761346518063,104325.99227654113
5435.789615297025,104452.777222343
5435.817884223,104435.04361131585
5435.846153295987,104027.94444045145
5435.874422515989,104012.90602934684
5435.902691883005,104136.81205011142
5435.930961397037,104466.69296562014
5435.959231058085,104625.32908785748
5435.987500866149,105046.08534218857
5436.015770821232,105496.0222592616
5436.044040923332,106074.93848869523
5436.072311172452,106585.25025489616
5436.100581568592,107091.49296475649
5436.128852111753,106843.2845875251
5436.157122801935,107158.76904437624
5436.185393639139,107449.59437179932
5436.213664623367,107426.85103319335
5436.241935754618,107774.07629350087
5436.270207032893,108089.46108933535
5436.298478458195,108212.65408464998
5436.326750030522,108223.1453423822
5436.355021749876,109040.20827790526
5436.383293616257,108795.9538258722
5436.411565629667,108262.67895746334
5436.439837790106,108394.276916058
5436.468110097575,108573.09181861751
5436.496382552075,108151.53768193937
5436.524655153606,107928.87227418867
5436.552927902169,107812.70811565727
5436.581200797766,108219.83239623863
5436.609473840395,108165.84915547508
5436.63774703006,108710.09635392218
5436.66602036676,109639.90871802895
5436.694293850495,109934.18217539214
5436.722567481268,110149.54684073624
5436.750841259078,110518.52975276255
5436.7791151839265,110629.94792490307
5436.807389255814,111013.58121433275
5436.835663474741,111373.71405412804
5436.863937840709,111266.43951845328
5436.892212353719,111558.84475808857
5436.920487013769,111906.84902013504
5436.948761820864,111560.23241810733
5436.977036775002,111814.01086226056
5437.005311876184,111905.7157923605
5437.0335871244115,111838.55122656489
5437.061862519686,111843.42303982202
5437.090138062005,112100.57133715542
5437.118413751374,112358.08364850827
5437.146689587789,112013.12060236167
5437.174965571255,112394.8844479392
5437.203241701769,112450.76849576813
5437.231517979335,112020.5780890694
5437.259794403952,111795.45122844086
5437.28807097562,111688.2438820624
5437.316347694342,111560.79116456998
5437.344624560117,111622.11045677209
5437.372901572947,111259.71987017532
5437.401178732831,111484.4912929777
5437.429456039772,111987.79095324926
5437.457733493769,112122.96791705675
5437.486011094824,111979.66433454357
5437.514288842936,111900.2014265579
5437.542566738109,111818.71964973692
5437.57084478034,112097.70826950244
5437.599122969632,112025.31365621809
5437.627401305986,112066.32924986977
5437.655679789401,111667.04295075683
5437.683958419879,111566.92472493592
5437.712237197421,112001.78761335867
5437.740516122027,111996.30297453364
5437.768795193698,111967.2947051769
5437.797074412435,111764.82495280802
5437.825353778238,111995.18249805651
5437.853633291109,112437.12322871547
5437.881912951048,112439.90732284542
5437.910192758056,112245.14114453175
5437.938472712133,112180.0619541999
5437.966752813281,112422.55519239655
5437.995033061501,112475.18774711991
5438.023313456792,112227.414105657
5438.051593999156,112130.24456636774
5438.079874688593,112176.88184205601
5438.108155525105,112007.74236433985
5438.136436508692,112303.38135100846
5438.164717639354,112289.6179529161
5438.192998917093,111693.02811010605
5438.22128034191,111860.47913423582
5438.249561913804,111750.29998134746
5438.277843632777,111272.16451087044
5438.306125498831,111643.72080527464
5438.334407511963,111928.16064642215
5438.362689672178,111532.05210408621
5438.390971979474,111685.54260733849
5438.419254433853,111186.293911942
5438.447537035316,111162.27783430112
5438.475819783862,110757.06941496869
5438.504102679493,109964.588221386
5438.532385722211,109743.59980014068
5438.560668912015,109286.52664171415
5438.588952248906,108646.91603100742
5438.617235732885,107947.45548829099
5438.645519363953,108207.57655379537
5438.67380314211,108078.19449987964
5438.702087067358,108495.61776222475
5438.730371139697,108662.45283649594
5438.758655359127,109131.89371006784
5438.786939725651,109176.1723890136
5438.815224239267,109437.14009963622
5438.843508899979,109747.02161626262
5438.8717937077845,109903.08418108214
5438.900078662686,109730.58896721146
5438.928363764683,109394.49198889549
5438.956649013779,109303.50988223325
5438.984934409971,108985.89810583892
5439.013219953263,108383.76527364497
5439.041505643654,108084.21709083948
5439.069791481146,107415.27840217244
5439.098077465738,107547.98502786952
5439.126363597433,107571.41722407372
5439.15464987623,108134.84076187952
5439.18293630213,108347.81458577586
5439.211222875134,108894.40040861274
5439.239509595243,109357.34947188952
5439.267796462458,109699.0137370579
5439.296083476779,109806.87073992197
5439.324370638207,109645.02697010187
5439.352657946743,109831.01157954539
5439.3809454023885,109430.3517849205
5439.4092330051435,109355.02590600235
5439.437520755007,109743.1059181921
5439.465808651983,110316.37475629832
5439.49409669607,110164.25061717417
5439.52238488727,110551.13946496585
5439.5506732255835,110969.0010007344
5439.57896171101,111071.44193271606
5439.607250343553,111207.58612758329
5439.63553912321,111454.88047178058
5439.663828049984,111456.86401602496
5439.692117123875,111781.94871523249
5439.7204063448835,112074.50067244016
5439.74869571301,112063.6976051673
5439.776985228257,111891.17402109757
5439.805274890624,111766.43524251464
5439.833564700112,111962.24168129844
5439.861854656721,112204.04093921401
5439.890144760453,112070.24501449184
5439.918435011308,111523.24220869652
5439.946725409288,111654.59305125457
5439.975015954392,111584.5233917423
5440.003306646621,111394.49364384665
5440.031597485977,111049.33450969803
5440.0598884724595,111154.12727743748
5440.08817960607,111798.6896010995
5440.116470886809,112009.95963478058
5440.144762314678,111826.88098266392
5440.173053889676,112042.83399431489
5440.201345611806,111706.90903564758
5440.229637481067,112013.23941417079
5440.25792949746,111923.19135782566
5440.2862216609865,111682.29564733725
5440.314513971647,111816.40982968631
5440.342806429442,111833.32703278835
5440.371099034373,111636.13151837801
5440.39939178644,111051.99000275727
5440.427684685644,111113.83963329182
5440.4559777319855,110696.87216782992
5440.484270925465,110159.50491823486
5440.512564266085,109721.39471111237
5440.540857753845,109211.32432518854
5440.569151388745,108446.2096246695
5440.597445170787,107722.07148490645
5440.625739099971,107160.09953635884
5440.654033176298,106515.63112589833
5440.68232739977,105952.86207290032
5440.710621770386,106032.87621822112
5440.738916288147,105968.33279293167
5440.767210953054,106761.79657217466
5440.795505765109,107683.44245827556
5440.823800724311,108055.56625220904
5440.852095830662,108162.152908319
5440.880391084161,108647.25179933321
5440.9086864848105,109125.69468202756
5440.936982032611,109508.3129541097
5440.965277727563,110535.00292973546
5440.993573569668,110581.94019426411
5441.021869558926,110889.51566263124
5441.050165695337,111140.34870482024
5441.078461978902,110828.15998262622
5441.106758409624,111003.96538646983
5441.135054987501,111398.00481379038
5441.163351712535,111166.23308162294
5441.191648584727,110739.25903195566
5441.219945604077,110932.38819394525
5441.248242770586,111344.15427714074
5441.276540084256,111643.96631849805
5441.304837545086,111157.30956018102
5441.333135153078,110865.37889185481
5441.361432908231,110880.69728224253
5441.389730810548,110908.93287828744
5441.418028860029,111277.23531217809
5441.446327056674,110646.81707142021
5441.474625400484,110388.32684646074
5441.502923891461,110306.66324968026
5441.531222529604,109748.78534659074
5441.559521314915,109356.95060793194
5441.587820247394,109270.24794389556
5441.616119327043,108967.8270647716
5441.644418553861,108772.57997625173
5441.6727179278505,108556.55410101466
5441.701017449011,108228.74349500406
5441.729317117343,108573.18411278559
5441.757616932849,108562.7255260569
5441.785916895528,108808.57349966677
5441.814217005382,109364.1530989666
5441.842517262411,109589.16624376005
5441.870817666616,109561.66002215263
5441.899118217998,109700.79908661303
5441.927418916557,110401.98323834743
5441.955719762294,110638.96459354844
5441.9840207552115,110306.32553230635
5442.012321895308,111035.98490315842
5442.0406231825855,111623.1157354939
5442.068924617044,111639.43815969327
5442.097226198684,111371.40528812222
5442.125527927508,111612.28447419457
5442.153829803516,111865.20464914897
5442.1821318267075,111497.4085276738
5442.210433997085,111284.77061879517
5442.238736314647,111777.43435646023
5442.267038779397,111430.77100266433
5442.295341391334,111502.31121909103
5442.32364415046,111705.23239488546
5442.3519470567735,111426.86502579365
5442.380250110278,111148.49856707128
5442.408553310973,111540.76341104305
5442.436856658859,112012.10284340645
5442.465160153937,111896.1551225003
5442.493463796209,111527.70186395376
5442.521767585673,110908.3738842023
5442.5500715223325,111271.57095831452
5442.5783756061865,111189.1747477739
5442.606679837237,110639.21997515266
5442.634984215483,110734.0095436882
5442.663288740928,110959.87496036288
5442.69159341357,110710.47375589577
5442.719898233412,110706.28109045688
5442.748203200453,110923.14807106843
5442.776508314695,111102.16687113309
5442.804813576138,110927.45267699231
5442.833118984783,110986.73967924726
5442.861424540631,110678.42507144767
5442.889730243683,110369.88790327978
5442.918036093938,110305.04833689002
5442.946342091399,110278.86765473452
5442.974648236066,110224.17915932351
5443.002954527939,110277.83733194486
5443.03126096702,110294.74585246899
5443.0595675533095,111009.03545816094
5443.087874286807,111055.17720653967
5443.116181167515,111058.22506845625
5443.144488195433,110976.27131258277
5443.172795370562,111385.18327498175
5443.201102692903,111414.24394923066
5443.2294101624575,111226.09117076757
5443.2577177792255,111644.41572723098
5443.286025543207,111409.35710631356
5443.314333454404,111899.56449429269
5443.342641512817,111058.05973215039
5443.370949718446,111138.0393560709
5443.399258071293,111239.71355984302
5443.427566571358,111272.45202373595
5443.455875218641,111045.48249179081
5443.484184013145,111076.57925997347
5443.512492954868,111317.85448398802
5443.5408020438135,110885.51547615616
5443.5691112799805,110645.09447118075
5443.59742066337,111111.51265614554
5443.625730193983,110912.77057673542
5443.654039871821,110533.97777604377
5443.682349696883,109832.30126913975
5443.710659669171,109510.31442502061
5443.738969788686,109535.32326194855
5443.767280055428,109564.4813417954
5443.795590469398,109617.92095840913
5443.823901030597,109560.47440090065
5443.852211739026,109296.97398094002
5443.880522594684,109062.98434734633
5443.908833597575,108669.11149977267
5443.937144747696,108072.24251064767
5443.965456045051,108140.07498455042
5443.993767489639,108060.64356994393
5444.022079081461,107562.71376163217
5444.050390820518,106710.76154371898
5444.078702706812,105492.32417086839
5444.107014740341,104545.41194768964
5444.135326921108,103293.72148320975
5444.163639249112,100689.61759128438
5444.191951724356,98253.75418069604
5444.220264346839,94940.12686790503
5444.248577116562,90552.91818436132
5444.276890033527,85648.93816565856
5444.305203097733,80845.6362993592
5444.333516309182,76303.40375966969
5444.361829667874,72556.75815671813
5444.390143173811,70773.94169228969
5444.418456826992,70712.46625810002
5444.44677062742,72588.49565678406
5444.475084575093,75521.26338103868
5444.503398670014,79824.91171662923
5444.531712912182,83524.52483795953
5444.5600273016,87200.07466378468
5444.588341838267,91265.82960348256
5444.616656522185,94855.77301109424
5444.644971353353,98002.96448473683
5444.673286331773,101049.09136161696
5444.701601457446,103701.80894290558
5444.729916730372,104850.6551465419
5444.758232150552,106188.69490518044
5444.786547717987,107970.8333479975
5444.814863432678,108415.20124791496
5444.843179294625,109132.34262381155
5444.871495303829,110071.15017629278
5444.899811460292,110125.62885483164
5444.928127764012,110170.81100004913
5444.956444214993,109780.45868994344
5444.984760813233,109904.31544134008
5445.013077558735,109378.65422634812
5445.0413944514985,109706.73841132145
5445.069711491525,109806.48348566332
5445.0980286788135,109131.72678490766
5445.126346013367,108812.9330223945
5445.154663495185,109289.97076423308
5445.182981124269,109721.7071436991
5445.211298900619,109773.69612124437
5445.239616824236,109774.94737686223
5445.2679348951215,109595.6837278035
5445.296253113275,110226.98598072582
5445.324571478698,110469.47522461045
5445.352889991392,110906.57274095902
5445.381208651355,110670.83162987634
5445.409527458592,110485.84753812417
5445.4378464131005,110539.32870853979
5445.466165514882,110488.61195978234
5445.494484763938,110581.61427940681
5445.522804160269,110219.43406503627
5445.5511237038745,109884.80949930649
5445.579443394758,109301.13596503748
5445.607763232917,108726.67907420463
5445.6360832183545,107458.15929403958
5445.66440335107,106039.51387077606
5445.692723631066,104374.57696501866
5445.721044058341,102019.26760055941
5445.749364632898,99105.18870885145
5445.777685354736,95981.5361913703
5445.8060062238565,92505.91869451116
5445.83432724026,88195.4026584292
5445.862648403948,84677.86779741688
5445.89096971492,81151.97387963919
5445.919291173179,78397.95538787992
5445.947612778723,76281.44263604576
5445.975934531554,74730.50280525496
5446.004256431674,73441.1137199023
5446.032578479081,72173.09696161965
5446.060900673779,70348.27850728238
5446.089223015765,66930.05891403572
5446.117545505043,62848.51694937451
5446.145868141613,59028.469714846855
5446.174190925475,54585.67239677255
5446.2025138566305,50664.12150960985
5446.230836935079,47900.178238472
5446.259160160824,46625.05257349144
5446.287483533863,47023.4510926655
5446.315807054199,48996.5485692443
5446.344130721831,52484.556403895
5446.372454536761,57415.79437953984
5446.400778498991,62930.85480331582
5446.429102608518,68442.81693684803
5446.457426865347,74595.19522878522
5446.485751269476,79799.63159092245
5446.514075820907,85058.94546676776
5446.54240051964,89935.96058350967
5446.5707253656765,93751.84860499238
5446.5990503590165,97145.6506072286
5446.627375499661,100376.34541342457
5446.655700787611,102801.57678486695
5446.684026222867,104835.0225153504
5446.71235180543,106339.13577550549
5446.740677535302,107557.68446814072
5446.769003412481,108087.49765520197
5446.79732943697,108657.43780533213
5446.825655608769,109180.80419392516
5446.8539819278785,109450.4327765188
5446.8823083943,109272.68974643682
5446.910635008033,109165.67103821426
5446.9389617690795,109738.91809262555
5446.96728867744,110170.5289566416
5446.995615733115,109939.18284603691
5447.023942936105,109907.75856896772
5447.052270286412,110395.90353219972
5447.0805977840355,111032.5865627034
5447.108925428976,110497.85533313536
5447.137253221236,110310.6833098407
5447.165581160815,110565.53756081469
5447.193909247714,110634.89979039563
5447.222237481933,110805.0946842019
5447.250565863475,110832.35946815892
5447.278894392338,111018.62719128156
5447.307223068524,111079.45385721125
5447.335551892034,110961.39786258971
5447.363880862869,110481.92798804805
5447.392209981029,110808.5699751601
5447.420539246516,110873.04074097704
5447.448868659329,110979.90752402807
5447.47719821947,111007.37736894956
5447.505527926938,110521.71812748491
5447.5338577817365,110290.69232379636
5447.562187783865,110108.64130168821
5447.590517933324,109573.2141177425
5447.618848230115,109513.06858142196
5447.647178674238,109063.0796857899
5447.675509265693,108599.24057065192
5447.703840004482,108332.66666769581
5447.7321708906065,108345.16617009055
5447.7605019240655,108046.59320805603
5447.788833104862,108168.06210524558
5447.817164432993,108791.99587553235
5447.845495908464,108537.88867912136
5447.873827531272,109133.66735296661
5447.902159301419,109032.08291772865
5447.930491218906,108805.97310370357
5447.958823283734,109787.22235051346
5447.987155495904,109825.91656475047
5448.015487855415,110055.48065965994
5448.04382036227,110699.22441477723
5448.072153016468,110789.28363837318
5448.10048581801,110486.80360962737
5448.128818766899,110429.68296094137
5448.157151863133,110408.22546221224
5448.185485106714,110347.45524682314
5448.213818497642,110285.81951187775
5448.2421520359185,110082.31740091264
5448.270485721545,110178.0991361568
5448.29881955452,109965.01744898337
5448.327153534847,109700.8841062006
5448.355487662525,109424.05513135545
5448.383821937555,109111.97920741327
5448.412156359937,108980.5947305977
5448.440490929674,108860.66441926216
5448.468825646764,108818.23813994118
5448.4971605112105,109880.42330064769
5448.525495523013,109120.09711785529
5448.553830682172,109185.31196592338
5448.582165988689,108953.6317953846
5448.610501442564,108771.20520051791
5448.638837043797,108976.91963103518
5448.667172792391,109405.97131416433
5448.695508688345,109975.97562244782
5448.723844731661,110159.65589810742
5448.752180922339,109725.80369631297
5448.780517260379,110091.854549155
5448.808853745783,110367.05029833669
5448.837190378553,110245.0915974327
5448.865527158687,110566.88933075259
5448.893864086186,110532.68421359049
5448.922201161053,110576.89052306706
5448.950538383287,110353.031433655
5448.9788757528895,109859.0175474353
5449.007213269861,109636.44211333107
5449.035550934202,109602.50566159768
5449.063888745914,109700.65040482846
5449.092226704996,110243.50217786769
5449.120564811452,109415.76714557083
5449.14890306528,110082.96909786962
5449.177241466481,109982.87295490225
5449.205580015057,109878.64021659829
5449.233918711008,110028.70866991588
5449.2622575543355,109931.22036874674
5449.290596545039,110025.4603376358
5449.318935683121,110089.3292129838
5449.34727496858,109768.94991559198
5449.375614401419,110017.64891455352
5449.403953981637,109982.66760940188
5449.432293709236,110240.1033397737
5449.460633584215,109246.52808458025
5449.488973606577,109353.86825613449
5449.517313776322,109977.4577862268
5449.545654093451,110106.01592766917
5449.5739945579635,109975.89362174156
5449.602335169861,110068.37270600015
5449.630675929145,110012.5985033839
5449.659016835815,109785.604659977
5449.687357889873,109910.32555423341
5449.715699091319,109802.80770029643
5449.744040440154,110525.5907424917
5449.772381936379,110239.3502099496
5449.800723579994,110045.64858762537
5449.829065371001,109871.99831151652
5449.8574073094,110296.09630040402
5449.88574939519,110528.18482989109
5449.914091628375,110438.86458114725
5449.9424340089545,110137.31171451698
5449.9707765369285,109732.27885708245
5449.999119212299,109916.69542870588
5450.027462035066,109697.25949029948
5450.05580500523,109325.71150642134
5450.084148122792,109115.40376334329
5450.112491387753,108638.21733684545
5450.140834800113,107853.96007560077
5450.169178359874,108075.91599263618
5450.197522067037,108460.45852480525
5450.225865921601,108211.7951101577
5450.254209923569,108065.10587379122
5450.282554072939,107928.34438832814
5450.310898369714,107168.84967063113
5450.339242813894,107005.19661348838
5450.36758740548,107175.80628778134
5450.395932144473,106720.04799585618
5450.424277030872,106302.05648894513
5450.45262206468,106050.59794582051
5450.480967245897,105987.32950057482
5450.509312574523,106200.02351510714
5450.53765805056,106397.2395740609
5450.566003674008,107020.56326339296
5450.594349444868,107800.7378616634
5450.62269536314,107750.03716464972
5450.651041428827,107949.45529435236
5450.679387641927,108291.23556511888
5450.7077340024425,108787.75436903747
5450.7360805103735,109296.87888443324
5450.764427165722,109952.62032423758
5450.7927739684865,109937.78258210863
5450.821120918669,110010.77228632204
5450.849468016271,109983.82965214289
5450.877815261293,109890.74301310105
5450.906162653735,110188.87158583927
5450.934510193598,110494.08511930186
5450.962857880883,110744.19551429643
5450.991205715591,111141.83136115628
5451.019553697722,110339.38376642475
5451.047901827277,110341.38497359634
5451.076250104258,110459.24580238598
5451.104598528664,110841.86958259814
5451.1329471004965,110470.69966247641
5451.161295819757,110391.64704886099
5451.189644686444,110378.36085347694
5451.217993700561,110255.51922728909
5451.246342862108,110624.83114279105
5451.274692171084,110470.08747241591
5451.303041627491,109849.24930463741
5451.3313912313315,109889.8314137362
5451.359740982603,109465.94176971371
5451.38809088131,109097.9255788669
5451.416440927449,108328.45513803278
5451.4447911210245,108478.57118240111
5451.473141462035,108704.23558560392
5451.501491950482,108353.08500513178
5451.529842586366,108029.28904261086
5451.5581933696885,108450.40450879771
5451.5865443004495,109072.85684261646
5451.6148953786505,108783.76772698892
5451.643246604291,108842.53769958166
5451.6715979773735,109258.59222456154
5451.699949497897,109412.98364746312
5451.728301165864,109937.26032970515
5451.756652981273,110209.98689761129
5451.785004944128,110492.85885291039
5451.813357054426,110286.02730554588
5451.841709312171,110177.42068221541
5451.870061717362,110497.85501681472
5451.89841427,110444.17390471858
5451.926766970087,110318.5403719744
5451.955119817621,110592.66655204685
5451.983472812606,109978.09532005755
5452.011825955041,109937.28957963502
5452.040179244927,109496.89164539611
5452.068532682264,109382.13894369527
5452.096886267055,109011.99327996207
5452.125239999298,108722.60915857182
5452.153593878996,108138.5421686874
5452.181947906149,107686.89376383815
5452.210302080757,107881.25454599952
5452.238656402822,108079.41919546248
5452.267010872343,108171.2097138305
5452.295365489324,108317.16265094519
5452.323720253762,107845.95985171231
5452.35207516566,108437.90413225122
5452.380430225018,108385.79919473101
5452.408785431838,108490.19083306682
5452.437140786119,108987.44119919249
5452.465496287862,108810.72305104298
5452.493851937069,108732.46346108361
5452.52220773374,108886.94563802815
5452.550563677876,108880.32484148668
5452.578919769478,109076.5321800794
5452.607276008545,108993.84788733919
5452.63563239508,109021.07799976747
5452.663988929084,109288.42915409477
5452.692345610555,109528.038585207
5452.720702439497,109691.23089516985
5452.749059415908,109708.15668269036
5452.77741653979,109655.49739028823
5452.805773811144,109334.02065926263
5452.834131229971,109450.88166515404
5452.862488796271,109932.8243882646
5452.890846510045,110050.31522977077
5452.919204371293,110066.28647401047
5452.947562380017,110104.74918468781
5452.975920536218,109813.14452047952
5453.004278839896,110104.91242951495
5453.032637291052,109804.47554712305
5453.060995889687,109653.49881000633
5453.0893546358,109732.63855705004
5453.117713529394,109266.84419671976
5453.146072570469,108941.06796350743
5453.1744317590255,108635.72990858658
5453.202791095065,108154.99190621675
5453.231150578587,107550.64613630755
5453.259510209594,106769.69592352817
5453.287869988085,106063.725394497
5453.316229914062,104423.32381847073
5453.344589987525,102945.36620676749
5453.372950208475,101300.42296493027
5453.401310576914,99889.95111106787
5453.42967109284,98852.02230132146
5453.458031756256,98673.68494365513
5453.4863925671625,99032.83865314582
5453.51475352556,99653.56830276725
5453.543114631449,100729.43244511668
5453.57147588483,102154.61729095496
5453.599837285705,103463.02440864143
5453.628198834073,104451.85756856092
5453.6565605299365,105203.76740390518
5453.684922373295,106152.20517801245
5453.713284364151,106881.5342412042
5453.7416465025035,107332.51171126086
5453.770008788353,107891.52270086903
5453.798371221702,108442.72034797238
5453.82673380255,108418.31951904845
5453.855096530898,108681.91277818906
5453.8834594067475,108760.0261381678
5453.911822430098,108483.2973268189
5453.940185600952,108589.5607998572
5453.968548919308,108569.31118630468
5453.996912385168,108863.64747592612
5454.025275998533,108201.34797334418
5454.053639759404,108998.35138190085
5454.082003667781,109473.33263172978
5454.110367723664,109784.00691870142
5454.138731927056,109278.95006969382
5454.167096277957,109602.86041391116
5454.195460776366,110097.16884533034
5454.223825422286,109877.20430285331
5454.252190215717,109393.91159867162
5454.280555156659,109254.64703326828
5454.308920245114,109363.19176918289
5454.337285481081,109105.26398277577
5454.365650864564,109379.78317241672
5454.394016395559,108542.81118526252
5454.422382074072,107701.39250667325
5454.4507479001,107215.54456247253
5454.4791138736455,105776.09648977917
5454.507479994709,104231.57648467389
5454.53584626329,102169.42751791728
5454.564212679391,99432.90414660286
5454.592579243012,95965.81537704826
5454.620945954153,91667.55159257656
5454.649312812817,86926.67739912789
5454.677679819003,81550.54776355095
5454.706046972712,75281.62708207934
5454.734414273945,68983.92932004872
5454.762781722702,63070.462319996164
5454.791149318985,56931.75809592598
5454.819517062794,51888.90073443934
5454.847884954131,48325.83712385828
5454.8762529929945,45240.94175117462
5454.904621179387,42685.249759695456
5454.932989513309,41467.025823899545
5454.961357994761,41983.8731698234
5454.989726623743,44114.28406934215
5455.018095400257,47539.94085745817
5455.046464324304,52077.947537699416
5455.074833395884,57409.10035750933
5455.103202614997,62462.45720404317
5455.131571981646,67687.6952989199
5455.159941495829,73032.82128316756
5455.188311157549,77630.97176714301
5455.216680966806,81485.73531893535
5455.2450509236005,85797.56159271678
5455.273421027933,89440.33543961804
5455.301791279806,92607.66568845318
5455.330161679218,96150.52893463636
5455.3585322261715,99198.01892936125
5455.386902920666,101354.9652801529
5455.415273762703,102944.82689362181
5455.443644752283,105106.49320364653
5455.472015889407,106440.17579715214
5455.5003871740755,106935.58628647255
5455.52875860629,108307.23488837741
5455.55713018605,109023.07792306691
5455.585501913357,108813.87003915133
5455.613873788211,108755.52963786495
5455.642245810614,109190.68696229327
5455.670617980567,109266.49402809513
5455.6989902980695,109007.30160048968
5455.727362763123,108838.37925107354
5455.755735375727,108577.46217910481
5455.784108135885,108757.4450069825
5455.812481043595,108010.34142211535
5455.840854098859,108274.57101039156
5455.869227301678,108679.53743956592
5455.897600652052,108726.4857617466
5455.925974149982,109043.12338690108
5455.954347795469,108561.34515605042
5455.982721588513,108677.59178087655
5456.011095529117,109384.15275359883
5456.03946961728,109817.47442529503
5456.067843853002,109689.74682488194
5456.096218236285,109285.08778679762
5456.12459276713,109569.30761760661
5456.152967445536,109928.09244106022
5456.181342271507,110012.5454372715
5456.20971724504,109857.44322018464
5456.2380923661385,109905.69139720115
5456.266467634802,109793.64685047434
5456.294843051032,109587.18706950327
5456.323218614829,109657.86205654666
5456.351594326193,109722.74897150719
5456.379970185126,109229.39486681647
5456.408346191628,108939.01400897485
5456.436722345699,109325.84788895218
5456.4650986473425,109533.47589654571
5456.493475096557,109327.03369825038
5456.521851693343,109174.65860922945
5456.550228437703,109213.04277442169
5456.578605329635,108969.40634769814
5456.606982369143,108801.7383413876
5456.635359556226,108905.97025084766
5456.663736890885,109165.56562608002
5456.6921143731215,108908.87129501752
5456.720492002935,109178.50052071532
5456.748869780327,109232.12597651542
5456.777247705299,109029.18163932952
5456.80562577785,109006.51728773271
5456.834003997981,109042.1554571603
5456.862382365695,109217.01235279036
5456.8907608809905,108914.96186569039
5456.919139543869,109133.5271166764
5456.947518354332,109260.91837120696
5456.975897312378,109038.43573060079
5457.004276418011,109222.7216274449
5457.032655671229,109230.5795809169
5457.0610350720335,108824.34763809261
5457.089414620426,108626.29913443272
5457.1177943164075,108811.43557675222
5457.146174159978,109019.42959851523
5457.174554151138,109304.76195442541
5457.202934289889,109483.75920044143
5457.231314576231,109423.4974596408
5457.259695010165,109651.79450083527
5457.288075591693,109770.76373313631
5457.316456320814,110224.57196443107
5457.34483719753,109943.07918870513
5457.373218221841,109643.27414881368
5457.401599393747,109281.06197193816
5457.429980713252,108985.3428892101
5457.458362180353,109027.3669986059
5457.4867437950525,109039.28213326805
5457.515125557352,109194.36014245373
5457.5435074672505,109332.63416542172
5457.57188952475,109299.86442761327
5457.600271729851,109342.42099102994
5457.628654082554,109569.7733071382
5457.65703658286,109915.88384176951
5457.68541923077,109454.58201529086
5457.713802026284,109489.62776095029
5457.742184969404,109582.33664461959
5457.770568060129,109652.2135324935
5457.798951298461,109492.47431532195
5457.827334684401,109680.55588278563
5457.855718217949,109915.09734279953
5457.884101899107,109856.82467593807
5457.912485727874,109914.15103658447
5457.940869704252,109922.60327020212
5457.969253828241,109888.61437540878
5457.997638099842,109837.42708868142
5458.026022519057,109337.47136595896
5458.054407085885,109358.6682520015
5458.082791800327,109696.01703078506
5458.111176662385,110049.55600745943
5458.139561672058,109829.48293176637
5458.16794682935,109572.74298065843
5458.196332134257,109984.8707089486
5458.224717586783,110050.32921024993
5458.253103186929,109968.02008023924
5458.281488934695,109708.1724020049
5458.309874830081,109577.91183488668
5458.338260873088,109738.06267411962
5458.366647063717,109945.35752576136
5458.39503340197,109844.9737454397
5458.423419887846,109369.7691946613
5458.451806521346,109265.31688619754
5458.480193302472,108850.53094020543
5458.508580231223,108717.8099792827
5458.536967307602,108246.35902339946
5458.565354531608,108346.36217112874
5458.5937419032425,108908.08976215612
5458.622129422506,108541.90877602037
5458.650517089399,108426.17225927439
5458.678904903923,108703.21313559556
5458.707292866078,108793.43669455135
5458.735680975865,108812.63950860329
5458.764069233285,108947.85239902887
5458.792457638339,108991.31727573958
5458.820846191027,109268.32762923081
5458.8492348913505,110103.66826864776
5458.87762373931,109797.99424803004
5458.906012734907,109567.16262036588
5458.93440187814,109754.60033299231
5458.962791169012,110221.06541477659
5458.991180607523,110254.59346144073
5459.019570193674,110291.94884161059
5459.047959927465,109888.39898513703
5459.076349808898,109786.90459843988
5459.104739837973,110110.64496935216
5459.13313001469,110017.66912102058
5459.161520339052,109932.914457608
5459.189910811057,110184.07800567648
5459.218301430708,109857.73044215416
5459.246692198006,109418.9736508032
5459.27508311295,109509.96955339615
5459.30347417554,109151.74192475331
5459.33186538578,109461.81572745436
5459.360256743668,109153.25758033353
5459.388648249206,108934.11084827589
5459.417039902395,108821.96015936552
5459.445431703235,108670.5257718865
5459.473823651727,109016.48322480456
5459.5022157478725,109319.76175824986
5459.530607991671,108833.69159467547
5459.559000383124,108248.34790398247
5459.5873929222325,108000.5284968185
5459.615785608997,107690.01215242711
5459.644178443417,107522.16798477202
5459.672571425495,107448.62044691728
5459.700964555232,107452.78839820223
5459.729357832628,107350.90052573307
5459.757751257683,107621.95875673769
5459.786144830398,108116.40960324102
5459.814538550776,108061.50888716054
5459.8429324188155,107996.56949052602
5459.871326434517,108193.85117913764
5459.899720597883,108601.33239454376
5459.928114908913,108722.93611861744
5459.956509367608,109106.79119031652
5459.984903973969,109381.3500907517
5460.013298727998,109242.67393547043
5460.041693629692,109464.61461521802
5460.070088679056,109509.69640314984
5460.098483876089,110168.39468551487
5460.126879220791,110118.95734633374
5460.155274713164,109126.76316198248
5460.183670353208,109275.00165679886
5460.2120661409235,109371.59568097335
5460.240462076313,109050.04042958486
5460.268858159376,109069.68436338045
5460.297254390112,109441.52873600915
5460.325650768525,109701.34782690878
5460.354047294612,109622.01475368193
5460.382443968377,109749.90738684751
5460.410840789818,109961.63072490552
5460.439237758939,109795.70748586475
5460.467634875738,109877.33712956516
5460.496032140217,110171.97974583067
5460.524429552376,109985.23710806941
5460.5528271122175,110058.22346599914
5460.58122481974,109806.99305786358
5460.609622674946,109709.96151835004
5460.638020677835,109299.14159591022
5460.6664188284085,109460.92128201338
5460.694817126667,109519.7806599638
5460.7232155726115,108952.1446626014
5460.751614166243,108020.78415219515
5460.780012907561,107570.1025223477
5460.808411796568,106945.25581063307
5460.836810833263,106049.22710018783
5460.86521001765,105622.76284670057
5460.893609349725,105082.92615777854
5460.922008829492,104802.84859171452
5460.950408456952,105572.08454286617
5460.978808232104,105793.57505281486
5461.00720815495,106201.05759200496
5461.035608225489,107312.63471727772
5461.064008443725,107634.19887396663
5461.092408809655,107856.94489543329
5461.120809323283,108023.36518078
5461.149209984607,108174.52131855897
5461.17761079363,108771.24085313898
5461.206011750352,109015.10387532569
5461.234412854775,109077.42532931808
5461.262814106896,109516.9838474277
5461.291215506721,109751.63015231914
5461.319617054246,109652.63530230852
5461.348018749474,109675.36636607564
5461.376420592405,109605.63714334609
5461.404822583042,109365.62111000012
5461.433224721383,109969.14399760829
5461.46162700743,109619.24082282861
5461.490029441184,109292.9851653762
5461.518432022645,109651.6282373293
5461.5468347518145,109392.00391950396
5461.575237628693,108964.12636694779
5461.60364065328,108675.12929115316
5461.632043825579,108495.68972185499
5461.6604471455885,107961.52000947426
5461.68885061331,106984.7177085469
5461.717254228744,106103.81119239658
5461.745657991892,105208.63824822077
5461.7740619027545,103822.58056070887
5461.802465961331,102708.28263175003
5461.830870167624,102387.38312544314
5461.859274521634,101462.93819855942
5461.887679023361,101642.4200603291
5461.916083672806,102261.5111543626
5461.944488469971,102742.73722021062
5461.972893414854,102628.05425298985
5462.001298507458,102555.29957566959
5462.029703747784,101751.135117909
5462.058109135832,101189.18256756307
5462.086514671601,99806.56481585503
5462.114920355096,97940.1221408878
5462.143326186313,95542.27604966465
5462.171732165257,91790.57934227036
5462.200138291925,88014.54102816686
5462.228544566321,84436.08774482456
5462.256950988443,79917.57602865451
5462.285357558295,76257.96854214229
5462.313764275875,74743.98939311788
5462.342171141184,73865.49950758791
5462.370578154224,74343.186640732
5462.398985314995,75184.60306181847
5462.427392623498,75820.43041884709
5462.455800079734,76022.73912636958
5462.484207683704,75321.06420106304
5462.5126154354075,73444.15347636875
5462.541023334847,71325.031898147
5462.569431382021,69145.8206508209
5462.5978395769325,67877.87546420762
5462.62624791958,67929.61060115379
5462.654656409967,69072.28726556724
5462.683065048092,72103.73955943096
5462.711473833958,76146.88336949247
5462.739882767563,80212.40402643598
5462.76829184891,84323.27001900417
5462.796701077999,88463.3752554217
5462.825110454831,92407.78567889956
5462.853519979406,95538.47126306195
5462.881929651725,97997.8459784792
5462.9103394717895,100952.14724885805
5462.938749439599,102651.30493180882
5462.967159555155,104560.13036733009
5462.995569818459,105944.79354565169
5463.023980229512,106690.56822744686
5463.052390788313,107239.92094986356
5463.080801494863,107628.62305457922
5463.109212349164,107857.23941585931
5463.1376233512165,108112.91611650749
5463.1660345010205,108537.18742002573
5463.194445798577,108265.03161612849
5463.222857243888,108241.77409183975
5463.2512688369525,107595.01213733839
5463.2796805777725,107269.38559508658
5463.308092466348,107044.96393633302
5463.336504502679,107623.41531918087
5463.364916686769,107281.62182627551
5463.393329018617,106724.28835166863
5463.421741498223,106598.47221314366
5463.450154125589,106404.0748612018
5463.478566900715,105332.10767896136
5463.506979823603,104320.68887067279
5463.535392894252,103245.81985572488
5463.563806112664,102151.46203109785
5463.59221947884,101553.71971555146
5463.62063299278,100787.29077109256
5463.649046654485,100615.96798172427
5463.677460463955,101272.57192820222
5463.705874421193,101708.49936460992
5463.734288526197,102929.70524271815
5463.7627027789695,103609.02163410596
5463.791117179511,104821.5051698574
5463.819531727822,105925.13912204828
5463.8479464239035,106818.5837279234
5463.876361267756,107189.9793513182
5463.904776259381,107560.29311337153
5463.933191398778,108088.954009757
5463.961606685949,108511.24788554215
5463.990022120894,109000.5214761064
5464.018437703614,109574.72175260591
5464.046853434109,109542.47654301843
5464.075269312381,109508.83688550965
5464.103685338431,109876.22253071825
5464.1321015122585,109696.38868624115
5464.160517833865,109996.816450972
5464.188934303252,109850.48112420397
5464.217350920418,109703.88668517038
5464.2457676853655,109536.84611251883
5464.274184598095,109100.30113442229
5464.302601658607,109510.24417129555
5464.331018866903,109803.66568945971
5464.359436222983,109829.35316225722
5464.387853726848,109767.99480392708
5464.416271378499,110022.8606069373
5464.444689177936,109612.308851241
5464.473107125161,109361.34144484223
5464.501525220173,109641.31037064664
5464.529943462974,109942.28557784094
5464.558361853566,110052.58083968145
5464.586780391947,109901.95071790986
5464.61519907812,109695.85795684566
5464.643617912084,109331.6790049197
5464.672036893841,109457.12234177534
5464.700456023392,109490.66450982708
5464.728875300737,110082.17892753691
5464.757294725877,109375.3952494111
5464.785714298812,109893.95801332081
5464.814134019544,109972.99918927567
5464.842553888074,109409.8167200043
5464.870973904401,109463.97395116411
5464.899394068527,109201.77637842587
5464.927814380453,109269.88277225524
5464.95623484018,109365.1289229266
5464.984655447706,109044.64881839036
5465.013076203036,109021.77203220014
5465.041497106168,109102.60103246654
5465.0699181571035,108809.54923087038
5465.098339355843,108610.43337432221
5465.126760702387,108579.36791176675
5465.155182196738,108392.12662190472
5465.183603838895,107883.93270768266
5465.212025628859,107576.22670728745
5465.240447566631,106778.22748952432
5465.268869652212,106681.66767967922
5465.297291885602,106352.81480274133
5465.3257142668035,106528.11878363173
5465.354136795815,106754.51067255462
5465.3825594726395,106316.85539661613
5465.410982297276,106204.36877118477
5465.439405269726,106349.15781925265
5465.46782838999,105905.87040337281
5465.496251658069,105027.7883753901
5465.524675073964,104038.81816002383
5465.553098637676,102866.96467450935
5465.5815223492045,100700.8930555823
5465.609946208551,97635.17419941779
5465.638370215717,94824.02947499206
5465.6667943707025,91541.46814585655
5465.695218673508,88038.9147059281
5465.7236431241345,85694.81434259818
5465.752067722583,84366.62471682695
5465.780492468854,84731.83399824839
5465.808917362949,86594.79785953421
5465.837342404868,88501.1001090533
5465.8657675946115,91124.34390164247
5465.894192932181,93736.06748979517
5465.922618417577,96297.6591054039
5465.9510440508,98555.7497637722
5465.979469831852,99866.89012037704
5466.007895760732,101283.35796515532
5466.036321837441,102833.24340085666
5466.064748061982,103418.37047096687
5466.0931744343525,103473.38685369745
5466.121600954556,103341.9037608553
5466.150027622592,102559.47813974865
5466.178454438461,101593.13770707027
5466.206881402164,100502.2244207865
5466.235308513702,99093.26568945411
5466.263735773076,98023.15968290715
5466.2921631802865,97686.77235189617
5466.320590735335,97742.0796127504
5466.349018438221,98494.45541639526
5466.377446288945,99523.00798175819
5466.4058742875095,100567.23362966604
5466.434302433914,101754.05605558187
5466.46273072816,102913.54833180513
5466.491159170247,104068.08010639147
5466.519587760177,104973.01508086757
5466.548016497951,105823.50455712488
5466.576445383568,106374.13561560081
5466.604874417031,106969.3389901375
5466.63330359834,107688.310541782
5466.661732927494,107799.53160643506
5466.690162404497,107734.91697606996
5466.718592029347,107655.31589315816
5466.747021802046,107363.11489759877
5466.775451722595,107855.70931877503
5466.803881790994,107371.24831218686
5466.832312007244,107631.21750209086
5466.860742371346,107985.26692558736
5466.8891728833,107979.4381049641
5466.917603543108,108311.91784130096
5466.94603435077,108554.25105486109
5466.974465306287,108509.78633853012
5467.00289640966,108844.87940403991
5467.0313276608895,108797.22286252513
5467.0597590599755,108486.39035014529
5467.08819060692,108836.88435764078
5467.1166223017235,109175.9522705151
5467.145054144386,108673.63187326194
5467.17348613491,108607.83571981467
5467.201918273294,108777.83643925707
5467.23035055954,108604.47920425993
5467.258782993649,108760.32747487178
5467.287215575621,108602.60949453324
5467.315648305458,108827.79742036341
5467.34408118316,108541.19318677072
5467.372514208727,108056.04502827057
5467.40094738216,107645.18482170031
5467.429380703461,107699.84679545507
5467.45781417263,107017.41798760631
5467.486247789668,106733.09194661822
5467.514681554575,106545.5014056933
5467.543115467352,106429.9805103513
5467.571549528001,105951.83694303129
5467.599983736522,105631.91305856714
5467.628418092914,104287.31671859612
5467.656852597181,103314.19386870723
5467.685287249322,103212.92242007403
5467.713722049338,102849.15096784236
5467.742156997228,102636.03760641275
5467.770592092997,102805.95894682899
5467.799027336641,103070.90382828655
5467.827462728165,103557.37250593798
5467.855898267567,104099.38966997531
5467.884333954848,104730.85682664918
5467.91276979001,104829.10011334966
5467.941205773053,105762.67594270558
5467.969641903977,106852.88255025265
5467.998078182785,107271.96867962573
5468.026514609476,107728.06630790664
5468.054951184051,108092.22822289485
5468.08338790651,108029.24120736613
5468.111824776856,108458.15586241659
5468.140261795088,108667.35265953
5468.168698961208,108778.34376394462
5468.197136275215,108968.20439713605
5468.2255737371115,109219.14501032136
5468.254011346897,109154.14203517372
5468.282449104573,109037.92315267239
5468.31088701014,108913.49681290449
5468.339325063599,108821.32890603585
5468.367763264951,108892.98110953878
5468.396201614196,109081.8595751571
5468.424640111335,108961.32638194387
5468.453078756369,108481.45133809067
5468.481517549299,108780.9571170921
5468.509956490125,108811.93024804819
5468.538395578848,108741.63934657985
5468.56683481547,108721.2481659224
5468.59527419999,108513.46993336907
5468.623713732411,108122.49842118523
5468.6521534127305,108294.10774859901
5468.680593240952,108412.9921611635
5468.709033217075,108744.14445222118
5468.737473341101,108703.25223376656
5468.76591361303,108541.19139494069
5468.794354032863,108541.25946081695
5468.822794600602,109258.35249978169
5468.851235316246,108989.28893047344
5468.879676179796,108709.33773849045
5468.908117191254,108809.77870414352
5468.93655835062,108762.09382902712
5468.964999657894,108983.62852787027
5468.993441113078,108838.57107536643
5469.0218827161725,108494.36738985128
5469.050324467178,108763.45088516898
5469.078766366096,108778.83974393402
5469.1072084129255,108771.66307668616
5469.135650607669,109070.77848659449
5469.164092950326,109159.02250837152
5469.192535440899,108646.53693506727
5469.220978079387,108409.1717869742
5469.249420865792,107958.72222445939
5469.277863800114,107891.14345490476
5469.306306882353,107381.29721067505
5469.334750112512,106769.39072744294
5469.363193490591,106366.46303872859
5469.391637016589,105493.80102850789
5469.420080690508,105204.31637975086
5469.448524512351,105084.05855184581
5469.476968482114,105022.98663975704
5469.505412599802,105348.09895171823
5469.533856865413,105495.94401490633
5469.56230127895,106052.99688748353
5469.590745840413,106516.85620026999
5469.619190549802,106625.28245490156
5469.647635407117,107160.96299461063
5469.676080412361,107354.79167293108
5469.704525565535,107552.27145749645
5469.7329708666375,107700.73799273052
5469.7614163156695,107482.69469191592
5469.789861912634,106960.5849666223
5469.81830765753,106336.44121234796
5469.846753550358,105905.3611295691
5469.87519959112,105241.64840589347
5469.903645779816,105024.33893983603
5469.932092116446,104301.42820755346
5469.960538601013,103773.27995143429
5469.988985233516,103643.57213314813
5470.017432013956,103573.38078794807
5470.045878942335,103386.05878194296
5470.074326018652,103534.04351563872
5470.102773242908,103831.15133627421
5470.131220615105,104778.38960801734
5470.159668135243,105004.13971721122
5470.188115803323,104962.34304633061
5470.216563619346,105438.72828979493
5470.245011583312,106092.1006086432
5470.273459695222,106728.02354041552
5470.301907955077,107144.08469417237
5470.330356362878,107703.4921709906
5470.358804918625,108123.28912868146
5470.38725362232,108215.7969949373
5470.415702473962,108344.53329101333
5470.444151473554,108195.08234682523
5470.472600621094,108604.78349758199
5470.5010499165855,108132.0409399412
5470.529499360027,108105.47139836842
5470.557948951422,108465.68552660992
5470.586398690769,108351.80579285033
5470.614848578069,108548.75876354566
5470.643298613323,108893.06753450938
5470.6717487965325,109095.30627913364
5470.7001991276975,109155.3439579447
5470.728649606819,109304.94745909548
5470.757100233898,109087.23524375127
5470.785551008935,109282.9551922493
5470.81400193193,109282.44737434266
5470.842453002885,109427.9063925638
5470.870904221801,109355.88141147286
5470.899355588677,109034.93790768912
5470.927807103516,109595.1134365639
5470.956258766317,109943.67877427746
5470.984710577081,109509.07569764668
5471.01316253581,109668.05936972298
5471.041614642503,109980.09495639407
5471.070066897163,109696.33872899793
5471.098519299789,109154.68218233084
5471.126971850382,109159.50248962057
5471.155424548942,109521.71146526065
5471.183877395472,109508.65893470158
5471.212330389972,109176.9003646717
5471.240783532442,109249.70138759374
5471.269236822883,108954.41482457425
5471.297690261295,109156.84705587488
5471.32614384768,108875.15037803487
5471.35459758204,108934.14442302445
5471.383051464372,108517.93717168795
5471.411505494681,108474.6791567283
5471.439959672964,107756.57378999582
5471.468413999224,107566.62537110143
5471.496868473461,107134.82560064341
5471.525323095677,106233.10640641817
5471.553777865871,105398.07091599076
5471.582232784045,104383.593863358
5471.610687850199,104014.75743861633
5471.639143064334,103988.67586161778
5471.667598426451,103908.6733012283
5471.696053936551,104240.26569280596
5471.724509594634,104265.6738203618
5471.752965400701,104156.30201994369
5471.781421354754,104187.4761767694
5471.809877456792,103818.39801742663
5471.838333706816,102763.71380954458
5471.8667901048275,101703.2416954606
5471.895246650827,100332.02706744183
5471.923703344816,98753.97389653277
5471.952160186795,97399.0864336594
5471.980617176763,96633.24298509411
5472.009074314722,96140.82371407776
5472.037531600674,95869.96373851228
5472.065989034618,96155.50010931448
5472.094446616556,96916.25070448955
5472.122904346487,98439.26570027706
5472.151362224414,99902.53255590796
5472.179820250337,101148.48142287276
5472.208278424256,101877.80232511986
5472.236736746172,102881.90178875449
5472.265195216086,103713.23291519366
5472.293653833999,104847.59261258502
5472.322112599912,105469.01974703663
5472.350571513824,105510.24429142936
5472.379030575738,105539.03879437264
5472.407489785654,105293.89895020355
5472.435949143573,105079.63044213105
5472.464408649495,104707.30805739063
5472.492868303421,103819.63287210176
5472.521328105353,102866.23350802863
5472.549788055289,101886.73411030736
5472.578248153233,100606.34043427168
5472.606708399184,99507.53275914937
5472.635168793143,97421.85382017159
5472.66362933511,94983.18657643588
5472.692090025087,93810.48015296573
5472.720550863075,92432.0291959956
5472.749011849073,92259.97724108372
5472.777472983084,92791.51552052627
5472.805934265108,93783.72475336076
5472.834395695144,95236.61406897994
5472.862857273195,96407.23781443601
5472.891318999261,97552.8835256476
5472.9197808733425,98621.73285197714
5472.948242895441,99730.90379844152
5472.9767050655555,100327.21250448981
5473.005167383689,100452.66235050447
5473.033629849841,99921.74215496816
5473.062092464013,98804.54602892837
5473.090555226205,97049.2695598792
5473.119018136418,94700.99254717176
5473.147481194654,91908.8994233963
5473.175944400911,88820.09459256935
5473.204407755193,86175.71078365257
5473.232871257498,84362.5386350527
5473.261334907828,83616.38869900587
5473.289798706185,84420.4371155347
5473.318262652568,86325.26779269759
5473.346726746978,88927.77010099633
5473.375190989415,91562.43330629267
5473.403655379882,93897.93752096519
5473.43211991838,96598.2698113088
5473.460584604906,98352.41867502306
5473.489049439464,100186.60894568605
5473.517514422054,102272.96440855436
5473.545979552677,103092.17574105605
5473.574444831333,104877.59127002403
5473.602910258023,105564.02017656136
5473.631375832748,106829.40450361044
5473.659841555509,107209.3929887316
5473.688307426307,107566.8032474466
5473.716773445141,107679.6254282468
5473.745239612014,108027.10714622951
5473.773705926927,108268.82966085945
5473.802172389877,108137.79893789624
5473.830639000869,107918.09558864655
5473.859105759902,108066.12387884407
5473.887572666977,108340.83185155563
5473.916039722094,108353.6517963739
5473.944506925255,108390.05808819988
5473.97297427646,108123.5446405099
5474.00144177571,107752.31177079964
5474.029909423007,107752.92942941909
5474.058377218349,107571.07039729616
5474.086845161739,107392.04657053553
5474.115313253176,107590.24549453237
5474.143781492663,107565.11393498608
5474.172249880199,107666.88886509683
5474.200718415786,108006.04870147408
5474.229187099424,107870.88177455089
5474.257655931114,108254.77206188525
5474.2861249108555,108568.02526536978
5474.314594038652,108594.0496362013
5474.343063314502,108489.98508028509
5474.371532738407,108166.64040958366
5474.400002310368,108753.11829097601
5474.428472030385,108365.67936383047
5474.45694189846,108551.7718062345
5474.485411914593,108661.13066735888
5474.513882078784,108466.41393408479
5474.542352391036,108557.91930411877
5474.570822851348,108978.52057786501
5474.599293459721,109144.11112005326
5474.627764216155,108747.9886032224
5474.656235120653,108577.13363954579
5474.684706173213,108698.29378711309
5474.713177373839,108292.49265113653
5474.741648722529,108240.84019341622
5474.770120219285,108061.25343169244
5474.798591864108,108083.63980826855
5474.827063656998,108213.72961973777
5474.855535597955,107789.40907922374
5474.884007686983,107913.59438697826
5474.912479924079,108118.99403285634
5474.940952309245,108071.73497206777
5474.969424842484,108258.56621738244
5474.997897523794,108261.10365916436
5475.026370353176,108198.5561398303
5475.054843330633,108021.23115636664
5475.083316456164,107946.2882391551
5475.111789729769,108067.28552237258
5475.14026315145,108021.92986194842
5475.168736721208,107915.3169063701
5475.197210439043,107816.42933142315
5475.225684304956,107166.18519233036
5475.254158318949,107324.73212249884
5475.28263248102,107072.92753429402
5475.311106791172,106567.61732197629
5475.3395812494055,105984.75240746028
5475.368055855722,105361.31846995991
5475.396530610119,104095.523645096
5475.425005512601,101919.7122881368
5475.4534805631665,99240.70473680306
5475.4819557618175,96676.83275274794
5475.510431108554,93787.12443744813
5475.538906603378,90245.06373803376
5475.567382246288,87105.10543845508
5475.595858037287,85099.45476568093
5475.624333976374,82602.91977852509
5475.652810063551,81366.22630807952
5475.681286298819,81177.24570466454
5475.709762682178,80703.28371224219
5475.738239213629,80267.01046337235
5475.766715893173,78655.45716028582
5475.79519272081,76268.81629344712
5475.823669696541,73473.57700740176
5475.852146820367,70437.50439129808
5475.8806240922895,67901.14701525304
5475.909101512309,66255.8888622846
5475.937579080425,65625.23250704492
5475.966056796639,65655.85510733888
5475.994534660952,65725.16840914599
5476.023012673365,65900.28782782069
5476.051490833878,65742.89297090133
5476.079969142493,64455.64800029466
5476.108447599209,62643.26940402193
5476.136926204029,60069.67141272482
5476.1654049569515,57013.90280855638
5476.193883857978,54497.3218931408
5476.22236290711,52825.399343166006
5476.2508421043485,52608.83222888715
5476.279321449693,54032.845676703735
5476.307800943145,56806.41884680523
5476.3362805847055,61107.16998993561
5476.364760374374,66302.35855614705
5476.393240312153,71240.13836302176
5476.4217203980415,75747.49727392299
5476.450200632042,81058.68926908798
5476.478681014154,85931.8819781506
5476.507161544379,89771.94619221422
5476.535642222718,93269.71001193691
5476.564123049171,95948.23577644373
5476.592604023739,98402.72545079893
5476.621085146423,100235.03449587009
5476.6495664172235,101722.49890585462
5476.678047836141,102346.68767128598
5476.706529403177,102468.71613744006
5476.735011118332,102586.79752456656
5476.763492981607,101890.76284447833
5476.7919749930015,101114.26410036448
5476.8204571525175,100018.560192844
5476.8489394601565,99178.79904664634
5476.877421915917,98464.24363223652
5476.905904519802,97843.30894815724
5476.934387271811,97233.6854426759
5476.962870171945,96583.72596175759
5476.9913532202045,96017.53076475752
5477.019836416591,95801.16670636497
5477.048319761105,96070.47626701418
5477.076803253747,96622.07187094884
5477.105286894518,97363.12166389744
5477.133770683419,98092.11321605397
5477.16225462045,99149.41736288749
5477.190738705613,100509.09869050929
5477.219222938907,101433.30248624532
5477.2477073203345,102205.71410658014
5477.276191849895,102863.17795744426
5477.30467652759,103449.85048395394
5477.33316135342,104110.70155424366
5477.361646327387,104077.56821771734
5477.39013144949,103501.37153319131
5477.4186167197295,103632.1581520973
5477.447102138108,102360.24547055156
5477.4755877046255,100652.16583943696
5477.504073419283,99157.27113004988
5477.53255928208,96542.21987592825
5477.561045293019,93505.93091487508
5477.589531452099,90014.15157529133
5477.618017759323,85368.42677880799
5477.64650421469,81185.13663936457
5477.674990818202,76647.747839936
5477.7034775698585,73945.93323897621
5477.731964469661,72620.65096120635
5477.76045151761,73237.25617592009
5477.788938713707,75145.87310136543
5477.817426057952,77691.8731773563
5477.845913550345,81072.1401999729
5477.874401190889,84687.41804633086
5477.902888979583,88265.0006687953
5477.931376916428,91627.13560926472
5477.959865001426,94711.22248069738
5477.988353234576,97409.5432090108
5478.0168416158795,99766.02292233086
5478.045330145338,102005.68075399907
5478.073818822952,103423.14293512373
5478.102307648721,104717.24935359704
5478.130796622647,105839.9285347472
5478.1592857447295,106579.15082736603
5478.1877750149715,107269.2959925011
5478.216264433372,107558.13711612098
5478.244753999932,107809.8633311992
5478.273243714653,107811.25437681192
5478.301733577535,107738.99129214173
5478.330223588579,108113.82334123964
5478.358713747786,108411.35034670352
5478.387204055157,108182.30453394103
5478.4156945106915,107865.77336136746
5478.444185114392,108130.26111241031
5478.472675866258,108096.14835869712
5478.50116676629,108183.96926661598
5478.529657814491,108496.80634072774
5478.55814901086,107985.4295582342
5478.586640355396,108085.3158223183
5478.615131848104,108134.5823371487
5478.643623488982,107883.36461366671
5478.672115278031,107808.20741466602
5478.700607215252,107995.19557693337
5478.729099300646,107956.77231363655
5478.757591534213,107411.63443044183
5478.786083915956,107106.89110546
5478.814576445873,107359.86787848748
5478.8430691239655,107774.85975913682
5478.871561950235,107497.72437467363
5478.900054924683,107739.67306076003
5478.928548047309,107428.4688275386
5478.957041318114,107554.86687800442
5478.985534737098,107286.01304347315
5479.014028304263,107871.23889915003
5479.042522019608,108018.22442898412
5479.071015883137,107726.69927331404
5479.099509894849,107700.18587610316
5479.1280040547435,107756.37452110759
5479.156498362822,108072.7654144993
5479.184992819087,107656.65310011158
5479.213487423537,107921.88273036966
5479.241982176175,108245.41910996052
5479.270477077,108471.81337155137
5479.298972126012,108037.82171068911
5479.3274673232145,108164.8160039229
5479.355962668606,108418.35711212165
5479.384458162188,108601.77841615507
5479.412953803962,108820.04054666037
5479.441449593928,108734.54453570725
5479.469945532087,108325.47281733016
5479.498441618439,108535.97166783082
5479.526937852986,108692.55174889622
5479.555434235728,108785.93895881355
5479.583930766666,108717.09359934166
5479.612427445801,108665.42546780159
5479.640924273132,108374.1999654973
5479.669421248663,107964.23161395358
5479.697918372392,107803.23824253191
5479.7264156443225,107520.04978830909
5479.754913064452,107118.00660976331
5479.783410632784,106657.21202575095
5479.8119083493175,105919.2634280264
5479.8404062140535,105332.71249136058
5479.868904226993,104503.55151125559
5479.897402388138,103118.65010301724
5479.925900697488,101336.09991478239
5479.954399155044,99345.84565856298
5479.982897760806,97247.93190822487
5480.011396514777,94234.5438687382
5480.039895416955,91195.85513932678
5480.068394467342,88629.74046233593
5480.096893665939,86363.18307792726
5480.125393012748,85170.36182954976
5480.153892507767,84640.56929233977
5480.182392150998,84563.0302399808
5480.210891942443,85359.85499658358
5480.239391882101,86734.38833747196
5480.267891969973,88996.80892594789
5480.296392206061,91351.92748432759
5480.3248925903645,93578.94861915501
5480.353393122886,95592.5766620863
5480.381893803624,96768.07790548335
5480.41039463258,97763.45954187728
5480.4388956097555,98239.80920904601
5480.467396735151,97644.24213101092
5480.495898008767,97158.08397741728
5480.524399430605,95055.20497910082
5480.552901000664,94065.89028642385
5480.581402718947,92335.49347095104
5480.6099045854535,91698.07379518184
5480.638406600184,91105.24927813449
5480.66690876314,90709.05968088172
5480.695411074323,90812.73340291904
5480.723913533731,90449.7859719515
5480.752416141368,90833.277074109
5480.780918897232,91474.8776329455
5480.809421801327,91979.14971713055
5480.83792485365,94494.04543900664
5480.866428054205,95939.79222785243
5480.894931402991,98255.68706732779
5480.923434900009,99895.87494783099
5480.95193854526,101713.79666958477
5480.980442338745,102860.22529244091
5481.008946280464,103892.98199863764
5481.037450370419,104866.51535846575
5481.06595460861,105957.05547427016
5481.094458995038,106554.20969887283
5481.122963529702,106724.73532914839
5481.151468212606,106843.67862860255
5481.179973043749,106898.22716170026
5481.208478023132,107307.19732886586
5481.236983150755,107499.80757306081
5481.265488426619,107237.2282424172
5481.293993850726,107037.72228293703
5481.322499423076,107174.09221474337
5481.35100514367,107350.71439734127
5481.3795110125075,107259.77239067726
5481.408017029591,106988.25951435657
5481.4365231949205,106728.53306773132
5481.4650295084975,106809.80491607764
5481.493535970321,106515.82423696468
5481.522042580394,106342.57114640684
5481.550549338715,105545.50493568291
5481.579056245287,104802.83133986281
5481.607563300109,104330.8789050997
5481.636070503183,104048.1751572871
5481.664577854509,104019.77722727222
5481.693085354088,104362.29613611233
5481.721593001921,104757.06858716923
5481.750100798008,105424.751639672
5481.778608742351,106320.08297608247
5481.80711683495,106737.28534759466
5481.835625075805,106863.40282145454
5481.864133464918,107327.3563170828
5481.89264200229,107847.82919780508
5481.921150687921,107697.97924214801
5481.949659521812,107614.08573113382
5481.978168503963,108153.72998234439
5482.0066776343765,108312.17428029238
5482.035186913052,108287.38177165366
5482.06369633999,108423.55922995925
5482.092205915192,108245.46593503008
5482.120715638659,107952.11960319769
5482.149225510391,107726.61498055012
5482.177735530389,107524.61057319726
5482.206245698654,107278.08974154809
5482.234756015187,106743.64301685315
5482.2632664799885,106011.08207078923
5482.291777093059,105313.3765999218
5482.320287854399,104079.47928818726
5482.34879876401,102607.68098210338
5482.377309821893,101147.07857378325
5482.405821028047,99603.11348204342
5482.434332382476,98508.8992751115
5482.462843885178,97941.1232278291
5482.491355536154,97862.20039274238
5482.519867335406,98313.82414465437
5482.548379282934,99036.84361409239
5482.576891378739,99617.78132232232
5482.6054036228215,99964.62970988938
5482.633916015182,100579.89458248008
5482.662428555823,101202.40776677852
5482.690941244743,101658.46991667135
5482.719454081944,102438.26812639498
5482.7479670674265,103122.56947349374
5482.776480201192,103850.61803292953
5482.80499348324,104694.07600000517
5482.833506913572,105166.80175071348
5482.862020492188,105563.56092006814
5482.89053421909,106516.32087057499
5482.919048094278,106613.17609590283
5482.947562117753,106855.84115105186
5482.976076289516,107390.43915840765
5483.004590609567,107965.22962030944
5483.033105077908,108055.26478024213
5483.0616196945375,107958.16222731113
5483.0901344594595,108092.979026386
5483.118649372672,108143.25633752251
5483.147164434177,108321.77769996421
5483.175679643976,108322.63203639249
5483.2041950020675,107850.49204347588
5483.232710508455,108108.34023670021
5483.261226163137,107824.8003852111
5483.289741966116,108184.45164358857
5483.318257917391,108243.38404917983
5483.346774016964,108003.07251089328
5483.375290264836,108067.3232211085
5483.4038066610065,107654.46038993553
5483.432323205478,107990.35146992591
5483.46083989825,108275.62571104521
5483.489356739323,108392.85002112165
5483.517873728699,108530.69934130335
5483.546390866378,108594.76962888375
5483.574908152361,108826.3745368358
5483.603425586649,108481.23703457024
5483.631943169242,109034.07336962245
5483.660460900141,108727.2629799676
5483.688978779347,108769.46927750738
5483.717496806861,108930.23540403084
5483.746014982684,108868.52204723613
5483.774533306815,109191.4744489538
5483.803051779258,108487.66580862201
5483.83157040001,108959.91001665333
5483.860089169075,108548.41334504224
5483.888608086451,108840.72653070622
5483.917127152141,108652.78686813901
5483.945646366145,108720.34004487268
5483.974165728464,108661.25208666365
5484.002685239097,108479.9197011598
5484.031204898048,108323.15114271874
5484.059724705316,108638.00644856131
5484.0882446609,108746.29550017611
5484.116764764804,108353.90976790193
5484.145285017027,108517.1756422637
5484.17380541757,108384.06881313886
5484.202325966435,108083.30215169379
5484.2308466636205,107917.4012826745
5484.259367509128,107855.51309661448
5484.2878885029595,107721.84570779197
5484.316409645115,107295.27235044213
5484.344930935595,107555.726264758
5484.373452374401,107594.73851677086
5484.401973961532,107279.42230411165
5484.430495696991,107364.82291158686
5484.459017580778,107889.36230699334
5484.487539612893,107907.34198332066
5484.516061793338,108129.8444678549
5484.544584122113,108160.61942648477
5484.573106599218,108099.11001283706
5484.601629224655,108251.79885515939
5484.630151998425,108402.57582320245
5484.658674920528,108167.36155420789
5484.687197990966,108311.44927788763
5484.715721209737,108872.65003793288
5484.744244576844,108290.63800697321
5484.772768092288,108338.03817875749
5484.801291756068,108453.3259641944
5484.829815568187,108224.0333980457
5484.858339528644,107630.04102839547
5484.886863637441,107306.69521262168
5484.915387894577,106800.06417453013
5484.943912300055,105898.74121160366
5484.972436853875,105441.28344807375
5485.000961556037,104364.9430462565
5485.029486406541,104290.82904223513
5485.05801140539,104291.58661134193
5485.086536552584,104038.53701076384
5485.115061848123,103869.15780571844
5485.143587292009,104879.1539915762
5485.172112884243,105053.36733807158
5485.200638624823,105506.8090637163
5485.229164513753,106112.90115104122
5485.257690551031,106596.01562131966
5485.28621673666,106834.50904419729
5485.31474307064,106921.25534185664
5485.343269552972,107976.99486736377
5485.371796183656,107735.8172853293
5485.400322962694,107876.5587107474
5485.428849890085,107746.04791039445
5485.457376965832,107812.44999849162
5485.4859041899335,108094.81278640674
5485.514431562392,108041.08655843021
5485.542959083207,107998.62858058808
5485.571486752381,108815.29831520775
5485.600014569914,108829.79148261625
5485.628542535805,108503.97962831856
5485.657070650056,108525.72451133249
5485.685598912669,108388.9352977363
5485.714127323644,108682.41497694813
5485.742655882981,108606.08983768025
5485.771184590681,108741.68636714465
5485.799713446745,108722.0048062371
5485.828242451174,108680.18395370698
5485.85677160397,108472.45966833428
5485.885300905131,108291.9115222336
5485.91383035466,108724.68123017998
5485.942359952556,108333.19428667153
5485.970889698821,108620.12107373001
5485.999419593455,107881.97457639719
5486.02794963646,107988.4342570413
5486.0564798278365,108056.05749609423
5486.085010167584,107988.20388390722
5486.113540655704,107336.70918351681
5486.142071292198,107330.66356234557
5486.170602077065,106939.8509440212
5486.199133010308,106009.02098339207
5486.227664091926,105189.59248497951
5486.256195321921,104478.35317303904
5486.284726700293,103535.78103224834
5486.313258227043,102518.21979684371
5486.341789902171,102050.97336569957
5486.370321725679,101142.94937219923
5486.398853697568,100609.65027138422
5486.427385817837,99625.39027534465
5486.455918086488,98895.90259226625
5486.484450503522,98287.34631189168
5486.512983068939,98982.79971852021
5486.54151578274,99867.53886025473
5486.570048644927,100168.67074744565
5486.5985816554985,101201.52276395528
5486.627114814457,102130.60682046792
5486.655648121803,102372.21339483287
5486.684181577536,102860.5641871167
5486.7127151816585,102923.53365827505
5486.7412489341705,102230.34433021987
5486.769782835073,101968.9531668448
5486.798316884367,101676.39663455625
5486.826851082052,100791.09846938543
5486.855385428129,98955.45859736524
5486.8839199226,96683.58714608823
5486.912454565466,94443.34507111038
5486.940989356726,92025.01475738456
5486.969524296383,88891.00377319724
5486.998059384435,85464.95083755217
5487.026594620885,81948.25073878646
5487.055130005732,79050.98253468212
5487.083665538979,78025.78917879118
5487.112201220626,78246.00635496844
5487.140737050672,80035.76131923325
5487.16927302912,82622.86731764076
5487.1978091559695,85186.69224092778
5487.2263454312215,88523.19393166383
5487.254881854878,91311.36034362037
5487.283418426938,94080.83135432884
5487.311955147402,96526.24963425899
5487.340492016273,98730.57158313907
5487.36902903355,100423.60821156653
5487.3975661992345,101564.55782457291
5487.426103513327,102313.18086702364
5487.454640975829,103271.54990595694
5487.483178586739,103670.85263869203
5487.511716346061,104314.38137548463
5487.540254253793,104702.1328302117
5487.568792309938,105946.00677043547
5487.597330514495,106144.79703048538
5487.625868867465,106461.4265635626
5487.65440736885,106868.3781328554
5487.68294601865,107080.43388720333
5487.711484816866,107463.28244970206
5487.740023763498,107367.33816293637
5487.768562858548,107965.28251003611
5487.797102102015,108111.44851349838
5487.8256414939015,107961.31315771496
5487.854181034208,108126.02973178896
5487.882720722934,108340.98626582032
5487.911260560082,108638.01177418295
5487.939800545651,108290.28267220876
5487.968340679644,108054.25746680217
5487.9968809620605,108142.65487681363
5488.0254213929,107954.18322727247
5488.053961972166,107430.20579664732
5488.082502699856,107332.24205382142
5488.111043575975,107001.55470928819
5488.139584600519,106308.38133308948
5488.168125773493,105663.18967716319
5488.196667094894,105180.30377167903
5488.225208564726,104566.43993557729
5488.253750182988,104095.4634541506
5488.282291949682,103396.1298741943
5488.310833864807,103004.92885335135
5488.339375928365,102604.79595871197
5488.367918140357,102245.4725916368
5488.396460500783,102684.73964355426
5488.425003009645,103303.8282925338
5488.453545666941,103947.96195977254
5488.482088472675,104603.50895408531
5488.510631426846,105089.3845968795
5488.539174529455,105290.27729157238
5488.567717780503,106065.67685279068
5488.5962611799905,106543.69907064075
5488.624804727919,106948.42318654835
5488.653348424288,107445.29544311781
5488.6818922691,107963.83176199201
5488.710436262355,108081.0336998618
5488.738980404052,107873.69189724479
5488.767524694194,108203.67721374656
5488.796069132783,108386.63614407953
5488.824613719816,108215.09808486905
5488.853158455296,107988.70648880766
5488.881703339222,107836.39183025988
5488.910248371599,107519.79759533198
5488.938793552423,107694.74397767213
5488.967338881697,108105.128301007
5488.995884359422,107716.61934310783
5489.0244299855985,107532.33209235531
5489.052975760226,107258.31642084436
5489.081521683307,106863.4555076061
5489.110067754842,106607.90893303858
5489.138613974831,106552.86000968558
5489.167160343275,106277.50516949077
5489.195706860175,106007.8183854598
5489.224253525532,105766.48730042414
5489.252800339346,106012.84755040849
5489.281347301619,106343.69924802387
5489.30989441235,106551.8076867317
5489.338441671542,106181.28007260912
5489.366989079193,106253.76919984166
5489.395536635307,106773.52461707505
5489.424084339882,106480.36823670006
5489.452632192921,106330.20767031072
5489.481180194422,106294.64154765407
5489.509728344388,106006.52085793582
5489.53827664282,106392.18112278779
5489.566825089717,106723.76170666498
5489.5953736850815,106693.3028963959
5489.623922428913,106730.64045792581
5489.652471321213,106561.1903985005
5489.681020361982,106360.8426135606
5489.709569551221,105763.67535069605
5489.73811888893,105725.27970624038
5489.76666837511,104989.1261456224
5489.795218009764,103539.89051124429
5489.823767792889,102282.4286184102
5489.852317724489,100083.99845691855
5489.8808678045625,97476.1467026365
5489.909418033112,94140.89848213091
5489.937968410137,90072.29831002938
5489.966518935639,85939.42195777767
5489.995069609618,82739.71481370382
5490.023620432076,80270.26348619352
5490.052171403013,79597.2294865855
5490.08072252243,80472.42179948879
5490.109273790327,82580.94570885385
5490.137825206706,85056.35665523908
5490.166376771567,87811.84129762137
5490.194928484911,90892.27561515477
5490.223480346738,93294.20989089074
5490.252032357051,96329.88403833564
5490.280584515848,99065.2331300291
5490.309136823132,100719.85604579742
5490.337689278902,102195.50082180422
5490.366241883159,103929.15021970514
5490.394794635906,105179.07153622666
5490.423347537141,105917.27304888304
5490.451900586866,106957.9962261065
5490.480453785082,107731.67061396
5490.509007131789,107774.08404945758
5490.537560626989,108287.38820500615
5490.566114270681,108585.00945014934
5490.594668062868,108518.09409844504
5490.623222003548,108494.70768955105
5490.6517760927245,108436.09452930275
5490.680330330397,108526.46013819039
5490.708884716566,108606.62211146968
5490.737439251233,108786.47984034348
5490.765993934398,108767.11508109272
5490.794548766062,108589.38731739589
5490.823103746226,108577.61891635155
5490.851658874891,108527.56930278025
5490.880214152057,108214.97278079424
5490.908769577726,107956.08157423069
5490.937325151897,108232.79726688063
5490.965880874573,108351.838092183
5490.994436745753,108208.93348915945
5491.022992765438,107936.13435364224
5491.051548933629,107394.91462354333
5491.0801052503275,107433.90971943033
5491.108661715534,107466.64946684329
5491.137218329249,107371.86460949274
5491.165775091472,106810.27737887063
5491.194332002206,106786.66673337074
5491.22288906145,106471.74447552301
5491.251446269206,106489.06148177104
5491.280003625474,106627.70240626382
5491.308561130256,106576.33006767303
5491.337118783551,106617.94810430339
5491.36567658536,106791.38656850498
5491.394234535685,107063.87996959292
5491.422792634527,107010.61721712771
5491.4513508818845,106914.26334703357
5491.479909277761,107186.4634289684
5491.508467822156,107553.40750556688
5491.537026515069,107585.89237920161
5491.565585356502,107411.97616085343
5491.594144346457,107587.7927783938
5491.622703484933,107395.37870529818
5491.651262771931,107567.50479100182
5491.679822207452,107115.07865244415
5491.708381791498,107136.47429473654
5491.736941524068,107097.83787136084
5491.765501405163,107005.1441215787
5491.794061434784,107168.39272471599
5491.822621612933,107118.42848453573
5491.85118193961,107157.24685311885
5491.879742414814,107218.56727128943
5491.908303038548,106914.97098897542
5491.936863810813,106733.30435473057
5491.9654247316075,106609.58793421449
5491.993985800935,105670.01158143135
5492.022547018793,104345.25743032036
5492.051108385185,102969.12846759101
5492.079669900111,101611.6328942075
5492.108231563572,99514.48033323845
5492.136793375568,97296.49480708373
5492.165355336101,95165.65826181567
5492.19391744517,93109.71798113504
5492.2224797027775,91731.46316547331
5492.251042108924,91559.1598018517
5492.279604663609,91985.06587263837
5492.308167366834,93016.54810315523
5492.3367302186,94752.18843445838
5492.365293218908,95902.0350073175
5492.3938563677575,97263.86246583718
5492.422419665151,98833.32189753398
5492.450983111089,100276.55830065248
5492.479546705571,100946.71262625324
5492.508110448598,101385.42890487322
5492.536674340172,101363.97783144107
5492.565238380293,101566.58641320014
5492.593802568962,101813.4510889257
5492.622366906179,102327.86630734906
5492.650931391946,102389.55596603031
5492.679496026262,102308.44824936878
5492.70806080913,102149.56460189958
5492.73662574055,101637.73743668501
5492.765190820522,100752.9544354866
5492.793756049047,99611.49215412173
5492.822321426126,99144.35389072844
5492.85088695176,99118.60255540955
5492.87945262595,99580.47582239467
5492.908018448696,100024.65021002541
5492.936584419998,100591.18963658788
5492.96515053986,101010.08612455116
5492.993716808279,101305.08321589172
5493.0222832252575,101908.14620855324
5493.050849790797,101743.83266973276
5493.0794165048965,101449.53223122167
5493.1079833675585,100650.11115962977
5493.136550378783,100078.28419545676
5493.1651175385705,99427.64910676646
5493.193684846921,99357.16713188658
5493.222252303838,99303.37852580965
5493.25081990932,99254.91255245064
5493.279387663369,99761.32308294858
5493.307955565984,100224.97502511452
5493.336523617168,101177.51130228255
5493.36509181692,102273.67736320125
5493.393660165241,102911.55632718597
5493.4222286621325,103515.9824183601
5493.450797307596,103905.01830366305
5493.47936610163,104534.20260090243
5493.5079350442375,105041.09300158561
5493.536504135418,105086.3533457971
5493.565073375173,105372.85196655482
5493.5936427635015,105482.81901752054
5493.622212300407,105121.34174454067
5493.650781985888,105130.38014924394
5493.679351819947,104801.66853148882
5493.707921802584,104317.78289649439
5493.736491933799,103738.16450425565
5493.765062213593,103259.13683608553
5493.7936326419685,103023.23465395169
5493.822203218925,103113.76500866355
5493.850773944463,103290.88599266383
5493.879344818583,103335.5781464042
5493.907915841288,103756.24163529469
5493.9364870125755,104130.03872372945
5493.965058332449,104472.65858654992
5493.993629800907,104885.99340665921
5494.022201417953,104560.59800763993
5494.050773183585,104839.56710201752
5494.079345097805,105479.20247711016
5494.107917160614,104919.19170705826
5494.136489372013,104964.43204987113
5494.165061732002,104866.16125427505
5494.1936342405825,104992.31926451874
5494.222206897754,104424.75442777114
5494.250779703519,104895.86446158636
5494.279352657877,105327.94501773562
5494.30792576083,105567.93357915813
5494.336499012376,106356.4789578865
5494.365072412519,106361.58738188028
5494.393645961259,106605.38910207515
5494.422219658595,106985.88320965042
5494.45079350453,107101.54270959976
5494.479367499064,107396.76904121114
5494.507941642197,107767.50926901052
5494.536515933931,108052.61843949866
5494.565090374265,108222.69675863713
5494.593664963202,108251.33039386674
5494.622239700741,108181.53614074599
5494.650814586884,108169.13813069704
5494.679389621631,107897.52438212749
5494.707964804983,107988.1456089616
5494.736540136941,108205.48583781066
5494.765115617505,108549.47596347421
5494.793691246677,108335.67796004553
5494.822267024457,108619.17884010586
5494.850842950845,108403.150354641
5494.879419025843,108272.58308616847
5494.907995249452,108303.54785850449
5494.936571621672,108472.85257640055
5494.9651481425035,108498.24633705294
5494.993724811948,108306.53712391976
5495.022301630006,108218.69014782053
5495.050878596679,108709.0097608866
5495.079455711966,107778.73010621505
5495.108032975869,107552.21770928572
5495.136610388388,107745.08089944639
5495.165187949526,107684.38116028011
5495.193765659281,107517.31420598525
5495.222343517656,107255.65518056462
5495.250921524649,107906.76344797875
5495.279499680264,107939.25849634934
5495.3080779844995,108029.63153313448
5495.336656437357,107856.40088028737
5495.365235038837,108037.0881377506
5495.393813788942,108300.64749162538
5495.422392687669,108427.76423349831
5495.450971735023,108251.27329463263
5495.479550931002,108524.90557486331
5495.508130275608,108678.13018387897
5495.536709768841,108788.61555042201
5495.565289410703,108334.24994038977
5495.593869201193,108252.29902584072
5495.622449140314,108147.06011150143
5495.6510292280645,108250.94729564601
5495.679609464446,108015.05394811832
5495.708189849461,107473.17962111084
5495.736770383107,107416.73553011332
5495.765351065388,107331.91395104853
5495.793931896303,107503.88706194797
5495.822512875852,107260.78221626174
5495.851094004039,107065.70979697657
5495.879675280861,106963.2938545825
5495.9082567063215,106726.73106777058
5495.93683828042,106930.82567330058
5495.965420003157,106999.0255881354
5495.994001874534,106793.38560833188
5496.022583894552,107086.46496613703
5496.051166063211,107383.4995847833
5496.079748380512,107500.19796417543
5496.108330846456,107576.50666337209
5496.136913461043,107381.90483324349
5496.165496224276,108020.83576942651
5496.194079136153,107942.74432217225
5496.2226621966765,108282.18927477898
5496.251245405846,108241.82708853726
5496.279828763663,107907.05067983686
5496.308412270129,108089.42128939135
5496.336995925244,108203.56067480621
5496.365579729009,107653.94510745302
5496.394163681424,107112.32161531062
5496.422747782491,106695.39398147698
5496.451332032209,105756.91773203813
5496.479916430581,104253.10485773184
5496.508500977607,102926.41560317906
5496.537085673287,100790.10227357468
5496.5656705176225,97945.405172401
5496.594255510613,94618.24362987587
5496.622840652261,90168.98030984162
5496.651425942567,85439.74893996312
5496.680011381531,80205.6868044866
5496.708596969154,74388.04609971282
5496.737182705437,68745.03904289372
5496.7657685903805,64205.5527603221
5496.794354623985,60551.585103974176
5496.8229408062525,58537.209300552364
5496.8515271371825,57904.05924364776
5496.880113616777,59127.80892869547
5496.908700245035,61977.63389223808
5496.937287021959,66032.6398552385
5496.965873947549,70941.98422086668
5496.994461021805,76109.11681640553
5497.02304824473,80473.85928381367
5497.0516356163225,84923.86846399856
5497.080223136584,88736.34474044654
5497.1088108055155,92143.08238791446
5497.137398623118,95444.12819656753
5497.165986589393,97679.04245213974
5497.194574704338,99407.02079981551
5497.223162967957,101044.4234141109
5497.25175138025,102557.47862235972
5497.280339941219,103402.42114545901
5497.308928650861,103873.70482651942
5497.3375175091805,104624.02905643349
5497.366106516176,105093.83155269994
5497.39469567185,105105.82582923176
5497.423284976202,105015.86979865126
5497.451874429234,104900.99422493049
5497.480464030945,104375.02256041807
5497.509053781337,104486.10134001095
5497.53764368041,103722.87156033749
5497.5662337281665,103645.8093285835
5497.594823924605,103743.73351114146
5497.623414269728,104209.20636488641
5497.652004763536,104992.51431843967
5497.680595406028,105121.47882112852
5497.709186197208,105501.14406941838
5497.737777137073,106041.68775838868
5497.766368225627,106512.6193256571
5497.794959462869,107089.46227163445
5497.823550848801,107164.96709810449
5497.852142383422,107260.68574201941
5497.8807340667345,107222.70042104243
5497.909325898739,107611.02489151909
5497.937917879434,107484.42970569296
5497.966510008824,107466.96202371638
5497.995102286907,108046.41335395983
5498.0236947136855,107998.03941907502
5498.052287289159,107761.53160722437
5498.080880013328,108527.04890229188
5498.109472886194,108595.50423021732
5498.1380659077595,108642.30359285351
5498.166659078022,108733.70734992472
5498.195252396985,108395.96513674334
5498.223845864647,108866.85466403974
5498.25243948101,108474.89557693002
5498.281033246075,108441.75411200844
5498.309627159842,108168.7277886603
5498.338221222312,108052.1207240109
5498.366815433487,107949.53118010322
5498.3954097933665,108295.01328656274
5498.424004301951,108168.75404218667
5498.452598959242,108104.07153223977
5498.48119376524,108631.06936256209
5498.509788719945,108580.94242360682
5498.53838382336,108574.40078264626
5498.566979075484,108979.98590667096
5498.595574476318,108604.15586175642
5498.624170025862,108474.28214790364
5498.6527657241195,108673.76706970228
5498.681361571088,108683.28654116095
5498.709957566771,108366.81529832065
5498.738553711167,108386.33260750929
5498.767150004278,108552.02915894245
5498.795746446104,108417.35021019734
5498.824343036647,108416.77185234736
5498.8529397759075,108235.01788066849
5498.8815366638855,108376.30541674682
5498.910133700582,108685.35615352796
5498.938730885998,108146.14938332675
5498.967328220134,108128.6867410471
5498.995925702991,108596.74459329207
5499.02452333457,108639.1196834895
5499.053121114872,108682.7604642203
5499.081719043897,108565.45995625356
5499.1103171216455,108866.22616934708
5499.138915348119,108895.2492113595
5499.167513723319,108630.6736408286
5499.196112247244,108545.4175769556
5499.224710919897,108663.31802973531
5499.253309741278,108872.36826144368
5499.281908711387,108909.7832983251
5499.310507830226,109362.90976660505
5499.339107097795,108916.04272141804
5499.3677065140955,108908.18414738656
5499.3963060791275,108984.56639585375
5499.424905792892,108798.91640781364
5499.45350565539,108826.54950712506
5499.482105666622,109008.9040999005
5499.5107058265885,108667.53073732977
5499.539306135292,108310.87794456985
5499.567906592731,108488.14170435161
5499.596507198907,109213.24515285308
5499.6251079538215,108705.65163254645
5499.653708857474,108551.18336011092
5499.6823099098665,108572.8211832783
5499.710911110999,108592.71609164897
5499.739512460874,108795.61559043774
5499.76811395949,108366.55868484713
5499.796715606848,108301.04374321115
5499.82531740295,108851.13921685288
5499.853919347796,109062.38784113165
5499.882521441387,108909.59415643412
5499.911123683723,108710.79909693531
5499.9397260748065,108933.85451366288
5499.968328614637,108889.47833693704
5499.996931303216,108815.98928262932
5500.025534140544,108547.52222961355
5500.05413712662,108403.4778958848
5500.082740261448,109013.64948609515
5500.111343545026,108753.6081339385
5500.139946977356,108777.02849481719
5500.168550558439,108426.63369299735
5500.197154288276,109048.32598467136
5500.225758166866,108569.99220086288
5500.254362194212,108902.12581777267
5500.282966370314,108500.3202395928
5500.311570695172,108323.39202557757
5500.340175168787,108004.725701072
5500.368779791161,107704.28734853327
5500.397384562293,107657.91551959055
5500.425989482185,107297.52156769503
5500.454594550838,106441.10872877669
5500.483199768251,105608.82983524207
5500.511805134427,104663.78519688846
5500.540410649365,103262.46998486163
5500.569016313068,101057.88440484118
5500.597622125533,98642.26670184224
5500.626228086765,95996.07662680846
5500.654834196762,91831.90231644327
5500.683440455526,87757.45392614655
5500.7120468630565,83351.98241529118
5500.740653419356,77931.32039527467
5500.769260124424,74039.49529477906
5500.797866978262,70976.58436100652
5500.82647398087,70077.62718047392
5500.85508113225,70808.94149959876
5500.883688432402,72327.78325295846
5500.912295881326,74709.31243124278
5500.940903479024,77843.4420133674
5500.969511225497,81356.58354140438
5500.998119120744,84599.66289102852
5501.026727164767,88182.83476215028
5501.055335357568,90895.3239952994
5501.0839436991455,93064.88178034127
5501.112552189501,95050.68186734377
5501.141160828635,96114.01644130146
5501.16976961655,96736.15757716271
5501.198378553245,96822.46226885423
5501.226987638722,95751.76795605078
5501.25559687298,94189.48795590733
5501.284206256021,92095.85179280378
5501.312815787846,88836.55749237088
5501.341425468456,85668.40070730256
5501.37003529785,82028.99108921427
5501.39864527603,79194.47683287064
5501.427255402998,77860.57750583786
5501.455865678752,77932.7269087957
5501.4844761032955,79162.51516900332
5501.513086676628,81983.42791835801
5501.541697398749,85258.9301609984
5501.570308269662,88039.04372504736
5501.598919289366,91294.01444282978
5501.627530457861,94155.78708881745
5501.65614177515,96468.98659020779
5501.684753241233,99214.2561957382
5501.71336485611,101127.93411089407
5501.741976619782,102756.14073374601
5501.77058853225,104127.06805871493
5501.799200593516,105442.798192449
5501.827812803578,106261.53531304793
5501.856425162439,106630.88624098693
5501.885037670099,107220.4893781992
5501.913650326559,107334.89362326285
5501.94226313182,107387.36447149109
5501.970876085882,107589.5960868868
5501.999489188746,106861.00292818778
5502.028102440413,106893.53667805615
5502.056715840885,106727.90031454334
5502.08532939016,106314.97789023764
5502.11394308824,105682.45114297535
5502.142556935128,105000.35101425923
5502.171170930821,103679.38977651503
5502.199785075323,102063.0487301856
5502.228399368632,100288.73972852828
5502.257013810751,98268.14191704462
5502.285628401681,95866.97793209685
5502.31424314142,94354.50985296284
5502.3428580299715,91846.20776689835
5502.371473067335,89612.40598383045
5502.400088253511,87233.58811404869
5502.428703588501,84995.68278282974
5502.457319072306,82735.72364133918
5502.485934704926,80702.76954829352
5502.514550486362,79087.93970322094
5502.543166416615,78141.33932619925
5502.571782495686,78177.08838691656
5502.600398723575,79727.13751594955
5502.629015100284,81832.86313603546
5502.657631625812,84588.40346403042
5502.686248300162,87992.39852789005
5502.714865123333,90881.5114560947
5502.743482095327,93276.13333360148
5502.772099216143,95488.3104178496
5502.800716485783,97590.4219976228
5502.8293339042475,99526.8246444699
5502.857951471538,100939.2564398398
5502.8865691876545,102808.51414055418
5502.9151870525975,103635.06740156068
5502.943805066369,104876.79400805461
5502.972423228969,105273.11109552703
5503.001041540398,106128.70042220905
5503.029660000657,106525.17722349949
5503.058278609747,107126.05294296845
5503.086897367668,107511.97241828813
5503.115516274422,107320.34500293064
5503.144135330009,107164.19450537256
5503.17275453443,106793.17608764944
5503.201373887686,106903.68551519963
5503.2299933897775,106867.4377750364
5503.258613040704,106479.4318448253
5503.287232840469,106493.30323327598
5503.315852789071,106580.78938995759
5503.344472886512,106618.90230534837
5503.373093132793,106889.28155952106
5503.401713527913,106080.65079670829
5503.430334071874,106621.21357432545
5503.4589547646765,107150.61543342467
5503.487575606322,107207.03637815121
5503.516196596811,107053.15377838582
5503.544817736143,107138.84591709785
5503.573439024321,107411.94134129531
5503.602060461344,107282.9668456572
5503.630682047213,107056.96210380421
5503.659303781929,107102.45836557193
5503.687925665494,107179.84144752804
5503.716547697906,107087.07206255427
5503.745169879168,106936.3066851834
5503.773792209281,106894.51472887024
5503.802414688244,107178.10261471817
5503.831037316059,107619.66766958275
5503.859660092728,107532.56288360871
5503.888283018248,107649.90457282418
5503.916906092623,108044.982411394
5503.9455293158535,107968.90069916304
5503.974152687939,108003.27570124892
5504.00277620888,108257.74837982969
5504.03139987868,108131.07639278361
5504.060023697337,108385.76823545358
5504.088647664852,108713.78170910553
5504.117271781227,109086.19219927583
5504.145896046462,108556.90323423932
5504.1745204605595,108596.93863092498
5504.203145023517,108273.58246870582
5504.231769735338,108524.9755650355
5504.260394596023,108597.55999190225
5504.2890196055705,108653.43045974476
5504.3176447639835,108419.73892040871
5504.346270071263,109025.3827237171
5504.374895527408,108707.02628297641
5504.403521132421,108625.11473551375
5504.432146886301,108478.34691709858
5504.460772789051,108360.86085918614
5504.489398840669,107868.89283449229
5504.518025041159,107875.87805676505
5504.5466513905185,107717.65876457554
5504.575277888751,107607.69105355993
5504.603904535856,107761.22287969926
5504.632531331834,107820.66842980897
5504.6611582766855,107895.4938807195
5504.689785370413,107777.02381988034
5504.718412613016,108179.68003782812
5504.747040004496,108108.10766923892
5504.775667544853,107969.48621164012
5504.8042952340875,108095.47623083982
5504.832923072201,107886.50231641615
5504.861551059194,108305.34863035583
5504.890179195068,107941.6951507799
5504.918807479823,107855.63570203097
5504.94743591346,107515.2748991051
5504.97606449598,107148.93772952017
5505.004693227383,106902.49400094087
5505.03332210767,106290.1523660422
5505.061951136842,105121.17737292731
5505.090580314901,104234.49200727123
5505.119209641845,102434.4258338605
5505.147839117677,101400.67850136066
5505.176468742397,99920.4037607762
5505.205098516007,99130.86366939366
5505.233728438505,98258.0726124749
5505.2623585098945,98204.49428313885
5505.290988730175,98957.53171806753
5505.319619099348,99749.56251430487
5505.348249617413,100054.10527696641
5505.3768802843715,100679.82102291215
5505.405511100224,100958.9556243731
5505.434142064973,101666.37001789722
5505.462773178617,101342.69171831936
5505.491404441157,100940.21891469668
5505.520035852595,100777.95340834267
5505.5486674129315,101137.52724558304
5505.577299122167,101410.2093299191
5505.605930980302,102295.16471597295
5505.634562987338,103135.44321403308
5505.663195143274,103754.27763473742
5505.691827448113,104029.01196326382
5505.720459901855,104284.50537705625
5505.7490925045,104436.67048004427
5505.77772525605,104129.1253447843
5505.806358156505,103429.5836206861
5505.834991205866,102192.12371791978
5505.863624404133,100427.0593904437
5505.892257751308,98144.24051946605
5505.920891247391,95154.1375194079
5505.949524892383,91389.4328987547
5505.9781586862855,86768.18265030337
5506.0067926290985,81835.07205825634
5506.035426720822,76570.01263623315
5506.064060961458,72016.21468179209
5506.092695351008,68292.57544436744
5506.12132988947,66170.88128175282
5506.149964576847,66222.12761890488
5506.17859941314,67691.14195675025
5506.207234398348,69870.60398846044
5506.235869532474,72770.90341350723
5506.264504815516,76128.30850171337
5506.293140247478,78941.3645581713
5506.321775828358,82038.4662858003
5506.350411558158,84834.16634952233
5506.379047436879,87558.34404021353
5506.40768346452,90343.42192425054
5506.436319641085,92772.12366928079
5506.464955966572,94860.23924876853
5506.493592440984,97585.30947059258
5506.522229064319,100272.35437041405
5506.55086583658,101941.88017995119
5506.579502757767,103286.91576724645
5506.608139827881,104622.5203121061
5506.636777046922,105545.73217338088
5506.665414414892,106496.63856222868
5506.694051931791,107210.48942104018
5506.72268959762,108002.2212427424
5506.751327412379,107661.67992804678
5506.779965376071,108188.32629455184
5506.808603488695,108586.8193401036
5506.8372417502505,108131.05920322372
5506.865880160741,108004.83579056132
5506.894518720166,108300.61206875376
5506.923157428526,108123.38089294611
5506.951796285823,108046.41615066834
5506.9804352920555,107923.25852706117
5507.009074447227,107952.33345102133
5507.037713751336,108152.28448501827
5507.0663532043845,108064.50369551696
5507.094992806374,108052.83655731697
5507.123632557304,108156.40162774624
5507.152272457174,108271.54174488528
5507.180912505988,108352.81292146523
5507.2095527037445,108035.51409712463
5507.238193050444,107964.67156660513
5507.266833546089,108513.05394015512
5507.29547419068,108138.17700005474
5507.324114984217,108423.15624466469
5507.3527559267,108378.34872517844
5507.381397018132,108383.0191126127
5507.410038258512,107846.99002888713
5507.438679647841,107903.08028088954
5507.467321186121,108009.01941836707
5507.49596287335,107699.02972146339
5507.5246047095325,107986.89206750158
5507.553246694667,106748.07644706029
5507.581888828754,106008.6188120192
5507.610531111796,105627.39540523564
5507.639173543792,104539.58371799158
5507.667816124744,103264.28559616701
5507.696458854652,102514.10235085824
5507.725101733517,100847.75405609807
5507.7537447613395,98749.24026705987
5507.78238793812,96503.20257566916
5507.811031263862,94313.85477803687
5507.839674738562,91563.14652483015
5507.868318362224,88539.87976807701
5507.896962134848,85157.63974366436
5507.925606056434,82397.2279757094
5507.954250126983,80813.74820594981
5507.982894346496,80308.43802019756
5508.011538714974,81425.09849402681
5508.040183232419,83664.06648160852
5508.068827898828,86295.43517638069
5508.097472714206,89562.594834373
5508.126117678551,92288.12373464089
5508.154762791864,94545.10794807275
5508.183408054148,97400.09369879233
5508.212053465401,99568.60135745995
5508.240699025626,101405.74661575575
5508.269344734822,103172.74428441229
5508.297990592991,104417.99419490577
5508.326636600133,105542.98954358531
5508.355282756249,106345.41703262585
5508.38392906134,106411.44315144132
5508.412575515406,107417.0412672737
5508.441222118449,107593.67264735888
5508.46986887047,107829.41925533452
5508.498515771468,107964.57145540598
5508.527162821445,107941.05482696646
5508.555810020402,107929.56501728203
5508.584457368339,108018.72827626488
5508.613104865257,107862.99023531865
5508.6417525111565,107871.12631979276
5508.670400306039,107652.72505157808
5508.699048249905,107687.97918911897
5508.727696342755,107308.50831135007
5508.75634458459,107468.47839163404
5508.78499297541,106938.04241603086
5508.813641515218,106380.90984351312
5508.842290204012,105923.99976745671
5508.870939041794,105644.83390698936
5508.899588028566,105154.61391229257
5508.928237164326,104423.01608291933
5508.9568864490775,103109.06647998389
5508.98553588282,102471.65005491882
5509.014185465554,101027.86822694208
5509.0428351972805,99395.16133827553
5509.071485078001,96737.81365961513
5509.100135107716,94145.80725688252
5509.128785286426,90623.85403849004
5509.157435614131,86954.38480788902
5509.186086090834,83270.16854028507
5509.214736716533,80662.98989693893
5509.24338749123,79436.8875057399
5509.272038414927,79237.18217185857
5509.300689487623,79918.04616022579
5509.329340709319,81785.84113700682
5509.357992080017,83782.47477650136
5509.386643599717,86742.30295544241
5509.415295268419,89586.81882128435
5509.443947086125,92944.86535759934
5509.472599052835,95449.26388446726
5509.501251168551,98101.50540408808
5509.529903433272,100153.61981862715
5509.558555847,101780.47385333078
5509.5872084097355,103100.34251971914
5509.615861121479,104258.75764611755
5509.644513982232,105173.77185509806
5509.673166991994,105447.59138758213
5509.701820150766,106063.82866624648
5509.7304734585505,105894.2793971134
5509.759126915346,105409.38874461921
5509.787780521156,104151.808739867
5509.816434275978,103751.26703551823
5509.845088179815,102156.9359505099
5509.873742232668,100038.18345818153
5509.902396434535,97129.00001785558
5509.931050785421,94048.39918650292
5509.959705285322,90638.15264438647
5509.988359934243,87312.65931054023
5510.017014732182,84277.40036357463
5510.045669679142,82251.8829818484
5510.0743247751225,81730.96996841553
5510.102980020123,82305.03269098206
5510.131635414147,84283.11792209561
5510.160290957193,86848.7716124872
5510.188946649263,89400.61444702747
5510.217602490358,92224.18366353918
5510.246258480478,95418.71807311075
5510.274914619624,97917.99472146224
5510.303570907796,99506.67944331604
5510.332227344997,101455.63987649181
5510.360883931225,103296.92977039937
5510.389540666482,104703.2834005445
5510.41819755077,105832.5837573621
5510.446854584088,106407.44222633909
5510.475511766438,107018.71222649918
5510.50416909782,107793.95839642048
5510.532826578235,108275.2409323694
5510.561484207683,108534.00645491455
5510.590141986167,108854.29614029003
5510.618799913685,108910.43212649078
5510.647457990239,108897.11621555928
5510.676116215831,109112.23076307238
5510.704774590459,108911.3801083762
5510.733433114127,108681.88916401393
5510.7620917868335,108767.96425959813
5510.79075060858,108687.87470712735
5510.819409579368,108237.10435011389
5510.848068699196,108428.41038199075
5510.876727968068,108671.86661760112
5510.905387385982,108451.55387695022
5510.93404695294,108435.235574257
5510.962706668943,108022.5822277762
5510.991366533991,107913.19267219276
5511.020026548085,108240.13601966537
5511.048686711226,108499.220686766
5511.077347023415,107796.13706457414
5511.106007484653,107523.30606041302
5511.134668094939,107457.9940921232
5511.163328854276,107225.49678767337
5511.191989762663,106386.58994725852
5511.2206508201025,106203.98778946069
5511.2493120265935,105709.87091919284
5511.277973382139,104676.12820472164
5511.306634886737,103430.5465471314
5511.33529654039,102829.40141219001
5511.363958343099,101795.01122027206
5511.392620294864,101025.09878849858
5511.421282395686,100203.18135314235
5511.449944645566,100015.690509472
5511.478607044504,99320.66299035882
5511.507269592502,98305.77988508597
5511.535932289559,97737.65246459199
5511.564595135678,97440.61311771967
5511.593258130859,97312.68967004394
5511.621921275101,96704.7596238733
5511.650584568407,96885.73994337121
5511.679248010777,97263.08697289227
5511.707911602212,97219.65699560687
5511.736575342712,97629.32730431613
5511.765239232279,97977.07132144531
5511.793903270913,98101.11975409479
5511.822567458615,97879.77801733663
5511.851231795385,98390.90536987495
5511.879896281224,99302.85989898645
5511.908560916134,99934.86684057955
5511.937225700115,100290.35972622484
5511.965890633168,101133.66612300956
5511.994555715292,102128.51292634525
5512.023220946491,102613.97393259358
5512.051886326763,102653.07754620402
5512.080551856111,101710.17011439579
5512.109217534534,101175.6704192007
5512.137883362033,100358.5835792871
5512.16654933861,98586.01181086733
5512.195215464264,96554.16570705299
5512.223881738998,93674.71051039503
5512.25254816281,90470.45399636778
5512.2812147357035,87317.60848521131
5512.309881457677,85634.40507456758
5512.338548328733,84907.09140227702
5512.3672153488715,85561.89456040013
5512.3958825180935,86914.50837351047
5512.4245498364,89529.1206578755
5512.453217303791,92044.83434641092
5512.481884920267,94295.32320638861
5512.51055268583,96965.61586848783
5512.539220600481,99288.1405259449
5512.567888664219,100781.9861482642
5512.596556877046,102749.55010533446
5512.625225238963,104284.3714815225
5512.65389374997,105489.89105301132
5512.682562410068,106692.20316668472
5512.7112312192585,107268.69117067344
5512.739900177541,107793.4418530374
5512.768569284917,107843.47050220547
5512.797238541388,108014.15629501505
5512.8259079469535,108363.3110668349
5512.854577501615,108723.73118953104
5512.883247205373,108935.5050536897
5512.911917058228,108537.68128226126
5512.940587060181,108956.38790635578
5512.9692572112335,108658.0614545038
5512.997927511386,108804.70912704206
5513.026597960637,108496.19788874856
5513.055268558991,108754.67287429722
5513.083939306446,108698.21947573536
5513.112610203005,108632.33793698701
5513.141281248666,109077.43344243239
5513.1699524434325,109111.94702292622
5513.198623787303,109032.52433422094
5513.2272952802805,109116.09793547583
5513.255966922365,109306.67314722929
5513.284638713556,109075.34341404136
5513.313310653854,108788.0247106675
5513.341982743263,108773.71443799615
5513.370654981781,109049.01117486288
5513.39932736941,109116.32868495658
5513.427999906149,108956.027226885
5513.456672592001,108765.89604878954
5513.485345426966,108377.42963670602
5513.514018411044,107492.11422353088
5513.542691544237,107142.03147965833
5513.571364826545,106607.01586470449
5513.600038257969,105983.85626610146
5513.628711838509,104798.01398417518
5513.657385568167,104205.4456748848
5513.686059446944,103319.2932351893
5513.714733474839,102783.39031429988
5513.743407651854,102026.80691103377
5513.77208197799,101565.9654416734
5513.800756453246,101295.35155003896
5513.829431077626,101230.87428573472
5513.858105851128,101027.45593574818
5513.886780773754,101046.92794672276
5513.915455845505,101803.85140276824
5513.94413106638,102142.4414035476
5513.972806436382,102754.33497581743
5514.00148195551,103706.61079203986
5514.030157623766,104302.61304563942
5514.05883344115,104552.57460405328
5514.087509407664,105618.34741878287
5514.116185523308,105654.1908683535
5514.1448617880815,106892.48029115247
5514.173538201987,106897.54029010604
5514.202214765025,107069.19583497057
5514.230891477196,107622.15923893733
5514.2595683385,108361.8011518431
5514.288245348939,108364.9912794243
5514.316922508514,108542.95459800982
5514.345599817224,108641.22316213365
5514.374277275072,108956.45727850478
5514.402954882056,108183.27598398444
5514.43163263818,108742.65650893401
5514.460310543443,108796.73173950247
5514.4889885978455,108865.66043983145
5514.517666801389,108862.57375405068
5514.5463451540745,109021.91110242654
5514.5750236559015,109229.63914091644
5514.603702306872,109329.74407239739
5514.632381106986,108649.71186609069
5514.661060056245,108647.55531685831
5514.689739154649,108595.36789951907
5514.7184184022,109077.13146569024
5514.747097798897,109266.10564454833
5514.775777344743,109049.33674092931
5514.804457039736,108649.45113696219
5514.833136883879,108571.89192193472
5514.861816877173,108487.74736642251
5514.890497019616,107644.90098550648
5514.919177311212,107272.23656228374
5514.947857751959,106713.22158355424
5514.976538341861,106921.08405342627
5515.005219080916,106766.173025598
5515.033899969126,106979.48014106115
5515.062581006491,107445.03612164181
5515.091262193013,107653.78692362251
5515.119943528692,107359.55904812536
5515.148625013528,107701.27977157585
5515.1773066475225,107616.17730415857
5515.205988430677,107373.36431305953
5515.234670362992,108111.72137682867
5515.263352444467,108352.39370624887
5515.292034675104,107775.23398732126
5515.320717054904,107604.43356599042
5515.349399583867,107866.91231821483
5515.378082261994,107627.13099294405
5515.406765089286,107605.97648036336
5515.435448065743,108137.33491263674
5515.4641311913665,108203.86615374076
5515.492814466157,108462.20381197376
5515.521497890117,108363.74120976035
5515.5501814632435,108127.2903358847
5515.578865185541,107867.74864062242
5515.607549057007,107823.46866905403
5515.636233077646,107991.95379614874
5515.664917247456,107905.27542563429
5515.693601566439,108146.16892837427
5515.722286034594,108163.35202357787
5515.750970651924,108442.66279343693
5515.779655418429,108259.08653262438
5515.80834033411,108068.33068005367
5515.837025398966,107764.84108563085
5515.865710613,107610.77790527155
5515.894395976213,107704.42885075939
5515.923081488603,107901.49256438501
5515.951767150174,107235.19401298088
5515.980452960925,106612.4119281564
5516.0091389208565,105998.68248759283
5516.037825029971,105753.13412048222
5516.066511288267,105703.0812150634
5516.095197695747,105154.4149989414
5516.123884252411,104883.07966362391
5516.15257095826,105119.53306489794
5516.181257813295,105025.37932961535
5516.209944817516,105392.84238087697
5516.238631970925,105865.20072561936
5516.267319273521,105838.23821756864
5516.296006725307,105965.96156938575
5516.324694326282,105300.87567279192
5516.353382076448,105331.28716712068
5516.382069975804,105507.23346327324
5516.4107580243535,106000.41187909331
5516.439446222094,106223.4676808634
5516.46813456903,106522.02305454257
5516.496823065158,106703.39331026362
5516.525511710483,107395.20915364655
5516.554200505003,107520.36166525309
5516.58288944872,107624.65758641566
5516.611578541634,107960.77587967139
5516.640267783747,107966.23156914521
5516.668957175058,107882.98729845179
5516.697646715569,108127.7590924217
5516.726336405281,107451.12231811266
5516.755026244193,107454.84027098253
5516.783716232308,106461.70976970225
5516.812406369625,106148.30745431209
5516.841096656147,106059.73854853614
5516.869787091872,105532.33067821854
5516.898477676803,105267.02558105918
5516.92716841094,105589.44122068041
5516.955859294283,105738.04126246774
5516.984550326834,106081.73333071984
5517.013241508593,106564.09444339664
5517.041932839561,107203.16085348988
5517.070624319739,107140.79973228165
5517.099315949127,107426.6836352246
5517.128007727728,107864.17959658142
5517.156699655539,107886.1054531311
5517.185391732564,108147.5655362561
5517.214083958803,108354.27727198036
5517.242776334256,108681.43527283189
5517.271468858924,109084.872449438
5517.3001615328085,108903.22099209727
5517.32885435591,109258.268117427
5517.357547328228,109047.6770881693
5517.386240449766,108971.97258880589
5517.414933720522,109578.38873833304
5517.4436271404975,109199.01855771316
5517.472320709694,109172.44006748854
5517.501014428112,109700.97658600945
5517.529708295753,109579.09991045007
5517.558402312616,109631.04428085119
5517.587096478704,109182.69469954516
5517.615790794015,109091.84193954464
5517.644485258552,108995.6220268284
5517.673179872315,109019.46196732996
5517.701874635305,108550.50232737315
5517.7305695475225,108403.19785872992
5517.759264608969,107487.2666004531
5517.787959819644,107412.79692858779
5517.816655179549,107381.32675416186
5517.845350688685,107324.02782184276
5517.874046347053,106540.19662020775
5517.9027421546525,107066.10600385316
5517.9314381114855,107302.77503967071
5517.960134217553,107199.44886782629
5517.988830472854,107729.18072337235
5518.017526877391,107233.9140784211
5518.0462234311635,107969.8637623419
5518.074920134174,108326.81993446384
5518.103616986422,108417.7748921667
5518.132313987908,109056.58430492778
5518.1610111386335,109098.73631204266
5518.189708438599,108761.95703655531
5518.218405887806,108890.02794930153
5518.247103486254,109452.19606827492
5518.275801233945,109417.11037461099
5518.304499130878,109020.44877142695
5518.333197177056,108912.173024581
5518.361895372478,108881.3536357114
5518.390593717146,109399.25269215764
5518.41929221106,109317.27013653607
5518.447990854222,109875.56865251975
5518.47668964663,109412.30118415598
5518.505388588288,109034.68017478968
5518.534087679195,109260.25911358178
5518.562786919352,109602.64827509577
5518.59148630876,108973.4629672421
5518.6201858474205,109026.17050099585
5518.648885535333,109321.3860180421
5518.6775853724985,108859.0725032586
5518.706285358918,108652.38182336371
5518.734985494592,108480.2418743651
5518.763685779522,107915.8894779548
5518.792386213709,107042.33200689127
5518.821086797152,106070.34699092666
5518.8497875298535,104984.06991659683
5518.878488411814,104184.99000575695
5518.9071894430335,103449.65073333858
5518.935890623514,103375.94574023617
5518.964591953255,103368.10537757858
5518.993293432258,103429.17811488314
5519.021995060522,104024.21875548117
5519.050696838051,104146.59217052202
5519.079398764844,104678.082111631
5519.108100840902,105120.44095188037
5519.136803066225,105824.01186524706
5519.165505440816,106251.73755761732
5519.194207964672,106747.8093101807
5519.222910637797,107125.08176828154
5519.251613460192,107464.3837033963
5519.280316431855,107965.06690290078
5519.309019552789,107916.86298327499
5519.337722822994,107833.37596707013
5519.366426242471,108015.51321728829
5519.395129811221,108001.61106945247
5519.423833529243,107955.84813507793
5519.452537396541,108085.38114765807
5519.481241413113,107579.62789652449
5519.5099455789605,107640.16197666069
5519.538649894085,107552.76121838397
5519.567354358487,107479.88547919688
5519.596058972167,108170.86455971413
5519.624763735126,108056.31883510055
5519.653468647364,108291.29830489427
5519.682173708883,108357.9584362515
5519.710878919684,108082.29793658003
5519.739584279766,108489.757026949
5519.768289789131,108728.99432906632
5519.796995447779,108235.208503965
5519.8257012557115,108318.15010466539
5519.85440721293,108034.66220978653
5519.8831133194335,108281.9994484602
5519.9118195752235,108574.25040564968
5519.940525980302,108291.32570559545
5519.969232534668,108386.29633550276
5519.997939238323,108893.09033277188
5520.026646091267,108544.33222109707
5520.055353093502,108468.8234576267
5520.084060245029,108987.79957524626
5520.112767545847,108201.30996672207
5520.1414749959595,108020.86598147039
5520.170182595364,108239.88973597408
5520.198890344064,108181.37202726875
5520.227598242059,108048.58223052238
5520.25630628935,107536.10543975815
5520.285014485937,106951.24919480848
5520.313722831822,107601.31332822816
5520.342431327005,107247.09639652382
5520.3711399714875,107535.38998799596
5520.39984876527,107366.8306842137
5520.428557708352,107202.13411283375
5520.457266800737,107288.33619518156
5520.485976042422,107359.42699384817
5520.514685433412,107187.23117451684
5520.543394973705,107630.26050687596
5520.5721046633025,107361.82488144247
5520.600814502205,106915.73683706456
5520.629524490414,106670.84154287733
5520.65823462793,106488.62105054714
5520.686944914753,106162.82932742828
5520.715655350885,105085.69029507274
5520.744365936325,104363.48562761824
5520.7730766710765,102588.28103774945
5520.801787555138,101595.8643891
5520.830498588511,99839.29991504665
5520.859209771196,98458.41341419783
5520.8879211031945,97301.00416891824
5520.916632584506,96825.72914333019
5520.945344215133,96825.30317220264
5520.974055995075,97780.31491493454
5521.002767924334,99101.19396732413
5521.031480002909,100312.38583542452
5521.0601922308015,101381.2947823779
5521.088904608013,102834.35336319415
5521.117617134544,103589.33392087254
5521.1463298103945,104274.88108100591
5521.175042635566,105719.86285516455
5521.203755610059,106353.23734350638
5521.232468733874,107249.36762195558
5521.261182007013,107892.84377870473
5521.289895429475,108137.46917517873
5521.318609001262,108749.53030684733
5521.347322722375,109007.93137868129
5521.376036592814,108984.08946892412
5521.40475061258,108768.29933437101
5521.433464781674,108955.81443921507
5521.462179100096,109078.26393480288
5521.490893567848,108657.32654335053
5521.519608184929,108563.05863565535
5521.548322951342,107787.37950884955
5521.577037867086,107670.07381435847
5521.605752932163,107097.50091155109
5521.634468146573,106143.65547184128
5521.663183510317,105520.34269916872
5521.691899023396,104333.74520808936
5521.720614685811,102898.10196909364
5521.7493304975615,101666.39571751733
5521.778046458649,101084.1398806918
5521.806762569075,100576.64161494303
5521.835478828839,100844.5745875561
5521.864195237943,101660.89320709583
5521.892911796387,102526.52505267374
5521.921628504172,103699.81040608263
5521.950345361299,104510.67592163553
5521.979062367768,105699.19271778184
5522.007779523581,106301.34148740701
5522.036496828739,107537.91843330266
5522.06521428324,107599.42895747616
5522.093931887088,108067.96091815394
5522.122649640281,108502.41526687595
5522.151367542822,108614.7318079281
5522.180085594711,108295.27789415226
5522.208803795949,108782.01047908438
5522.237522146536,109119.51629358585
5522.266240646474,109327.78174689854
5522.294959295763,109566.8569357382
5522.3236780944035,109354.65702564109
5522.352397042398,109530.23035392763
5522.381116139743,109764.97454107413
5522.409835386445,109685.23925352823
5522.4385547825,109327.68731511908
5522.4672743279125,109236.32927838646
5522.495994022681,109403.98429201308
5522.524713866806,109648.84411638166
5522.55343386029,109493.69229997898
5522.582154003132,109204.50004466184
5522.610874295335,108945.1815080138
5522.639594736897,108648.61381858413
5522.668315327821,108956.49438509678
5522.697036068106,109183.52205623593
5522.725756957755,109286.90911873901
5522.754477996767,109276.15668923872
5522.7831991851435,108930.14216982225
5522.811920522885,108853.90899552681
5522.840642009992,108814.43939782643
5522.869363646466,108855.25349652942
5522.898085432307,108910.43468479313
5522.926807367517,108811.70795778991
5522.955529452095,108851.15062214322
5522.9842516860435,109196.21382099125
5523.012974069362,109144.30539863338
5523.041696602052,109077.36662181703
5523.070419284114,109381.3956948969
5523.099142115549,109195.06217904668
5523.127865096358,109311.72832500905
5523.15658822654,109455.9762769892
5523.1853115060985,109005.52320404202
5523.214034935032,108649.89811175212
5523.242758513344,108552.25642648281
5523.271482241032,108303.74413066541
5523.300206118098,107777.29655437246
5523.328930144544,108382.65424006106
5523.357654320369,108113.1702963317
5523.386378645575,108197.43428235529
5523.415103120163,108415.3700560507
5523.443827744132,108564.08789684965
5523.472552517485,108104.77657526247
5523.501277440221,108165.62968056583
5523.530002512342,108482.6044529102
5523.558727733848,108571.25178135536
5523.58745310474,108708.35722170869
5523.6161786250195,108555.84026799447
5523.644904294686,108541.73682022514
5523.673630113742,108744.43835312946
5523.702356082185,108924.15477351754
5523.731082200019,109037.88464178344
5523.7598084672445,108661.0271153176
5523.788534883861,108836.95791769217
5523.817261449869,108866.03430534876
5523.845988165271,108876.15501438592
5523.874715030066,108913.21206622943
5523.903442044256,108884.19174948547
5523.932169207842,109087.11629674559
5523.960896520824,109056.49566533769
5523.989623983201,109123.81970589675
5524.0183515949775,109267.7253451011
5524.047079356153,108771.76604110087
5524.075807266727,108284.909867259
5524.104535326701,108269.45741134544
5524.133263536075,107483.14900620517
5524.161991894852,106748.09072172709
5524.19072040303,106171.31224911465
5524.2194490606125,105043.07413363163
5524.248177867598,103567.68664440693
5524.276906823989,102157.54272156066
5524.305635929784,100187.18101183452
5524.334365184987,96934.39198621082
5524.363094589597,93785.83159996835
5524.391824143613,90471.60001918992
5524.420553847039,87192.8853032528
5524.449283699874,85388.5666836984
5524.478013702119,85150.11754787478
5524.506743853775,85904.95486531328
5524.5354741548435,87851.11310408812
5524.5642046053235,89458.67537012778
5524.592935205217,91803.28278004314
5524.621665954524,94508.78750248124
5524.650396853247,96164.33167656988
5524.679127901385,97335.14826509226
5524.7078590989395,98452.03465411213
5524.73659044591,98682.95429346689
5524.7653219423,98345.60389227566
5524.794053588108,97978.24876001517
5524.822785383335,96855.50157685595
5524.851517327983,95868.33507491303
5524.880249422052,95477.54931730175
5524.908981665542,95796.01597936859
5524.937714058456,96436.13797215707
5524.966446600792,97313.82038657449
5524.995179292552,98754.18273776624
5525.023912133738,100314.0234970563
5525.0526451243495,101374.76166804985
5525.081378264386,102384.06321985826
5525.110111553851,103186.93362376883
5525.138844992744,103988.64631060767
5525.167578581066,104909.73564795629
5525.196312318817,105682.6484229783
5525.225046205999,106236.79878000997
5525.253780242611,106665.82635734676
5525.282514428656,106960.68749309737
5525.311248764133,107029.79156490196
5525.339983249044,107677.21392580855
5525.368717883389,107513.31375372599
5525.397452667169,107639.81280501517
5525.426187600385,108277.32872026555
5525.454922683037,108429.1098347696
5525.483657915126,108466.32454357971
5525.512393296654,108445.34246420246
5525.541128827621,108579.15557398429
5525.569864508027,108753.75452476754
5525.598600337874,108311.2646196826
5525.627336317162,109062.58755687872
5525.656072445891,108426.25702558858
5525.684808724064,107919.62938951391
5525.713545151681,107222.40957865422
5525.742281728742,106283.56698639126
5525.771018455247,104966.6211600995
5525.799755331199,103210.0271520353
5525.828492356597,101088.24733407778
5525.8572295314425,98650.98262487221
5525.885966855736,95439.09470715055
5525.91470432948,91155.94901830098
5525.943441952672,86782.98081598389
5525.972179725315,80884.13379214001
5526.00091764741,74397.50465280509
5526.029655718957,67961.22558467946
5526.058393939957,61543.9146354809
5526.087132310409,55855.55475373284
5526.115870830317,51677.34889785736
5526.14460949968,49616.02479195659
5526.173348318499,49183.278641073244
5526.202087286774,50525.366509299594
5526.230826404508,54046.06865046783
5526.259565671699,58619.471500634536
5526.288305088349,63598.665233321226
5526.31704465446,69153.61437015195
5526.345784370032,74986.12399857202
5526.374524235064,80197.91055786972
5526.403264249559,85165.0605572898
5526.432004413517,90052.33274853138
5526.460744726938,93821.52040998325
5526.489485189823,96722.88899066529
5526.518225802175,99690.11459620413
5526.546966563993,102051.66738313994
5526.575707475277,103426.05742589156
5526.604448536029,104704.1183858206
5526.63318974625,106043.63609370809
5526.6619311059385,106409.44528793762
5526.690672615098,106442.35465594417
5526.719414273729,106355.6779745137
5526.7481560818305,107500.47385415365
5526.776898039405,107845.87817419018
5526.805640146452,108193.2195487971
5526.8343824029735,108823.34950137333
5526.863124808969,108849.4352013921
5526.89186736444,108697.85152387847
5526.920610069387,109019.16895871141
5526.949352923812,108778.05105744181
5526.978095927714,108811.02196229332
5527.006839081095,108915.66032447784
5527.0355823839545,109429.2263919359
5527.064325836295,109300.86538796357
5527.093069438116,109235.9978723132
5527.121813189418,109474.49348862255
5527.150557090204,109454.43663198309
5527.179301140472,109478.7508841416
5527.208045340224,109368.81209453345
5527.23678968946,108437.31054815407
5527.265534188183,108071.38230805179
5527.294278836392,107784.06636137757
5527.323023634088,107169.94699887668
5527.351768581271,105964.67972708128
5527.380513677944,104625.23318438389
5527.409258924105,103155.40460420924
5527.438004319757,100634.00838456592
5527.4667498649005,97079.94844582035
5527.495495559535,93815.12666102512
5527.524241403662,89826.07222096784
5527.552987397283,85260.84203601675
5527.581733540397,79834.55255043079
5527.610479833006,73862.06037403975
5527.6392262751115,67911.96159827271
5527.667972866713,62179.005032054934
5527.696719607811,57221.761244248424
5527.725466498408,53997.39217284019
5527.754213538504,52641.71361162129
5527.782960728098,52871.928412607704
5527.811708067194,54709.40090784798
5527.84045555579,58294.70192589061
5527.869203193888,62803.61633260882
5527.897950981489,67893.4246134906
5527.926698918593,73280.3845654744
5527.955447005202,78416.70583248172
5527.984195241314,83164.34921873115
5528.0129436269335,87750.66070436187
5528.041692162059,91753.33602193138
5528.070440846692,95226.04906287712
5528.099189680833,97804.23599919952
5528.127938664483,99771.89612582242
5528.156687797642,101466.67622773121
5528.185437080312,103044.59316805267
5528.214186512493,104240.34606296249
5528.242936094186,104878.37590896059
5528.271685825392,105343.83236041255
5528.300435706111,105849.45740151832
5528.329185736345,105609.8076872586
5528.357935916093,105236.553974718
5528.386686245358,105613.72880521731
5528.415436724139,105879.91399986715
5528.444187352437,106327.28521906414
5528.472938130254,106380.5108163027
5528.50168905759,106191.94736074147
5528.530440134445,106758.01046736834
5528.5591913608205,107679.62386899999
5528.587942736718,107834.27801922307
5528.616694262137,108159.12136235283
5528.645445937079,108867.15181624795
5528.674197761545,108605.91204154571
5528.702949735535,108688.58650318286
5528.73170185905,108931.31015875483
5528.760454132092,109166.49191069382
5528.789206554659,109453.36899635471
5528.817959126755,109297.3655318337
5528.846711848379,108811.19607711467
5528.875464719532,109196.5621654518
5528.904217740214,108926.56755453176
5528.932970910428,109118.85064973668
5528.961724230172,109139.05949368817
5528.990477699449,108667.00197314718
5529.019231318259,108218.43138581215
5529.047985086603,107287.29831767078
5529.076739004481,106081.39303900876
5529.105493071895,105299.82684274617
5529.134247288844,104265.77273596691
5529.16300165533,103222.37607687073
5529.191756171354,101614.53829758095
5529.220510836916,99184.37724778443
5529.249265652018,97248.93907923381
5529.278020616659,96356.80839974554
5529.306775730842,96105.84370059142
5529.3355309945655,96254.92606040575
5529.364286407831,96708.06636943301
5529.39304197064,97929.76667283184
5529.421797682993,100156.45473564025
5529.450553544891,100838.31368896001
5529.479309556334,102193.70115486604
5529.508065717323,103475.86379172055
5529.536822027859,104821.73922734566
5529.565578487943,106053.16248507812
5529.594335097575,106417.65781842534
5529.623091856756,106568.48510817603
5529.6518487654885,106839.81309397754
5529.680605823771,107078.37518926436
5529.709363031605,107888.06219959642
5529.738120388992,107114.2377668326
5529.766877895931,107194.34076451024
5529.795635552425,106838.20621952882
5529.824393358474,107258.58852853057
5529.853151314077,107728.69700455677
5529.881909419238,107352.50428814297
5529.910667673955,107557.43173130676
5529.93942607823,108259.6528205156
5529.968184632064,108032.77037104419
5529.996943335456,108267.68362463164
5530.02570218841,108426.90371079963
5530.0544611909245,108567.22078230765
5530.083220343,108463.53989925933
5530.111979644639,108083.25654950824
5530.14073909584,108366.18181730671
5530.169498696607,108833.23716560418
5530.198258446937,109197.97298162513
5530.227018346834,109271.85407487728
5530.255778396297,108935.16864086162
5530.284538595326,109076.13571499332
5530.313298943924,109156.48391626257
5530.34205944209,109317.5917849826
5530.370820089826,109266.65194774757
5530.399580887133,109629.8593981635
5530.42834183401,109841.76462445808
5530.45710293046,110086.6634614628
5530.485864176481,109829.90161476149
5530.514625572077,109642.73942473577
5530.543387117246,110306.80786530714
5530.572148811991,110199.54485173673
5530.6009106563115,109953.21814142633
5530.629672650208,109681.55658324064
5530.658434793681,110418.99045625844
5530.687197086734,110411.10694019985
5530.715959529365,110110.96249750636
5530.744722121575,110002.50581325268
5530.773484863366,110187.97202120803
5530.802247754738,110211.05016976304
5530.831010795692,109858.88523960595
5530.859773986229,109838.6305424257
5530.888537326349,110096.64933425956
5530.917300816054,109943.3080761959
5530.946064455344,110264.91748572889
5530.97482824422,109831.35200655615
5531.003592182681,109854.00832393253
5531.032356270731,109953.15906464524
5531.061120508369,109682.67726046655
5531.089884895596,109278.87731015192
5531.118649432412,109085.11386588271
5531.147414118819,109124.21947232628
5531.176178954817,108720.72028792372
5531.204943940407,108249.86724096192
5531.23370907559,108348.93391455837
5531.262474360367,107780.87391717442
5531.291239794738,107296.80974965841
5531.320005378705,107205.33628606382
5531.348771112267,106791.4954623275
5531.377536995426,106538.74778723446
5531.406303028182,106789.04797818826
5531.435069210537,106789.99925349255
5531.463835542491,107233.6976224896
5531.4926020240455,107994.43721952144
5531.5213686552,108073.79245045423
5531.550135435956,108787.91788176187
5531.578902366314,109153.62581954381
5531.6076694462745,108798.40551896619
5531.636436675839,109135.51716126835
5531.665204055008,110006.88616216953
5531.6939715837825,110095.8121021989
5531.7227392621635,109620.34962136291
5531.751507090151,109488.04227837268
5531.780275067746,109743.42074691875
5531.8090431949495,109882.69346001973
5531.837811471762,109455.50325020184
5531.866579898185,109472.22260656992
5531.895348474218,108784.57954519369
5531.924117199863,108335.75625364909
5531.95288607512,107556.73292213654
5531.98165509999,106346.0780611663
5532.010424274475,105208.50835359265
5532.039193598574,103493.76450141799
5532.067963072287,102762.73439048225
5532.096732695618,101909.09929434389
5532.125502468565,101287.36465603494
5532.15427239113,101295.09486592204
5532.1830424633135,100989.17121428595
5532.2118126851165,100960.68522655938
5532.240583056539,101600.23890285076
5532.269353577583,102607.3514609853
5532.298124248248,103530.1128945097
5532.326895068537,104320.12467464145
5532.355666038447,105366.01292772627
5532.384437157983,106248.59882496212
5532.413208427142,106778.71732974904
5532.441979845928,107258.79586595837
5532.470751414339,108259.371560365
5532.499523132378,108541.93741088315
5532.528295000045,108953.2053382951
5532.557067017339,109522.55058302397
5532.585839184264,109645.47847502163
5532.614611500819,109621.17874966751
5532.643383967004,109543.03638008457
5532.672156582822,109309.7444270326
5532.700929348272,109198.4174976173
5532.729702263356,109852.89522666097
5532.7584753280735,109583.84412203063
5532.787248542425,109234.56357002704
5532.816021906413,109693.56174809746
5532.844795420037,109733.25789980569
5532.873569083299,109746.13372408989
5532.902342896199,110076.66838085486
5532.931116858737,109835.06180623062
5532.959890970915,109882.98435049244
5532.988665232733,109637.96899622222
5533.017439644193,109004.23113222733
5533.046214205293,108627.58603716924
5533.074988916037,108872.90313194571
5533.103763776424,109006.83106206315
5533.132538786455,108722.29527565687
5533.1613139461315,108451.7418781467
5533.190089255454,108125.90520565877
5533.218864714423,107966.51036811918
5533.2476403230385,108457.27157569278
5533.276416081303,108712.2960354775
5533.305191989216,109126.01193870902
5533.333968046778,108994.1261238471
5533.362744253991,108875.54377269812
5533.391520610855,109401.27263900002
5533.420297117372,109654.40728450392
5533.4490737735405,109465.55217508206
5533.477850579363,109422.60469341507
5533.50662753484,109657.80916392716
5533.535404639972,109738.30284500803
5533.56418189476,109566.96129844968
5533.592959299203,109442.29338512052
5533.621736853305,108733.81892646535
5533.650514557065,109226.36738229264
5533.679292410485,108654.71231282526
5533.708070413563,108251.70302491209
5533.736848566303,107565.48137428689
5533.765626868703,106807.12730055889
5533.794405320767,105112.17559599808
5533.823183922492,103045.21644553343
5533.851962673882,101387.90395174174
5533.880741574935,98355.46006042311
5533.909520625654,95376.52809698407
5533.938299826039,91640.72654369869
5533.967079176091,86933.63376762952
5533.99585867581,82271.02261073542
5534.024638325198,76634.03630885403
5534.053418124255,71160.03374056076
5534.082198072982,65591.79464757926
5534.1109781713785,60279.41804295146
5534.139758419447,56361.76746217585
5534.168538817188,53968.54484948686
5534.197319364602,53263.9159084894
5534.22610006169,54478.54803338283
5534.254880908452,57328.209240909695
5534.283661904889,61174.01938101572
5534.312443051003,65719.24557540487
5534.341224346794,71144.29047438996
5534.370005792262,76415.33852107718
5534.398787387409,81270.6910059943
5534.4275691322355,85695.7457361925
5534.456351026741,89376.01398502551
5534.485133070928,92423.80667111634
5534.513915264796,94991.08216182726
5534.542697608347,96583.2012108868
5534.57148010158,97361.67754284332
5534.600262744499,97697.66462343227
5534.629045537101,96967.1772565669
5534.657828479389,95587.7984842941
5534.686611571363,93671.69402987594
5534.7153948130235,91116.29008384778
5534.7441782043725,89144.32709800324
5534.77296174541,87944.04295763321
5534.801745436136,87056.63031611692
5534.8305292765535,87349.33520353469
5534.859313266661,87449.79950826924
5534.8880974064605,88374.02751727882
5534.916881695953,90237.66099114325
5534.945666135138,92086.09448705918
5534.974450724017,94503.83466196763
5535.003235462591,96649.81434224846
5535.03202035086,98431.14057323762
5535.060805388826,100595.65818326555
5535.089590576489,102558.23288985601
5535.11837591385,103835.19644943702
5535.14716140091,105321.52673348937
5535.175947037668,106292.43116823243
5535.204732824128,106924.46567409288
5535.2335187602885,108031.4972457476
5535.26230484615,108719.15277831917
5535.291091081715,109119.59287684775
5535.319877466984,109455.13735747126
5535.3486640019555,110063.3406912607
5535.377450686633,110162.92217383457
5535.406237521015,109877.13510379534
5535.435024505105,109952.51744127477
5535.4638116389015,109931.83045787168
5535.492598922406,110029.5396018874
5535.521386355619,110036.75373850361
5535.550173938543,109972.30298344244
5535.578961671175,110292.15553267176
5535.60774955352,110231.60086644223
5535.636537585577,109900.5177115715
5535.665325767346,109789.78530622437
5535.694114098828,109846.57491800768
5535.722902580025,110010.36247251082
5535.751691210937,110021.11560662564
5535.780479991565,109776.14100965673
5535.809268921909,109887.6326340566
5535.83805800197,109451.22991274427
5535.86684723175,109571.6689902721
5535.895636611249,109809.56118137208
5535.924426140467,109857.69136282684
5535.953215819407,109537.25896321937
5535.982005648067,109237.78831590596
5536.010795626449,109199.96459591389
5536.0395857545545,109359.86396268065
5536.068376032383,109556.33010209413
5536.097166459936,109793.1209478472
5536.125957037214,109965.99109967548
5536.154747764218,109624.26739764409
5536.183538640949,110009.57225487834
5536.212329667407,110093.87458571536
5536.241120843594,110075.31340225891
5536.26991216951,110180.36832941484
5536.298703645156,110136.77330984564
5536.3274952705315,109715.74730319479
5536.356287045639,109544.53174616187
5536.385078970479,109683.291547959
5536.413871045052,109816.580439107
5536.442663269358,110033.09868010081
5536.471455643399,109863.28789452215
5536.5002481671745,109713.51320947491
5536.529040840687,109657.54603358461
5536.557833663936,109914.53599875988
5536.586626636923,110189.2074251747
5536.615419759648,110391.34535706227
5536.644213032112,110155.5768542946
5536.673006454316,109941.25686250138
5536.7018000262615,110056.25620468143
5536.730593747948,110043.98395263498
5536.759387619377,110210.01867182269
5536.788181640548,110774.27372236662
5536.816975811464,110159.01313939196
5536.845770132124,110416.26673319137
5536.87456460253,109840.58941038723
5536.9033592226815,109714.80393439729
5536.93215399258,109168.48609967677
5536.960948912227,108914.48817398566
5536.989743981622,108563.37498807588
5537.018539200767,108164.1398482758
5537.047334569661,107795.70082673235
5537.076130088306,107410.2303731526
5537.104925756704,107392.75009717036
5537.133721574853,107470.99039649985
5537.162517542755,107397.34537263426
5537.191313660412,107749.64335703492
5537.220109927823,108175.44838657061
5537.24890634499,108489.80597226864
5537.277702911913,108821.5761927079
5537.306499628593,108798.23554396637
5537.335296495032,108937.64111745972
5537.364093511228,109193.0690862663
5537.392890677184,109433.01861215639
5537.421687992901,109675.63737538435
5537.450485458378,109647.61545180528
5537.479283073617,109803.92705727297
5537.508080838618,110001.48035017645
5537.5368787533835,109308.13720968997
5537.565676817912,109661.53058540338
5537.594475032207,109662.2537158501
5537.623273396266,109670.88626259845
5537.652071910092,109102.80273432925
5537.680870573686,108307.72888083695
5537.709669387046,107409.43472351904
5537.738468350177,106328.1959969335
5537.767267463076,105511.2739224529
5537.796066725746,104763.8565017133
5537.824866138187,103544.21034334933
5537.8536657004,102818.08441600026
5537.8824654123855,103475.77786683851
5537.911265274144,103942.93665789672
5537.9400652856775,104626.50458045052
5537.968865446986,105298.6014564161
5537.997665758069,105742.90101157589
5538.02646621893,106320.25882536148
5538.055266829568,107188.65284712525
5538.0840675899835,107870.00359351546
5538.112868500179,108277.4705496298
5538.141669560153,108768.67414189875
5538.170470769908,109029.83602603465
5538.199272129445,109202.64884498098
5538.228073638763,109968.45774130362
5538.256875297864,109863.25132809082
5538.285677106748,109285.7805201529
5538.314479065417,109599.92779136753
5538.343281173871,109568.72090563981
5538.372083432111,109631.70532927032
5538.400885840138,109655.2568736761
5538.429688397952,109573.96477716463
5538.4584911055545,109759.44516686758
5538.487293962946,109403.63766692906
5538.516096970127,108864.64013817618
5538.544900127099,108464.37129501367
5538.573703433862,108431.39899444734
5538.602506890417,107996.56991686096
5538.631310496766,108217.39941409281
5538.660114252907,108134.85439122084
5538.688918158844,107950.54622954676
5538.717722214576,108081.27553423727
5538.746526420103,108457.10655553488
5538.775330775427,108753.44518868365
5538.804135280549,109099.93404489798
5538.83293993547,109483.42911899947
5538.861744740189,109438.49371080691
5538.890549694709,110011.41857561852
5538.919354799029,109983.12089705763
5538.948160053151,109987.54899504366
5538.976965457075,110181.629692953
5539.005771010801,110145.26167412646
5539.034576714333,110132.15504950876
5539.063382567668,109636.81808796321
5539.0921885708085,109483.00444223241
5539.120994723756,109479.11977226858
5539.1498010265095,109059.22746554454
5539.178607479071,109170.03728245306
5539.207414081441,109336.01727957514
5539.236220833621,108608.46693992015
5539.26502773561,109077.37083102032
5539.293834787411,109646.72270629095
5539.3226419890225,109163.09281863399
5539.351449340446,109686.47317082448
5539.380256841684,109862.7205229661
5539.4090644927355,109889.92631219905
5539.437872293602,110087.12066456783
5539.466680244283,110147.14131119926
5539.495488344781,110176.64748801394
5539.5242965950965,110145.20677724076
5539.553104995229,109851.43250516786
5539.58191354518,109926.39986293035
5539.610722244951,110137.40881513171
5539.639531094543,110076.1142763203
5539.668340093955,110289.41057058105
5539.6971492431885,110385.55176967972
5539.725958542244,110102.8978476076
5539.754767991124,109777.65033739539
5539.7835775898275,109775.77051320125
5539.8123873383565,109848.97036560798
5539.84119723671,109911.1547714263
5539.8700072848915,109497.57721109911
5539.898817482899,108967.19985576865
5539.927627830734,109660.50759892845
5539.956438328399,109521.54971480943
5539.985248975893,108869.66851985232
5540.014059773218,109015.83034418464
5540.042870720373,108920.93522569683
5540.0716818173605,108547.72147297175
5540.10049306418,108210.10679505482
5540.129304460834,108203.61007517693
5540.158116007321,108155.70853793951
5540.186927703644,108211.13809891578
5540.2157395498025,108191.47945293692
5540.244551545798,108248.9386020493
5540.273363691629,108746.61295102115
5540.3021759873,108426.06829065114
5540.330988432809,108416.45246671904
5540.359801028158,109342.80739344703
5540.388613773347,109202.24481461904
5540.417426668378,109273.65393400795
5540.44623971325,109418.93029078803
5540.475052907966,109826.88805955884
5540.503866252525,110031.57586891094
5540.532679746928,110101.76178472789
5540.561493391177,110333.1787538555
5540.590307185271,110519.48382313078
5540.619121129212,110558.3569689736
5540.647935223,110515.43158323684
5540.6767494666365,110311.81059095595
5540.705563860122,110537.42980073048
5540.734378403457,110499.30477206227
5540.763193096644,110567.74089118165
5540.792007939681,110650.23908825447
5540.820822932571,110388.94827733112
5540.849638075313,110696.34574110543
5540.878453367909,110473.31858861873
5540.90726881036,110086.53648100987
5540.936084402666,110345.39364223102
5540.964900144827,110453.7496268712
5540.993716036846,110214.90771561231
5541.022532078722,110252.55177936806
5541.051348270457,110096.16146257818
5541.080164612051,110157.2419416076
5541.108981103504,110077.19604664807
5541.137797744819,109595.34291758745
5541.166614535995,109660.91995018676
5541.195431477033,109434.3979176968
5541.224248567934,109493.54986098385
5541.253065808699,109394.79245598246
5541.281883199329,109392.40450119933
5541.310700739824,109668.0171138225
5541.339518430184,109907.73043370398
5541.368336270413,110019.4774579668
5541.397154260509,109823.25811067253
5541.425972400473,109683.22356571375
5541.454790690306,110246.52301709034
5541.48360913001,110126.11252508809
5541.512427719585,109916.21260448302
5541.541246459031,109527.80675747676
5541.570065348349,109688.40505483713
5541.598884387541,109898.35733652473
5541.627703576607,109911.00223669293
5541.656522915547,110192.58514416282
5541.685342404363,110055.43314899602
5541.714162043055,109767.7939355567
5541.742981831624,109972.49040902636
5541.771801770072,109948.49245511682
5541.800621858397,110066.12520249323
5541.829442096602,109873.0556046727
5541.858262484688,109621.39981822918
5541.887083022654,109393.27970496305
5541.915903710502,110059.77042940048
5541.944724548232,110070.67037984265
5541.973545535846,109876.18402345372
5542.002366673344,109913.40004560731
5542.031187960727,109722.40167150329
5542.060009397996,109698.14632498041
5542.088830985151,110101.32186519157
5542.117652722192,110124.65843076607
5542.146474609122,109663.15229232954
5542.175296645942,109355.43026987341
5542.20411883265,109027.35899727834
5542.232941169249,108909.79143287973
5542.261763655739,108044.58384353142
5542.29058629212,107119.20085096867
5542.3194090783945,106324.62132619956
5542.348232014562,104684.62374592114
5542.377055100625,102674.94234462424
5542.405878336582,100757.72280307335
5542.4347017224345,98644.04813736289
5542.463525258184,96365.63106434865
5542.492348943831,94185.67986247987
5542.521172779375,92699.63274090188
5542.549996764819,92803.89197563846
5542.578820900162,94015.52924989052
5542.607645185406,95308.82658865674
5542.636469620551,97210.89561016856
5542.665294205598,99489.38761580207
5542.694118940548,100960.58146599145
5542.722943825402,102700.60543316667
5542.751768860159,104304.85957544934
5542.7805940448225,105356.43101251182
5542.809419379391,106072.52868256078
5542.838244863867,107306.07777849298
5542.8670704982505,108350.39982401769
5542.895896282542,108248.35342070495
5542.924722216741,108159.87612924763
5542.953548300852,108456.64512344093
5542.982374534873,107808.30141785926
5543.011200918805,107459.28495221715
5543.040027452649,106254.84351107245
5543.068854136406,105085.56014104445
5543.097680970077,103602.49251984339
5543.126507953662,101684.06690580577
5543.155335087164,99563.03413664608
5543.1841623705795,97015.83828062545
5543.212989803914,94741.87002752942
5543.241817387165,92790.66035460541
5543.270645120334,91608.0426297922
5543.2994730034225,91544.42174202515
5543.328301036431,92417.58142703358
5543.357129219361,94501.57386860855
5543.385957552212,96376.99107370152
5543.414786034985,98409.57444624355
5543.443614667682,99954.96139382424
5543.472443450301,102279.66913348113
5543.501272382846,103473.61416043993
5543.530101465316,104896.68947640902
5543.558930697713,106420.66758910794
5543.587760080036,106793.88358659948
5543.616589612287,107229.87133056071
5543.645419294467,107981.43755228004
5543.674249126575,107974.37997638933
5543.7030791086145,107745.86341449482
5543.731909240584,107675.80726934796
5543.760739522485,106812.07647719441
5543.789569954319,105471.81038283174
5543.818400536086,103533.49774249617
5543.847231267788,101787.77678511039
5543.876062149423,99622.90332961337
5543.904893180995,97424.5284191115
5543.933724362502,96070.04208643445
5543.962555693947,94821.55346981643
5543.99138717533,94552.0830236319
5544.0202188066505,95068.2870795788
5544.049050587912,96276.99516315099
5544.077882519113,97555.61695501508
5544.106714600254,98511.87150680325
5544.135546831339,99805.60631857507
5544.164379212364,101098.38994847587
5544.193211743334,102115.1292691644
5544.2220444242475,102939.71557524981
5544.250877255106,102733.9628079271
5544.279710235911,103314.46893523866
5544.308543366662,103207.46214294605
5544.33737664736,102787.45144587159
5544.366210078006,102135.05584452405
5544.395043658601,101191.51062274454
5544.423877389145,100820.20936500053
5544.45271126964,100858.65009539355
5544.481545300086,101022.88703665517
5544.510379480484,100939.74223739187
5544.539213810835,100842.54118633033
5544.568048291138,101539.63626857325
5544.596882921396,102099.48661471244
5544.62571770161,102580.25902318406
5544.654552631779,103353.59505736835
5544.683387711904,104573.98221634584
5544.712222941987,105125.12572411794
5544.741058322029,106029.05369762366
5544.769893852029,106531.08445195078
5544.798729531989,107557.08705110075
5544.827565361909,108224.71752717056
5544.856401341791,108423.54762183767
5544.885237471634,108760.7267389228
5544.914073751441,109523.35163119814
5544.942910181211,109794.5352244524
5544.971746760946,109231.3762946021
5545.000583490646,109184.61902729301
5545.0294203703115,109321.83133139675
5545.058257399944,109362.04748649968
5545.087094579544,108910.86696813059
5545.115931909112,108057.12757639767
5545.144769388649,107597.75711177806
5545.173607018157,105988.03164187685
5545.202444797635,103956.99030635144
5545.231282727083,102310.33743752424
5545.260120806505,100171.79779080636
5545.288959035899,98030.54894358842
5545.317797415268,96651.76479879377
5545.34663594461,95724.99950189305
5545.375474623928,95552.94854833651
5545.404313453222,96465.69648390988
5545.433152432493,97714.87925368854
5545.461991561741,99164.78179341933
5545.490830840969,100342.75014411814
5545.519670270175,101510.16139834258
5545.548509849361,102786.2933212835
5545.577349578528,104014.27830648512
5545.606189457677,104514.67860367759
5545.635029486808,104734.11409279666
5545.663869665922,104555.63218015799
5545.69270999502,104407.73588960968
5545.7215504741025,103677.96746961398
5545.75039110317,102026.95930826022
5545.779231882225,100318.26008576715
5545.808072811265,99023.72554746024
5545.836913890294,98171.05995650186
5545.865755119313,98050.12438737284
5545.8945964983195,98437.17970807984
5545.9234380273165,99211.8634457909
5545.952279706305,100819.77486187316
5545.981121535285,101802.58391864446
5546.009963514257,103436.41553369258
5546.038805643222,104120.91948459831
5546.067647922181,105713.75909302228
5546.096490351136,105889.57215199534
5546.125332930085,106243.03153973665
5546.154175659032,106982.0083376028
5546.183018537976,107117.24197277403
5546.211861566917,107114.74169827242
5546.240704745856,107218.96125992305
5546.269548074796,106843.32333011553
5546.298391553736,106359.71264617782
5546.327235182677,106646.78977652844
5546.3560789616195,106523.86917637446
5546.384922890566,106145.24602392962
5546.413766969514,107037.2688344296
5546.442611198467,106802.80764726819
5546.471455577424,107268.15268541667
5546.500300106389,107461.24447751653
5546.529144785359,107512.91359352677
5546.557989614336,107448.35488249549
5546.586834593321,107423.45105339888
5546.615679722316,107603.86427112881
5546.644525001319,108136.53466436603
5546.673370430334,108472.43451699846
5546.702216009359,108459.3504953685
5546.731061738397,108607.90770071528
5546.759907617447,108906.19968635429
5546.788753646511,109764.23973576845
5546.817599825589,109702.00925021114
5546.846446154683,110045.1516827669
5546.875292633792,110482.63444341258
5546.904139262918,110759.98629717833
5546.932986042061,110956.50122342423
5546.961832971222,110862.83744563466
5546.990680050403,110618.82224063681
5547.019527279603,110643.81236941325
5547.048374658824,110965.31585131647
5547.077222188066,110913.85896903329
5547.10606986733,110947.15944705543
5547.134917696618,111104.99541557851
5547.1637656759285,111017.04331161265
5547.192613805263,111012.79194513017
5547.221462084624,110657.5857626857
5547.25031051401,110953.583747857
5547.279159093424,110956.9317410957
5547.308007822865,110844.2774849054
5547.336856702334,111391.04326132065
5547.365705731832,111115.72565247053
5547.3945549113605,110592.31372927889
5547.42340424092,110651.27188348075
5547.45225372051,110581.33359348516
5547.481103350133,110498.12850128996
5547.509953129789,110159.38491911057
5547.538803059479,110212.52059803088
5547.567653139203,110456.76237572814
5547.596503368963,109992.08918860952
5547.625353748758,109527.84689916937
5547.65420427859,109667.63716494426
5547.683054958461,109787.97287187913
5547.71190578837,109600.17831551447
5547.7407567683185,109359.77994736945
5547.769607898306,109417.04647978602
5547.798459178336,109307.6564933884
5547.827310608406,109351.85389864718
5547.85616218852,109096.46352773267
5547.885013918676,109323.97203831308
5547.913865798876,109686.507662238
5547.942717829122,110026.5697353371
5547.971570009412,109947.02474236247
5548.000422339749,109372.70828047895
5548.029274820133,109147.40844303004
5548.058127450565,109562.40100100878
5548.086980231045,109886.93461697153
5548.115833161575,109722.13204762344
5548.144686242155,109614.11715400618
5548.173539472787,109917.15214549469
5548.202392853469,109522.51582969115
5548.2312463842045,109549.29165128077
5548.260100064993,110162.84891125659
5548.288953895836,110225.88860178532
5548.317807876734,109646.34188611909
5548.346662007687,109446.59952376004
5548.375516288697,109658.53945795192
5548.404370719764,109689.18239008868
5548.43322530089,110086.92158140184
5548.462080032074,110328.98682254374
5548.490934913317,110209.08793284604
5548.51978994462,110521.28922985675
5548.548645125986,110905.45959680958
5548.5775004574125,110776.40026325881
5548.606355938902,110632.83373704368
5548.635211570455,110609.26573738597
5548.664067352072,110728.15593600424
5548.692923283755,110669.50137519755
5548.721779365503,110698.94233421206
5548.750635597317,110932.49990215956
5548.7794919791995,111082.5564477599
5548.808348511149,111400.76148105004
5548.837205193169,110484.87142033428
5548.866062025258,110227.1073429922
5548.894919007417,110204.30472975774
5548.923776139648,109883.30318670934
5548.952633421951,109515.24488942401
5548.981490854326,109152.63406049693
5549.0103484367755,108961.23620209497
5549.039206169299,109403.5492549868
5549.068064051898,109875.82978515042
5549.096922084573,109796.37175263959
5549.1257802673235,109988.7753501948
5549.154638600153,109700.3631905866
5549.1834970830605,109184.61896865442
5549.212355716047,109793.92415345598
5549.241214499113,109633.24082636021
5549.27007343226,108804.42406395996
5549.298932515488,108770.84284169864
5549.3277917487985,108731.1992330232
5549.356651132192,108808.34797198338
5549.385510665669,108714.5863472251
5549.414370349231,108850.72754455094
5549.443230182878,109193.4220448623
5549.472090166611,109421.02738657722
5549.500950300431,109917.51665409579
5549.529810584339,110152.97742841442
5549.558671018336,110190.91490348855
5549.587531602421,110656.74738284518
5549.616392336597,110669.6673707122
5549.645253220863,111246.98090289276
5549.674114255221,111254.28151955876
5549.702975439671,111201.24661939037
5549.731836774215,111578.98135724182
5549.760698258851,111425.92233900781
5549.789559893584,111595.70033162675
5549.818421678411,111574.21244782183
5549.847283613334,112136.46694846326
5549.876145698356,111867.2060674726
5549.905007933474,111702.32821548388
5549.933870318691,111579.25633835874
5549.962732854007,111595.70976690213
5549.991595539424,111553.71952224706
5550.020458374942,111216.42012328716
5550.0493213605605,111395.53924328253
5550.078184496283,111823.74900042164
5550.107047782108,111728.96355118704
5550.135911218037,111748.44374947697
5550.1647748040705,111503.39890983785
5550.1936385402105,110700.35253097746
5550.222502426456,110754.038332976
5550.2513664628095,111267.24055954185
5550.280230649271,110330.94951616306
5550.309094985841,110189.75473984888
5550.33795947252,110036.94692866794
5550.36682410931,109849.31044358043
5550.39568889621,109768.2048549063
5550.424553833223,109648.22119628968
5550.453418920349,110036.21946408825
5550.482284157588,110656.04864263232
5550.51114954494,110628.84718183933
5550.540015082408,110564.10028571276
5550.568880769992,110588.4232118296
5550.597746607692,110161.24076798235
5550.62661259551,110427.59573511351
5550.655478733445,111183.77956042453
5550.6843450215,110862.61031049173
5550.713211459674,110630.6680181264
5550.742078047969,110309.13775515633
5550.770944786385,110527.98024563593
5550.799811674923,109776.45503840207
5550.828678713584,109052.53959829503
5550.857545902369,108523.06581764895
5550.886413241277,108202.92678023526
5550.915280730311,107798.19311418953
5550.944148369471,107344.4526869087
5550.973016158757,107256.63199737837
5551.001884098171,107563.0466573572
5551.030752187713,108008.95622431539
5551.059620427384,108408.40631872219
5551.088488817186,108745.78553725618
5551.117357357117,109070.27854616148
5551.14622604718,109375.71091170076
5551.175094887375,109436.34043902422
5551.203963877703,109274.64593805821
5551.232833018165,109764.7853299776
5551.261702308761,109931.39474831961
5551.290571749493,109327.48629383944
5551.319441340362,109270.4517189075
5551.348311081366,108813.47599461458
5551.3771809725085,108688.45915759349
5551.406051013789,108443.158846417
5551.434921205208,107482.53955629248
5551.463791546768,106765.91492428245
5551.492662038469,105750.56436597569
5551.521532680311,104553.34463193486
5551.550403472295,103748.38480490424
5551.579274414423,103725.17854232246
5551.608145506694,104102.40218240455
5551.63701674911,104617.51065804677
5551.6658881416715,105291.51278586558
5551.694759684379,105968.54260542888
5551.723631377235,106705.7583732391
5551.752503220237,107192.94510262761
5551.781375213388,108267.07028108292
5551.810247356688,108952.2193224714
5551.839119650139,109224.21360665833
5551.86799209374,109871.34869859363
5551.896864687494,110048.36712325094
5551.925737431398,110523.96702758163
5551.954610325458,110533.70744578527
5551.9834833696705,110591.1260603224
5552.012356564038,110197.26274660486
5552.041229908561,110679.99087762648
5552.070103403241,110738.07409539128
5552.098977048077,110475.52224351469
5552.127850843072,110765.28260287506
5552.156724788226,111117.23944606759
5552.185598883539,111189.04615991973
5552.214473129012,111257.06193828529
5552.243347524646,111335.36204591506
5552.272222070442,111436.77461601153
5552.301096766401,111622.70005321011
5552.329971612523,111172.91737210272
5552.3588466088095,110962.47867967663
5552.387721755261,111456.16438333507
5552.416597051877,111017.8426282337
5552.445472498661,110855.63800289884
5552.474348095611,110668.30120907915
5552.50322384273,110615.46767508915
5552.532099740019,110716.72193254222
5552.560975787475,111041.38661871431
5552.589851985103,111186.50705889123
5552.618728332903,110783.30338848113
5552.647604830873,110500.77278103077
5552.676481479018,110027.47126397557
5552.705358277334,109605.08804028608
5552.7342352258265,109045.33456758581
5552.763112324493,108173.66122873905
5552.791989573336,107084.54641039172
5552.820866972355,105701.90027614663
5552.849744521552,104515.11718494842
5552.878622220927,103020.33399766451
5552.907500070481,101921.02670185387
5552.936378070215,101585.91135234208
5552.965256220129,101645.02366620296
5552.994134520225,101952.56280126162
5553.023012970503,102759.6599806459
5553.051891570964,103623.5750518213
5553.080770321609,104461.9363307273
5553.109649222438,105971.58184236498
5553.138528273452,106934.05137387523
5553.1674074746525,107779.94012346298
5553.196286826039,108642.46982538413
5553.225166327614,109285.3890469123
5553.254045979377,109870.82290917238
5553.28292578133,110424.98909328209
5553.311805733472,110856.73140033649
5553.340685835805,111319.43921854581
5553.3695660883295,111530.41592379773
5553.398446491046,111364.8181781093
5553.427327043956,111410.96123542475
5553.45620774706,111531.63772786531
5553.485088600359,111482.76315286798
5553.513969603852,111734.7688348945
5553.5428507575425,112100.8000262202
5553.571732061429,112653.47599152924
5553.600613515514,112146.64977706259
5553.629495119798,112057.28168604612
5553.65837687428,111625.34071433738
5553.687258778963,112089.28629515282
5553.716140833847,111910.33763453213
5553.745023038932,111595.5966742065
5553.77390539422,111398.23397401108
5553.802787899711,111322.40940104192
5553.831670555406,111090.35364089269
5553.860553361305,110921.92118863433
5553.889436317411,110786.75520801832
5553.918319423723,109959.41829353507
5553.947202680241,108838.05029770952
5553.976086086968,107833.08548577991
5554.004969643904,106308.9955065925
5554.033853351049,103997.16868575642
5554.0627372084045,101025.14330074929
5554.091621215971,97858.71898610744
5554.1205053737485,94451.43715966803
5554.149389681739,90693.96751843632
5554.178274139944,87562.20910534852
5554.2071587483615,84937.15363431633
5554.236043506995,83662.48181875519
5554.264928415844,84610.93895624377
5554.293813474909,86360.72971559405
5554.322698684192,89351.03505120169
5554.351584043693,92058.4289591339
5554.380469553413,94513.7570115616
5554.409355213352,97260.23900372881
5554.438241023511,99737.4346491751
5554.467126983893,102679.40008144945
5554.4960130944955,104716.02053865232
5554.524899355321,106223.86245537893
5554.55378576637,107510.8772922864
5554.582672327644,108441.8839743668
5554.611559039143,109661.69497639513
5554.640445900867,110578.38212302388
5554.669332912818,111138.27830986943
5554.698220074997,111651.14722308543
5554.7271073874035,111772.45459155702
5554.755994850039,112089.96243647246
5554.784882462905,112019.38864630011
5554.813770226002,112345.90303252432
5554.842658139329,112049.13999473077
5554.871546202889,112101.79894515456
5554.9004344166815,111916.15741929965
5554.9293227807075,112045.51730873772
5554.958211294968,111839.14288899025
5554.987099959465,111533.78290811367
5555.015988774197,111275.59924539855
5555.044877739166,111584.8372014816
5555.0737668543725,111686.11384114447
5555.102656119817,111377.83508820925
5555.131545535502,111476.20535008283
5555.160435101426,111542.77133795396
5555.18932481759,111695.46919567416
5555.218214683997,112016.65763334307
5555.247104700645,112168.80265443244
5555.275994867537,112033.86446293425
5555.3048851846725,111767.75076106864
5555.333775652052,112233.02184505116
5555.362666269678,112748.64107863767
5555.39155703755,112179.06776144747
5555.420447955668,112014.41433143888
5555.449339024035,112328.16406567428
5555.47823024265,112755.97484112559
5555.507121611515,112057.57155073115
5555.536013130629,112397.60330482131
5555.564904799994,112670.55810883046
5555.593796619612,112308.6555250138
5555.622688589481,112618.79576491067
5555.651580709604,112764.41349993505
5555.680472979981,112257.63619364661
5555.709365400612,112162.80480769553
5555.7382579714995,112404.68839997539
5555.767150692643,112139.61326694113
5555.796043564043,111915.76402775433
5555.824936585702,112167.46741715167
5555.853829757619,111967.17524912559
5555.882723079796,111821.2342813661
5555.911616552233,112198.3891062387
5555.940510174931,111924.08496786436
5555.969403947891,111692.33204168374
5555.998297871113,112140.5019776969
5556.027191944599,112128.72847469362
5556.056086168349,111856.4610157306
5556.084980542364,111320.8893021278
5556.113875066645,111418.05317532607
5556.142769741192,111065.9319924414
5556.171664566006,111306.78030589355
5556.200559541089,110920.53097092906
5556.229454666441,110504.14356948985
5556.258349942062,109825.80271971023
5556.287245367953,109775.37016184708
5556.316140944116,109472.32315406417
5556.345036670551,109882.11025471857
5556.373932547258,109571.88020328477
5556.402828574239,109899.14711489489
5556.431724751495,110536.0396302888
5556.460621079025,110498.02252289593
5556.489517556832,110557.45197505009
5556.518414184915,110662.15517726826
5556.547310963275,110976.28108069043
5556.576207891914,111289.46296472508
5556.605104970831,111509.18931798327
5556.6340022000295,111538.75152912812
5556.662899579507,111223.68656819267
5556.691797109267,111083.97298346402
5556.720694789308,111227.51221653706
5556.749592619633,111378.22469801981
5556.778490600242,111328.25675563749
5556.807388731134,111329.16700856097
5556.836287012312,111564.06726305357
5556.865185443777,111413.89249497314
5556.894084025527,111641.70603566445
5556.9229827575655,111445.43826334356
5556.951881639893,111095.89318617998
5556.980780672509,111718.77997303948
5557.009679855415,111560.6173003961
5557.038579188612,110802.97377666458
5557.0674786721,110085.0211082919
5557.096378305881,109267.24021670166
5557.125278089955,108395.39960868131
5557.154178024322,106704.50421615956
5557.183078108985,105125.30372577606
5557.211978343943,103506.8413246143
5557.240878729196,102236.36285153971
5557.269779264748,101001.82701150572
5557.298679950596,100312.64899743817
5557.327580786743,100506.74369048924
5557.35648177319,101335.53856028103
5557.385382909937,102380.8620772235
5557.414284196984,103669.95858848977
5557.4431856343335,105170.3872418486
5557.472087221986,106109.8318417199
5557.5009889599405,106917.61427853744
5557.5298908482,107931.08399826687
5557.5587928867635,108859.05015605944
5557.587695075633,109769.27227700737
5557.616597414809,110355.96887317981
5557.645499904292,110827.66000672194
5557.674402544083,111119.76841658614
5557.703305334183,111733.74471928009
5557.732208274592,111992.111571296
5557.761111365311,111616.0518135569
5557.790014606342,111779.74899396415
5557.818917997684,112476.93461418524
5557.84782153934,112348.55587779493
5557.876725231307,112669.86396848143
5557.905629073591,112659.5634460392
5557.934533066188,112586.28304249322
5557.963437209101,112517.68366245613
5557.992341502331,112673.57521141674
5558.021245945878,112692.92184075488
5558.050150539743,112351.2233583745
5558.079055283928,112106.82211544762
5558.107960178432,112168.67640622935
5558.136865223256,112217.12930880919
5558.165770418402,111881.99841513917
5558.194675763869,111528.379784557
5558.223581259659,111300.17938022023
5558.252486905773,111146.92872407718
5558.281392702212,110899.03879268428
5558.310298648975,110007.6301426173
5558.339204746065,109437.38794638039
5558.3681109934805,108964.2208317046
5558.397017391224,108860.02393253827
5558.425923939296,108964.56802071624
5558.454830637696,109138.67383923747
5558.483737486427,109186.6462366616
5558.512644485489,110447.20447467556
5558.541551634881,110884.47385117586
5558.570458934606,110613.23246527404
5558.599366384664,111190.48279032596
5558.628273985055,111710.77158319202
5558.657181735781,111837.89201950625
5558.686089636843,111762.50807608408
5558.71499768824,111683.30804518877
5558.7439058899745,111977.03620420209
5558.7728142420465,112137.52783511992
5558.801722744456,111881.91194705712
5558.830631397206,111984.61002608304
5558.859540200296,112295.86645594412
5558.888449153726,112171.99310201698
5558.917358257498,111813.32360124984
5558.946267511612,111634.01450961137
5558.975176916069,111339.52677736199
5559.004086470871,111101.68329355175
5559.032996176016,111296.57400206137
5559.0619060315075,111421.08183632567
5559.090816037346,111400.35336197939
5559.11972619353,111407.76670328403
5559.148636500063,111182.54140613593
5559.177546956944,111269.54277336127
5559.206457564174,111565.31440310577
5559.235368321754,111303.15652363926
5559.2642792296865,111466.2997893817
5559.293190287969,110630.11505876602
5559.322101496605,110308.14770172042
5559.3510128555945,109614.07108574253
5559.379924364937,108590.0126284521
5559.408836024635,107198.48818890727
5559.437747834689,105750.73695828776
5559.466659795099,104060.0833699881
5559.495571905866,101744.77027106429
5559.524484166991,100103.83029124734
5559.553396578475,99467.08206424673
5559.582309140318,99230.6066106253
5559.611221852522,100329.177912856
5559.640134715087,101531.34345186838
5559.6690477280135,102746.3540493684
5559.697960891303,104218.68553220021
5559.726874204956,105485.59757148172
5559.755787668973,107052.79195395765
5559.784701283355,108130.8662584005
5559.813615048103,109129.44859800121
5559.842528963218,109954.94099175272
5559.8714430287,110311.32648172799
5559.90035724455,111114.33157910596
5559.929271610768,111748.60798208171
5559.958186127357,112046.04220660296
5559.987100794317,112265.47580654235
5560.016015611646,111983.00741199231
5560.044930579349,112167.750811453
5560.073845697424,112474.64732390185
5560.102760965873,112395.81063046661
5560.131676384696,112632.69183170861
5560.160591953895,112777.50750126553
5560.189507673469,112335.44564227457
5560.218423543421,112523.72071434642
5560.247339563749,112654.67829052477
5560.276255734456,112737.70894421787
5560.305172055542,112378.36514708302
5560.334088527008,112084.2463276272
5560.363005148854,111779.34086749413
5560.391921921083,111868.42417686261
5560.420838843693,111924.91871890934
5560.449755916686,111919.15249835762
5560.478673140064,111434.77896662027
5560.507590513825,110988.62702917765
5560.5365080379715,110733.69767430963
5560.565425712504,110542.7763333023
5560.594343537425,110162.44896099427
5560.623261512732,110563.38264016091
5560.652179638429,110631.09642877887
5560.681097914514,110437.49713886344
5560.71001634099,110479.85205133053
5560.738934917856,110462.01906041164
5560.767853645113,110443.64103503754
5560.796772522764,110396.67400237723
5560.825691550807,110595.71501134006
5560.854610729244,110895.4669926504
5560.883530058077,111176.87504194051
5560.912449537304,111446.98929051384
5560.941369166928,111279.93176449799
5560.970288946949,111544.85133633438
5560.999208877368,111928.46557100043
5561.028128958185,111584.48536802642
5561.057049189402,111876.01526918914
5561.085969571019,111935.73678050426
5561.114890103037,111866.16861665245
5561.143810785457,111901.78129802286
5561.17273161828,111843.6257446504
5561.201652601505,112134.87422487541
5561.230573735135,111901.38032161408
5561.25949501917,111777.54813990857
5561.28841645361,111603.63667480517
5561.317338038457,111685.53902343346
5561.346259773712,111616.56249492319
5561.375181659373,111818.77208308924
5561.404103695444,111696.67726039687
5561.433025881925,111179.71237264795
5561.461948218815,111288.71353577267
5561.490870706118,110984.77155016396
5561.519793343832,111226.42327527917
5561.548716131959,111258.337458583
5561.577639070499,111133.97077130915
5561.6065621594535,111137.28659988362
5561.635485398823,111117.90245107906
5561.664408788609,110910.52957479362
5561.69333232881,110758.08590438674
5561.7222560194305,110494.55346771421
5561.751179860468,110231.53832744036
5561.780103851925,109710.23463102088
5561.8090279938015,109141.20460139101
5561.837952286098,108435.73475975508
5561.866876728816,107240.02818484885
5561.895801321957,105548.29814394793
5561.92472606552,103587.76546909429
5561.953650959507,101600.25754119735
5561.982576003918,99398.90139474279
5562.0115011987555,97338.355293957
5562.0404265440175,96338.48372225728
5562.069352039707,96204.45093570444
5562.0982776858245,96683.70416299149
5562.12720348237,98268.28399264361
5562.156129429344,100358.93975668612
5562.185055526749,102280.21322463856
5562.213981774584,103894.16823805915
5562.242908172851,105359.37055268354
5562.27183472155,106971.08489296102
5562.300761420682,108305.83010342266
5562.329688270248,109214.12127681363
5562.358615270248,110383.46726347631
5562.387542420684,111156.18682390048
5562.4164697215565,111532.44607607706
5562.445397172865,111797.46203826621
5562.474324774613,111699.91583058568
5562.503252526798,112202.33144826551
5562.532180429423,111724.10313533626
5562.561108482487,112128.61803149611
5562.590036685993,111698.51779752114
5562.61896503994,111117.78511851882
5562.64789354433,110719.31588161523
5562.676822199163,109829.68345786606
5562.705751004441,108775.80272418089
5562.734679960162,107023.9781894923
5562.763609066329,105293.67323389128
5562.792538322943,103153.42530499407
5562.821467730004,100653.44404269804
5562.850397287513,97588.86040805352
5562.87932699547,94088.63335419395
5562.908256853878,91287.66779416366
5562.937186862735,89659.27371889951
5562.966117022043,89434.51991131493
5562.995047331803,90317.24057185849
5563.023977792016,92042.27088914647
5563.052908402682,94356.31767012023
5563.081839163803,96898.62477904453
5563.110770075378,99253.86569083901
5563.139701137409,101603.29715069117
5563.168632349897,103875.94361849653
5563.197563712842,105853.90944019725
5563.226495226245,107538.97982799138
5563.255426890107,108876.90032004395
5563.284358704429,109971.7998125454
5563.313290669211,110466.10045575895
5563.342222784454,111270.86980238474
5563.371155050159,112006.46819493965
5563.400087466327,112030.76448312125
5563.429020032959,112736.72982336333
5563.457952750055,112934.11462626776
5563.486885617616,112802.96628692235
5563.515818635643,113030.754359392
5563.544751804137,112938.16926195801
5563.573685123099,112859.15857908594
5563.6026185925275,112558.2155142265
5563.631552212426,112738.68562784426
5563.660485982795,112994.60065890313
5563.689419903634,112792.78134662991
5563.718353974944,112323.2563701012
5563.747288196727,112888.14940872462
5563.776222568982,113211.3589458512
5563.805157091711,112584.28146618253
5563.834091764916,113063.72049586358
5563.863026588595,113042.65833041692
5563.89196156275,112996.99800105639
5563.920896687382,113345.5590663635
5563.949831962492,113417.34990660893
5563.97876738808,113220.48461701303
5564.007702964147,113249.32814809626
5564.036638690695,113410.80311634378
5564.065574567723,113087.03860713202
5564.094510595233,112966.68217564603
5564.123446773225,113241.39879879104
5564.1523831017,113745.58994336244
5564.18131958066,113417.38858885336
5564.210256210104,113152.27043595888
5564.239192990033,113454.8491549837
5564.268129920449,113715.0166917063
5564.297067001351,113333.62305273826
5564.326004232742,113398.78163503588
5564.354941614622,113184.32533902963
5564.38387914699,113328.64066613997
5564.412816829848,113549.14018336279
5564.4417546631985,113333.12960212398
5564.47069264704,113028.34107937687
5564.4996307813735,112943.08426942737
5564.528569066201,113170.84610813142
5564.557507501522,113066.88970565177
5564.586446087339,112647.7963327785
5564.615384823651,112201.86332121606
5564.644323710459,111559.5279504638
5564.673262747765,111082.1004853601
5564.702201935568,110567.26187367103
5564.731141273871,109412.24120435848
5564.760080762672,108232.48614280026
5564.789020401975,107028.0390636179
5564.817960191778,105189.92204039109
5564.846900132084,102867.93350747718
5564.875840222892,101048.58594043838
5564.904780464203,98388.4999339606
5564.933720856019,94549.07372338788
5564.96266139834,91281.66055653374
5564.991602091167,88350.99919831559
5565.020542934501,85748.09401596789
5565.049483928341,84786.97644899628
5565.07842507269,85872.61467239942
5565.107366367548,87435.63248627202
5565.136307812915,90133.25895677642
5565.165249408794,93129.64335035194
5565.194191155183,95637.05989393961
5565.223133052084,98820.51018947182
5565.252075099499,101388.99510472149
5565.281017297427,102882.74955572646
5565.30995964587,104489.96322241714
5565.338902144827,105329.36552287482
5565.367844794301,105635.09460309702
5565.396787594292,106600.74622354483
5565.4257305448,107266.1053570859
5565.454673645827,108146.44066555619
5565.4836168973725,108665.19039066166
5565.512560299438,109498.75278475154
5565.541503852024,110580.70560526769
5565.570447555132,110715.34177229244
5565.599391408762,111528.53795290255
5565.6283354129155,111785.54955801064
5565.657279567592,112365.77814865267
5565.686223872794,112463.32654060028
5565.71516832852,112671.56723650453
5565.7441129347735,113110.98016976986
5565.773057691554,113217.40895837185
5565.802002598862,113254.96326831276
5565.830947656698,112965.12860189549
5565.859892865064,113259.077866023
5565.888838223959,113209.34393354408
5565.917783733386,113039.35506810683
5565.946729393345,112867.62741151017
5565.975675203836,113191.93593631117
5566.00462116486,112639.00240754885
5566.033567276418,112527.94497368555
5566.062513538511,112524.20934123264
5566.091459951139,112450.03385196009
5566.120406514304,112597.83937224995
5566.149353228006,112642.35307489277
5566.178300092245,112574.10762971856
5566.207247107024,112528.7229099405
5566.236194272342,112749.21536770719
5566.2651415882,112615.68979849695
5566.2940890546,112429.92697857915
5566.323036671542,112593.8575328778
5566.351984439025,112698.62693161624
5566.380932357052,112757.64638371514
5566.409880425624,112575.71680413917
5566.43882864474,112472.79328093868
5566.467777014403,112137.05652823413
5566.496725534611,111279.6800810592
5566.525674205367,110435.18494497257
5566.554623026672,109139.64752148521
5566.583571998524,107670.71296090796
5566.612521120927,106365.7347882268
5566.641470393881,104596.28364555519
5566.670419817385,103243.84914513331
5566.699369391441,102571.05118641532
5566.72831911605,101584.58439530013
5566.757268991213,101820.6850557647
5566.786219016931,102586.29670378624
5566.8151691932035,103660.73516994304
5566.844119520031,104539.82535231211
5566.873069997417,105542.61357614596
5566.902020625359,106552.1726617996
5566.93097140386,107199.6838155954
5566.95992233292,107739.62124070412
5566.98887341254,107923.81983333649
5567.0178246427195,107553.2747028372
5567.0467760234615,107261.48582028243
5567.075727554766,106471.19279173415
5567.104679236632,105272.51977745333
5567.133631069063,104277.50962470849
5567.162583052059,104258.47110773863
5567.191535185619,104354.11182934577
5567.220487469745,104597.81999212777
5567.249439904439,105495.23091357973
5567.2783924897,106695.65289199841
5567.30734522553,107662.69887144766
5567.336298111929,108908.89438584747
5567.365251148898,109305.9265761252
5567.394204336439,110786.1744058354
5567.42315767455,111661.24748687353
5567.452111163234,112334.59702651776
5567.48106480249,112495.01065859804
5567.510018592321,113056.01654763408
5567.538972532727,113369.92142373012
5567.567926623708,113770.39357144671
5567.596880865266,113878.08116633909
5567.6258352574005,113469.0890914121
5567.654789800113,113799.01617089314
5567.6837444934035,113959.16592920685
5567.712699337274,114360.12267424264
5567.741654331725,113751.53246404997
5567.770609476756,114349.6223874037
5567.79956477237,114241.66403209127
5567.828520218566,113941.39521462089
5567.857475815345,113913.52403847392
5567.886431562709,114024.56529363859
5567.915387460657,113989.42971462962
5567.944343509191,114062.8284156763
5567.973299708312,113754.93499054223
5568.002256058019,113702.5210287968
5568.031212558315,114015.76593378597
5568.0601692092,113795.6943101245
5568.089126010675,113327.04724597817
5568.118082962739,113348.24977278167
5568.147040065394,113183.6854594409
5568.175997318643,113297.39755212373
5568.204954722483,113076.4626002176
5568.233912276917,112951.98255988082
5568.262869981945,113262.07556650082
5568.291827837569,113251.57703157514
5568.320785843788,113249.56031205281
5568.349744000604,113073.32278066635
5568.378702308018,113384.83784298738
5568.407660766029,112877.76681512377
5568.43661937464,113077.69610484989
5568.465578133851,112892.2299264873
5568.494537043661,112938.4103224305
5568.523496104073,112418.00980148504
5568.552455315088,112151.23184192924
5568.581414676705,111699.45247914316
5568.6103741889265,110915.92696903534
5568.639333851752,109539.38119089263
5568.668293665183,107658.11356564779
5568.69725362922,105639.61425347744
5568.726213743864,102931.78407253044
5568.755174009115,99208.54636808971
5568.784134424975,95166.69702342754
5568.813094991444,90500.1228750197
5568.842055708523,85030.18609704581
5568.871016576212,79382.18400247917
5568.899977594514,74309.85029848981
5568.928938763427,71108.21059677482
5568.9579000829535,69700.66180342752
5568.986861553094,69517.25143747767
5569.01582317385,71641.59729215973
5569.04478494522,75285.54303095766
5569.073746867207,79419.46454373191
5569.102708939811,83912.78359883268
5569.1316711630325,88205.38239773066
5569.160633536873,92261.10772693041
5569.189596061333,95624.3690287533
5569.218558736413,98880.89260096576
5569.247521562113,101891.48795620905
5569.276484538435,104462.29128922166
5569.305447665381,106717.54486864433
5569.334410942949,108201.98867692157
5569.363374371142,109647.70982295275
5569.392337949958,110638.23543383738
5569.421301679401,111413.30224422831
5569.450265559471,112226.014945905
5569.479229590167,112485.09148822806
5569.508193771491,112769.8747955877
5569.537158103444,113114.11252339139
5569.566122586028,112916.63968024524
5569.595087219241,112783.95701416074
5569.624052003084,112861.49893487716
5569.653016937561,113055.27247848165
5569.681982022669,112685.96169738212
5569.710947258412,112387.16165932514
5569.739912644788,112277.20693307368
5569.7688781818,111928.30662110056
5569.797843869447,111568.65793147268
5569.826809707732,111314.73618818726
5569.855775696653,111121.35550061005
5569.884741836212,110580.49017969337
5569.913708126411,110769.5679194804
5569.942674567249,111458.97518696262
5569.971641158728,111727.20267461946
5570.000607900847,112210.94618546042
5570.02957479361,112781.60885367959
5570.058541837015,112920.38236092211
5570.087509031063,113299.58208083535
5570.116476375756,113761.25158210914
5570.145443871094,113977.89597973453
5570.174411517079,113996.83612864172
5570.20337931371,114113.38600767503
5570.232347260989,114223.38722946403
5570.261315358915,114244.42871163675
5570.290283607492,114445.98769008482
5570.319252006718,114516.71724889564
5570.348220556595,114724.12741688291
5570.377189257123,114840.02523465018
5570.406158108303,114817.69228629113
5570.435127110137,114660.80007379525
5570.4640962626245,114221.03800668477
5570.493065565766,114193.2752187841
5570.522035019564,114606.79698792822
5570.551004624018,114707.98319251036
5570.5799743791285,114413.54291452313
5570.608944284897,114267.77594044348
5570.637914341323,114542.2281956878
5570.66688454841,114690.10115361314
5570.6958549061565,114395.7867183308
5570.724825414563,114139.36278646158
5570.753796073633,114389.95335490556
5570.782766883363,114655.47654904152
5570.811737843758,114695.1565351699
5570.840708954817,114665.67373920548
5570.8696802165405,114547.89243300093
5570.89865162893,114273.49572077893
5570.927623191985,114449.87191568055
5570.956594905707,114772.01481809332
5570.985566770098,114658.75311820635
5571.014538785157,114803.88001518813
5571.043510950885,114858.82847948083
5571.072483267285,114444.74263206622
5571.101455734355,114618.95939716633
5571.130428352097,114629.24202317726
5571.159401120512,114314.15110090969
5571.1883740396,114491.98584577006
5571.217347109362,114877.5165614931
5571.246320329798,115117.2711250588
5571.275293700912,114991.9952269346
5571.304267222701,114814.3900958463
5571.333240895168,114887.70026357281
5571.362214718313,114891.98940522617
5571.391188692137,114782.11735410962
5571.420162816641,114788.43158008906
5571.449137091825,114717.1695010784
5571.47811151769,114793.77998025993
5571.507086094238,114736.67215704263
5571.536060821468,114759.6956776915
5571.565035699382,115144.49294528674
5571.59401072798,115117.36240932395
5571.622985907264,114952.59614624051
5571.651961237233,114682.93650545055
5571.680936717889,114111.1258440835
5571.709912349233,113997.65212058667
5571.738888131265,113611.10350476741
5571.767864063986,113139.63572534827
5571.796840147397,111729.15766090591
5571.825816381499,110252.69867637506
5571.854792766292,108900.9718021749
5571.883769301777,106581.2182672383
5571.9127459879555,103954.79667968067
5571.941722824828,100366.81361112166
5571.970699812395,96504.07860328395
5571.999676950656,92158.70775652445
5572.028654239615,86713.94476373523
5572.05763167927,81079.65461663394
5572.086609269623,75321.41664980297
5572.115587010674,70017.7699072912
5572.144564902425,66055.27682893649
5572.173542944875,63758.11206770594
5572.202521138028,63147.27606540278
5572.231499481881,64217.61972455932
5572.260477976436,66872.40864508731
5572.2894566216955,70303.43245063206
5572.318435417658,73858.7221624661
5572.347414364326,77325.20247057267
5572.376393461699,80852.94474699326
5572.405372709779,83868.21871109027
5572.434352108565,87011.86792155688
5572.463331658059,90744.67657213983
5572.492311358263,94413.86997367615
5572.521291209176,97868.4829179075
5572.550271210799,101202.32585808761
5572.579251363133,103694.62471727627
5572.608231666179,106095.0952604301
5572.637212119937,108208.86576553449
5572.6661927244095,109539.57863140786
5572.695173479595,111072.63782661087
5572.724154385496,112051.33050631141
5572.753135442113,112778.03402866558
5572.782116649446,113554.52696285317
5572.811098007497,114130.66582419221
5572.840079516265,114103.29928934557
5572.869061175753,113925.6252447799
5572.89804298596,113962.98479588254
5572.927024946888,114289.40901181535
5572.956007058537,114222.84459622939
5572.9849893209075,113826.80510752568
5573.013971734002,113694.04413625113
5573.042954297819,113694.24757627449
5573.071937012361,113763.13609296341
5573.100919877627,113713.02859574107
5573.12990289362,113664.44928708133
5573.15888606034,113679.61397804752
5573.187869377787,114021.85964288567
5573.216852845962,114217.93241214752
5573.245836464866,114226.00808279226
5573.274820234501,114594.43141150795
5573.303804154865,115012.63405100392
5573.332788225962,114924.64569264877
5573.36177244779,114610.20028693206
5573.390756820351,114545.84007864787
5573.419741343647,114494.8497263117
5573.448726017677,115049.42871973928
5573.477710842441,114941.33973031181
5573.506695817943,115151.01069126028
5573.535680944181,115141.08962096073
5573.5646662211575,115164.34800028415
5573.593651648872,115040.81499161616
5573.622637227325,114640.39587508795
5573.651622956519,115127.29337720077
5573.680608836453,114566.72882494748
5573.709594867129,114823.63676894111
5573.7385810485475,114518.9912056225
5573.76756738071,114643.97999690197
5573.796553863615,115146.79180733704
5573.825540497265,115398.29100076592
5573.854527281662,115306.96016327404
5573.883514216804,114859.361672968
5573.912501302693,114814.75078913454
5573.94148853933,114600.90266780203
5573.970475926716,114697.1604825798
5573.999463464851,114817.47578776389
5574.0284511537375,114952.37729773618
5574.057438993374,114862.79779312511
5574.086426983762,115298.35798231092
5574.115415124903,115164.93875222706
5574.144403416797,115455.81235353823
5574.1733918594455,115240.4889996007
5574.202380452849,115638.1547669907
5574.2313691970085,115585.4480536732
5574.260358091924,115277.81648289843
5574.289347137597,114906.75840260628
5574.318336334029,114574.6712593581
5574.3473256812185,114519.85915618754
5574.376315179168,115242.35227713296
5574.405304827877,115034.34703838828
5574.434294627349,114735.80632829148
5574.463284577582,114832.14099547302
5574.492274678578,114943.12205978802
5574.521264930338,114719.0680641581
5574.5502553328615,115236.3218956659
5574.579245886151,115388.83960744325
5574.608236590206,115111.31330301655
5574.637227445027,115090.66751882464
5574.666218450617,115203.48506711963
5574.695209606974,115177.42939292215
5574.7242009141,115255.95589320704
5574.753192371996,115301.13235843847
5574.782183980664,115213.62844071518
5574.811175740102,115358.32948361535
5574.840167650313,115222.63937005172
5574.869159711296,115022.2545126445
5574.898151923053,115000.47809915576
5574.927144285585,114795.16118951356
5574.956136798892,114446.71528439142
5574.985129462975,114167.64343198702
5575.014122277836,113597.83224960654
5575.043115243473,113255.1828786673
5575.072108359889,112828.61271015767
5575.101101627085,112070.96722747474
5575.13009504506,111075.81114634628
5575.1590886138165,109124.7703655826
5575.188082333355,107290.47081944396
5575.217076203675,104726.55170594942
5575.246070224778,101493.13282121599
5575.275064396666,97628.60861339378
5575.304058719338,92923.91349273059
5575.333053192796,88299.99233136738
5575.36204781704,83611.03802432635
5575.391042592071,79517.7943734528
5575.42003751789,77594.55983713991
5575.449032594497,77477.61454278034
5575.478027821894,79220.47946268662
5575.507023200082,81955.26832582783
5575.53601872906,85301.39366781064
5575.56501440883,89639.63229153237
5575.594010239392,93599.59483061885
5575.623006220749,96792.40105592115
5575.652002352899,99712.61895249228
5575.680998635844,102620.5885349554
5575.709995069585,105230.7782842414
5575.738991654122,107498.85879218436
5575.767988389457,109309.06246190624
5575.79698527559,110324.52330894483
5575.825982312521,111389.81326224652
5575.854979500252,112656.91964212114
5575.883976838783,113351.5755873343
5575.912974328116,113363.58587360862
5575.941971968251,113954.5284911055
5575.970969759189,114196.16898399388
5575.99996770093,114407.88145911304
5576.028965793475,114868.21555385017
5576.057964036826,114784.89506220823
5576.086962430983,114690.86517394352
5576.115960975945,115015.03139483866
5576.144959671716,114714.39194919719
5576.173958518295,115030.45841881972
5576.202957515683,114868.44352168893
5576.231956663881,114050.2182166867
5576.260955962889,113937.37820981242
5576.289955412709,113563.40413271535
5576.318955013341,113320.48439158365
5576.347954764786,113029.5406161113
5576.376954667045,112614.90075182875
5576.405954720118,112674.90142715831
5576.434954924006,112590.2039926156
5576.463955278711,112584.16223375303
5576.492955784232,113131.00411459216
5576.521956440572,112756.77447734174
5576.5509572477295,112876.28262603155
5576.579958205706,112646.64523979861
5576.608959314503,112400.48698014178
5576.63796057412,111966.88383470358
5576.66696198456,111716.38250035663
5576.6959635458215,111847.89800305564
5576.724965257907,111713.93354928592
5576.753967120816,112446.36562395649
5576.78296913455,112529.48489070882
5576.811971299108,112720.83171517805
5576.840973614494,113348.97057142039
5576.869976080706,113317.02903798922
5576.898978697746,113589.80575946323
5576.927981465616,113889.69973512093
5576.956984384314,114218.44131337194
5576.985987453842,114260.40803561953
5577.014990674203,114468.92312741367
5577.043994045393,114802.02947019892
5577.072997567418,114734.27074147217
5577.102001240275,114783.85221894318
5577.131005063967,114416.56232788356
5577.160009038493,114084.60700467737
5577.189013163856,114440.5224981569
5577.218017440054,114130.37618798102
5577.24702186709,113710.1841439995
5577.276026444964,113300.79796841345
5577.305031173677,113292.75505592422
5577.334036053229,113077.57328691456
5577.363041083622,113026.02920369492
5577.392046264857,112909.98464815324
5577.421051596933,112430.79751130547
5577.450057079852,112685.28254636309
5577.479062713614,112137.59600999797
5577.50806849822,112206.53759121425
5577.537074433672,112501.82856441998
5577.5660805199705,112711.00677931619
5577.5950867571155,113449.84009287546
5577.6240931451075,113982.75641329272
5577.653099683947,113772.22999701677
5577.682106373637,114205.39153378167
5577.711113214176,114738.43733613924
5577.740120205566,114497.52529637961
5577.769127347807,114672.17531620538
5577.798134640901,114664.0829459566
5577.827142084847,114299.01235647214
5577.8561496796465,113427.63148574634
5577.885157425301,112933.35140800454
5577.914165321811,112532.64970217072
5577.943173369178,110453.31437643825
5577.972181567401,109872.5544650056
5578.001189916481,108498.27524256469
5578.030198416421,108038.5013763756
5578.059207067219,107707.10012830947
5578.088215868877,106953.58559568002
5578.117224821396,107878.87677722274
5578.146233924777,108326.41013831909
5578.175243179021,109389.86096160387
5578.204252584127,109594.5617033344
5578.233262140097,110654.02761425966
5578.262271846933,111526.37764480675
5578.291281704633,112389.201375127
5578.3202917132,112673.5148365935
5578.349301872634,112983.83384459524
5578.378312182936,113669.8535017332
5578.407322644107,114138.09542297437
5578.436333256146,114011.47469769635
5578.465344019057,114091.95303452751
5578.494354932838,114199.20297179218
5578.523365997491,114316.12595386553
5578.552377213016,114311.47393311065
5578.581388579416,114211.82843004378
5578.610400096689,113841.14474264262
5578.639411764837,113756.17976092469
5578.668423583861,113803.36764543422
5578.697435553761,113812.17990287364
5578.726447674539,113805.67948826727
5578.755459946195,113965.70630813752
5578.784472368729,114142.5073396223
5578.813484942143,114194.20611369883
5578.842497666438,113894.03163722731
5578.871510541614,114163.53283459354
5578.900523567672,114414.73018560668
5578.929536744613,114375.25108390892
5578.958550072437,114383.49410956477
5578.987563551145,114201.86190057041
5579.01657718074,114133.61997062991
5579.045590961219,114760.42372985397
5579.074604892586,114438.30964834602
5579.103618974839,114650.76071067022
5579.132633207982,114417.89511800511
5579.161647592013,114824.94667107871
5579.190662126934,114626.09401347765
5579.219676812745,114606.81856515499
5579.248691649448,114722.63447704274
5579.277706637044,114780.67315716836
5579.306721775532,114827.92329449329
5579.335737064915,114964.43177013443
5579.364752505191,114761.99458317633
5579.393768096363,114958.866840973
5579.422783838431,115169.12043169384
5579.451799731396,114937.57572738509
5579.480815775259,114738.83887446133
5579.50983197002,114780.19365522779
5579.53884831568,115080.22639149621
5579.567864812241,115272.40887893976
5579.596881459703,115195.95280039463
5579.625898258066,114852.01032718188
5579.65491520733,114836.26010565876
5579.683932307499,114641.82251619348
5579.712949558571,114642.58847469825
5579.741966960549,114475.03126982473
5579.770984513432,114547.5075447203
5579.800002217221,114738.67466528482
5579.8290200719175,114277.99398828168
5579.858038077522,114547.58026205451
5579.887056234034,114799.36499231511
5579.9160745414565,114606.75630891207
5579.945092999789,114557.2683789536
5579.974111609033,114278.59293432471
5580.0031303691885,114846.1176909407
5580.032149280257,115212.78080338927
5580.061168342238,115233.09758295609
5580.0901875551335,114990.69848119539
5580.119206918944,114979.12668694039
5580.14822643367,115728.69505196295
5580.177246099313,115715.29976277784
5580.206265915874,115824.99611770704
5580.235285883352,115912.95636116658
5580.264306001749,115867.79469825233
5580.293326271066,116263.13707888624
5580.322346691303,115671.58444629466
5580.351367262461,115333.44958515945
5580.380387984542,115743.82845033745
5580.409408857546,115496.84886575921
5580.438429881473,115956.26165454916
5580.467451056324,116249.4651142772
5580.4964723821,116213.79364779842
5580.525493858803,116276.39938118539
5580.554515486432,115601.03219296316
5580.583537264989,115725.28990535974
5580.612559194474,116134.20562536626
5580.641581274888,116151.01726131063
5580.670603506232,115912.03502579295
5580.6996258885065,115912.70909653368
5580.728648421713,116159.9741651608
5580.757671105851,115858.68816027344
5580.786693940922,115231.56322876272
5580.815716926927,115366.59135430011
5580.844740063867,115147.29544665993
5580.873763351742,114830.20706525906
5580.902786790553,114385.96448060381
5580.931810380302,113902.35757768905
5580.960834120988,113364.26865403705
5580.989858012612,112953.11556499288
5581.018882055176,111614.20457683151
5581.047906248679,110414.37295876986
5581.076930593124,109440.41683381115
5581.10595508851,107387.51743356402
5581.134979734839,104941.13822094316
5581.164004532111,101609.53038954295
5581.193029480327,98191.80507922036
5581.222054579488,93319.02768469765
5581.251079829594,89588.91545880337
5581.280105230647,86944.40092446239
5581.309130782646,85664.03660759398
5581.3381564855945,86134.0252064575
5581.367182339491,87662.4949487291
5581.396208344337,90384.20466366521
5581.425234500133,93623.61031582816
5581.4542608068805,96625.82461527066
5581.483287264579,99456.38596724473
5581.512313873231,102351.04610764161
5581.541340632836,105248.29004762243
5581.570367543396,107527.98379684357
5581.59939460491,109166.74595109434
5581.6284218173805,110659.22774768011
5581.657449180807,112078.13414481604
5581.686476695191,112945.62677704853
5581.7155043605335,113725.02208186804
5581.744532176835,114056.70703703607
5581.773560144095,114261.59295662153
5581.802588262317,114850.44676949686
5581.831616531499,114557.02798502335
5581.860644951644,114486.73060254162
5581.889673522752,114710.31745057263
5581.918702244823,114505.56995649816
5581.947731117858,114752.98624223251
5581.976760141859,114508.94747652518
5582.005789316826,114783.38501945481
5582.034818642759,114892.54145684735
5582.06384811966,114806.94411479676
5582.09287774753,115215.88378490425
5582.121907526368,115311.09037301647
5582.1509374561765,114699.77146948116
5582.179967536956,115128.62755790657
5582.2089977687065,115366.730832546
5582.23802815143,115378.55635033177
5582.267058685125,114751.9629919379
5582.2960893697955,114827.36429886006
5582.32512020544,115504.86593653317
5582.354151192059,115319.7195112357
5582.383182329655,114988.56638965159
5582.412213618229,115387.75830598967
5582.441245057779,115551.00833216541
5582.470276648309,115355.25079059432
5582.499308389817,115158.13437819656
5582.528340282306,115179.38133831284
5582.557372325776,115219.29154924085
5582.586404520227,115236.79232240409
5582.615436865661,115367.23349854063
5582.644469362078,115601.0719874667
5582.673502009478,115560.66074265896
5582.702534807865,115444.71712732807
5582.731567757236,115850.28068750373
5582.760600857594,115947.65126196676
5582.789634108939,115805.25025014357
5582.818667511272,115752.85679594077
5582.847701064594,115932.30585830308
5582.876734768905,115821.94578557152
5582.905768624207,115278.85559235282
5582.9348026305,115732.2705716345
5582.963836787785,115717.01353870946
5582.992871096062,115646.00057359741
5583.0219055553325,115920.75793524004
5583.050940165598,115646.21915036216
5583.079974926858,115905.93543015866
5583.109009839114,115559.58608215064
5583.138044902366,115637.60726024
5583.1670801166165,115710.83031578733
5583.196115481865,115860.48219740117
5583.2251509981115,115453.47191428216
5583.254186665359,115604.54564511831
5583.283222483607,115713.60883451799
5583.312258452855,115440.46712129803
5583.341294573106,115417.135252839
5583.370330844359,115074.76378560856
5583.3993672666165,115595.8732993468
5583.428403839878,115747.95095251536
5583.457440564146,115555.45192519123
5583.486477439419,115929.61646452318
5583.515514465698,116351.1410390687
5583.544551642986,116407.82765445315
5583.573588971282,116474.88964393605
5583.602626450587,116485.06576311936
5583.631664080902,116195.7694629217
5583.660701862228,116668.94371888971
5583.689739794565,116311.50722837978
5583.718777877914,116351.52926241698
5583.747816112277,116327.28700830894
5583.776854497654,116496.31041277671
5583.805893034046,116425.37980166462
5583.834931721452,116114.52921414301
5583.863970559875,115836.31642609315
5583.893009549315,115766.93548458084
5583.922048689773,115441.60629293068
5583.951087981249,114934.55809646432
5583.980127423745,114525.23368021072
5584.009167017261,113473.52836032218
5584.0382067617975,112716.65337643352
5584.067246657356,112039.34365135424
5584.096286703937,111189.45954447567
5584.1253269015415,111188.7301043916
5584.15436725017,111133.96093316119
5584.183407749824,111709.45514518929
5584.212448400503,112218.90998939046
5584.241489202209,112778.61086894585
5584.270530154941,113291.31565139927
5584.299571258702,114263.11507465674
5584.328612513492,114395.69855575543
5584.357653919311,114943.18327769477
5584.386695476161,115622.49786394791
5584.415737184041,116369.53846281832
5584.444779042954,116082.60565344481
5584.473821052899,116178.25989193459
5584.502863213878,116568.8626285876
5584.5319055258915,116536.2455210761
5584.56094798894,116632.99117262907
5584.589990603024,116822.90199070165
5584.619033368144,116941.70896201955
5584.648076284303,116752.06269731306
5584.6771193515,116701.23617040137
5584.706162569735,117115.91722376304
5584.7352059390105,116762.05527502367
5584.7642494593265,116454.35429237805
5584.793293130683,116782.59232665115
5584.822336953083,116650.26119855202
5584.851380926525,116739.729292672
5584.880425051011,116921.39227716449
5584.909469326542,117011.18885223383
5584.938513753118,116788.10690760847
5584.96755833074,116332.5249288622
5584.996603059409,116420.98442997165
5585.0256479391255,116336.04902265812
5585.05469296989,116161.62490930181
5585.083738151705,116607.70059172454
5585.112783484569,116477.57759702962
5585.141828968484,116419.31533931424
5585.170874603451,116626.6381105776
5585.199920389469,116945.28119935471
5585.228966326542,116954.48568947254
5585.258012414668,116531.41489985737
5585.287058653848,116427.95728541266
5585.316105044085,116301.67824953384
5585.345151585378,116476.41367307426
5585.374198277727,116543.07635599746
5585.403245121135,116508.2895602597
5585.432292115601,116622.40061116166
5585.461339261127,116313.96671074959
5585.490386557713,115812.74628765113
5585.5194340053595,116128.60950352413
5585.548481604068,115975.54484716788
5585.57752935384,115637.34051741287
5585.606577254674,115357.3629024179
5585.635625306573,114402.809835069
5585.664673509537,113873.11313721992
5585.693721863567,112833.87508921018
5585.722770368662,112252.22356594437
5585.751819024826,110496.66452933771
5585.780867832057,108660.71128246802
5585.809916790357,106222.79492232502
5585.838965899728,102786.43075207695
5585.8680151601675,98612.68111083923
5585.897064571679,93912.64769670727
5585.926114134262,88700.62987806853
5585.955163847919,82789.13212194975
5585.984213712649,76810.62255144554
5586.013263728453,70796.24048736613
5586.042313895333,65819.64801910328
5586.071364213288,62475.956344679544
5586.100414682321,61084.62501200475
5586.12946530243,61844.03924937207
5586.158516073618,64336.444814959694
5586.1875669958845,67686.81083185186
5586.216618069232,72920.70014106037
5586.245669293659,77735.21725796863
5586.274720669168,82224.74754410627
5586.303772195759,86692.39684191666
5586.332823873434,90589.38356721953
5586.361875702191,94202.3053029376
5586.390927682034,96620.36209401303
5586.419979812962,98679.68023108871
5586.449032094976,100844.99434046786
5586.4780845280775,102730.52142949076
5586.507137112266,105186.10782805641
5586.536189847543,107071.36302916655
5586.56524273391,108652.95463559635
5586.594295771367,110329.17002009293
5586.6233489599135,111646.12615871103
5586.652402299553,112986.40291873316
5586.681455790284,113309.67111980057
5586.71050943211,113540.26984225876
5586.739563225028,113604.86935784508
5586.768617169042,113112.572694507
5586.797671264151,112678.8247336307
5586.8267255103565,111803.67703658722
5586.85577990766,110458.06816453316
5586.88483445606,109852.4404759908
5586.913889155559,108765.23864574685
5586.9429440061585,108860.11421726621
5586.971999007857,109126.29979646571
5587.001054160658,108891.41237280154
5587.03010946456,108901.90070749246
5587.059164919565,108508.68892445342
5587.088220525673,107400.62947485606
5587.1172762828855,106540.35253260477
5587.146332191203,106166.95359394803
5587.175388250626,105300.64722024511
5587.2044444611565,105043.55719478286
5587.233500822794,105452.55964387368
5587.262557335539,106755.61187132058
5587.291613999393,108310.62747906215
5587.320670814357,108306.33786916322
5587.349727780432,109369.33272282363
5587.378784897618,110928.18091299113
5587.407842165916,112011.17627599601
5587.4368995853265,112374.10242038665
5587.465957155851,113017.15927758162
5587.49501487749,113124.90667034422
5587.524072750244,113788.98642361775
5587.553130774114,114118.38218883419
5587.582188949101,114138.35128780353
5587.611247275206,114337.96167030637
5587.6403057524285,114221.67705161165
5587.66936438077,113781.4063243201
5587.698423160233,113132.48211141738
5587.727482090815,112539.2121869884
5587.75654117252,111082.92900853902
5587.7856004053465,108921.24149713991
5587.814659789296,106980.34407031794
5587.843719324369,103513.35493404465
5587.872779010568,100388.87943495953
5587.901838847891,95244.66424373793
5587.930898836341,90107.29203909294
5587.959958975917,83706.16679811684
5587.989019266623,77736.01358488803
5588.018079708456,72062.74733430467
5588.047140301418,67476.21198680923
5588.076201045511,64478.27069836975
5588.105261940735,63708.62893908163
5588.13432298709,65255.8717375103
5588.163384184578,68546.24058714123
5588.192445533199,72636.98599052738
5588.221507032955,77216.14001420345
5588.250568683845,82172.0621514571
5588.279630485871,87209.88691465295
5588.308692439034,91927.02095665046
5588.337754543333,96514.50148419847
5588.366816798771,100197.18378918181
5588.395879205346,103349.38300879567
5588.424941763063,106281.13066433264
5588.454004471919,108389.79556173578
5588.483067331917,110783.33570861671
5588.512130343056,111882.5051757824
5588.541193505338,112210.92991586911
5588.570256818764,112678.30325862757
5588.599320283334,112612.09152388395
5588.628383899049,112625.09379546935
5588.657447665911,112513.44305882254
5588.686511583918,112329.90182886829
5588.715575653073,112388.0588824847
5588.744639873376,112764.69506354655
5588.773704244829,113156.95353977663
5588.802768767431,113873.23254207728
5588.831833441184,114088.55134150242
5588.860898266088,114857.69903651999
5588.889963242144,115408.91304258288
5588.919028369353,115461.70344385352
5588.948093647717,115727.6305988007
5588.977159077234,116027.27444541085
5589.006224657907,115682.13838071865
5589.0352903897365,115833.11675117508
5589.064356272722,115139.27877774053
5589.093422306865,114434.89020240154
5589.122488492168,113591.3070846061
5589.151554828629,112461.68567601462
5589.18062131625,111119.7467744365
5589.209687955032,109557.65268055984
5589.238754744976,108076.88269763777
5589.267821686082,105883.26265224979
5589.296888778351,103143.15321772383
5589.325956021784,99248.18311408196
5589.355023416382,95206.7600291716
5589.384090962146,91702.61297020162
5589.413158659076,88900.72081795461
5589.442226507173,86816.68221756646
5589.4712945064375,86902.69002388773
5589.5003626568705,88025.13863200402
5589.529430958473,91000.85924588655
5589.558499411247,94135.01098320972
5589.587568015191,97041.09537291154
5589.616636770307,100195.53977675759
5589.645705676596,103336.24703708029
5589.674774734058,106054.08043779118
5589.703843942694,108111.07097998532
5589.732913302505,110521.09342008842
5589.761982813492,112354.55156253693
5589.791052475655,113758.79333388229
5589.820122288997,114669.02419209892
5589.849192253515,115951.92130818695
5589.878262369213,116339.48831231559
5589.90733263609,115867.1651913722
5589.936403054148,116681.85496680562
5589.965473623388,116703.95443417737
5589.994544343808,116748.34438371316
5590.023615215413,116825.11510607394
5590.0526862382,117205.06366386641
5590.081757412173,117116.62154178917
5590.11082873733,116959.69604610011
5590.139900213673,116879.32031718186
5590.168971841203,117164.35710012629
5590.19804361992,117197.3277411274
5590.2271155498265,116818.68779668656
5590.256187630921,116660.18250869925
5590.285259863206,116517.4866975885
5590.314332246682,116343.14584186573
5590.343404781349,117302.28441831317
5590.372477467208,116595.22601567794
5590.401550304261,116615.73007459623
5590.430623292506,116114.52513700123
5590.459696431948,115254.10983487524
5590.488769722584,114968.34880244294
5590.517843164416,113977.6289264527
5590.546916757446,112145.44455291374
5590.575990501673,110208.21323789199
5590.605064397098,108830.43823993485
5590.634138443724,107070.42786753539
5590.663212641549,105119.5139333914
5590.692286990575,103989.29721142765
5590.721361490803,104039.56898025011
5590.750436142233,104490.45648091666
5590.779510944867,105780.23556951764
5590.808585898704,106988.07648622559
5590.837661003747,108921.64482486241
5590.8667362599945,110144.30729965195
5590.895811667449,111435.54185984343
5590.924887226111,112928.70250518192
5590.953962935981,113392.14229842961
5590.98303879706,114444.71313859738
5591.012114809348,115551.98347031827
5591.0411909728455,116002.2623672489
5591.070267287555,116664.0929362052
5591.099343753476,116353.95007147412
5591.128420370611,116505.42787081991
5591.157497138958,116691.65565295205
5591.18657405852,116104.00057630465
5591.215651129297,115861.2440307136
5591.24472835129,116174.71291287369
5591.2738057245,115340.28200647654
5591.302883248926,114766.58891456288
5591.331960924572,113605.35816570777
5591.361038751435,112563.84947388538
5591.39011672952,111018.59736380156
5591.419194858824,109027.30434954251
5591.44827313935,107195.55334527597
5591.477351571098,105381.33363228662
5591.506430154069,104197.2731680963
5591.535508888263,103483.91868187222
5591.564587773682,102943.41306224526
5591.593666810327,102756.43257782616
5591.622745998197,103764.76748650918
5591.651825337295,105042.51107634134
5591.68090482762,106520.41155846688
5591.709984469173,108259.97115074367
5591.739064261956,109554.88046475752
5591.768144205968,111248.75031303185
5591.797224301212,112438.33891187728
5591.826304547687,112988.32379929787
5591.855384945395,113813.3422038222
5591.884465494335,114506.8541339957
5591.91354619451,115246.95640483446
5591.942627045919,115734.10374651829
5591.971708048563,116194.44743834052
5592.000789202444,116284.42581557168
5592.029870507563,116310.90717405187
5592.058951963919,116414.69779600987
5592.088033571513,116493.91389960605
5592.117115330348,116474.46155452401
5592.146197240421,116798.45931662922
5592.175279301737,116847.30284111355
5592.204361514294,117156.27419647253
5592.233443878094,117662.38976245942
5592.262526393137,117444.02035631759
5592.291609059424,117654.99282419123
5592.3206918769565,117621.20680453595
5592.349774845735,117460.05104997155
5592.378857965759,117782.7429504973
5592.407941237031,117610.9230223136
5592.437024659551,117626.33521321062
5592.46610823332,118299.38634883858
5592.495191958338,118358.13540793523
5592.524275834608,118039.78867755312
5592.553359862128,118393.35960362222
5592.5824440409,118330.01165539792
5592.611528370924,118135.4251708504
5592.640612852203,118112.77886066386
5592.669697484736,118220.765582998
5592.698782268524,118202.581716807
5592.727867203569,117982.25211136135
5592.756952289869,117563.8430213178
5592.786037527428,117708.05411649829
5592.815122916245,117449.0621529631
5592.84420845632,116723.72396619414
5592.873294147656,116290.75496989863
5592.902379990253,115600.23245979354
5592.931465984111,114512.07420539024
5592.9605521292315,113589.35445361829
5592.989638425614,112516.86560162476
5593.018724873262,111140.53764064233
5593.047811472174,109959.46016913242
5593.07689822235,109590.22599290233
5593.105985123793,109775.8063446211
5593.135072176504,110558.27334592894
5593.164159380482,111063.9011249879
5593.193246735728,111769.68466434347
5593.222334242245,112751.48006125656
5593.25142190003,113353.88430304432
5593.280509709088,114524.44551552444
5593.309597669416,115178.79652655052
5593.338685781017,115214.48682628978
5593.367774043892,115678.1369561231
5593.39686245804,115409.74737588639
5593.425951023463,114755.75049006128
5593.455039740163,114213.96141022495
5593.484128608137,112542.376745268
5593.51321762739,110696.0975300571
5593.542306797921,108158.83175328387
5593.57139611973,105458.94270001851
5593.6004855928195,102083.90018822007
5593.629575217188,97289.94085478461
5593.658664992839,91500.25245575803
5593.687754919771,85472.77416917634
5593.716844997986,79447.58182874936
5593.745935227485,74054.72873748402
5593.775025608267,70107.01958698037
5593.804116140335,68080.98113185616
5593.833206823689,67696.67973215603
5593.862297658329,68526.77694814246
5593.891388644257,70227.60524774928
5593.920479781473,72175.20529966106
5593.949571069978,74440.74466564979
5593.978662509773,77720.92777573131
5594.007754100859,81774.4183119892
5594.036845843235,86425.51441434927
5594.065937736904,90468.5219997728
5594.095029781866,95338.10430018045
5594.124121978121,99514.1672272567
5594.153214325672,103222.31022849055
5594.182306824518,106110.66513957646
5594.211399474659,108996.43662928436
5594.240492276097,110880.6381952388
5594.269585228833,112572.94725618613
5594.298678332868,114120.95984354278
5594.327771588201,114391.77075974428
5594.356864994835,115269.63072487833
5594.38595855277,115878.7139024214
5594.415052262006,115631.44030138444
5594.444146122544,116808.52273319592
5594.473240134385,116945.18680385784
5594.502334297531,117194.54274344668
5594.531428611982,117810.94339394949
5594.560523077737,117558.55986355574
5594.5896176948,117597.53257312025
5594.618712463169,118286.03292201836
5594.647807382847,118308.56648867192
5594.676902453833,118221.7700483032
5594.7059976761275,118565.62363842361
5594.735093049733,118529.22335235988
5594.76418857465,118725.3581885566
5594.793284250878,118531.06734531648
5594.822380078419,118918.91188062706
5594.851476057273,118748.53618835007
5594.880572187442,118277.96801411205
5594.909668468926,118672.8677546026
5594.938764901725,118433.22908409656
5594.967861485841,118638.78562128557
5594.996958221274,118888.22858780515
5595.026055108026,118471.17593386365
5595.055152146097,118887.7690409656
5595.084249335487,118404.31695376731
5595.113346676197,118696.72243228141
5595.142444168228,118862.19407781352
5595.171541811582,117808.137229173
5595.200639606259,118021.21443309936
5595.229737552259,118885.15161335056
5595.2588356495835,118419.8815967982
5595.287933898234,117634.20134752426
5595.31703229821,117970.11233482802
5595.3461308495125,118826.42888263648
5595.375229552143,118598.90270018157
5595.404328406101,118668.46743608547
5595.433427411389,118376.48043394595
5595.462526568006,118922.8006372328
5595.491625875954,119030.55497157981
5595.520725335235,119106.65832794429
5595.549824945846,119095.33039328801
5595.578924707792,118913.76259339445
5595.60802462107,119102.40295330487
5595.637124685684,119469.93375037203
5595.6662249016335,118914.6629257798
5595.695325268918,119029.76954075042
5595.724425787541,119545.90815288553
5595.753526457501,119561.48201086458
5595.7826272788,119192.66045360224
5595.811728251438,119364.03020346607
5595.840829375416,119170.15736704363
5595.869930650735,119027.93238434567
5595.899032077396,119009.76432223846
5595.9281336553995,119180.77173795855
5595.957235384746,119003.57805660111
5595.986337265437,118982.0687115883
5596.015439297473,119094.57487584514
5596.044541480854,118574.7380980246
5596.073643815582,118670.11388995268
5596.102746301657,118928.29373376128
5596.13184893908,119261.24350626054
5596.160951727852,119228.18857434172
5596.1900546679735,119361.2840027168
5596.219157759445,119481.84813616717
5596.248261002268,119153.42727768146
5596.277364396443,119224.67697091713
5596.30646794197,118917.22495122024
5596.335571638852,118719.54692229598
5596.364675487088,118382.73528170145
5596.393779486679,118481.24398291492
5596.422883637625,118369.82460483203
5596.451987939929,117875.13013320172
5596.481092393589,118322.01976257945
5596.510196998608,118186.35011994872
5596.539301754986,118996.45509388552
5596.568406662724,118406.63463889067
5596.597511721822,118320.35900783198
5596.626616932283,118496.51973156854
5596.655722294105,118256.08312416066
5596.684827807289,118374.35242013645
5596.713933471839,118465.14275390633
5596.743039287752,118566.10623670425
5596.77214525503,118400.79580496381
5596.801251373676,118675.93834288689
5596.830357643687,119088.70671762765
5596.859464065067,119279.180710739
5596.888570637815,119291.27813193439
5596.917677361932,119375.32007899595
5596.94678423742,119678.04187321372
5596.975891264277,119296.20289545367
5597.004998442508,119511.47867436531
5597.03410577211,119081.23569967487
5597.063213253085,119003.00229841117
5597.092320885435,118779.89839334873
5597.121428669159,119399.0573567891
5597.150536604258,118958.3981833534
5597.179644690735,118995.7451896118
5597.208752928588,118180.77541097387
5597.23786131782,117564.5291136579
5597.26696985843,118131.86892867557
5597.296078550419,117600.88406370794
5597.325187393789,116584.92058042563
5597.35429638854,115893.62708918423
5597.383405534672,114276.66133094302
5597.412514832188,112253.06631019013
5597.441624281087,109957.3439303857
5597.4707338813705,106899.27130959523
5597.499843633038,103817.5725578429
5597.528953536093,98838.85338085495
5597.558063590533,93941.61433473499
5597.587173796361,88656.7952913182
5597.616284153577,83724.1651781039
5597.645394662182,79509.34567244147
5597.674505322177,75615.38594955363
5597.703616133562,72182.92137430717
5597.732727096339,69503.6335434172
5597.761838210507,67254.85339388148
5597.790949476069,66796.4107302995
5597.820060893025,67319.62828328287
5597.849172461374,69669.03138301647
5597.87828418112,73325.18030294572
5597.907396052261,78757.36574076372
5597.936508074798,84225.11208318034
5597.965620248734,89447.89256963349
5597.994732574069,94492.78983667679
5598.023845050801,98687.06281193851
5598.052957678935,103161.10383715855
5598.0820704584685,106386.83316822334
5598.111183389404,109020.87551621626
5598.140296471742,111710.02999875045
5598.169409705483,113611.74818232094
5598.1985230906275,115393.17149481515
5598.227636627177,116456.61809493403
5598.256750315132,117196.10598446897
5598.2858641544935,117810.80201025208
5598.314978145262,117999.3127622278
5598.344092287439,118528.2627499296
5598.373206581024,119022.38945221658
5598.4023210260175,119011.04978345087
5598.431435622422,118772.72385261308
5598.460550370238,118864.51692978527
5598.489665269465,118718.4797220797
5598.518780320105,119615.42424725955
5598.547895522159,119762.34145946692
5598.577010875626,119419.12280741932
5598.606126380509,119368.30607246226
5598.635242036807,119882.57089619197
5598.664357844522,119763.03068853142
5598.693473803653,119810.48684785177
5598.722589914204,119919.39011401395
5598.751706176173,119900.80033099696
5598.7808225895615,119996.5987086579
5598.80993915437,119889.90087329179
5598.8390558706005,120060.95424741566
5598.868172738253,120151.71549482555
5598.8972897573285,120702.50156677813
5598.926406927827,120417.865507412
5598.95552424975,119762.02321381017
5598.984641723098,119757.82625623692
5599.013759347873,119874.22266408362
5599.042877124074,119945.57229234165
5599.071995051702,119782.2775997906
5599.10111313076,119707.25720933863
5599.130231361245,119612.56478060404
5599.159349743161,118951.78613905415
5599.1884682765085,118869.70193537607
5599.2175869612865,118253.06646529037
5599.246705797496,116909.28228925772
5599.27582478514,115826.19658316401
5599.304943924218,115149.16623524211
5599.334063214729,113830.20419494247
5599.363182656677,112615.51060974094
5599.39230225006,111973.01899216212
5599.421421994881,111706.91228446965
5599.450541891139,111555.87499064904
5599.479661938836,110642.50341148964
5599.508782137972,110607.97906476763
5599.537902488549,110200.02710350373
5599.567022990566,110484.41201573501
5599.596143644025,111001.72555677294
5599.625264448927,111532.77185318316
5599.654385405272,112898.25745524312
5599.68350651306,113866.13855639692
5599.712627772294,115162.01456333285
5599.741749182974,116090.97656256714
5599.770870745099,116979.45442466902
5599.799992458672,117426.30784837199
5599.829114323694,117787.84743637427
5599.858236340164,117822.3925155875
5599.887358508083,118256.37620683899
5599.916480827453,118646.53070745242
5599.945603298274,118947.60401752438
5599.974725920547,118642.33544484242
5600.003848694273,118194.22147724609
5600.032971619452,118595.5618239331
5600.062094696085,118500.34584312976
5600.091217924174,118193.70821878941
5600.120341303719,117838.79057997419
5600.149464834721,117043.35190277272
5600.178588517179,117085.0646011756
5600.207712351096,116755.00086224939
5600.236836336472,116234.50348089333
5600.265960473308,114941.06556387835
5600.295084761605,114157.42211878739
5600.3242092013625,113540.13104549416
5600.353333792583,111916.90763262218
5600.382458535266,109726.69710836392
5600.4115834294125,107290.13331186953
5600.440708475025,104170.65638110835
5600.469833672101,100155.5128823433
5600.498959020644,96277.69625649812
5600.5280845206535,92395.02824433806
5600.557210172132,88389.36003616614
5600.586335975077,85874.16514513062
5600.615461929493,84531.91380496798
5600.644588035379,85558.5416848946
5600.673714292735,87661.76130029508
5600.702840701562,90579.97978602626
5600.731967261863,94233.19381059217
5600.761093973637,97291.2707229209
5600.790220836884,100809.96050262784
5600.819347851607,104108.9525469083
5600.848475017804,106700.77240727552
5600.8776023354785,109339.312852846
5600.90672980463,110778.55873222543
5600.93585742526,112853.47752531424
5600.964985197368,114094.91813063918
5600.994113120956,115067.5649585488
5601.023241196024,115327.83996713422
5601.052369422573,115747.354519249
5601.081497800604,115745.70174809078
5601.110626330118,115834.6694851508
5601.139755011115,116075.27309457907
5601.168883843597,116484.83627928338
5601.198012827563,116838.1177399668
5601.227141963015,116998.81422734502
5601.256271249954,117020.81211912962
5601.285400688381,117076.1945614475
5601.314530278295,117908.16565777487
5601.343660019698,118577.67448095052
5601.3727899125915,118802.55970403705
5601.401919956976,119203.91663441218
5601.431050152851,119020.5426502768
5601.460180500218,119408.90341657512
5601.489310999078,119810.12490825704
5601.518441649432,120072.71233935328
5601.547572451281,120051.23751328923
5601.576703404624,119753.7404832513
5601.605834509464,119924.39046500508
5601.634965765801,119900.20535026197
5601.664097173635,119340.63225788549
5601.693228732967,119153.04091893476
5601.7223604437995,118971.3715765137
5601.751492306132,118628.23350495372
5601.780624319964,117643.32131117763
5601.809756485299,116918.6090254592
5601.838888802135,115639.40743033138
5601.868021270475,113927.97343190703
5601.897153890319,111612.42223495954
5601.926286661667,109385.01874680292
5601.955419584521,106291.7335132328
5601.9845526588815,102196.6036494591
5602.013685884749,97441.93207343893
5602.042819262125,91158.42938113604
5602.071952791009,85591.23231840732
5602.101086471403,80356.73912498371
5602.130220303306,74957.44795032381
5602.15935428672,70596.69610499004
5602.188488421647,67574.04029919984
5602.217622708086,65668.63730327398
5602.246757146039,65007.48377742279
5602.275891735506,66174.23123447396
5602.305026476488,69257.0341785653
5602.334161368985,73448.94758689331
5602.363296412999,78660.00423636618
5602.392431608531,84092.46299388356
5602.421566955581,89550.70816764302
5602.450702454149,94831.03637869738
5602.479838104237,99232.16639633951
5602.508973905846,103291.37843250569
5602.538109858976,106994.70507564864
5602.567245963628,109831.98448698454
5602.596382219803,112283.55337677142
5602.625518627502,114711.13014627848
5602.654655186725,116024.42994551618
5602.683791897473,117505.8267593932
5602.712928759747,118281.6997975451
5602.742065773548,119041.01576013598
5602.771202938877,119352.85677731333
5602.800340255734,119925.36519138532
5602.82947772412,119965.73589921981
5602.8586153440365,119831.16224982325
5602.887753115483,119889.41792937837
5602.9168910384615,119190.04167096736
5602.946029112973,119366.63927276204
5602.9751673390165,119025.12087652198
5603.004305716594,118297.56815921511
5603.033444245706,117952.46095860106
5603.0625829263545,117486.14043918623
5603.091721758538,117719.74756951565
5603.1208607422595,117785.64043678898
5603.149999877519,117825.10435524442
5603.179139164316,117971.48246847361
5603.208278602653,118868.62163392699
5603.237418192531,119177.75863204268
5603.266557933948,118681.99404249633
5603.2956978269085,119046.01843886232
5603.324837871412,120041.34735467202
5603.353978067457,119809.05317007132
5603.383118415047,120421.08820839666
5603.412258914182,120234.14451985134
5603.441399564863,120436.62238951461
5603.47054036709,120503.95828656023
5603.4996813208645,120806.12000542184
5603.528822426187,120701.98662515976
5603.557963683058,120970.52430832307
5603.587105091479,121047.95500323971
5603.616246651451,120924.34927658418
5603.645388362974,120663.47380354108
5603.674530226048,120817.62869905101
5603.703672240676,121219.05007839642
5603.732814406857,120903.68657841021
5603.761956724592,121434.55306316685
5603.791099193883,121444.2536753429
5603.820241814729,121186.34821365346
5603.8493845871335,121106.91908565795
5603.878527511094,120672.19347784384
5603.907670586614,121403.36014261251
5603.9368138136915,121314.63140850287
5603.96595719233,121448.37017981573
5603.995100722529,120623.67849714533
5604.02424440429,121049.99810312457
5604.053388237612,121121.428425494
5604.082532222498,121729.84532913548
5604.111676358947,121050.98401722011
5604.140820646961,120822.0188888774
5604.169965086541,120616.20261862711
5604.199109677687,120527.57160474767
5604.2282544204,120759.50853511288
5604.257399314681,120501.19232896455
5604.28654436053,120618.94514456192
5604.315689557949,120431.89524864875
5604.344834906937,120457.31752162745
5604.373980407497,120357.98891791339
5604.4031260596275,120347.19791420386
5604.432271863332,120443.20181409693
5604.461417818609,120222.68058333735
5604.49056392546,120257.47706983592
5604.519710183887,120123.23111190593
5604.548856593889,120326.09622240909
5604.578003155467,120318.19765944223
5604.6071498686215,120149.18884613022
5604.636296733355,120704.49899986609
5604.665443749668,120500.3257767757
5604.694590917559,120656.2255036516
5604.723738237032,120614.5593843511
5604.752885708085,120611.58745848562
5604.782033330721,120716.26588246107
5604.811181104939,120781.99270245712
5604.840329030741,120597.401918113
5604.869477108127,120379.91545438422
5604.898625337099,120328.29623113445
5604.927773717655,120831.94642460364
5604.956922249799,120457.48860234402
5604.986070933531,120702.0974465931
5605.01521976885,120628.15726189993
5605.044368755759,120386.43486663686
5605.073517894258,120314.34766448238
5605.1026671843465,120265.56582439972
5605.131816626027,120403.00916898527
5605.1609662193005,120528.13621776947
5605.190115964166,120314.26495590886
5605.2192658606255,120257.30364653555
5605.24841590868,120450.10920268547
5605.27756610833,120736.08741050537
5605.306716459575,120820.94800981547
5605.335866962418,120128.98590213143
5605.3650176168585,120548.0225612378
5605.394168422898,120253.18672950214
5605.423319380536,120729.14245424264
5605.452470489774,120928.14308662442
5605.481621750613,120606.4245713776
5605.510773163054,120994.32237360998
5605.539924727098,121153.72612505592
5605.5690764427445,121053.31630750273
5605.598228309995,121408.54386450027
5605.62738032885,121547.87857842914
5605.656532499312,121059.02391678536
5605.685684821379,121224.46731027568
5605.714837295054,121544.7222191211
5605.743989920337,121761.3143798694
5605.773142697229,121377.54019587465
5605.80229562573,121797.92145939555
5605.8314487058415,121485.88617797314
5605.860601937564,121379.19850094487
5605.889755320898,121673.00100659991
5605.918908855846,121655.74652433314
5605.948062542407,121740.083231517
5605.977216380581,121536.50710833597
5606.006370370372,121292.64373203591
5606.035524511777,121322.16649612461
5606.0646788048,121318.20848939916
5606.093833249441,121366.86970705095
5606.122987845699,121488.50258883936
5606.152142593576,120812.12692382166
5606.1812974930735,120690.4446863146
5606.210452544191,120953.91482235513
5606.23960774693,120752.12328849136
5606.268763101291,119745.92305697425
5606.297918607276,119369.62551061292
5606.327074264884,119089.0654128817
5606.356230074117,118425.4260517665
5606.3853860349745,117751.58872890135
5606.414542147459,117434.49623840716
5606.44369841157,116716.72644560966
5606.472854827309,116339.13610330792
5606.502011394676,116736.0559761592
5606.531168113672,117417.90460197785
5606.560324984299,117784.0510771765
5606.589482006556,118161.9293483812
5606.618639180445,119103.73120342511
5606.647796505967,119017.20629789478
5606.676953983121,119459.37035225172
5606.706111611909,120209.77097657725
5606.735269392333,120087.59813984827
5606.764427324392,120782.06612343335
5606.793585408088,120640.11399271636
5606.82274364342,120622.51109364475
5606.851902030391,120460.74957505694
5606.8810605690005,120657.49622633631
5606.910219259249,120351.1740558268
5606.939378101138,120209.33281081251
5606.968537094668,120009.4706524603
5606.9976962398405,119146.0988463564
5607.026855536656,119269.48253596948
5607.0560149851135,119870.82013887979
5607.085174585216,120091.69886935217
5607.114334336964,120408.9012550209
5607.1434942403575,120643.99082857667
5607.1726542953975,120684.84208823869
5607.201814502085,121079.45367999293
5607.23097486042,121352.38352166416
5607.260135370405,121585.41847153727
5607.28929603204,121758.80892249075
5607.318456845324,121772.7629958966
5607.347617810261,121481.35418460178
5607.3767789268495,121406.48744624614
5607.405940195091,121776.41666262533
5607.435101614986,121451.77549175773
5607.464263186535,121626.27007461654
5607.4934249097405,121946.95383694457
5607.522586784601,121973.18877931751
5607.551748811119,122173.36017560292
5607.580910989295,121940.3955563224
5607.610073319129,122175.03949404493
5607.639235800622,121592.85862905874
5607.668398433776,122058.64382756034
5607.69756121859,121791.67944072
5607.726724155066,121859.77994001546
5607.755887243204,121715.20818639567
5607.785050483005,121352.0919629269
5607.814213874471,121091.41352332871
5607.843377417601,121002.23866455891
5607.872541112396,121025.72065858156
5607.901704958858,120935.22453921249
5607.930868956987,120751.95549516354
5607.960033106785,120930.61712845817
5607.98919740825,120884.35611544762
5608.0183618613855,120378.61684541334
5608.047526466191,120451.52407817377
5608.076691222668,121132.34854508087
5608.105856130816,121064.10405979803
5608.135021190637,120363.48463526848
5608.164186402132,120221.53428171342
5608.193351765301,120579.71536455263
5608.2225172801445,120123.24099932506
5608.251682946664,120210.23797478508
5608.280848764861,120438.92428020385
5608.310014734734,120020.48475198937
5608.339180856286,120040.51513639573
5608.368347129516,120056.40475640094
5608.397513554427,120546.80029261857
5608.426680131018,120477.5185641775
5608.45584685929,120295.70853260608
5608.485013739245,121018.8599219086
5608.514180770882,121339.78522955523
5608.543347954203,121575.87183615344
5608.572515289209,121643.33296404309
5608.6016827758995,121249.16316061979
5608.630850414277,121695.78810357268
5608.66001820434,121697.95643190923
5608.689186146092,121516.03696408687
5608.718354239531,121886.31927139917
5608.747522484661,121956.49043027623
5608.77669088148,121799.81014658022
5608.80585942999,121962.58171492047
5608.835028130191,121770.49309151732
5608.864196982085,121770.23259987292
5608.893365985672,122223.73556316199
5608.922535140953,122147.88606602132
5608.951704447929,122077.7217822189
5608.980873906599,121990.0382073017
5609.010043516967,121675.55626199019
5609.039213279032,121584.48583831746
5609.0683831927945,121762.08242448918
5609.097553258255,121786.35281778198
5609.126723475416,121617.57973025167
5609.155893844277,121269.7310691528
5609.1850643648395,121358.59338113919
5609.214235037103,121061.99415203606
5609.24340586107,121242.7459539267
5609.272576836739,121373.60422100335
5609.301747964113,121331.68872942208
5609.3309192431925,120971.74358943143
5609.3600906739775,120596.30090608704
5609.389262256469,120797.43421523974
5609.418433990668,120585.4264898123
5609.447605876574,120150.56831981486
5609.47677791419,119703.55548886335
5609.505950103516,119379.54778280228
5609.535122444552,118737.77586607178
5609.5642949373,118571.09938797602
5609.593467581759,118839.95019795853
5609.622640377931,118956.29443156472
5609.651813325818,119088.42813733534
5609.680986425418,118970.69511446658
5609.710159676733,119079.64380710665
5609.739333079766,119167.97250742724
5609.768506634515,119534.72092832444
5609.797680340981,119782.66053930233
5609.826854199166,120102.73790234691
5609.856028209069,120420.48194493944
5609.885202370693,120932.52565810844
5609.914376684038,121196.62462683502
5609.943551149104,121611.14507348262
5609.972725765892,121867.84182173364
5610.001900534405,121586.57019157763
5610.03107545464,122239.44870665806
5610.060250526601,122230.64267484164
5610.089425750286,121823.15090120275
5610.118601125699,122028.5369674945
5610.147776652838,121668.35555311569
5610.176952331705,122128.12889001219
5610.206128162301,121911.91509442778
5610.235304144626,121943.77077437795
5610.264480278682,121978.72105747038
5610.293656564468,121898.74810334602
5610.3228330019865,121914.4825394795
5610.352009591237,121946.7948329599
5610.381186332222,121598.04359068863
5610.410363224941,121659.1858103766
5610.439540269394,121767.8059529412
5610.468717465583,121955.14242231764
5610.497894813509,122105.15750872897
5610.5270723131725,121831.29908791013
5610.556249964574,121746.61999981367
5610.585427767714,121485.86600385912
5610.614605722594,121326.46265334485
5610.643783829214,121168.63145974034
5610.672962087577,121531.26989555966
5610.70214049768,121590.1132654792
5610.731319059527,121303.45984049368
5610.760497773117,121395.18539402843
5610.789676638452,121357.69330045895
5610.818855655532,121497.85579177998
5610.848034824358,121620.04428506676
5610.877214144931,121933.64833830396
5610.9063936172515,121881.1320890713
5610.9355732413205,121875.3618147528
5610.964753017139,122364.75384081999
5610.993932944707,122175.04508297025
5611.023113024025,122369.68297469961
5611.052293255096,122511.64493889664
5611.081473637919,122441.5152246246
5611.110654172495,122813.00247113971
5611.1398348588245,122884.4433760316
5611.169015696909,122638.66493172097
5611.198196686749,122782.80661191847
5611.227377828345,122738.78922223784
5611.256559121699,122801.28376272545
5611.28574056681,123054.14325209305
5611.3149221636795,123085.70340786816
5611.344103912309,123010.40781595431
5611.373285812699,123096.51392823616
5611.402467864849,123026.94617492301
5611.431650068761,122776.01534237378
5611.460832424436,122856.6580060791
5611.490014931875,123101.65407880452
5611.5191975910775,122919.74438133482
5611.548380402045,123461.85293759932
5611.577563364778,123617.22385510844
5611.606746479278,123209.11130617329
5611.635929745545,122975.85850250756
5611.66511316358,122983.1988211337
5611.694296733384,123020.67991570634
5611.723480454958,122847.96562427262
5611.752664328303,122982.13453201365
5611.781848353418,123020.31391397794
5611.811032530306,123012.77898969085
5611.840216858966,123110.41396908974
5611.869401339401,123033.42947916927
5611.8985859716095,122915.92153111876
5611.927770755593,123263.7362332657
5611.956955691353,123259.15457113953
5611.986140778889,123123.63704159891
5612.015326018204,122619.57453056407
5612.044511409297,123115.47456092131
5612.073696952169,123112.22448661455
5612.102882646821,123119.62445550831
5612.132068493253,123386.45348364156
5612.161254491467,123556.67006056217
5612.190440641464,122879.19751901994
5612.219626943243,123171.4173591946
5612.248813396807,123147.35985740239
5612.278000002155,123367.7397902775
5612.307186759289,123241.88762601119
5612.336373668209,123340.58599104648
5612.365560728916,122924.82785550263
5612.394747941411,122790.98742695876
5612.423935305694,123570.7947864702
5612.4531228217675,123856.50172274376
5612.48231048963,123542.7823310744
5612.511498309284,122947.79873099487
5612.54068628073,123096.3810228645
5612.569874403969,123322.98097335617
5612.599062679001,123465.04885999158
5612.628251105827,123420.97269681457
5612.657439684448,123491.83750721924
5612.6866284148655,123492.10664458651
5612.7158172970785,123549.70282380632
5612.74500633109,123621.33867997599
5612.7741955168985,123073.86739819775
5612.8033848545065,123044.3770209935
5612.832574343914,122660.43291351812
5612.861763985122,122692.27476600341
5612.890953778131,122772.57833075416
5612.920143722942,122857.57767951439
5612.949333819556,122937.64372869546
5612.978524067974,122386.07902700845
5613.007714468196,122030.56462880671
5613.0369050202235,121853.65929711345
5613.066095724057,121942.58661968075
5613.095286579697,122120.2240240038
5613.1244775871455,122196.39610593235
5613.153668746401,122503.70117582103
5613.182860057467,122498.28279920042
5613.212051520342,122414.89473955755
5613.2412431350285,122802.08135490221
5613.270434901527,123052.4982051107
5613.299626819837,123221.22119506926
5613.32881888996,122920.51515700725
5613.358011111896,122317.92430864416
5613.387203485649,122551.17787796036
5613.4163960112155,122930.2492715104
5613.445588688599,122480.25284998778
5613.4747815178,121523.80746352347
5613.503974498818,120977.1018010902
5613.5331676316555,120415.52892404434
5613.562360916311,120208.3257906907
5613.591554352788,119380.57644067313
5613.620747941086,119147.45238246152
5613.649941681206,118876.2457828716
5613.6791355731475,119056.10771209464
5613.708329616913,119736.39423675202
5613.737523812503,120235.28436594823
5613.766718159918,120562.1338265487
5613.795912659159,120807.21400611624
5613.825107310226,121185.04649260234
5613.854302113119,120956.24336829875
5613.883497067842,120747.49999530784
5613.912692174393,120141.38175750875
5613.941887432774,119714.3314717257
5613.971082842986,118995.18057709695
5614.000278405028,117684.89182070401
5614.029474118904,116249.62284467636
5614.058669984611,115153.28348386234
5614.087866002153,114554.17519317631
5614.117062171528,113927.53747677355
5614.146258492739,113907.39573909246
5614.175454965786,114545.14374785454
5614.20465159067,115133.15926953124
5614.233848367392,116171.21482457072
5614.263045295951,117277.18844361167
5614.29224237635,118210.23528403278
5614.32143960859,118520.16512754996
5614.350636992669,118012.95847913442
5614.37983452859,118284.68558287671
5614.409032216354,118031.50795904474
5614.438230055961,117062.88842336189
5614.467428047412,116062.05387372027
5614.496626190707,113970.34840911288
5614.525824485848,111017.92534158332
5614.555022932835,107699.45903108374
5614.584221531669,104348.95631076716
5614.613420282351,101464.05403608804
5614.642619184881,98808.33562209034
5614.6718182392615,96522.85013572716
5614.701017445493,95369.88761095957
5614.730216803574,92986.74644790048
5614.759416313507,89536.42527225804
5614.7886159752925,85618.23876364251
5614.8178157889315,81210.3169665934
5614.847015754425,76197.46497299719
5614.876215871774,70901.32744221369
5614.905416140978,65974.9373081028
5614.934616562038,62270.772050662206
5614.963817134956,60327.71101668189
5614.993017859732,60106.612647385
5615.022218736368,61901.92432702433
5615.051419764863,65583.7277450993
5615.080620945218,70326.1913858927
5615.109822277434,75632.11649868326
5615.139023761512,81591.82989967383
5615.168225397454,87725.99642023709
5615.19742718526,93072.07199210572
5615.226629124929,98512.16415512725
5615.255831216464,102920.02174713131
5615.285033459864,107059.11856274895
5615.314235855132,110727.83285612406
5615.343438402268,114037.94919893041
5615.372641101271,116102.82544214558
5615.401843952144,117636.71255255435
5615.431046954886,119656.13377971647
5615.4602501095005,120771.66036817494
5615.489453415986,121474.91344141965
5615.518656874343,121831.92103009135
5615.547860484574,122562.62236686496
5615.577064246678,122936.55256774508
5615.606268160657,123130.9570876254
5615.635472226512,123224.18170690339
5615.664676444243,123291.20668081049
5615.693880813851,123220.79765623486
5615.723085335338,123049.12348452378
5615.7522900087015,123408.32796260997
5615.7814948339455,123778.5846544463
5615.810699811071,123060.88184944756
5615.839904940076,122948.13109690313
5615.869110220963,123016.98187936003
5615.898315653732,123050.55110603775
5615.927521238385,123325.84339241512
5615.956726974923,123316.37536010316
5615.985932863346,123044.37522492486
5616.015138903654,123337.24342528204
5616.044345095848,123344.09018890251
5616.07355143993,123816.76094146367
5616.102757935901,123459.74745068194
5616.13196458376,123739.46959086836
5616.161171383509,123535.72868293202
5616.190378335148,123025.2722490115
5616.219585438679,122959.34172775316
5616.248792694102,122910.19508997313
5616.278000101417,122398.26791949397
5616.307207660627,122012.55548541612
5616.33641537173,121641.89071683156
5616.365623234729,120573.50272263124
5616.394831249624,119943.4360808061
5616.424039416416,118670.84015422213
5616.453247735106,117692.5122438916
5616.482456205694,116552.73180510018
5616.511664828181,115873.65791817465
5616.540873602568,115881.15102424628
5616.570082528856,115931.69488062576
5616.599291607045,116680.30071557187
5616.628500837137,117058.79905039452
5616.657710219132,117919.16380717666
5616.686919753031,118755.89500080135
5616.716129438835,119269.18470728146
5616.745339276544,120398.90630970142
5616.77454926616,121098.14334309925
5616.803759407682,121412.84382529973
5616.832969701112,121910.82394938223
5616.8621801464515,122345.54721561252
5616.8913907437,123145.06183873054
5616.9206014928595,122865.835061
5616.949812393929,122837.88817631119
5616.979023446911,123339.21709597857
5617.008234651806,123301.60747442002
5617.037446008613,122963.27927168334
5617.066657517335,122990.04146667576
5617.095869177972,123077.52300987991
5617.125080990525,123114.99052720406
5617.154292954994,123533.71263184377
5617.183505071381,123831.86991054587
5617.212717339686,123918.36718634157
5617.24192975991,123621.30096971318
5617.271142332053,123812.56900482244
5617.300355056118,123770.98712228134
5617.329567932103,123504.14238499572
5617.35878096001,123801.59085915462
5617.387994139841,124146.33880777772
5617.417207471595,123926.3828355713
5617.446420955273,124023.84912724489
5617.475634590878,124666.32605962249
5617.504848378408,124677.3134335625
5617.5340623178645,125051.47069592321
5617.563276409249,123908.53543295096
5617.5924906525615,123525.92996379526
5617.621705047804,123718.73364198503
5617.650919594977,123586.59984609863
5617.680134294079,123107.43097098434
5617.709349145113,122734.38589116628
5617.7385641480805,122387.45578947764
5617.767779302981,121500.19694791759
5617.796994609815,120546.85861696117
5617.826210068583,119046.02118550561
5617.855425679288,116919.35507102273
5617.884641441929,115475.9709057009
5617.913857356506,113694.59313980103
5617.943073423022,112247.26967010279
5617.972289641476,111563.66727586534
5618.00150601187,111751.2775075757
5618.030722534204,112898.161603932
5618.05993920848,113642.32052496947
5618.089156034696,115488.48666259674
5618.118373012857,116725.72246230737
5618.147590142959,118155.00443200432
5618.176807425007,119539.11857007386
5618.206024859,119988.05476698083
5618.235242444938,120937.02348099135
5618.264460182822,121649.6685907374
5618.293678072655,121696.42144193048
5618.322896114435,122298.84987183262
5618.352114308165,122434.1766901564
5618.381332653844,123730.4595587934
5618.410551151474,123724.94161144902
5618.439769801055,123412.75902699669
5618.468988602588,123494.9182914915
5618.498207556075,123497.05728616295
5618.527426661514,123519.707059175
5618.5566459189085,123647.91735814275
5618.5858653282585,123778.47759128881
5618.615084889564,123726.00816025624
5618.644304602827,123295.37769764478
5618.673524468047,123205.64175313158
5618.702744485226,123098.76223487995
5618.731964654364,123274.62305739631
5618.761184975462,122204.78017084966
5618.790405448521,121443.41569445105
5618.819626073541,120755.89964847424
5618.848846850524,119750.57301581443
5618.87806777947,118728.339585767
5618.9072888603805,118264.54742714204
5618.9365100932555,118376.9374615279
5618.965731478096,117796.88034050433
5618.994953014902,118936.65106103403
5619.024174703676,118889.76935935016
5619.053396544418,119504.935694512
5619.082618537129,120346.14368262478
5619.11184068181,121224.87410792324
5619.14106297846,121968.80908433118
5619.170285427082,122290.8845266535
5619.199508027675,122412.09023819405
5619.228730780241,122862.28335917676
5619.257953684781,123445.15071150704
5619.287176741294,123328.95612745505
5619.316399949784,123262.8417307456
5619.345623310248,123433.67539419519
5619.3748468226895,123257.82170376997
5619.404070487109,123017.90304240459
5619.433294303505,123168.1417391598
5619.462518271882,123549.35130173793
5619.491742392237,123658.79166876692
5619.520966664574,123583.0984005984
5619.550191088892,123671.1105731079
5619.579415665192,123150.95797740185
5619.608640393475,121970.87970417779
5619.637865273741,121322.11890997438
5619.667090305992,120234.57526520193
5619.69631549023,119132.2485521291
5619.725540826452,117703.81844407009
5619.7547663146615,116768.12919769346
5619.783991954859,115931.43666076854
5619.813217747044,114291.23167832386
5619.842443691219,113072.39871584086
5619.871669787385,112548.76655018202
5619.90089603554,112017.5669408443
5619.930122435689,111970.90489457504
5619.959348987829,112113.13606215388
5619.988575691962,112772.73893670551
5620.017802548089,114137.64517200083
5620.047029556212,115762.13912127394
5620.076256716329,117166.43277329889
5620.105484028443,118270.53416172511
5620.134711492555,119325.34814725461
5620.163939108664,120513.35171639895
5620.193166876772,121461.265748578
5620.22239479688,122624.5141828732
5620.251622868987,122671.0211709904
5620.280851093097,123569.33610395424
5620.310079469208,123867.88212790526
5620.339307997322,123942.4954738443
5620.368536677439,124524.87092708194
5620.3977655095605,124942.79544255103
5620.426994493688,125052.9508539906
5620.45622362982,125422.79133042827
5620.485452917959,125165.22524982273
5620.514682358106,124358.88465517331
5620.543911950261,125093.50077022663
5620.5731416944245,124807.56613633054
5620.6023715905985,124629.82835741443
5620.631601638783,124436.2706814895
5620.660831838979,123890.7102756128
5620.690062191187,123544.86379274735
5620.7192926954085,123658.01805878982
5620.748523351643,123927.32820113294
5620.7777541598925,124059.96850902252
5620.806985120157,123328.42769836976
5620.836216232438,123008.03305044454
5620.865447496736,123249.51738288025
5620.894678913051,123347.64473963768
5620.923910481386,122821.03265066429
5620.95314220174,122426.18312978647
5620.982374074113,122584.33684072304
5621.011606098507,123241.05844567032
5621.040838274924,123669.8400474986
5621.070070603362,123512.25011941692
5621.099303083824,123817.82263556082
5621.128535716311,124317.33478052552
5621.1577685008215,124611.63929735187
5621.187001437358,124392.95002645561
5621.21623452592,124072.01581586804
5621.245467766511,124619.75641465755
5621.274701159129,124760.22391336186
5621.303934703777,124270.69015788131
5621.333168400452,124300.31088534031
5621.3624022491595,124758.28162762854
5621.391636249898,124835.88764217816
5621.420870402668,124774.06869990764
5621.450104707471,124171.59074389811
5621.479339164307,123584.28368537739
5621.508573773178,123855.71926611633
5621.537808534084,123480.31737616287
5621.567043447026,123259.92575621398
5621.596278512005,123860.30207752454
5621.625513729021,124318.01511265924
5621.654749098075,124067.21569855008
5621.683984619169,123996.37283314431
5621.713220292302,124532.6292114297
5621.742456117476,124790.93840509848
5621.771692094691,124529.83432232567
5621.800928223949,124741.5041310988
5621.83016450525,125009.98642332068
5621.859400938594,124693.93421387147
5621.888637523984,125506.08096273387
5621.917874261418,125455.31202942516
5621.947111150898,124779.3904424766
5621.9763481924265,124994.55968426856
5622.005585386002,125289.3674325326
5622.034822731626,125278.5953986361
5622.0640602293,125668.42948659895
5622.093297879023,125198.47932303179
5622.122535680798,124526.61656069205
5622.151773634624,124439.000042321
5622.181011740503,124302.06519682937
5622.210249998436,124244.89465178314
5622.2394884084215,123699.92457150159
5622.268726970463,123388.65931862478
5622.29796568456,123407.48469353965
5622.327204550713,123179.5222604408
5622.356443568924,123129.72439097987
5622.385682739193,122999.78365536772
5622.41492206152,123454.44022336573
5622.444161535907,123937.77352564402
5622.473401162355,123951.6822284667
5622.502640940864,124039.13295034437
5622.531880871435,124343.74685882378
5622.561120954068,124651.70107326919
5622.590361188766,125072.59040111293
5622.619601575528,124967.96193723675
5622.648842114354,124592.60098215543
5622.678082805247,124947.9979011057
5622.7073236482065,125041.43033818317
5622.7365646432345,125935.15005222542
5622.76580579033,125098.56810402215
5622.795047089494,125159.50461637096
5622.824288540729,125352.33045598392
5622.853530144034,125109.62238299452
5622.882771899411,124698.50740426077
5622.91201380686,124300.50825976982
5622.941255866383,124304.10857999572
5622.970498077978,124592.95555921643
5622.999740441649,124615.54265126828
5623.028982957395,124635.53958798578
5623.058225625217,124259.53757255385
5623.087468445117,124257.04076006624
5623.116711417094,123811.943153134
5623.14595454115,123234.31813394917
5623.175197817286,122130.56816722632
5623.204441245502,120994.35071342888
5623.233684825797,119033.79858935601
5623.262928558176,117033.85097118915
5623.292172442637,115173.07340058322
5623.321416479182,113088.82413446745
5623.35066066781,112561.41940187824
5623.379905008524,112125.93296620008
5623.409149501323,112729.69281629183
5623.438394146208,113340.1673502218
5623.467638943181,114516.79686114268
5623.496883892242,114641.29366406197
5623.526128993392,114746.03871173013
5623.555374246632,114693.85556906764
5623.584619651962,113325.53252194828
5623.613865209384,111479.56126999967
5623.643110918897,109611.22351769946
5623.672356780504,106276.05000233876
5623.701602794204,102313.39776273245
5623.730848959998,98554.62617621152
5623.7600952778885,93710.31491037561
5623.789341747874,88812.97174135821
5623.818588369956,84810.21861198997
5623.847835144136,82396.76306540579
5623.877082070415,81289.48713730466
5623.906329148793,82180.64422830737
5623.935576379271,85134.23946587954
5623.964823761849,88881.09125790918
5623.99407129653,93023.70652684418
5624.0233189833125,97772.02550873323
5624.052566822198,102002.81960575301
5624.0818148131875,105806.40452841594
5624.111062956282,109836.6727035162
5624.140311251481,112613.45357598842
5624.169559698787,115067.9193028042
5624.198808298201,117340.40498293037
5624.228057049721,119491.04249565794
5624.2573059533515,121273.20075257689
5624.286555009091,122754.43444454283
5624.31580421694,123643.21840866211
5624.345053576901,123763.83201842612
5624.374303088973,124566.38065400498
5624.403552753158,124105.59524328785
5624.432802569457,123999.6313437791
5624.46205253787,123541.84466865522
5624.491302658397,122651.8085561342
5624.520552931041,121495.66208711413
5624.549803355801,119939.45128491335
5624.579053932678,118729.91502031386
5624.608304661674,117904.8550251226
5624.6375555427885,116979.63142611088
5624.666806576023,116412.62631545097
5624.696057761378,116586.72047985639
5624.725309098854,117188.80515103089
5624.7545605884525,118264.2801576291
5624.783812230174,118883.4813692348
5624.813064024019,118886.13771994025
5624.842315969989,119105.65983060803
5624.871568068083,119216.54314004096
5624.900820318304,118385.9139481929
5624.930072720652,118356.26547237215
5624.959325275127,118440.49076566497
5624.988577981731,117646.59743278315
5625.017830840465,117909.735991327
5625.047083851327,118431.19055810655
5625.076337014321,118443.22424290456
5625.105590329447,119023.17234739073
5625.134843796705,120258.21267971443
5625.164097416096,121400.00219152539
5625.193351187622,121662.04840040955
5625.222605111282,122018.0607309008
5625.251859187078,122959.33413930867
5625.28111341501,123650.32485901605
5625.3103677950785,123854.41615489095
5625.339622327286,124219.02104144306
5625.368877011631,124832.76383536743
5625.398131848117,125315.47494173684
5625.427386836743,125393.07095750069
5625.45664197751,125098.37565461922
5625.485897270419,125241.22522740693
5625.51515271547,125551.54072597847
5625.544408312665,125499.4734121708
5625.573664062004,125814.73964289676
5625.602919963489,126090.83562747753
5625.632176017119,125985.99447000043
5625.661432222895,125954.51967892947
5625.690688580819,125923.67472393092
5625.719945090892,125591.18256130119
5625.749201753114,125442.1148613002
5625.778458567485,125443.78129342076
5625.807715534007,125155.04519329149
5625.836972652681,124783.82721321713
5625.866229923507,124776.24868801645
5625.8954873464845,124473.42554072177
5625.924744921617,124446.21082288004
5625.954002648904,124463.53269556802
5625.983260528346,124385.93566580249
5626.0125185599445,124349.18539896132
5626.0417767437,124352.85240454013
5626.0710350796135,124372.33055871037
5626.100293567685,124240.0362179473
5626.129552207915,124617.4496352589
5626.158811000307,125324.86762886016
5626.188069944858,125137.38201279612
5626.217329041572,125600.82883899153
5626.246588290449,125470.51962762351
5626.275847691488,125876.77485416572
5626.3051072446915,126008.70743637279
5626.33436695006,125915.82457221021
5626.363626807593,125993.96697661911
5626.392886817294,125903.01609268229
5626.422146979162,125712.9846465358
5626.451407293197,125259.84367540221
5626.4806677594015,125032.345876135
5626.509928377776,124334.63467162925
5626.5391891483205,123485.76598534019
5626.568450071036,122449.31116600026
5626.597711145923,121600.30586766869
5626.626972372984,119775.8758522145
5626.656233752218,117656.91371525613
5626.685495283627,115509.40382481071
5626.71475696721,112390.71317430898
5626.74401880297,108633.33603261784
5626.773280790905,105462.9805783968
5626.802542931019,103346.0606480296
5626.831805223311,102870.62691904954
5626.861067667782,102851.85453454043
5626.890330264433,103984.98669669472
5626.919593013265,106318.09062089208
5626.948855914277,108484.90965742091
5626.978118967473,110681.87277476465
5627.007382172851,113200.89472567875
5627.036645530414,115843.94828426214
5627.0659090401605,117814.63724043059
5627.095172702093,119274.69741111489
5627.124436516211,120991.50608783848
5627.153700482517,122543.73962079
5627.18296460101,123545.60675036897
5627.212228871693,124391.12085596245
5627.241493294564,124939.62059390248
5627.270757869625,125587.36331962804
5627.300022596878,126003.261144557
5627.329287476322,126647.9797186454
5627.358552507959,126781.9983108918
5627.38781769179,126486.87697213003
5627.4170830278135,126800.50720620871
5627.446348516033,127010.9853394069
5627.475614156448,126487.48024102904
5627.50487994906,126162.57380913073
5627.534145893868,126064.35903628787
5627.563411990875,126245.97369173072
5627.592678240081,125543.05428141505
5627.621944641486,124726.52775671225
5627.651211195092,124796.89943314712
5627.680477900899,124576.90547064584
5627.7097447589085,124358.22659212373
5627.739011769121,124606.05786479451
5627.768278931537,124810.83346347378
5627.797546246156,124885.90818605784
5627.826813712982,125065.40166146972
5627.856081332014,125072.5206732948
5627.885349103251,124772.59080068821
5627.914617026698,124514.8522059382
5627.9438851023515,124599.1583159154
5627.973153330215,124544.57274498146
5628.002421710288,124643.84938806745
5628.031690242572,125355.9500605445
5628.060958927068,125234.58809960271
5628.090227763776,125836.90895929943
5628.119496752697,125834.38192458035
5628.148765893832,125987.89265688171
5628.178035187182,126566.90954416138
5628.207304632747,126422.26189972367
5628.236574230528,126339.86187114567
5628.265843980527,126740.48609888986
5628.295113882744,126628.13973539407
5628.324383937179,126916.43553722772
5628.353654143833,126877.41062037273
5628.382924502708,126472.57886252391
5628.412195013804,126679.95444986808
5628.441465677122,126743.16896577048
5628.470736492663,127180.251423244
5628.500007460427,127460.00187777783
5628.529278580415,127365.98693296575
5628.558549852628,126948.00437566434
5628.587821277067,127211.4611507605
5628.617092853732,127924.23885392692
5628.646364582625,127370.28489767421
5628.675636463746,127715.942690096
5628.704908497097,127609.70121003353
5628.734180682676,127946.04797292633
5628.763453020487,127557.64377511508
5628.792725510528,127871.98714666245
5628.821998152802,127809.688430554
5628.851270947309,127741.04989671691
5628.880543894049,127879.11762289023
5628.909816993024,127517.4592012278
5628.939090244235,127445.83813013525
5628.968363647681,127953.81298766272
5628.997637203364,127760.22698108543
5629.026910911285,127104.01884573147
5629.056184771444,126758.05990566341
5629.085458783843,127005.22361018331
5629.114732948482,126966.42132358636
5629.144007265361,126555.34904060364
5629.173281734483,126334.10167034506
5629.202556355846,126298.91489940611
5629.231831129453,126422.56741438713
5629.261106055304,126173.79305696998
5629.290381133399,126093.08207307191
5629.319656363741,126280.77639758773
5629.348931746328,126344.92537028092
5629.378207281163,126409.94534447067
5629.407482968246,126396.82388803488
5629.4367588075775,126344.0588592731
5629.4660347991585,126390.45866003148
5629.49531094299,126811.91534392805
5629.524587239072,127181.12861563769
5629.553863687407,127315.97930961975
5629.583140287994,127045.02903464911
5629.612417040835,127209.29032970828
5629.64169394593,127284.38223966808
5629.67097100328,127576.15698984127
5629.700248212886,127587.85301114646
5629.729525574749,127330.96501193101
5629.758803088869,127643.1294919458
5629.788080755247,127805.57205081338
5629.817358573885,127368.50677846158
5629.846636544782,127069.92311156295
5629.87591466794,128007.31916085175
5629.905192943359,127983.71786879921
5629.934471371041,127653.83892768709
5629.963749950985,127307.61623607666
5629.993028683194,127234.97714919885
5630.022307567667,127602.8047895536
5630.051586604405,127814.81574587955
5630.08086579341,128205.5953477057
5630.110145134681,128263.00972975329
5630.139424628221,127959.89880927761
5630.168704274029,127950.63807460136
5630.197984072106,127658.33357745744
5630.227264022454,128189.02421530022
5630.256544125072,128191.02502791956
5630.285824379962,127932.86370332574
5630.315104787124,128488.35688318578
5630.344385346561,128644.21416081575
5630.37366605827,128557.97074392917
5630.402946922255,128110.83426800971
5630.432227938515,127958.9238360807
5630.461509107053,128253.47128519614
5630.490790427867,128264.2504627459
5630.520071900959,127869.29453961726
5630.54935352633,127940.5083948242
5630.578635303981,128015.36540161005
5630.607917233912,127218.89618635165
5630.637199316125,127821.79245338772
5630.666481550619,128134.58163126053
5630.695763937397,127762.41105639286
5630.7250464764575,127459.48116536082
5630.754329167803,127632.68817199205
5630.783612011433,127680.05676199937
5630.81289500735,127110.18244852543
5630.842178155553,127628.6289320724
5630.871461456044,127662.41508976469
5630.900744908823,126708.44002493545
5630.930028513891,126599.26345458414
5630.9593122712495,126659.76791660623
5630.988596180899,126124.96556123256
5631.017880242839,126168.51231654074
5631.047164457072,125545.35377776466
5631.076448823597,125292.99075371814
5631.105733342417,125741.87288813804
5631.135018013531,125537.05639702713
5631.164302836942,125990.4165830157
5631.193587812648,126362.50305337473
5631.2228729406515,126557.58428393166
5631.252158220953,126500.56690941131
5631.281443653552,126419.12593530345
5631.310729238451,126502.94751344083
5631.340014975651,126734.27696276823
5631.369300865152,127121.08150520797
5631.398586906954,127424.0421466273
5631.427873101059,127354.5536715896
5631.457159447467,127186.59011649153
5631.48644594618,127760.20139484094
5631.515732597198,128424.16577069413
5631.545019400521,128336.76115311989
5631.57430635615,128319.89898941657
5631.603593464088,128644.19318991566
5631.6328807243335,128224.52763160373
5631.662168136888,128116.15434315465
5631.691455701752,128373.28999001812
5631.720743418926,127883.25954270065
5631.750031288412,127959.49121979707
5631.779319310211,128700.23686155585
5631.808607484321,128188.26950179349
5631.837895810746,128095.4879316954
5631.867184289485,128496.29029378027
5631.896472920539,128199.93221840526
5631.92576170391,128456.65757088816
5631.955050639597,128544.62162553897
5631.984339727603,128867.76938783404
5632.013628967926,128374.08050432125
5632.042918360568,128523.93440456454
5632.072207905531,128693.19125001051
5632.1014976028155,128747.58707874254
5632.13078745242,128779.58050030001
5632.160077454348,128762.08208091727
5632.189367608598,128758.1323058945
5632.218657915174,128414.30985822002
5632.2479483740735,128189.26425262801
5632.277238985298,128652.39999975459
5632.30652974885,128429.0632064744
5632.335820664729,128711.9995406783
5632.3651117329355,128027.77432473747
5632.394402953471,128790.04059916385
5632.423694326336,128678.68747583953
5632.452985851532,128163.44193997336
5632.482277529058,128333.12725607536
5632.511569358916,128713.19196478058
5632.540861341107,128735.03243681401
5632.570153475632,128543.77841312268
5632.599445762491,128726.97728411038
5632.628738201684,128855.25312680782
5632.6580307932145,128516.09033759363
5632.687323537081,128820.547435435
5632.716616433285,128516.16352620724
5632.745909481828,128787.80950359823
5632.775202682708,128829.10701469671
5632.80449603593,127591.97194688769
5632.833789541492,128446.23025463146
5632.863083199395,128061.04049364098
5632.89237700964,127376.37063054096
5632.921670972229,127426.57956405317
5632.9509650871605,127236.06878022973
5632.980259354438,126153.11189731979
5633.00955377406,125360.55396121785
5633.038848346028,124612.33902960551
5633.0681430703435,122972.9824302714
5633.097437947007,121272.31358445564
5633.1267329760185,118754.84492468416
5633.156028157379,115921.15119412102
5633.1853234910905,113075.93680395876
5633.214618977153,108884.69418825979
5633.243914615567,106339.62204724926
5633.273210406333,104846.67040777663
5633.302506349452,105093.55908639071
5633.331802444926,106376.601084238
5633.361098692755,108641.76283192715
5633.39039509294,111167.30271542654
5633.41969164548,113759.33181884978
5633.448988350378,115895.66631035386
5633.478285207635,117930.25008898148
5633.507582217249,120517.46798259494
5633.536879379224,122256.10285558006
5633.566176693559,123459.73971571888
5633.595474160255,124258.53390837082
5633.624771779314,125558.51746670253
5633.654069550736,126477.35514752068
5633.68336747452,126398.21693897463
5633.712665550669,126785.41464040983
5633.741963779184,127107.10059095355
5633.771262160064,127603.38239921488
5633.800560693311,127135.06189010298
5633.829859378926,127359.15790056875
5633.859158216909,127796.8796829036
5633.888457207261,127876.99916623405
5633.917756349983,127911.87234908191
5633.947055645077,127604.1555542123
5633.976355092541,127807.14633362084
5634.005654692378,127966.12106340208
5634.034954444588,128165.96185937965
5634.064254349171,128019.43818581742
5634.09355440613,127999.20048676194
5634.122854615464,128242.01589583984
5634.152154977174,128365.94378828764
5634.181455491262,128420.20699905838
5634.210756157728,128072.67178875302
5634.240056976571,127703.29128356285
5634.269357947795,128009.95834989416
5634.298659071398,127899.89244968143
5634.327960347383,127628.43188504931
5634.35726177575,127623.88834600816
5634.386563356498,127480.59738525293
5634.415865089632,127635.43327486838
5634.445166975148,127709.90489191386
5634.47446901305,127941.43449131791
5634.503771203337,128196.98866669039
5634.533073546012,127909.40340898103
5634.562376041074,128208.45628804048
5634.591678688523,128238.61810245876
5634.620981488361,128515.61270910922
5634.65028444059,128895.5400410762
5634.679587545209,128879.10646591753
5634.70889080222,129063.52411052866
5634.738194211623,129189.14543649502
5634.767497773418,129631.02007404063
5634.796801487607,129750.74044037181
5634.826105354191,129261.0250789029
5634.85540937317,129034.63310491429
5634.884713544545,128555.95556641225
5634.9140178683165,128038.77728974678
5634.943322344487,127520.17360119653
5634.9726269730545,127195.27306448527
5635.001931754022,126876.85442504547
5635.0312366873895,125739.6909093125
5635.060541773158,124642.999004467
5635.089847011328,123309.50430132616
5635.1191524019005,122529.56632382103
5635.148457944876,121867.75712110735
5635.177763640256,122034.63445492402
5635.20706948804,122437.77751905704
5635.23637548823,123111.32206843003
5635.265681640827,123940.39341963234
5635.294987945831,124427.20633603324
5635.324294403243,124865.5070675495
5635.353601013063,125282.67234126017
5635.382907775293,126152.45941073945
5635.4122146899335,127103.85814294995
5635.441521756985,127624.88319291334
5635.4708289764485,128367.5311386059
5635.500136348325,128011.72336558277
5635.529443872615,128429.10532450023
5635.558751549319,128303.27292282128
5635.588059378439,128264.18850088103
5635.617367359973,128623.98271910023
5635.646675493926,128517.01315677776
5635.675983780295,128447.485136305
5635.705292219082,128961.8430674668
5635.7346008102895,129167.11584959512
5635.763909553916,128894.83566271942
5635.793218449963,128745.26359326905
5635.8225274984325,128866.05568279074
5635.851836699323,129007.87069744998
5635.881146052638,128020.24581346841
5635.910455558375,127811.6244032924
5635.939765216538,127430.47544376164
5635.969075027126,127333.63950129431
5635.99838499014,127028.45141215717
5636.027695105581,126545.23363166163
5636.057005373451,126471.53020916365
5636.086315793748,126812.64575205593
5636.115626366475,127076.2063860618
5636.1449370916325,127254.13046667656
5636.174247969221,127415.8078158689
5636.203558999241,127515.67710109305
5636.232870181693,127489.59376663821
5636.262181516579,127183.27115800616
5636.2914930039,126468.98335043275
5636.320804643654,125711.16044317647
5636.350116435845,125173.94470200183
5636.379428380472,123898.86320442472
5636.408740477536,122883.70924048753
5636.43805272704,121692.06792948378
5636.467365128981,121274.61545944537
5636.496677683363,121080.10095839467
5636.525990390184,120635.63248189865
5636.555303249447,119683.77909104855
5636.584616261152,118229.13253624275
5636.613929425301,117087.53344624814
5636.643242741892,115325.35888370444
5636.672556210928,113530.36724775188
5636.701869832409,112062.08666461013
5636.731183606337,111212.43240982704
5636.760497532711,111889.95380048269
5636.789811611533,113349.81389666672
5636.819125842803,115189.5709592789
5636.848440226523,117353.19329015119
5636.877754762692,118971.07338314572
5636.907069451313,120264.22978038136
5636.936384292384,122320.40398268688
5636.965699285909,123898.50750748905
5636.995014431886,124759.5293432948
5637.024329730318,125983.9887024149
5637.053645181204,126758.25258925607
5637.082960784545,126998.32105354907
5637.112276540343,127419.8157133324
5637.141592448598,128139.97336174645
5637.170908509312,128272.34361658315
5637.200224722484,128195.48895983312
5637.229541088115,128404.90722215308
5637.258857606206,128157.4216718781
5637.2881742767595,127553.92342736707
5637.317491099774,126890.66005553053
5637.346808075252,125540.98585388766
5637.376125203192,123971.76903636463
5637.405442483598,121569.9281143668
5637.434759916468,119214.38709294649
5637.464077501803,115846.99354614937
5637.493395239606,112105.08184691457
5637.522713129876,108874.61886086297
5637.552031172615,105436.20604153568
5637.581349367822,103534.09851139536
5637.610667715499,103087.42212598887
5637.639986215648,104239.21826578685
5637.669304868266,106776.66387458502
5637.698623673358,110080.68219612906
5637.727942630922,113070.09089951603
5637.7572617409605,115543.79190431244
5637.786581003474,117823.36630247247
5637.815900418462,119695.56224008874
5637.845219985927,121913.85609787496
5637.874539705867,123887.73890315524
5637.903859578287,125192.22081279507
5637.933179603185,126507.48553181026
5637.962499780561,126892.71451510339
5637.991820110418,127436.32564261217
5638.021140592757,127400.99431642854
5638.050461227576,127874.11635145235
5638.079782014878,127992.12528671004
5638.109102954664,128028.743880404
5638.138424046934,128242.6489758246
5638.167745291688,128704.19107164793
5638.197066688928,128965.95578947313
5638.226388238655,129147.43864877141
5638.25570994087,129384.58662556652
5638.285031795572,129493.89457613748
5638.3143538027625,129630.04548464829
5638.343675962443,129714.31280539659
5638.372998274614,129855.85728342399
5638.402320739277,130214.78005244887
5638.431643356431,129953.0772870328
5638.460966126077,129956.47540206957
5638.490289048218,129918.24840564179
5638.519612122854,129919.09447573611
5638.548935349983,130614.59021859101
5638.57825872961,130599.44933299918
5638.607582261733,130376.72997546133
5638.636905946354,130082.74342124455
5638.666229783473,130087.54427970479
5638.695553773091,130527.97120631013
5638.72487791521,130570.15572965467
5638.754202209828,130177.77418210437
5638.783526656948,130452.73264785181
5638.812851256572,130933.0111075975
5638.842176008698,130543.82139585489
5638.8715009133275,130125.42866305214
5638.9008259704615,130090.15156528915
5638.930151180102,129956.74361491036
5638.959476542248,130475.25989827687
5638.9888020569015,130532.55653017339
5639.018127724064,130562.52947196786
5639.047453543733,130373.90425836931
5639.076779515913,130181.46166274254
5639.106105640602,130345.89344707486
5639.1354319178035,130650.37007478908
5639.164758347516,131185.96854696443
5639.194084929742,130726.56551955715
5639.22341166448,130014.82265213234
5639.252738551733,130228.42858010628
5639.282065591501,130682.01289495984
5639.311392783786,130573.84297167492
5639.340720128585,130538.5050970963
5639.370047625904,130490.58990456327
5639.39937527574,130024.30348755239
5639.428703078095,129484.8261532049
5639.45803103297,128626.43037196387
5639.487359140366,128052.53672938293
5639.5166874002825,127047.28871931741
5639.546015812722,126504.22356420237
5639.575344377683,126039.6206439836
5639.604673095169,125107.85235194056
5639.634001965179,125158.91539527298
5639.663330987715,125041.06843505596
5639.6926601627765,125128.04519134508
5639.721989490366,125835.00848473803
5639.751318970481,126644.48544745888
5639.780648603127,126946.92519386868
5639.809978388301,127553.72546318187
5639.839308326005,127726.64671873223
5639.86863841624,127861.96813570111
5639.897968659007,127894.8423652472
5639.927299054307,127260.26229640326
5639.956629602139,126647.79790069217
5639.985960302506,125855.53204856816
5640.015291155408,124650.25671472237
5640.0446221608445,122825.19840829964
5640.073953318818,120696.18215322892
5640.103284629329,117099.91155432274
5640.132616092378,112753.57654207408
5640.161947707966,107291.58135147419
5640.191279476094,101728.76335753778
5640.220611396761,95943.13733879663
5640.24994346997,90939.0951425929
5640.2792756957215,86644.16830009961
5640.308608074015,84662.81945614028
5640.3379406048525,84597.60262043295
5640.367273288234,86573.85624189272
5640.396606124161,90124.9015544795
5640.425939112633,94346.15395978681
5640.455272253654,98345.1837672254
5640.484605547221,102389.58192043845
5640.513938993336,106271.31298453869
5640.543272592001,109071.0718439567
5640.572606343216,111530.53470365454
5640.601940246981,113298.16621892508
5640.631274303298,113559.2609151694
5640.660608512167,113443.25186124789
5640.689942873589,112620.25894229107
5640.719277387565,111721.4283462989
5640.748612054096,110510.79916745551
5640.777946873182,111083.09104174188
5640.8072818448245,112243.49626575524
5640.836616969024,113892.20889901998
5640.865952245782,116104.1677751569
5640.895287675098,118167.12692416845
5640.924623256974,120024.45417542395
5640.953958991409,121632.54016151636
5640.983294878407,122892.4336742291
5641.012630917965,124435.32776837648
5641.041967110086,125247.51213312727
5641.071303454772,125166.2340471305
5641.10063995202,125541.92565092951
5641.129976601835,125996.01871771517
5641.159313404214,125734.54018710782
5641.18865035916,125398.02324621583
5641.2179874666745,125573.55656836242
5641.247324726756,125370.50244377601
5641.276662139408,125599.18282976867
5641.305999704628,125989.22534577668
5641.33533742242,126112.28365250016
5641.364675292782,127162.52798717476
5641.394013315717,127573.00857938515
5641.423351491225,128361.6733250142
5641.452689819306,128925.20147392535
5641.482028299962,129557.83660029208
5641.511366933193,130203.81081724833
5641.5407057190005,130221.69749497091
5641.570044657385,130208.32701154327
5641.599383748347,130493.43867313732
5641.628722991887,130297.1988902808
5641.658062388007,130429.46732150918
5641.687401936707,130552.98786492705
5641.716741637988,130309.67910188797
5641.74608149185,130378.32000815426
5641.775421498295,130316.76014649651
5641.804761657323,130519.38202545415
5641.834101968935,130478.75534605396
5641.863442433132,130577.97382966914
5641.892783049915,130678.35226550749
5641.922123819284,130464.60411359795
5641.951464741241,129463.98946887151
5641.980805815784,129597.39200069108
5642.010147042918,129479.50817217746
5642.039488422641,128955.72612328311
5642.068829954954,128910.66643580183
5642.098171639858,128960.97344493245
5642.127513477354,129414.30919436019
5642.156855467443,129949.49916112727
5642.186197610125,129813.28090582996
5642.215539905403,129917.11675210443
5642.244882353275,129859.82219597987
5642.274224953743,129714.64954720579
5642.303567706808,129688.02420144773
5642.33291061247,129660.31429071489
5642.362253670731,129261.71609907478
5642.391596881591,128780.18531584882
5642.420940245051,129262.5760782584
5642.450283761111,129503.58441496837
5642.479627429773,129519.14688877767
5642.508971251037,129669.28018764291
5642.538315224905,129807.48925024628
5642.567659351376,130346.69768131118
5642.597003630452,131101.9637549202
5642.626348062134,130990.8350140977
5642.655692646421,131360.80147498837
5642.685037383316,131260.03818583666
5642.7143822728185,131661.14142123295
5642.74372731493,131945.65525583594
5642.773072509651,131680.49893219443
5642.802417856981,131680.66142170833
5642.831763356923,131675.8669581293
5642.861109009477,131811.3696847743
5642.890454814644,131869.818606974
5642.9198007724235,131648.49713079107
5642.949146882817,130968.83511588394
5642.978493145826,130382.57902541358
5643.007839561451,130485.3997460822
5643.037186129693,130109.12212590716
5643.066532850551,128975.87894283529
5643.095879724028,127929.8222535735
5643.125226750124,126459.02563981751
5643.15457392884,125197.25512053035
5643.183921260176,123733.19990947902
5643.2132687441335,122130.82944699979
5643.242616380713,121970.65176244844
5643.271964169916,121451.87461783641
5643.301312111743,120954.46729222975
5643.330660206193,120779.82973412864
5643.36000845327,120560.55336658299
5643.389356852972,120917.75357367894
5643.418705405301,121344.93986371915
5643.448054110258,122275.1717660554
5643.477402967844,122771.32356609193
5643.506751978059,123428.3256496972
5643.536101140903,125059.91409249177
5643.565450456379,126351.01113954138
5643.594799924486,126880.83367633571
5643.624149545226,127936.44082862511
5643.653499318599,129092.90571822066
5643.682849244606,129670.931566042
5643.712199323248,130201.18438856736
5643.741549554526,130806.29784593418
5643.7708999384395,131231.18507917252
5643.800250474991,131575.66868273405
5643.82960116418,132345.1648022698
5643.858952006008,132164.00231378592
5643.888303000475,132615.19083569
5643.917654147584,132549.58912236762
5643.947005447333,132196.5701867715
5643.976356899724,131553.75192140313
5644.005708504758,131763.58887101052
5644.035060262436,132242.3363670439
5644.064412172757,131942.38072639322
5644.093764235725,132305.9538699036
5644.123116451337,132255.20852340155
5644.152468819598,131926.4933909326
5644.181821340505,131769.58586031102
5644.211174014061,131649.78005187068
5644.240526840265,131474.43236044495
5644.26987981912,131517.84069589226
5644.299232950626,131220.93942586938
5644.328586234783,130942.41423432695
5644.357939671592,130618.84094272931
5644.387293261054,130244.25720728737
5644.4166470031705,130737.08879911927
5644.446000897941,131188.2935727004
5644.475354945368,130875.37702258
5644.504709145451,131239.03490693835
5644.53406349819,131892.34931799612
5644.563418003588,131245.98417752908
5644.592772661645,131426.60734575574
5644.62212747236,131089.6238193288
5644.651482435736,130384.33365585221
5644.680837551773,130301.62317950983
5644.710192820472,129318.38348723963
5644.739548241833,128503.28144122269
5644.768903815859,127918.09746141915
5644.798259542547,127286.70882198529
5644.827615421902,125829.90208461849
5644.856971453922,124198.11989875228
5644.886327638608,122385.78337428432
5644.915683975962,121796.36616553046
5644.945040465984,121342.22224727458
5644.9743971086755,121130.7306104402
5645.003753904036,121498.52757969276
5645.033110852068,122423.83348419171
5645.06246795277,123404.23202891654
5645.091825206146,124069.49663276448
5645.1211826121935,124920.7294613591
5645.150540170915,125697.23621099807
5645.179897882311,126605.03121283562
5645.209255746382,127926.19225903257
5645.23861376313,128566.6340221595
5645.267971932554,129332.66882286452
5645.297330254657,130227.59242144895
5645.326688729438,130439.70086828251
5645.356047356898,131062.62149027252
5645.3854061370375,131843.05767376974
5645.414765069859,132208.11359113007
5645.444124155361,132467.4277988509
5645.473483393546,132527.76740351363
5645.502842784415,132746.18387780484
5645.532202327968,132907.44120292136
5645.561562024205,133122.14308205058
5645.590921873128,133140.98784997012
5645.620281874737,132963.65806097598
5645.649642029034,133629.19638561545
5645.679002336019,133489.62832218647
5645.708362795693,133071.94017526548
5645.737723408056,133337.9755930466
5645.767084173109,133183.6262459233
5645.796445090854,133489.64863965145
5645.8258061612905,133359.7978221403
5645.85516738442,132773.31485378125
5645.8845287602435,133118.16573756674
5645.913890288762,133201.76662511437
5645.943251969974,132939.417295765
5645.972613803883,133130.54057513096
5646.001975790488,132855.1204441485
5646.031337929791,132642.44966987125
5646.060700221793,132850.22820850834
5646.090062666493,132713.9745878053
5646.119425263894,133103.5987547398
5646.148788013995,132950.46345553146
5646.178150916798,133020.65070384936
5646.207513972303,133168.48258525852
5646.236877180511,133318.9641630845
5646.266240541424,133765.9380740989
5646.295604055041,133420.8881223564
5646.324967721363,134184.28804434155
5646.354331540391,133829.1596109602
5646.383695512127,133577.2672271618
5646.413059636571,133473.54463799435
5646.442423913723,132933.08899035622
5646.471788343585,133025.21952736488
5646.501152926157,132954.70927389472
5646.53051766144,132640.12379686968
5646.559882549435,133300.68934273385
5646.589247590143,133037.00877254808
5646.6186127835645,132476.06980614684
5646.647978129699,132964.47521442221
5646.67734362855,133057.69793987836
5646.706709280116,133068.91883502871
5646.736075084399,133409.00329000872
5646.765441041399,133413.1000832644
5646.794807151117,133442.95179943237
5646.824173413555,133420.4573032325
5646.853539828712,133566.45409579805
5646.88290639659,133905.0222805537
5646.912273117189,133898.40079350927
5646.941639990511,133799.0609312598
5646.971007016556,133556.34590776789
5647.000374195323,134088.00620371316
5647.029741526816,133875.23894588673
5647.059109011035,134237.2980976792
5647.0884766479785,133996.1138789246
5647.11784443765,133670.26400466767
5647.147212380049,134329.38518605073
5647.176580475176,133736.12462139662
5647.205948723033,134086.86042700123
5647.23531712362,133940.76853330477
5647.264685676938,133935.85618234746
5647.294054382987,133734.6232022717
5647.323423241769,133301.37610238453
5647.352792253285,133530.50418040395
5647.382161417534,133842.5017173898
5647.411530734518,134118.94392895803
5647.4409002042385,133570.70271658848
5647.470269826696,133448.31035236962
5647.499639601889,133373.1471057367
5647.5290095298205,133219.59600589875
5647.558379610491,132875.5519514467
5647.587749843902,132718.16525184183
5647.617120230053,132999.02323501173
5647.646490768945,133181.97697779696
5647.675861460579,133231.5860121443
5647.705232304956,133160.70979039947
5647.734603302077,133368.11928541787
5647.763974451941,133354.77852846112
5647.793345754551,133094.18629003066
5647.822717209908,132910.24404379737
5647.852088818011,132756.48129803778
5647.881460578861,133118.62139642242
5647.910832492461,132740.2642798211
5647.940204558809,132697.64650647002
5647.969576777907,133161.67593493455
5647.998949149756,133216.47936052832
5648.028321674356,133202.43441878003
5648.057694351709,132917.6726812714
5648.087067181816,133292.7221950353
5648.116440164676,133656.1776769331
5648.145813300291,133387.89337949298
5648.175186588661,133173.86540479376
5648.204560029787,132906.3199461604
5648.233933623671,132987.7510687497
5648.263307370313,133067.16935770225
5648.292681269713,132723.7554858191
5648.322055321873,132550.97026239688
5648.351429526793,132034.43364763327
5648.3808038844745,131887.1060712104
5648.410178394918,131569.4697025912
5648.439553058124,132176.90689405502
5648.468927874093,132157.67509067172
5648.498302842827,132198.3095038327
5648.527677964325,132452.45126761173
5648.557053238591,132328.58757035265
5648.5864286656215,132560.42213771018
5648.615804245421,132665.57545584228
5648.645179977988,132647.25810915403
5648.674555863324,132507.17565026635
5648.70393190143,132718.98157127667
5648.733308092306,132755.6372649572
5648.762684435955,132567.769603998
5648.792060932375,132493.9899488515
5648.821437581568,131472.036597377
5648.850814383535,131145.51084469998
5648.880191338277,130899.06776287247
5648.909568445793,130591.32033117236
5648.938945706087,129321.96981474613
5648.9683231191575,128372.93192330135
5648.997700685005,127770.604813404
5649.027078403632,127695.59427962555
5649.056456275038,127919.26352958645
5649.085834299224,128079.72305844781
5649.115212476191,128267.93396367157
5649.14459080594,128064.14145310102
5649.173969288472,127747.1319539063
5649.203347923787,127401.74273926894
5649.232726711885,126607.28015196907
5649.26210565277,125505.54462539818
5649.291484746439,124364.69094622268
5649.320863992895,124781.0984970616
5649.3502433921385,125364.89700257717
5649.3796229441705,125871.46161551547
5649.409002648991,127247.4430221879
5649.438382506602,128659.60819282025
5649.4677625170025,129354.41137156394
5649.497142680194,130455.44487197825
5649.526522996178,131304.51380111818
5649.555903464955,131901.25347186098
5649.585284086526,132343.22041197048
5649.614664860891,132340.83201379908
5649.644045788052,132695.5265788029
5649.673426868008,132999.3013247549
5649.702808100761,132944.50085288862
5649.732189486313,132807.9180963958
5649.761571024662,132484.18370419746
5649.790952715811,131851.61667401693
5649.820334559759,130909.6529711352
5649.849716556509,130403.98346839155
5649.87909870606,129516.10120708325
5649.908481008414,127840.82353041471
5649.9378634635705,126531.5317553901
5649.967246071531,124533.80675639234
5649.996628832297,123440.4582746265
5650.026011745868,123603.84532295348
5650.055394812246,124368.48410532491
5650.084778031431,125282.11932468115
5650.114161403423,126083.18727753367
5650.143544928225,127227.85776691294
5650.172928605836,128995.1631777558
5650.202312436258,129501.55071254694
5650.231696419491,130944.1960129744
5650.261080555535,132165.2559692127
5650.290464844393,133082.67864043603
5650.319849286064,133618.5733845005
5650.349233880549,134078.23866278105
5650.378618627849,134370.3581370516
5650.408003527966,134614.9745705418
5650.437388580899,135084.65191081516
5650.466773786649,135249.30568339012
5650.496159145218,134903.7269087105
5650.525544656606,134358.3619007509
5650.5549303208145,134546.4521488199
5650.5843161378425,134578.65237656166
5650.613702107693,134151.2639122368
5650.643088230366,133992.4420581149
5650.672474505861,133815.2094854127
5650.70186093418,133264.75990320818
5650.731247515324,132627.1959376012
5650.760634249294,131964.66419812423
5650.790021136089,131458.93350367612
5650.819408175712,131251.27998232577
5650.848795368163,131257.66707556986
5650.878182713443,131684.36179930434
5650.907570211551,132337.0062901446
5650.93695786249,132828.70517229458
5650.96634566626,133485.81720685336
5650.995733622862,133987.87845540256
5651.025121732297,133543.99585346863
5651.054509994564,133944.15334392994
5651.083898409666,134842.07633924112
5651.113286977604,134875.09198632816
5651.1426756983765,135123.0149255469
5651.172064571986,135004.25859299055
5651.201453598433,135158.3074409112
5651.230842777718,135171.83465132077
5651.260232109842,134707.02932569294
5651.289621594806,135385.52282542456
5651.31901123261,135251.62793279873
5651.348401023256,135120.61938830302
5651.377790966743,134975.110196092
5651.407181063075,134974.3409321139
5651.436571312249,134752.6310459664
5651.465961714268,134546.02038109346
5651.495352269133,133824.73947687208
5651.524742976843,133257.25186428396
5651.5541338374005,131539.55802463688
5651.5835248508065,131498.05717669282
5651.61291601706,131286.37321737534
5651.642307336163,130472.75667770639
5651.671698808116,130551.49768102533
5651.701090432921,131406.64057874974
5651.730482210576,131772.46764947288
5651.759874141085,132536.0031981093
5651.789266224446,133697.1069858841
5651.818658460662,133831.12462315022
5651.848050849732,133931.1610809108
5651.877443391659,134522.02224194448
5651.906836086441,134683.43079543818
5651.936228934082,135053.86206622983
5651.965621934579,135399.11735868233
5651.995015087936,135301.6066308741
5652.0244083941525,135438.16755750385
5652.05380185323,135702.45403666593
5652.083195465168,135955.91387278607
5652.112589229968,136225.50511402785
5652.1419831476305,136066.48195876408
5652.171377218157,136140.46858646398
5652.200771441549,136262.3860605514
5652.230165817805,136137.30166713358
5652.259560346927,136369.60312998405
5652.2889550289165,136142.69923208273
5652.318349863773,135923.57825553764
5652.347744851498,136193.0441037416
5652.377139992092,136474.4292191844
5652.406535285557,136147.60302681386
5652.435930731892,136255.76868487537
5652.465326331098,136249.72236052182
5652.494722083177,136167.94823867086
5652.52411798813,136347.18422078143
5652.553514045955,136677.17103114654
5652.582910256656,136621.57921501438
5652.612306620233,136492.74056764974
5652.6417031366855,136858.95459081355
5652.671099806015,136461.281215341
5652.700496628223,135621.87651580703
5652.729893603309,136455.97914157517
5652.7592907312755,135927.28114165762
5652.788688012121,136070.58991713903
5652.818085445849,135567.6118804047
5652.8474830324585,135745.0416713439
5652.876880771951,135392.2432799017
5652.906278664326,135504.2756250218
5652.935676709586,135262.98222233515
5652.965074907731,134387.20719168958
5652.994473258762,134186.90392010997
5653.023871762679,133483.4260254876
5653.053270419484,132245.73399596015
5653.082669229178,131218.90992756156
5653.112068191759,129821.88584606517
5653.141467307231,128734.30863658494
5653.170866575594,127538.61940055058
5653.200265996848,126702.37058794161
5653.229665570995,126789.2061691589
5653.259065298034,127200.0875469664
5653.288465177968,128387.09434999718
5653.317865210796,129322.2562825095
5653.347265396519,129971.89828818693
5653.376665735139,130397.76122906049
5653.406066226656,131337.7425350604
5653.43546687107,131446.3329716878
5653.464867668383,132157.2649140077
5653.494268618596,132485.80651627143
5653.523669721708,132279.49355267876
5653.553070977722,131995.0342628351
5653.582472386637,132095.76286379198
5653.6118739484555,132435.30730182026
5653.641275663176,131458.4228498414
5653.670677530802,130703.047591006
5653.700079551332,130592.78999832149
5653.729481724768,130161.23564397193
5653.758884051112,129423.52188362088
5653.788286530362,128806.34225792735
5653.81768916252,128422.15552282367
5653.847091947588,128247.92500884122
5653.876494885564,128395.69542956116
5653.905897976452,128555.59689767422
5653.935301220251,129130.04042732014
5653.964704616962,129452.7716138588
5653.994108166586,129614.40679041327
5654.0235118691235,129847.98130891172
5654.0529157245755,129795.25755044051
5654.082319732943,129694.75034183297
5654.111723894226,129487.96587570895
5654.141128208426,129076.29806625746
5654.170532675545,128039.60506598238
5654.199937295582,126887.45477990704
5654.229342068537,126907.32130658595
5654.258746994413,125714.11893379487
5654.28815207321,124465.63999687321
5654.317557304928,124001.03744996243
5654.346962689569,123354.99111276823
5654.376368227133,122252.318534862
5654.405773917621,121084.67942265647
5654.435179761034,119145.38779477413
5654.464585757373,117414.71342911443
5654.493991906638,116662.81571945148
5654.523398208831,116332.78608720333
5654.552804663951,116956.2423081388
5654.582211272001,117501.08305591816
5654.611618032979,117919.05457669153
5654.641024946888,117441.07853589488
5654.670432013729,117227.45803572678
5654.699839233502,115264.74958641775
5654.729246606206,113415.37917095792
5654.758654131845,111389.29602151939
5654.788061810419,109764.42405185006
5654.817469641927,108621.63450402945
5654.846877626372,110229.38178869149
5654.876285763753,112141.87139711373
5654.905694054071,115017.82720097459
5654.935102497328,117810.94162063688
5654.964511093525,121181.75652384778
5654.993919842661,123733.36676219816
5655.023328744738,125837.89103170583
5655.052737799757,127735.22048436604
5655.082147007717,129972.09562051455
5655.111556368622,131913.3916807853
5655.14096588247,132846.03073882588
5655.170375549263,134023.83317495644
5655.199785369,134344.11390625825
5655.229195341685,135542.0967636969
5655.258605467317,135870.91598564302
5655.288015745896,136374.7017281349
5655.317426177425,137084.89954117767
5655.3468367619025,137052.35715461834
5655.37624749933,137452.3155247552
5655.405658389709,137474.61648141578
5655.435069433041,137212.19026833933
5655.4644806293245,137686.8265027689
5655.493891978561,137308.71654835672
5655.5233034807525,137231.8039527388
5655.552715135899,137289.11694748
5655.582126944002,137141.7355128298
5655.611538905061,137108.42513149005
5655.640951019077,136857.8280163855
5655.670363286052,136934.7425263922
5655.699775705986,137039.3209831232
5655.7291882788795,137105.76490486963
5655.7586010047335,137391.31779592726
5655.78801388355,137263.34600342056
5655.817426915328,137074.8739307477
5655.846840100068,137293.42566869405
5655.876253437773,137425.68279774973
5655.905666928443,137690.13625534144
5655.935080572078,137524.71778038147
5655.964494368679,137543.59867377495
5655.993908318247,137693.18343887242
5656.023322420782,137546.31915933243
5656.052736676287,137722.88354273263
5656.082151084761,138041.9455417765
5656.111565646204,138002.5645616637
5656.140980360619,137612.76409458183
5656.170395228007,137496.14635712243
5656.199810248366,137796.03157402037
5656.229225421698,137884.96736614578
5656.258640748006,137702.40776534085
5656.288056227288,137625.81802789855
5656.317471859545,137716.95346189348
5656.346887644779,137813.15555080812
5656.376303582991,137937.1121458188
5656.40571967418,138075.14294848434
5656.435135918348,138149.07959843372
5656.464552315497,138071.721948995
5656.493968865626,137813.0306900076
5656.523385568736,137710.07723292508
5656.552802424828,137680.94313745308
5656.5822194339025,137770.92725894233
5656.6116365959615,137503.93130065544
5656.641053911005,137317.82086503814
5656.670471379034,136889.27198833722
5656.699889000049,136465.27654424228
5656.72930677405,136471.02962729413
5656.75872470104,135289.87936149305
5656.788142781017,134075.7550283461
5656.817561013984,133070.67368870327
5656.846979399941,131510.98796991783
5656.87639793889,129039.6864080259
5656.90581663083,126068.80765564833
5656.935235475761,122284.5671544383
5656.964654473687,117770.43986958872
5656.994073624606,111833.3426528477
5657.023492928521,105192.35869801838
5657.05291238543,98086.287423194
5657.082331995337,90482.87032244996
5657.111751758241,83193.41384159532
5657.141171674142,76484.32221265468
5657.170591743043,71895.43133671119
5657.200011964943,69123.58983421967
5657.229432339843,68620.47575081194
5657.258852867745,70433.73643886531
5657.288273548648,73940.50656451788
5657.317694382555,78611.96284643328
5657.347115369465,83542.33430637172
5657.37653650938,88490.51663644497
5657.4059578023,92587.86670718742
5657.435379248225,95951.1289514933
5657.464800847158,98135.86241810798
5657.494222599097,98900.25245068193
5657.523644504046,98257.4242375364
5657.553066562004,96086.19679615358
5657.582488772971,92652.38496475338
5657.61191113695,90188.09269373123
5657.641333653939,88280.38394371481
5657.6707563239415,86980.14315069486
5657.700179146957,87448.47645966489
5657.729602122987,88705.88952422811
5657.75902525203,90238.0951407636
5657.78844853409,91928.77293560846
5657.817871969166,92676.01801308301
5657.847295557259,93843.44186551709
5657.87671929837,93959.09196523624
5657.906143192499,94228.19339412813
5657.935567239649,93776.15354707431
5657.964991439819,93059.74442487734
5657.994415793009,91793.7713855976
5658.023840299222,89827.10645176304
5658.053264958457,87629.59406142436
5658.082689770716,85413.45991181869
5658.112114735998,84327.3744665382
5658.141539854307,84837.16824869144
5658.170965125641,87018.99378669598
5658.200390550001,90731.70328424087
5658.229816127389,95408.41272326017
5658.259241857806,101249.07138211418
5658.288667741251,106444.36680214528
5658.318093777726,111871.35689181829
5658.347519967232,115857.69927467854
5658.37694630977,120485.22556100372
5658.40637280534,123898.17238293115
5658.435799453942,126973.15209671266
5658.465226255579,129497.35411163616
5658.49465321025,131318.38757422686
5658.524080317957,133590.0158975015
5658.553507578699,134935.0499420899
5658.582934992479,135810.37910386163
5658.612362559297,136692.96457411672
5658.641790279154,137084.18217005345
5658.671218152049,136989.5901365023
5658.700646177985,137110.25605638145
5658.730074356961,136432.67332502373
5658.75950268898,136531.0252728688
5658.788931174042,136074.70363511474
5658.818359812147,135074.77957424236
5658.847788603295,134373.15612067303
5658.877217547489,134015.92115677337
5658.906646644728,133767.1636478092
5658.936075895015,133105.16375810793
5658.965505298349,133400.01054926566
5658.994934854731,133556.69935889565
5659.024364564161,134363.68524650307
5659.053794426642,134560.57123351563
5659.083224442173,135089.17490682847
5659.112654610754,136060.08457666638
5659.1420849323895,135854.51021485685
5659.171515407077,136340.52083582865
5659.200946034818,136263.12526178965
5659.230376815613,136944.4538407046
5659.259807749465,137352.1393264685
5659.289238836372,137356.4236151806
5659.318670076336,137770.23818496015
5659.348101469358,137622.28283618295
5659.377533015438,138223.1428305081
5659.406964714578,138290.6527079215
5659.436396566777,138149.51794503065
5659.465828572038,137965.75006887323
5659.49526073036,138497.28036743347
5659.524693041745,138707.2395518256
5659.5541255061935,138084.24789576113
5659.583558123705,137986.53704573066
5659.612990894282,138042.7203098421
5659.642423817925,137781.30208599428
5659.671856894634,137203.25228315085
5659.701290124411,136714.09688591197
5659.730723507256,136145.73761888818
5659.760157043169,134709.1567973334
5659.789590732152,134466.5190757388
5659.819024574205,133665.74079757402
5659.84845856933,132634.47504857826
5659.877892717527,132342.1319859814
5659.907327018796,131757.3733609983
5659.93676147314,130952.15934465303
5659.966196080558,130459.65499664034
5659.99563084105,130001.13113488666
5660.025065754619,130431.99765455216
5660.054500821265,130419.39646299179
5660.083936040988,130631.61330527047
5660.11337141379,131962.53389133772
5660.142806939672,132467.8927012673
5660.1722426186325,133569.13994385788
5660.201678450674,134282.1769570052
5660.231114435798,134942.4186370457
5660.260550574004,135928.8935677517
5660.289986865293,136348.7078648605
5660.319423309666,136566.04165773263
5660.348859907123,136700.31178773197
5660.378296657666,137400.2402058011
5660.4077335612965,137379.0758613404
5660.437170618014,138190.8105030178
5660.466607827818,138019.55358240646
5660.496045190712,137721.67032430615
5660.525482706695,137654.55335183008
5660.554920375768,137138.9201459524
5660.584358197933,136657.47773827225
5660.61379617319,135829.009295672
5660.643234301539,135569.57511896282
5660.672672582982,135532.80049526456
5660.702111017519,135241.7910686853
5660.7315496051515,135577.44399258427
5660.76098834588,136170.9466470286
5660.790427239705,136563.9323865404
5660.819866286628,136941.23644126707
5660.8493054866485,137452.90391664763
5660.878744839769,137541.1709509083
5660.908184345989,138045.92523695622
5660.937624005309,138138.51577810134
5660.967063817731,138818.7533289207
5660.996503783255,139080.05943323957
5661.025943901883,140099.85245000356
5661.055384173615,139672.664725265
5661.084824598451,139366.446407721
5661.114265176392,139781.62555797904
5661.14370590744,140193.4029993262
5661.173146791595,139786.56402378468
5661.202587828858,139340.14064204734
5661.232029019229,139148.0590945974
5661.2614703627105,139220.5201914555
5661.290911859302,138492.8409299924
5661.320353509003,137954.75516441205
5661.349795311818,137712.1106828865
5661.379237267744,137319.26114800625
5661.408679376785,136899.24176148482
5661.438121638939,135898.89034086504
5661.467564054208,135060.76627232257
5661.497006622593,134547.27231963965
5661.526449344095,133928.22305241358
5661.555892218715,132788.1746040278
5661.585335246453,131551.80121778807
5661.614778427309,129863.64637414817
5661.644221761286,127299.35364370237
5661.673665248382,123965.47751105708
5661.703108888601,120155.7652788557
5661.732552681941,115826.82751377208
5661.761996628405,110713.38394652272
5661.791440727992,106002.58015277011
5661.820884980704,102846.0101324146
5661.8503293865415,100960.50590767663
5661.879773945506,100492.82626260271
5661.909218657596,101799.12443833248
5661.938663522815,103724.15726134296
5661.968108541161,105255.28910069053
5661.997553712637,105982.97060015002
5662.026999037244,105308.20125231826
5662.056444514981,104011.9864309942
5662.0858901458505,101709.12361990452
5662.115335929852,97712.71159404733
5662.144781866988,93147.99970786045
5662.174227957256,88571.34543447234
5662.203674200661,84423.31755646887
5662.2331205972005,82329.86588836084
5662.262567146877,82143.18046874864
5662.292013849691,83977.27996825172
5662.321460705643,87584.05510609408
5662.350907714734,92432.52302021405
5662.380354876965,98002.38038675018
5662.4098021923355,103826.65217487988
5662.439249660848,109607.48409556242
5662.468697282502,114461.03021959592
5662.4981450573,118854.17267437966
5662.527592985241,123167.53447497645
5662.557041066327,126789.2201015254
5662.586489300557,130023.9930722697
5662.615937687935,132580.1308849242
5662.645386228459,134683.8177614964
5662.67483492213,136333.3846572807
5662.7042837689505,137127.5411746022
5662.733732768919,138125.08924809855
5662.763181922039,139146.63905103633
5662.79263122831,139657.4620526626
5662.822080687732,139604.5236433519
5662.851530300306,139981.67482043584
5662.880980066034,140316.55015042232
5662.910429984915,140043.08820023687
5662.9398800569525,139835.28428476586
5662.969330282144,139909.03874342516
5662.998780660493,139393.54387045206
5663.028231191999,138768.006655714
5663.057681876663,138742.28941581564
5663.087132714486,138247.4364623986
5663.116583705469,137713.16746782642
5663.146034849611,136891.82587909978
5663.175486146915,136182.7745243811
5663.204937597382,134836.98460480527
5663.234389201011,133845.55480169147
5663.263840957804,132989.49290029422
5663.293292867761,131633.02708696903
5663.322744930883,131482.6745349693
5663.352197147171,131830.1939801173
5663.381649516627,132301.4915012664
5663.411102039249,133600.86756200084
5663.44055471504,134164.0157074982
5663.4700075440005,135136.94348788334
5663.499460526131,136039.97669308688
5663.528913661432,137091.7407467237
5663.558366949904,138288.09075405187
5663.587820391549,138310.7010090132
5663.617273986368,138788.81855987967
5663.64672773436,139513.03316982772
5663.6761816355265,139936.06445059122
5663.705635689869,140233.05831502992
5663.735089897388,140357.1618860435
5663.764544258084,140425.05206037554
5663.793998771957,140649.9498831663
5663.82345343901,140913.15764744082
5663.852908259243,140572.96270643955
5663.882363232656,139883.0230457928
5663.911818359249,140243.17593804983
5663.941273639025,139840.05862533374
5663.970729071983,139792.89187752453
5664.000184658125,140430.6329160345
5664.029640397452,140889.3708062839
5664.059096289963,141047.33878797447
5664.08855233566,141113.74021188263
5664.118008534544,141155.9527846069
5664.147464886616,140953.61987542923
5664.176921391876,140729.48881671912
5664.206378050325,141140.2138458661
5664.235834861964,141222.54195518163
5664.265291826793,141270.77905392283
5664.294748944814,141515.19421486804
5664.324206216028,141555.7595562908
5664.353663640434,141889.47849513465
5664.383121218035,141909.37164659542
5664.41257894883,140852.93090169888
5664.44203683282,140992.54871925656
5664.4714948700075,141438.90936114753
5664.500953060391,141366.3130832652
5664.530411403973,140995.98543421458
5664.559869900753,140708.39619879768
5664.589328550734,140499.7539518037
5664.618787353913,139832.4621394854
5664.648246310295,139277.0960170845
5664.677705419877,138079.5125554369
5664.7071646826635,137118.0558423447
5664.736624098653,135797.67341045543
5664.766083667846,134180.6980942776
5664.795543390244,132299.38414444771
5664.825003265849,130151.47758904353
5664.85446329466,129130.22048993126
5664.883923476678,128161.5921319663
5664.913383811905,128011.78388252616
5664.942844300341,128737.22196087088
5664.972304941986,130146.04424697712
5665.001765736842,131508.33329470822
5665.03122668491,132754.8146805562
5665.060687786189,133868.14644961577
5665.090149040682,135425.155130146
5665.119610448389,136638.7241707969
5665.14907200931,137672.86836378675
5665.178533723446,138499.07386515933
5665.207995590799,139507.09346897347
5665.237457611369,140118.7089684842
5665.2669197851565,140539.71896915688
5665.296382112162,140628.85218949025
5665.3258445923875,141474.46414138007
5665.355307225834,141200.39406602504
5665.3847700125,140773.8828347648
5665.414232952388,142249.56701976314
5665.4436960455,142112.93523869012
5665.473159291834,141931.33313385307
5665.502622691392,141622.32568203736
5665.532086244176,141548.1708689099
5665.5615499501855,141563.16844324517
5665.591013809421,141601.46153622016
5665.620477821884,141774.32134218272
5665.649941987575,141561.0567387699
5665.679406306495,141794.86008112083
5665.708870778646,141093.02239415553
5665.738335404027,140957.20360105447
5665.767800182638,140468.75274512172
5665.797265114482,140153.76295356426
5665.826730199559,139508.11765001115
5665.85619543787,138344.41691625846
5665.885660829415,137514.63055278774
5665.915126374196,135924.39593510906
5665.944592072212,134379.80479795634
5665.974057923466,133749.6611861076
5666.003523927957,132696.93372704377
5666.032990085687,132117.63001812066
5666.062456396656,132406.04679106755
5666.091922860865,132705.97333868442
5666.121389478315,132297.3800968821
5666.150856249007,131684.67307766966
5666.180323172941,131594.47117885432
5666.209790250119,130899.55429593155
5666.239257480541,129065.00410435369
5666.268724864207,126355.42532113324
5666.298192401119,122870.41417281948
5666.327660091278,118476.39090625863
5666.357127934684,113562.57987038407
5666.386595931338,108321.98481763502
5666.4160640812415,103359.78519285981
5666.445532384394,100195.89997838679
5666.475000840796,98615.75749236596
5666.504469450451,99338.74880706315
5666.533938213358,101652.84774563614
5666.563407129517,104961.5371869462
5666.59287619893,108815.3092383372
5666.622345421597,112675.3267316947
5666.651814797519,115869.34752107969
5666.681284326698,118293.99494481842
5666.710754009134,121302.43666878952
5666.740223844827,121664.62448817218
5666.769693833779,122719.22992793679
5666.799163975989,123699.95137128349
5666.82863427146,124859.22086623962
5666.8581047201915,125738.9150352535
5666.887575322185,127336.61778252861
5666.91704607744,129012.5526783793
5666.9465169859595,131102.89719818687
5666.975988047742,132899.6639349951
5667.00545926279,134477.5025728609
5667.034930631104,135865.74925183365
5667.064402152683,137223.16899465813
5667.09387382753,137789.94606488117
5667.123345655645,138642.01179302193
5667.152817637028,139352.49387987077
5667.182289771682,140388.28782187586
5667.2117620596055,140816.67792015476
5667.241234500801,141159.95612764967
5667.270707095267,141219.4912083744
5667.300179843007,141547.35128433004
5667.32965274402,142063.6920212802
5667.359125798308,142068.34789317718
5667.388599005871,141991.52811337644
5667.41807236671,141977.7127445959
5667.447545880825,142024.03386144963
5667.477019548218,142091.37971022565
5667.506493368889,142348.5868439335
5667.53596734284,142197.2633368327
5667.56544147007,142113.41908243776
5667.594915750582,142446.96280099862
5667.6243901843745,142398.54774990553
5667.65386477145,142376.13268953795
5667.683339511808,142559.35407095624
5667.71281440545,142401.8407056822
5667.742289452377,142304.85589245628
5667.77176465259,142281.62670228712
5667.801240006089,141970.39919458094
5667.830715512875,141627.98822242435
5667.860191172948,141445.80911375835
5667.889666986312,141244.26259385358
5667.919142952964,140773.78842608532
5667.948619072906,140200.26226530856
5667.9780953461395,138948.19428518065
5668.007571772665,137427.54341455846
5668.037048352484,135346.4365911757
5668.0665250855955,132595.88242716025
5668.096001972001,129691.90735487938
5668.125479011703,125820.00461717891
5668.154956204699,120893.33284348706
5668.184433550993,115275.52888028917
5668.213911050584,108922.91143577703
5668.243388703474,102690.2185682559
5668.272866509663,97174.70851757131
5668.302344469151,92757.95610695053
5668.33182258194,89948.70846263539
5668.361300848031,89474.87970982004
5668.390779267424,91289.86663918519
5668.42025784012,94719.47965252787
5668.44973656612,99126.28215332015
5668.479215445424,104721.03817157852
5668.508694478034,110048.52014126426
5668.538173663951,114623.54869041295
5668.567653003174,119469.68573776382
5668.597132495705,123505.97088048284
5668.626612141545,127454.60679107597
5668.656091940695,130934.50504913846
5668.685571893154,133578.3159100246
5668.7150519989245,135709.88793730745
5668.744532258007,137155.68894240295
5668.774012670402,138735.92931141218
5668.803493236111,139183.2124594519
5668.832973955134,139554.91071207615
5668.862454827471,139719.86176268285
5668.891935853125,139286.51177382204
5668.921417032095,138876.58889388994
5668.950898364383,138080.43852104156
5668.980379849989,136924.80375449063
5669.009861488913,135762.71611623053
5669.039343281158,135621.67829916335
5669.068825226724,135567.92919701285
5669.09830732561,135074.12079021166
5669.127789577819,134891.1317441403
5669.157271983351,135309.8218726359
5669.186754542207,135670.23355590476
5669.216237254387,136078.6305500857
5669.245720119893,136482.52133494642
5669.275203138725,136703.8049100171
5669.304686310884,136990.27618451577
5669.3341696363705,138356.57426351184
5669.363653115186,139433.036937755
5669.393136747331,139588.0646655245
5669.422620532806,140477.26892910234
5669.452104471612,141381.51990477162
5669.481588563749,141483.3585882655
5669.5110728092195,141921.6832943954
5669.5405572080235,142444.71154577064
5669.570041760161,142407.82042530226
5669.599526465634,142747.6042027437
5669.629011324442,143258.1403070235
5669.658496336588,142871.91082628697
5669.68798150207,142482.7870468311
5669.71746682089,143067.3527995888
5669.74695229305,144226.76326107365
5669.776437918549,144132.81136751914
5669.8059236973895,142945.401561152
5669.835409629571,143062.1210335709
5669.864895715094,143203.93215809893
5669.89438195396,142903.12457330956
5669.92386834617,143066.91119236735
5669.953354891724,142580.9173383447
5669.982841590624,142926.93846914492
5670.01232844287,143406.44845847122
5670.041815448463,142793.71060871074
5670.071302607404,142961.23530107422
5670.100789919693,142884.66095491635
5670.130277385331,141979.08250295682
5670.15976500432,142785.28430944015
5670.1892527766595,142219.9268826455
5670.218740702351,142332.3387503122
5670.248228781395,142129.724818369
5670.277717013792,142321.51391063098
5670.307205399543,142767.8863110702
5670.33669393865,142746.39406470407
5670.366182631111,142751.6771106042
5670.395671476929,143088.9192099838
5670.425160476105,143526.68156296338
5670.454649628638,143815.28128933784
5670.484138934531,143831.13280388268
5670.513628393784,144004.834510947
5670.543118006396,144300.90818983052
5670.57260777237,143789.76724435767
5670.602097691706,143065.7187753892
5670.631587764406,142948.19542197287
5670.661077990469,142483.90276526846
5670.690568369895,142157.67296706003
5670.720058902688,142328.31272301657
5670.749549588846,142358.78394294315
5670.779040428371,141048.45625650836
5670.808531421265,140500.35546514002
5670.838022567526,139426.46133020165
5670.867513867157,139099.31057864544
5670.897005320157,138188.25520439268
5670.92649692653,137684.51162391377
5670.955988686273,137169.70426236055
5670.985480599388,136801.49073558563
5671.014972665877,136559.72863689798
5671.044464885741,136711.81740376796
5671.073957258978,137552.21974348725
5671.103449785592,138395.88075452787
5671.132942465582,139023.2021493837
5671.162435298949,139104.36663332436
5671.191928285694,139735.71228160994
5671.221421425818,140835.63979506324
5671.250914719322,141650.68669205153
5671.280408166206,142152.12472143094
5671.309901766472,142486.52629528975
5671.339395520119,142815.0734880124
5671.368889427149,143307.09304875735
5671.3983834875635,143916.72720508525
5671.4278777013615,144201.59381739367
5671.457372068545,143945.7756869928
5671.4868665891145,144218.16010650565
5671.51636126307,144662.82045436982
5671.545856090414,144238.6095681444
5671.5753510711465,144627.13636770047
5671.604846205269,144848.3133534917
5671.63434149278,144631.3275688388
5671.663836933682,144347.3046817821
5671.693332527976,144660.50446073146
5671.722828275662,144950.34476893808
5671.752324176741,144972.7129669089
5671.7818202312155,145223.84840700548
5671.811316439083,144650.80598512528
5671.8408128003475,144895.58624719523
5671.870309315007,145209.10559297225
5671.899805983065,145018.6139310298
5671.92930280452,145148.24371277884
5671.958799779374,145526.72919989956
5671.988296907628,145249.66797034812
5672.017794189282,144775.1497881057
5672.047291624337,144604.00205054172
5672.076789212794,144956.06128927317
5672.106286954654,144999.56198506363
5672.135784849917,144866.70979872724
5672.165282898585,144690.224756912
5672.1947811006585,144799.5261142219
5672.224279456138,144994.0083735375
5672.253777965024,144409.1579639201
5672.283276627317,144733.42631873515
5672.312775443018,144100.969557843
5672.342274412129,144842.46625879384
5672.37177353465,144827.59356315908
5672.401272810581,144413.3240773793
5672.430772239924,144701.92131941463
5672.46027182268,144500.6278478342
5672.489771558848,144960.48468803734
5672.51927144843,144754.51897574923
5672.548771491428,145025.80004037224
5672.57827168784,145281.0390628291
5672.607772037669,144882.0973299717
5672.637272540916,145028.6206292008
5672.6667731975795,144792.936168043
5672.696274007662,144810.97757615868
5672.725774971164,144778.37309765804
5672.755276088087,144619.74466647298
5672.784777358431,144715.1285178908
5672.814278782196,144891.53436188583
5672.843780359384,144969.13033654928
5672.873282089997,144956.26984395843
5672.902783974033,145126.37872084035
5672.9322860114935,145188.41989271573
5672.961788202381,145012.21732919515
5672.9912905466945,145305.38779855528
5673.020793044436,145363.74109564265
5673.050295695605,145272.6602853404
5673.079798500205,146161.44585728727
5673.109301458233,144978.33372927646
5673.138804569692,145598.86633995353
5673.168307834583,145625.869925023
5673.197811252906,145459.25943854052
5673.227314824662,144994.12608973286
5673.256818549852,145318.17265399153
5673.2863224284765,145058.97288252716
5673.315826460537,144827.40592411306
5673.345330646033,145655.44660845515
5673.374834984967,145773.07361990312
5673.404339477338,145804.88972578233
5673.433844123148,145706.69500829253
5673.463348922398,145503.7027533465
5673.492853875087,145137.7636268649
5673.5223589812185,145083.85472499556
5673.551864240791,145008.7194678024
5673.581369653806,145483.40111895703
5673.610875220265,145333.5424515106
5673.640380940168,144808.6816572585
5673.669886813516,145261.0452999967
5673.69939284031,145633.86706426085
5673.728899020551,145282.75811075474
5673.758405354239,145017.7677162692
5673.787911841375,145235.71958035472
5673.817418481961,146001.84292175894
5673.846925275996,145462.9302385565
5673.876432223481,145606.9321747867
5673.905939324419,145219.08935431403
5673.935446578808,145182.81588091812
5673.9649539866505,145144.28467601092
5673.994461547947,145462.45069549105
5674.023969262697,146074.98087108464
5674.053477130904,145634.06544590727
5674.082985152567,145489.21999527476
5674.112493327686,145516.12605542858
5674.142001656264,145451.65362488513
5674.1715101383,145381.1888563718
5674.201018773795,145098.2852542313
5674.230527562751,145043.76436541817
5674.260036505168,145270.6774784133
5674.2895456010465,145315.19229440138
5674.319054850387,144946.38311938551
5674.348564253191,144459.07893751728
5674.37807380946,143953.6769824595
5674.407583519194,144020.39856327965
5674.437093382394,143670.26746719735
5674.46660339906,142890.89148465093
5674.496113569194,141968.62138888365
5674.525623892795,140931.17394081707
5674.555134369866,139429.00928571366
5674.584645000406,137291.54304127907
5674.614155784418,134781.71661224385
5674.6436667218995,131957.20670310885
5674.673177812854,128591.00737035302
5674.702689057282,125721.10041887964
5674.732200455183,123525.31682002089
5674.76171200656,122274.10544004357
5674.791223711411,122612.02721654027
5674.820735569739,123500.35550995619
5674.850247581543,125475.19352391672
5674.879759746826,127802.62040610326
5674.909272065586,129731.2898240408
5674.938784537826,132107.35125045115
5674.968297163547,133315.34781210907
5674.997809942748,134737.9545045051
5675.027322875431,136380.72219570674
5675.056835961597,137628.64534389687
5675.086349201246,138222.78309316296
5675.115862594379,139896.24299921643
5675.1453761409975,140794.64293495147
5675.1748898411015,141441.89508855628
5675.204403694692,142396.9925719475
5675.233917701769,143307.4796618246
5675.263431862335,143867.20316839524
5675.292946176391,144397.6813349846
5675.322460643934,144841.2032837935
5675.35197526497,145107.24886257702
5675.381490039496,145235.60657545016
5675.4110049675155,145746.718733205
5675.440520049026,146087.74009024637
5675.470035284032,145313.22687080907
5675.499550672532,145706.8323747511
5675.529066214527,145364.81058312053
5675.558581910019,145485.44541803648
5675.588097759007,144679.77714458294
5675.617613761493,144125.35725724697
5675.647129917477,143763.56417224955
5675.676646226962,143779.18692547965
5675.706162689945,143503.47436622492
5675.73567930643,143744.24132327116
5675.765196076417,144254.07478724295
5675.794712999906,144707.96268473164
5675.824230076898,145051.7036997908
5675.853747307395,145212.49364174248
5675.883264691396,145579.06031496497
5675.912782228903,146143.2790750765
5675.942299919917,145857.29867624273
5675.971817764438,146069.56631188357
5676.001335762467,145984.49590840482
5676.030853914005,146485.0112390811
5676.060372219053,146258.31987646385
5676.089890677611,146396.95316627785
5676.11940928968,146725.92164954584
5676.148928055262,146949.11387651667
5676.178446974356,146334.02511809612
5676.207966046964,146590.83658569143
5676.237485273087,146215.8687460174
5676.2670046527255,145943.95811977598
5676.296524185879,146297.07362967567
5676.32604387255,146204.97173958458
5676.355563712738,145694.47879077034
5676.385083706446,146678.2649341416
5676.414603853672,146725.99670100468
5676.444124154419,145652.9963431773
5676.473644608686,145549.4753321209
5676.503165216475,145850.08058568797
5676.532685977786,145908.70239390188
5676.562206892621,145578.64634871343
5676.59172796098,145923.4778258421
5676.621249182864,145975.77531954803
5676.6507705582735,146101.04805148783
5676.680292087209,146155.74136213242
5676.709813769672,146748.11569410644
5676.739335605664,146401.0573225929
5676.768857595183,146700.04504356947
5676.798379738233,147078.62265008347
5676.827902034813,146420.79028302146
5676.857424484924,147136.99013022342
5676.886947088568,146995.21585566713
5676.916469845744,146511.4698799438
5676.945992756454,146474.95423853988
5676.975515820699,146492.65807400184
5677.005039038479,145796.69606399865
5677.0345624097945,145346.53755102906
5677.064085934647,145100.540029206
5677.093609613037,145388.2891543027
5677.123133444966,146240.70126025943
5677.1526574304335,146456.40450914594
5677.182181569441,146847.42814124146
5677.211705861991,146568.06140001383
5677.241230308081,146818.49079319296
5677.270754907713,146867.69029562932
5677.30027966089,146935.64937809773
5677.329804567609,147025.17017577562
5677.359329627875,146918.8025462845
5677.388854841685,147264.40624015903
5677.418380209042,147041.66018717803
5677.447905729947,146941.40152927005
5677.477431404399,146626.6846419792
5677.5069572324,146289.8226298851
5677.53648321395,146314.0608205009
5677.5660093490515,145890.38904449757
5677.595535637704,144169.58939489335
5677.625062079908,143875.50556445878
5677.654588675666,143010.71534533318
5677.684115424976,141611.18114150435
5677.713642327842,142035.92619167548
5677.743169384262,141417.0236220509
5677.772696594238,141319.3731887861
5677.802223957772,142652.2159095268
5677.831751474862,143196.31218304788
5677.861279145512,143926.9953032606
5677.89080696972,144447.91241578024
5677.920334947489,144566.11261553474
5677.949863078818,145009.46598328458
5677.979391363709,145492.05259101605
5678.008919802162,145362.15358430467
5678.038448394179,145004.99964650723
5678.067977139759,145408.1607742954
5678.097506038905,145044.68089424763
5678.127035091616,143838.01914750595
5678.156564297893,142643.17857518693
5678.186093657737,140282.87835890014
5678.21562317115,137951.92815697723
5678.245152838131,134621.6618624995
5678.274682658682,132019.35743523494
5678.304212632803,129496.6078058245
5678.333742760496,127778.11854164423
5678.363273041759,126832.28408174322
5678.392803476597,128001.10944425227
5678.422334065008,129561.44093925616
5678.4518648069925,131573.8965675276
5678.481395702553,133978.91274041665
5678.510926751689,136045.7431905938
5678.540457954402,137675.66724741386
5678.569989310693,139873.71306119306
5678.599520820562,141393.24968139554
5678.629052484011,143143.43606654453
5678.658584301038,144154.47667413583
5678.688116271647,145674.37417944754
5678.717648395837,146013.42110482362
5678.74718067361,146921.2480799208
5678.776713104967,146737.13800032443
5678.806245689906,147439.31656349087
5678.835778428431,147886.00970526144
5678.865311320542,148338.89109789993
5678.894844366238,148417.08891152733
5678.924377565522,147929.79117944825
5678.953910918393,148022.69417230933
5678.9834444248545,147949.80589899674
5679.012978084905,148431.2137698255
5679.042511898545,147625.63359525177
5679.072045865776,147699.25887827208
5679.1015799866,148035.64825093318
5679.131114261017,146836.3980082311
5679.160648689026,148061.3968889475
5679.19018327063,147060.0325391217
5679.219718005829,147181.50467708654
5679.249252894625,147176.73045347372
5679.278787937017,147632.66223266753
5679.3083231330065,147549.74201217399
5679.337858482594,147700.8047889312
5679.367393985782,147625.64830765105
5679.3969296425685,147908.77038415472
5679.426465452956,147217.9181502884
5679.456001416946,146776.6382309411
5679.485537534537,146562.1943401258
5679.515073805732,146187.08218586558
5679.54461023053,146136.49241663437
5679.574146808934,145773.647651253
5679.603683540943,145245.41028243938
5679.633220426558,145688.8183207502
5679.6627574657805,146712.5763727358
5679.692294658611,146765.50427780123
5679.72183200505,147264.9619990317
5679.751369505098,147131.35390995874
5679.780907158757,147185.17087211896
5679.810444966027,147473.49912704487
5679.839982926909,147731.74725466775
5679.8695210414035,147902.71423087214
5679.899059309512,148484.1042663545
5679.928597731235,148764.90210924792
5679.958136306572,148928.68698021074
5679.987675035525,148400.2192036296
5680.017213918096,148544.39173216274
5680.046752954284,148430.27707527604
5680.07629214409,148592.58057242903
5680.1058314875145,148558.77337235046
5680.13537098456,148521.1192213901
5680.164910635226,148223.59997027356
5680.194450439513,148000.71694573425
5680.223990397422,148388.89862379988
5680.253530508955,148468.20108201948
5680.283070774112,147474.49388696227
5680.312611192893,147372.54872957894
5680.3421517653005,147081.34118323473
5680.371692491333,147448.1178339951
5680.401233370993,146644.72892269306
5680.430774404282,146243.23588496225
5680.460315591198,146623.3959871887
5680.489856931745,146073.66217838827
5680.519398425921,146593.75285060875
5680.548940073729,146561.0918998973
5680.578481875169,145873.87620731097
5680.608023830241,146351.53953501815
5680.637565938947,147292.68443489796
5680.667108201287,147800.28463614237
5680.696650617262,147996.61015171514
5680.726193186873,148248.15035913486
5680.755735910121,148441.52988921845
5680.785278787006,148437.33410063552
5680.814821817529,148197.141670879
5680.8443650016925,148516.56458645835
5680.873908339495,148261.92858932144
5680.903451830938,148543.94564529974
5680.932995476022,148762.2771097666
5680.962539274749,148455.10916280275
5680.992083227119,148160.73574904312
5681.021627333133,148420.67264382468
5681.051171592792,148099.49858389728
5681.080716006096,148226.88088201563
5681.110260573047,147838.7657983058
5681.139805293644,147818.28984135107
5681.169350167889,148216.311631409
5681.198895195783,147820.72525796972
5681.2284403773265,147570.45377322478
5681.25798571252,147428.7902557107
5681.287531201365,146179.98307761975
5681.317076843861,145475.96977908578
5681.3466226400105,144084.14665996534
5681.3761685898135,143076.2779905513
5681.405714693271,140542.20962340714
5681.435260950383,138132.34149573202
5681.464807361151,136254.84461152003
5681.4943539255755,134854.55295726744
5681.523900643658,133091.94253222615
5681.553447515398,132157.4916577083
5681.582994540797,132736.88036386695
5681.612541719856,133603.19821494995
5681.642089052576,133521.19719271257
5681.6716365389575,134107.87410066125
5681.701184179002,133736.59345088893
5681.730731972708,132458.13102652237
5681.760279920079,130321.50838875273
5681.789828021114,127805.16801506949
5681.819376275815,124116.24008460574
5681.848924684182,119292.23734984467
5681.878473246215,114613.17247696623
5681.908021961917,110044.50935251634
5681.937570831288,106774.500538299
5681.967119854328,104698.33434635912
5681.996669031038,105627.93589517334
5682.0262183614195,107950.67553803272
5682.0557678454725,112360.9203128749
5682.085317483198,116372.32077875616
5682.114867274598,121286.72078376901
5682.144417219671,125114.98710385681
5682.173967318419,129116.82735443384
5682.203517570843,132843.0432236597
5682.233067976945,135904.40631823137
5682.262618536723,138687.27112103233
5682.2921692501795,140913.06194983516
5682.321720117315,141960.53298034696
5682.351271138131,142908.41358333782
5682.380822312627,144378.50193073315
5682.410373640804,145468.3029889603
5682.439925122664,146441.17538763455
5682.469476758207,146905.3148438973
5682.499028547434,147853.16708502884
5682.528580490345,147792.39024517595
5682.558132586942,147934.52870165024
5682.5876848372245,148140.08531460405
5682.617237241195,147512.92498918637
5682.646789798853,147898.66068130505
5682.676342510199,147755.52965216094
5682.705895375235,148314.57538551968
5682.735448393962,147748.30569756357
5682.7650015663785,147874.90223538887
5682.794554892487,147157.3492168992
5682.82410837229,147706.68651563587
5682.853662005784,147916.80831556814
5682.883215792974,147849.07517282764
5682.912769733858,148334.6654780766
5682.942323828438,148455.59375682488
5682.971878076715,148362.1241464336
5683.001432478689,148160.98019806846
5683.030987034362,147284.49273663925
5683.060541743733,147134.8948283193
5683.090096606804,146972.4754084383
5683.119651623576,146479.95558106463
5683.149206794049,145848.5883146192
5683.178762118225,144955.22130702942
5683.208317596103,143262.65302401345
5683.237873227686,141327.84643985695
5683.267429012973,138677.07817964643
5683.296984951965,135118.34854764267
5683.326541044664,130497.00346547345
5683.356097291069,125134.85655029639
5683.385653691183,118985.40009978104
5683.415210245004,112642.40075041725
5683.444766952536,106452.49276030916
5683.474323813778,100975.68740190312
5683.503880828731,97635.78306173086
5683.533437997395,96340.43649131895
5683.562995319772,97125.17127274832
5683.5925527958625,99991.63174207964
5683.622110425667,103029.0807627294
5683.651668209187,105031.05404016685
5683.681226146423,107203.43020236344
5683.710784237375,109186.72045219876
5683.740342482044,110136.63221435346
5683.769900880432,110857.77010814754
5683.799459432539,112734.75665438897
5683.829018138365,114943.1244612433
5683.858576997913,117827.64893443823
5683.888136011181,122683.42327309573
5683.917695178172,127249.17749450797
5683.947254498886,130026.65095457791
5683.976813973323,133367.1196975424
5684.006373601485,136258.23517616192
5684.035933383373,138822.7361785343
5684.065493318987,140186.04035069552
5684.095053408328,141741.81969946544
5684.124613651396,143467.5439270498
5684.154174048193,145074.6883753606
5684.183734598721,146408.20382426446
5684.213295302977,147247.38025401236
5684.242856160965,148356.9439525823
5684.272417172684,148926.5515846281
5684.301978338137,149982.87600575484
5684.3315396573225,149660.80395118133
5684.361101130242,150333.67236847148
5684.390662756897,150563.73986290547
5684.420224537287,150675.68435631818
5684.449786471415,150525.10704724776
5684.479348559279,150664.9828765882
5684.5089108008815,151199.3542964464
5684.538473196223,151608.61477720414
5684.568035745305,151294.06460212456
5684.597598448127,151171.8902174422
5684.627161304691,151232.60831424277
5684.656724314997,150782.05671304752
5684.686287479045,151254.98531885876
5684.715850796838,151669.71628198406
5684.745414268375,150864.79195337128
5684.774977893657,150851.8493710238
5684.804541672685,151008.20987446167
5684.834105605461,150957.15131187448
5684.863669691985,151314.70989747398
5684.893233932256,151256.88330087272
5684.922798326278,151431.82212579582
5684.95236287405,150717.86064240398
5684.981927575573,151180.91047902286
5685.011492430846,150852.46969152693
5685.041057439874,150948.22246813087
5685.070622602654,150743.36396197157
5685.100187919188,149924.61429246105
5685.129753389478,149299.48515582233
5685.159319013524,149507.80278445987
5685.188884791325,149256.997193049
5685.218450722885,149238.8859972639
5685.248016808202,150027.65464329533
5685.277583047278,149392.0914155038
5685.307149440115,148187.01842302576
5685.336715986711,148348.3809408274
5685.3662826870695,147704.2063161945
5685.39584954119,146774.09982687695
5685.425416549073,145979.10039856166
5685.45498371072,144136.3636193245
5685.484551026132,142971.33338437037
5685.514118495309,141647.98518173082
5685.5436861182525,140456.74658528916
5685.573253894962,139299.36892534798
5685.6028218254405,137733.00907698157
5685.632389909687,137291.60022905597
5685.6619581477025,135390.13063784735
5685.691526539489,132618.5104876974
5685.721095085046,130082.89091201921
5685.750663784375,128065.52947239109
5685.780232637477,124994.03346220581
5685.809801644351,122227.71449682921
5685.839370805,120608.95920550605
5685.868940119424,120397.28870161646
5685.898509587624,122411.53215703939
5685.928079209601,124516.8895207299
5685.957648985354,128009.23721436341
5685.9872189148855,131410.06917364037
5686.016788998197,133769.34612179687
5686.046359235287,136284.55613350592
5686.0759296261585,139207.31997429833
5686.105500170811,141298.06669885697
5686.135070869246,143734.51310406823
5686.164641721463,146043.7455713217
5686.194212727465,146758.1358119667
5686.223783887251,147628.74751181054
5686.253355200823,148561.72903352554
5686.28292666818,150149.4339702505
5686.312498289325,150195.51975254374
5686.342070064257,150995.6089170444
5686.371641992978,150988.43055566194
5686.4012140754885,151387.04751336793
5686.430786311788,151181.21233670638
5686.46035870188,150921.68977477317
5686.489931245763,150885.8462470898
5686.519503943439,151109.0789546927
5686.549076794908,151159.92050474734
5686.578649800172,151053.5255801818
5686.608222959229,150616.95055568047
5686.6377962720835,150307.36510840422
5686.667369738734,150193.21472795395
5686.696943359182,150712.4797332447
5686.726517133428,150738.56978024033
5686.756091061474,149833.69268114597
5686.7856651433185,149257.44172200162
5686.815239378964,149798.5539691287
5686.844813768411,150062.96038445042
5686.8743883116595,150126.66027726245
5686.903963008712,150106.47199185286
5686.933537859568,150516.65745884506
5686.963112864228,150429.83548801954
5686.992688022693,150668.35038169913
5687.022263334965,151018.5709075388
5687.051838801044,151345.91661538088
5687.081414420931,150112.6547273175
5687.110990194626,149531.03508464753
5687.140566122131,148993.47497931667
5687.170142203445,148176.8626366331
5687.19971843857,147224.96705203663
5687.229294827508,145167.77727415506
5687.258871370258,143149.50595570775
5687.288448066821,140292.6314825894
5687.318024917198,136198.48312554674
5687.347601921391,131620.39187125687
5687.377179079399,125838.97673383894
5687.406756391224,118964.71568330546
5687.436333856866,111788.68867171426
5687.465911476326,105006.86013969615
5687.495489249606,99806.18109862476
5687.525067176705,96560.44404479106
5687.5546452576245,95659.74484583874
5687.584223492366,97280.8507951806
5687.613801880929,100696.12328363355
5687.643380423315,105175.06614414082
5687.672959119524,109909.61114201996
5687.702537969559,113314.28467018995
5687.732116973419,116472.85832096687
5687.761696131105,119838.72792536953
5687.791275442618,123907.00706276622
5687.820854907958,127462.94522351044
5687.850434527128,130232.72548679603
5687.880014300126,132479.0261539373
5687.909594226955,135639.36747085754
5687.939174307615,137841.50548252833
5687.968754542107,140246.4061696074
5687.99833493043,142243.1412130929
5688.027915472588,144196.92151792068
5688.05749616858,146112.52774439845
5688.0870770184065,147510.33758917978
5688.116658022069,148913.17627920196
5688.146239179568,149822.29834377905
5688.175820490904,149909.0261214866
5688.205401956078,151341.0912683286
5688.234983575092,151875.36763594026
5688.264565347945,152256.66289966594
5688.294147274639,152055.30562694525
5688.323729355174,152823.26793359724
5688.353311589551,153197.45585922897
5688.382893977771,152728.85065199385
5688.412476519835,152664.26306964227
5688.442059215744,152495.2877029717
5688.471642065498,152955.8434391102
5688.501225069098,152765.32606041944
5688.530808226545,152744.12544848784
5688.56039153784,152668.14857044347
5688.589975002983,152785.38469231332
5688.619558621976,152311.76676205505
5688.649142394818,151930.63542129044
5688.678726321513,151843.50413765488
5688.7083104020585,152214.68626975437
5688.737894636456,151678.42991114076
5688.767479024708,151382.9417331581
5688.797063566813,150570.72900272787
5688.826648262774,150693.73768008468
5688.856233112591,150224.32800919068
5688.885818116264,150116.18185280473
5688.915403273794,151290.4039474491
5688.944988585183,152081.1171249235
5688.97457405043,152932.2617103881
5689.004159669538,153138.6143637247
5689.033745442506,153317.48183112353
5689.063331369335,152828.99717965035
5689.092917450027,154275.01204793874
5689.122503684581,153522.05044839834
5689.152090072999,153466.9321434028
5689.1816766152815,154275.69908678494
5689.21126331143,153898.619704108
5689.2408501614445,153403.28016219224
5689.270437165325,153425.89377411286
5689.3000243230745,153528.52952945023
5689.329611634692,152990.81647063154
5689.3591991001795,153036.5890078188
5689.388786719536,153209.4782763704
5689.418374492764,152612.4016249868
5689.447962419864,151816.27066043933
5689.4775505008365,151882.13015138052
5689.507138735682,151243.1141316176
5689.536727124402,149860.97077366395
5689.566315666997,148387.5172300113
5689.595904363468,146698.46459524453
5689.625493213815,143888.28408792376
5689.65508221804,141729.78904422326
5689.684671376142,138021.90681205658
5689.714260688124,135850.77911684816
5689.743850153986,134511.33120428462
5689.773439773729,133441.48653904864
5689.803029547352,134418.80884171955
5689.832619474858,135770.99614384913
5689.862209556246,137516.96909983133
5689.891799791519,139202.52117426446
5689.921390180676,141970.48004361996
5689.950980723718,143818.11470467199
5689.980571420647,146000.14922887736
5690.010162271462,147799.62356143002
5690.039753276165,148483.95333912873
5690.069344434757,149579.38307950608
5690.098935747239,150534.36176870388
5690.12852721361,151097.56861115355
5690.158118833872,151609.6944491264
5690.1877106080265,151846.12557907964
5690.2173025360735,151935.42812835184
5690.246894618014,152514.4411884371
5690.276486853848,152520.76476831402
5690.306079243577,152312.93849082227
5690.335671787203,152076.72306510442
5690.365264484724,152455.62579637347
5690.394857336143,152210.87357527626
5690.42445034146,152266.2200075589
5690.454043500677,152740.14613019506
5690.483636813793,152399.0040021037
5690.51323028081,152281.1000964555
5690.542823901727,152203.13489892794
5690.572417676547,152482.52411259245
5690.6020116052705,151748.8666739293
5690.631605687898,150666.95774549444
5690.661199924429,148958.0465992321
5690.690794314865,147123.11264481908
5690.7203888592085,146131.2158805631
5690.749983557459,144694.8067088583
5690.779578409617,143848.05352925148
5690.809173415683,143120.364109095
5690.838768575659,141768.65411467289
5690.8683638895445,142805.5970722849
5690.897959357341,143997.51217300908
5690.92755497905,145142.63954554783
5690.957150754672,146111.50715295543
5690.986746684206,147189.69502843436
5691.016342767655,148479.90688372075
5691.045939005019,149522.91218178248
5691.075535396299,150434.48807394365
5691.1051319414955,152103.7361074809
5691.134728640609,152733.61734344644
5691.164325493641,153264.30005646695
5691.193922500592,153884.17740902744
5691.223519661462,154280.12567732093
5691.253116976253,154104.5940417047
5691.282714444966,154965.45682418055
5691.312312067601,154644.1225951492
5691.341909844158,154533.58710926076
5691.37150777464,154224.05718784433
5691.401105859047,154562.02672427858
5691.430704097378,154983.72189408858
5691.460302489636,154898.22844708143
5691.48990103582,154929.0313369947
5691.519499735933,154663.98784428838
5691.549098589974,155246.6606889146
5691.5786975979445,155141.62796000054
5691.608296759846,155542.6703102673
5691.637896075677,155084.5083761587
5691.667495545441,155108.26081714
5691.697095169136,155288.93468286746
5691.726694946767,154747.66247522683
5691.75629487833,154668.7147063026
5691.7858949638285,155651.592032336
5691.815495203264,155514.4291026203
5691.845095596635,155491.2583477287
5691.874696143943,154855.2057540779
5691.9042968451895,154558.85327493507
5691.933897700375,154901.80918084588
5691.963498709501,154880.58307254687
5691.993099872568,154657.54510130256
5692.022701189575,154737.47851814752
5692.052302660524,155231.13711963184
5692.081904285417,154507.83946176714
5692.111506064254,154072.31302088994
5692.141107997035,153385.15878534486
5692.170710083762,152500.38723882864
5692.200312324435,153067.8804916901
5692.229914719054,153149.26722679526
5692.259517267622,153102.3342198589
5692.289119970138,152598.01661267946
5692.318722826603,152320.48005531746
5692.34832583702,151647.0995876425
5692.377929001386,151346.14215455693
5692.407532319705,151550.49636909654
5692.437135791976,150593.39502403804
5692.466739418201,150457.107796252
5692.49634319838,150669.91987652905
5692.5259471325135,150857.10650516028
5692.555551220604,151109.7890317482
5692.58515546265,151163.26457706065
5692.614759858654,151846.61214050942
5692.644364408616,151057.6217557465
5692.673969112537,150411.77497492192
5692.703573970418,150432.40344345075
5692.733178982259,150838.08605283656
5692.762784148062,150683.53297844253
5692.792389467827,149855.60733985287
5692.821994941555,148688.72924929005
5692.851600569247,146560.27541127562
5692.881206350903,144560.81350259864
5692.9108122865255,142147.14526475364
5692.9404183761135,140781.49025896154
5692.970024619669,140099.45607151705
5692.999631017192,139693.30907571228
5693.029237568684,140823.5520823005
5693.058844274145,142494.24256049958
5693.088451133576,144810.40239323085
5693.118058146978,146108.54901316488
5693.147665314353,147448.62130945103
5693.177272635699,149204.67473234612
5693.20688011102,150436.70461716325
5693.236487740314,151412.8470097388
5693.266095523583,152327.4369085885
5693.295703460829,154040.8384732058
5693.325311552051,154522.84319200527
5693.354919797251,154110.6400841506
5693.384528196428,154420.767704325
5693.414136749585,155235.2664083993
5693.443745456721,155497.14951995385
5693.473354317838,155855.22919560355
5693.502963332937,155859.45543667342
5693.5325725020175,155962.84269833274
5693.562181825082,155952.63962656012
5693.591791302129,155981.7714458841
5693.621400933162,155375.3393127088
5693.651010718179,156084.464038838
5693.680620657184,156024.65063625222
5693.710230750175,155764.40030444632
5693.739840997154,155668.58827880587
5693.769451398121,155026.94528879397
5693.799061953078,155413.23011022707
5693.828672662025,155165.6227904607
5693.858283524964,155617.51991017838
5693.887894541894,154718.26055563585
5693.917505712817,154276.3289544373
5693.947117037733,153568.91634896985
5693.976728516644,153067.86450158106
5694.006340149549,151864.63547504233
5694.03595193645,150901.9433364971
5694.065563877349,150408.25215817423
5694.095175972244,149172.61821895977
5694.124788221138,149359.95898359802
5694.154400624031,148170.04750934057
5694.184013180923,147126.15304482044
5694.213625891817,146071.83467305338
5694.243238756711,144547.68702882808
5694.272851775609,143091.6349740991
5694.302464948509,143014.86259419314
5694.332078275413,142932.66128918028
5694.361691756321,143783.3428350012
5694.391305391236,144763.35043130154
5694.4209191801565,146028.1800541459
5694.450533123084,147531.50252208154
5694.480147220019,149524.18061477126
5694.509761470963,150374.25394066825
5694.539375875916,151793.91618605575
5694.56899043488,153279.975825999
5694.598605147855,154394.2323253662
5694.628220014842,155411.3203424269
5694.65783503584,155599.8783323392
5694.687450210854,155737.50364333822
5694.71706553988,156134.82242361596
5694.7466810229225,156140.9993774003
5694.776296659981,155799.61678535334
5694.8059124510555,156347.41244950664
5694.835528396148,156459.45397635986
5694.865144495258,156843.3845067975
5694.894760748388,156830.38065653972
5694.9243771555375,157019.3494211053
5694.953993716707,157289.23678179813
5694.983610431899,156348.95875201692
5695.013227301113,156109.3488036482
5695.04284432435,155572.58932077617
5695.072461501611,154995.72264200982
5695.102078832896,155274.4605083492
5695.131696318207,155527.78609688114
5695.161313957545,155336.4710818013
5695.190931750909,154881.83308759864
5695.2205496983015,154157.2493948326
5695.2501677997225,154425.37049096348
5695.279786055173,154176.28713218647
5695.309404464653,154122.86506269727
5695.339023028166,154175.00005071863
5695.368641745709,153440.15405797027
5695.398260617286,153394.9093335505
5695.427879642895,153292.88539037964
5695.4574988225395,153827.79612402365
5695.487118156219,153920.310108263
5695.516737643934,154963.1796152651
5695.546357285686,154900.0812774929
5695.575977081476,155011.42225601018
5695.605597031304,155405.80116692866
5695.63521713517,155453.114537677
5695.6648373930775,155449.4624482929
5695.694457805024,156019.83552201552
5695.724078371014,155441.23519188573
5695.753699091045,155620.66715561683
5695.7833199651195,155468.94891687934
5695.812940993238,154980.2817519456
5695.8425621754,154855.70844851772
5695.872183511609,153272.93999736372
5695.901805001864,151907.50558809575
5695.931426646166,151670.6519654478
5695.961048444516,149869.5551734955
5695.9906703969145,149962.53641839983
5696.020292503363,149476.63508136803
5696.049914763861,149815.71494967776
5696.079537178411,150706.87940499425
5696.109159747012,151166.8984524913
5696.138782469667,151787.7981158752
5696.168405346374,152363.93699164988
5696.198028377136,153378.31389749175
5696.227651561953,153611.4558521383
5696.257274900827,154324.2093482982
5696.286898393757,154906.0649797817
5696.316522040744,155719.50944481159
5696.34614584179,156632.93659342686
5696.375769796895,157403.7502713672
5696.4053939060595,157129.180947345
5696.435018169285,156800.05982173653
5696.464642586572,156891.85350422125
5696.494267157921,157201.94367039436
5696.523891883334,157318.04132967108
5696.55351676281,156850.88513591257
5696.583141796352,156950.68706261777
5696.612766983959,157264.05959854648
5696.642392325632,157137.67555946298
5696.672017821372,157141.94410126636
5696.70164347118,156709.6338963048
5696.7312692750575,156929.0079278087
5696.760895233004,157353.76752637606
5696.79052134502,157265.81801103163
5696.820147611108,157202.05293217005
5696.849774031269,157274.13570387152
5696.879400605501,157330.83732562192
5696.909027333807,157214.85555426002
5696.938654216188,157855.71187052713
5696.9682812526435,157438.52380071013
5696.997908443175,157643.71424655613
5697.0275357877845,157515.1577825901
5697.05716328647,157378.61113662441
5697.086790939235,156731.57467540776
5697.116418746078,156972.1563513076
5697.146046707002,156579.63710200303
5697.175674822006,156527.83107726477
5697.205303091092,156768.85056006027
5697.23493151426,155803.34442553978
5697.264560091512,155628.61110891085
5697.294188822847,155351.27880576084
5697.323817708268,154838.59737586306
5697.353446747773,154401.3044974464
5697.383075941365,154010.8462981452
5697.412705289044,153793.59593935043
5697.442334790812,153702.79119870986
5697.471964446668,153139.47553106135
5697.501594256613,152362.30481218363
5697.53122422065,151655.96463738076
5697.560854338777,150780.48864151633
5697.590484610996,149491.183426434
5697.620115037308,148879.9021463835
5697.649745617714,148254.74805085215
5697.679376352214,147619.41163016128
5697.709007240809,147893.3714278173
5697.7386382835,148386.1317152148
5697.768269480288,149390.88584828615
5697.797900831173,149554.67254333725
5697.827532336158,149781.50234339252
5697.857163995241,150575.8247886751
5697.886795808424,151525.63303448065
5697.916427775708,152128.24682905865
5697.946059897094,152736.80805951252
5697.975692172581,153696.4693330996
5698.005324602173,154659.4846555555
5698.034957185868,155382.27191531728
5698.064589923668,155730.33488855694
5698.094222815573,155795.13182874775
5698.123855861585,155613.78793527297
5698.153489061704,156528.366559983
5698.183122415931,156571.3151552028
5698.212755924267,156541.468394335
5698.242389586713,156261.3139615272
5698.2720234032695,156318.59503662813
5698.301657373937,157245.9162180263
5698.3312914987155,156614.4915427172
5698.360925777608,156551.48873
5698.390560210613,156699.3826020114
5698.4201947977335,156128.6486156422
5698.449829538969,156076.99208794348
5698.479464434321,156347.64239021257
5698.509099483789,156727.42256616437
5698.538734687375,157830.6979016718
5698.568370045079,158122.26607641476
5698.5980055569025,157978.87020380292
5698.627641222846,157560.6668920928
5698.657277042911,157187.97143146078
5698.686913017097,157428.38783089764
5698.716549145405,157163.91845901703
5698.746185427837,156674.32494748104
5698.775821864393,156931.37906032565
5698.805458455074,157798.57033787278
5698.83509519988,157491.36217107452
5698.864732098813,157524.08318859665
5698.8943691518725,157696.26995170096
5698.9240063590605,157443.53442404553
5698.953643720378,156893.82189691556
5698.9832812358245,157245.68487583892
5699.012918905401,157723.57108534983
5699.0425567291095,158049.22770827002
5699.07219470695,158188.3828006378
5699.101832838923,158547.61008619954
5699.13147112503,158643.43858738354
5699.1611095652715,158613.5368567514
5699.190748159648,158468.909069344
5699.22038690816,158514.68002616585
5699.25002581081,158202.24369424145
5699.279664867597,157921.8647316291
5699.3093040785225,157592.26353900577
5699.338943443588,157043.9203451636
5699.368582962793,156962.90438421944
5699.398222636139,155658.3745217246
5699.427862463626,154860.15408978454
5699.457502445256,153024.59087326357
5699.48714258103,151122.0726387882
5699.516782870946,149706.20202522384
5699.546423315009,147395.53220837656
5699.576063913217,144807.48367885232
5699.6057046655715,143720.67666981506
5699.635345572073,144128.05677338957
5699.664986632723,145096.91326732008
5699.694627847522,146504.22523780848
5699.72426921647,148092.74001466203
5699.753910739569,149400.48231386102
5699.7835524168195,150025.18528416177
5699.813194248221,151542.64819358452
5699.842836233777,153119.06321628578
5699.872478373486,153911.59964963497
5699.902120667349,155019.6541826662
5699.931763115368,156394.03095565495
5699.961405717543,156793.4427027847
5699.991048473875,156596.9144647757
5700.020691384364,157714.4597676411
5700.050334449012,157688.2517881469
5700.07997766782,157590.51491282487
5700.109621040787,158049.20556723242
5700.139264567915,157174.41316795364
5700.168908249205,156773.42148823518
5700.198552084657,156694.28906268024
5700.228196074273,155264.93765317247
5700.257840218053,154412.59349862352
5700.287484515999,152808.24211956002
5700.317128968109,150875.9797038527
5700.346773574386,148408.70309627245
5700.37641833483,146197.73510809444
5700.406063249443,144926.97012529132
5700.435708318225,144340.02492861912
5700.465353541176,143454.2678391852
5700.494998918298,144349.92785565753
5700.5246444495915,145218.47666942846
5700.554290135056,146157.7186340055
5700.583935974695,146348.22170208182
5700.613581968507,146647.44380841544
5700.643228116493,146230.14950207536
5700.672874418656,144756.33669468382
5700.702520874994,143264.9442217581
5700.732167485508,140320.84825832414
5700.7618142502015,136703.12364699531
5700.791461169073,132462.73851025294
5700.821108242123,129107.63275141164
5700.850755469354,127432.57743641302
5700.880402850766,127098.94266538687
5700.910050386359,128078.56134209399
5700.939698076136,130107.82369489488
5700.969345920095,132935.23231044706
5700.998993918239,135820.1912625971
5701.028642070568,139644.38228823507
5701.058290377082,142871.8020148537
5701.087938837783,146227.52175296456
5701.117587452672,149026.3011774749
5701.147236221748,150864.30969298253
5701.176885145013,152767.88212541543
5701.206534222469,154319.61148891388
5701.236183454115,155810.6746357709
5701.265832839952,157047.6240926692
5701.295482379982,157921.16686317726
5701.325132074204,157780.88697277338
5701.3547819226205,157986.53619655813
5701.384431925231,158290.25587019435
5701.414082082038,157696.46478788264
5701.44373239304,156701.5180582056
5701.473382858239,155806.41574849538
5701.503033477637,154619.98253714383
5701.532684251232,154187.6108460707
5701.562335179028,153891.55589057054
5701.5919862610235,153244.70029892487
5701.62163749722,152330.94466859344
5701.651288887618,152574.28619745557
5701.680940432218,152712.11440207637
5701.710592131023,153260.7550537566
5701.740243984032,154317.0946077369
5701.769895991245,155033.5513685163
5701.799548152665,155554.3251210447
5701.829200468291,155828.6128783429
5701.858852938124,156401.06885748098
5701.888505562166,156739.78256353847
5701.918158340416,157257.20710598916
5701.947811272877,157743.2151197759
5701.977464359548,157648.69023234342
5702.00711760043,158019.29976314754
5702.036770995525,158675.35592619056
5702.066424544833,158499.6856621705
5702.096078248355,159019.47475945842
5702.125732106091,158496.70181002995
5702.155386118043,158673.2974694363
5702.185040284211,159025.18680660907
5702.214694604596,158821.09853002906
5702.244349079199,158160.62100768893
5702.27400370802,157855.6882697269
5702.3036584910615,158363.54250469815
5702.333313428323,159120.13983828764
5702.362968519805,158830.68000611916
5702.39262376551,158388.85271189112
5702.4222791654365,158068.56896825705
5702.4519347195865,158114.7141394754
5702.481590427961,158087.38560107828
5702.511246290561,157851.3624471895
5702.540902307386,157470.3603545865
5702.570558478438,157307.74426056092
5702.600214803718,157217.34151058565
5702.629871283226,157757.69743332267
5702.659527916963,157619.96890787655
5702.68918470493,158110.9541187466
5702.718841647128,158060.50649765765
5702.748498743556,158000.52009511864
5702.778155994218,157618.03698314808
5702.807813399113,157034.54670750588
5702.837470958241,157072.30058786194
5702.8671286716035,156796.6277544735
5702.896786539202,155864.55553254895
5702.926444561037,156565.6357573565
5702.956102737109,157025.7789229715
5702.985761067419,156861.8983231115
5703.015419551967,156741.0698744394
5703.045078190756,157083.4644904067
5703.074736983784,157337.9420446923
5703.104395931054,157464.38215191095
5703.134055032565,158794.33225915392
5703.163714288319,158955.1063164637
5703.1933736983165,159155.32527795678
5703.223033262559,159583.64351178586
5703.252692981046,160227.6608784049
5703.282352853778,160205.33873753023
5703.312012880758,160047.56286357646
5703.341673061986,160413.9816402855
5703.371333397461,160594.09086149183
5703.400993887186,161371.62324418387
5703.43065453116,160463.39220265124
5703.460315329386,160403.882941286
5703.489976281862,160592.37447421064
5703.519637388592,160310.62269664084
5703.549298649574,160537.13049733258
5703.57896006481,160959.98314264367
5703.608621634301,160849.4525414434
5703.638283358048,160839.5169116524
5703.667945236051,159984.89827788374
5703.697607268311,160100.29914780764
5703.727269454829,160798.94611496446
5703.756931795606,160703.99374779456
5703.786594290642,161133.22131039432
5703.816256939939,161240.94784437394
5703.845919743497,160192.06666475043
5703.8755827013165,158950.05151956683
5703.905245813399,158373.60711252084
5703.934909079746,157730.06162994038
5703.964572500357,157037.47156503217
5703.994236075232,156697.22567082106
5704.023899804374,155965.94911891982
5704.053563687782,154921.73218389403
5704.0832277254585,154800.84007579496
5704.1128919174025,155696.66679151243
5704.142556263617,156396.089261768
5704.1722207641005,156478.85335224637
5704.2018854188545,156896.52710273318
5704.231550227881,157986.18490621107
5704.261215191179,158385.6280113425
5704.290880308751,158305.58539813972
5704.320545580596,159132.11198583036
5704.3502110067175,159583.38518957462
5704.379876587113,159570.06807189377
5704.409542321786,159817.523280796
5704.439208210735,160107.94037120586
5704.468874253963,159940.13349130852
5704.498540451469,159501.08063598015
5704.528206803256,159394.3863582824
5704.5578733093225,159228.78853877983
5704.58753996967,158727.3461438919
5704.6172067843,157237.19996891878
5704.646873753212,155890.4022565564
5704.676540876409,155002.61373331008
5704.70620815389,153594.13751230683
5704.735875585655,151673.90395253254
5704.765543171708,150307.2388704649
5704.795210912046,149737.26820568653
5704.824878806672,150399.16362106372
5704.854546855588,151346.4624029051
5704.884215058792,152514.14818151048
5704.913883416286,153083.4850480405
5704.9435519280705,153741.95203297125
5704.973220594147,154502.97964094195
5705.002889414516,154615.20370222518
5705.032558389179,154628.75536443654
5705.062227518135,154211.2678039907
5705.091896801387,153304.60215266672
5705.121566238933,151504.31929759818
5705.151235830777,148782.79203290827
5705.180905576917,145302.24596489224
5705.2105754773565,141540.50011160263
5705.240245532094,137037.76185581938
5705.269915741132,132092.2521176869
5705.299586104469,128136.61836794249
5705.329256622108,125213.80287415234
5705.35892729405,123665.38000108629
5705.388598120294,123418.74149917816
5705.418269100841,123464.630410262
5705.447940235694,124500.1598044984
5705.477611524851,125898.6920445747
5705.507282968315,128347.06078698445
5705.536954566085,131723.68361148066
5705.566626318164,135484.0044816265
5705.59629822455,140055.82746509038
5705.625970285246,143347.03622263594
5705.655642500253,146681.44505751907
5705.685314869569,149010.28559128332
5705.7149873931985,151884.57739339265
5705.744660071139,154010.14902612567
5705.774332903394,155728.27629464123
5705.804005889963,156967.69617233012
5705.833679030847,157603.70067778317
5705.863352326046,158318.32229882764
5705.893025775562,158604.93611032376
5705.922699379395,158233.35891706333
5705.952373137547,157564.3377134586
5705.982047050017,157711.80649032255
5706.011721116807,157705.37768993402
5706.0413953379175,157230.85967832283
5706.071069713349,157010.16658938737
5706.100744243104,157112.93728000307
5706.1304189271805,157172.31953596385
5706.160093765581,157328.60186633005
5706.189768758307,157255.7052377884
5706.219443905357,156300.30035481232
5706.249119206734,155565.80206082764
5706.278794662438,154901.67226835748
5706.308470272469,154292.86381691796
5706.33814603683,153869.0910380939
5706.3678219555195,154048.18158440356
5706.397498028539,154344.69593382988
5706.427174255889,154282.42672143667
5706.456850637572,154840.98788572714
5706.486527173587,156237.07672638877
5706.5162038639355,156616.75172800227
5706.545880708618,157894.7249342446
5706.575557707635,158401.99059396834
5706.605234860989,158895.04809262193
5706.634912168679,159485.5347230331
5706.664589630706,159767.7970418819
5706.694267247072,159887.17724773544
5706.723945017777,160337.61579503075
5706.753622942821,161173.01992156572
5706.783301022206,161589.3133559306
5706.812979255932,161018.01743337463
5706.842657644001,161717.28257136574
5706.872336186412,161941.44788772098
5706.902014883168,162246.70419609448
5706.931693734268,162273.23537220524
5706.961372739714,162351.61114159197
5706.991051899505,162836.0514704647
5707.020731213644,162706.0650018549
5707.05041068213,162143.439167328
5707.080090304966,162361.32955627653
5707.10977008215,161481.42439893534
5707.139450013685,161282.79020271567
5707.169130099571,160693.90048145008
5707.198810339809,159865.1505969027
5707.228490734399,159182.42088415552
5707.258171283343,158517.39604870716
5707.287851986641,156910.2255199707
5707.317532844294,154269.68229993017
5707.347213856303,152504.1646391297
5707.376895022669,150385.28194928775
5707.406576343392,148869.10468891205
5707.436257818474,147187.44518208026
5707.465939447914,145644.66151093005
5707.495621231714,144036.76868755347
5707.525303169875,141709.736852912
5707.554985262397,138613.40194702175
5707.584667509283,135224.39650934873
5707.61434991053,131746.80963678673
5707.644032466142,128238.508540193
5707.673715176118,124974.34762277169
5707.70339804046,123088.42972420978
5707.733081059168,122708.6708415157
5707.762764232244,124685.36454993497
5707.792447559687,127934.22775339037
5707.822131041499,131671.2884385352
5707.8518146776805,136043.7781954553
5707.881498468232,140211.98527290826
5707.911182413155,143330.78097037793
5707.940866512449,146932.47812395782
5707.970550766117,150761.3863272977
5708.000235174158,152569.60541640085
5708.029919736573,154639.41374832467
5708.059604453364,156369.77006279587
5708.08928932453,158287.94220470815
5708.118974350073,159487.59409174934
5708.148659529994,159929.22207583638
5708.178344864293,160494.67240498227
5708.208030352971,160854.63201862053
5708.237715996029,161194.44470346422
5708.267401793468,160735.95496323777
5708.297087745288,160719.30246347227
5708.3267738514905,159858.52812228378
5708.356460112076,158178.76787292768
5708.386146527046,157714.6673933244
5708.415833096401,156691.60043588743
5708.44551982014,154247.38963878984
5708.475206698267,151653.55016628376
5708.504893730781,148536.94846443602
5708.534580917682,144551.29511483156
5708.564268258972,138766.50788902224
5708.593955754653,132909.870445625
5708.623643404723,126231.3999150591
5708.653331209184,120064.77680222012
5708.683019168038,115027.27723215129
5708.712707281285,112001.8813956675
5708.742395548924,111075.89693582719
5708.772083970958,111141.06223000682
5708.801772547388,111702.60010829727
5708.831461278213,113547.36698310464
5708.861150163436,116968.32013613525
5708.890839203055,119320.61735349092
5708.920528397074,124017.95318198623
5708.9502177454915,130402.7310691231
5708.979907248308,135627.89478033685
5709.009596905527,139671.54731683296
5709.039286717147,143514.13446470714
5709.068976683169,147146.36109053862
5709.098666803595,150587.5837020511
5709.128357078424,153743.3939943172
5709.158047507659,155576.30929961623
5709.187738091299,157010.484917153
5709.217428829345,157683.82299028774
5709.247119721799,158954.22921824612
5709.276810768661,160260.93302140792
5709.306501969932,160731.32485287962
5709.336193325612,160982.11544707615
5709.365884835703,161470.97523562092
5709.395576500205,161739.58270654062
5709.425268319119,161860.14667208647
5709.454960292445,162051.94331435137
5709.484652420187,162410.55845057408
5709.514344702341,162948.91097066068
5709.544037138911,162576.23883369358
5709.573729729898,162476.14804312677
5709.603422475301,162859.8734130858
5709.6331153751225,162879.6489957638
5709.662808429362,162951.0030330055
5709.692501638021,163340.19008619312
5709.722195001099,163352.08424892966
5709.751888518599,163701.14115907106
5709.781582190521,162985.83492606157
5709.811276016864,162938.0999849897
5709.840969997632,163103.7914526791
5709.870664132823,163392.8614599769
5709.900358422439,163571.67177967
5709.930052866481,163413.22660379842
5709.95974746495,162870.58137572452
5709.989442217845,162760.4368907269
5710.019137125169,162887.71350482883
5710.048832186922,161789.68802776712
5710.078527403104,161776.03058108393
5710.108222773718,160606.82735357858
5710.137918298762,159566.80071868777
5710.1676139782385,157453.77415485217
5710.197309812148,154834.21778517155
5710.2270058004915,151689.1365498463
5710.256701943269,147647.6929201166
5710.286398240482,142996.7438530771
5710.316094692132,137994.52656605406
5710.345791298218,132816.82076631035
5710.375488058741,128652.93206544405
5710.405184973704,125676.29273936023
5710.434882043106,125773.18212356699
5710.464579266948,127702.0957674356
5710.4942766452305,130377.7229940323
5710.523974177956,133612.82545397678
5710.553671865123,137334.73544450593
5710.583369706734,141757.00415990438
5710.613067702789,145760.66035207294
5710.642765853288,148203.54130275422
5710.672464158234,150687.07622888868
5710.7021626176265,153280.4992402452
5710.731861231467,154841.56016323462
5710.761559999754,157272.25921150614
5710.791258922492,158602.74420749326
5710.820957999678,159653.22787961198
5710.850657231315,160546.67525244778
5710.880356617404,160505.52208035332
5710.910056157945,160057.8828072465
5710.939755852939,159935.96025830536
5710.969455702387,159085.15385195334
5710.9991557062895,156778.34202201787
5711.028855864647,154463.00905574425
5711.058556177461,152166.70047584624
5711.088256644732,148844.85144990488
5711.117957266461,145812.12070676373
5711.147658042649,142792.4488657202
5711.177358973296,140740.5282209905
5711.207060058403,140310.77139457656
5711.2367612979715,140459.00323977476
5711.266462692001,140832.98967591417
5711.296164240494,141950.4816312186
5711.3258659434505,142352.29688119434
5711.3555678008715,142768.86593527268
5711.385269812757,143355.58442415044
5711.4149719791085,142755.95962954735
5711.444674299926,143780.33176074314
5711.4743767752125,145291.12311692236
5711.504079404966,147028.16989188088
5711.533782189189,148870.34440441246
5711.563485127882,150675.33647080231
5711.593188221045,152822.4437962139
5711.622891468681,154426.10820403718
5711.652594870788,156047.12726346144
5711.682298427369,156767.87691010712
5711.712002138423,157611.94824515973
5711.741706003952,159070.54731524715
5711.771410023956,160141.25658152832
5711.801114198437,160605.0973453407
5711.830818527395,160698.3389925876
5711.8605230108315,161081.26159314252
5711.890227648746,161948.5889810664
5711.91993244114,162271.25321069293
5711.949637388015,161568.98569802413
5711.9793424893705,160968.64011523998
5712.009047745209,160224.78574354277
5712.038753155529,161143.26653478763
5712.068458720332,161029.98770172044
5712.098164439621,160670.1282103096
5712.127870313394,161458.4319635894
5712.157576341653,162059.58394848745
5712.1872825244,162283.18906968247
5712.216988861634,162914.4608701067
5712.246695353355,163143.2861792716
5712.276401999567,163305.3553373234
5712.306108800268,163103.61401881467
5712.335815755459,162836.77387833848
5712.365522865143,164466.01033054295
5712.395230129319,164505.10734575358
5712.4249375479885,164843.07625837598
5712.454645121151,165083.00655581895
5712.484352848809,165139.13161446116
5712.514060730962,165314.23974397327
5712.543768767612,165402.32730971876
5712.57347695876,165480.40481183692
5712.603185304404,164988.92025128484
5712.632893804548,165287.96638793583
5712.6626024591915,164826.06935995744
5712.692311268336,164793.7813169694
5712.722020231981,165263.1127411594
5712.751729350128,165342.27990209233
5712.781438622778,165533.2583217324
5712.811148049932,165910.86764412947
5712.84085763159,165897.5029938422
5712.870567367753,165710.90194042225
5712.900277258423,165731.8514351026
5712.929987303599,165509.03278027478
5712.959697503283,165194.44869321526
5712.989407857474,165162.0753667493
5713.019118366176,165679.2882843399
5713.048829029388,165978.18827596342
5713.07853984711,165821.32987212663
5713.108250819344,165534.90012398176
5713.137961946091,165548.2910348082
5713.167673227351,165510.43809976234
5713.1973846631245,165201.8805440225
5713.227096253413,165023.76714965512
5713.256807998218,164705.9258251837
5713.286519897539,164211.07103807453
5713.316231951378,164303.9334562716
5713.345944159733,163688.69961336968
5713.375656522609,163343.34063936124
5713.405369040004,162861.77414942314
5713.435081711919,161582.9569743068
5713.464794538356,161106.2772497252
5713.4945075193145,161555.01641219613
5713.524220654796,161891.0832274633
5713.553933944802,162341.88717348836
5713.583647389332,162495.917128658
5713.613360988387,162255.03065711888
5713.643074741969,162516.59413719538
5713.672788650078,163940.91964031328
5713.702502712714,164656.33406869383
5713.732216929879,164292.14832902004
5713.761931301573,164003.86915544694
5713.791645827797,164449.66467151605
5713.821360508552,164223.7359046168
5713.851075343839,163828.8688097556
5713.880790333658,164363.09706367628
5713.910505478011,164341.29430661767
5713.940220776898,164770.5239512718
5713.96993623032,164162.65980189783
5713.999651838278,164126.4868017487
5714.029367600772,165147.81189613143
5714.059083517804,164576.88895938976
5714.088799589374,164276.39805604087
5714.118515815483,164056.113303328
5714.148232196131,163280.89125536088
5714.177948731321,161840.0269935821
5714.207665421051,159935.69603441822
5714.237382265324,157890.40899842745
5714.26709926414,154681.15049659816
5714.2968164175,150900.3185545921
5714.326533725404,147256.7294219712
5714.356251187854,144133.17687875286
5714.38596880485,141909.2720393704
5714.4156865763925,140737.91057044792
5714.445404502483,141301.41619429277
5714.475122583122,143081.33432505644
5714.504840818312,145358.97774627234
5714.53455920805,147979.41088347757
5714.564277752341,150921.3248851317
5714.593996451183,153634.04976429293
5714.623715304578,154896.8926737893
5714.653434312526,157627.5767470836
5714.683153475028,159584.07873168122
5714.712872792085,160465.22706490802
5714.7425922636985,161963.35234656342
5714.772311889868,163251.92812802672
5714.802031670596,164291.24546742896
5714.831751605881,164933.53394603817
5714.861471695726,165298.13201034383
5714.891191940131,165656.46733484714
5714.9209123390965,165911.70738265384
5714.950632892624,166540.03228035595
5714.980353600713,166328.93669040207
5715.010074463365,166486.2458842952
5715.039795480581,167065.5663596401
5715.069516652362,166607.99941175044
5715.0992379787085,166652.82601668584
5715.128959459621,167430.85404075094
5715.1586810951,167134.1113614683
5715.188402885148,166457.90500088525
5715.218124829765,166472.7113358746
5715.247846928951,166430.21163798354
5715.277569182707,166578.38940281316
5715.307291591034,167012.91768076984
5715.337014153934,166989.95103702642
5715.366736871406,167277.32094979056
5715.396459743452,167316.3481402248
5715.426182770072,166617.04491076095
5715.455905951268,166554.79667808907
5715.485629287038,166892.57414355705
5715.515352777386,166584.28070954292
5715.5450764223115,166341.91105155397
5715.574800221816,166607.92733805432
5715.604524175898,166536.40613168073
5715.634248284562,166493.8665369835
5715.663972547805,166752.15568942606
5715.693696965631,166309.9893870447
5715.723421538039,165744.91851433556
5715.75314626503,165668.66859303002
5715.782871146605,165735.24025662706
5715.8125961827645,165516.20616115065
5715.8423213735105,165672.26875518478
5715.872046718842,165957.8053234401
5715.901772218761,166119.38575018727
5715.931497873268,166137.40499805458
5715.961223682364,165770.24151163307
5715.99094964605,165850.03633350565
5716.0206757643255,166718.19550046246
5716.050402037193,166351.18972435835
5716.080128464652,167127.23044046425
5716.109855046704,166871.9803206106
5716.13958178335,167130.80709381183
5716.16930867459,167741.51825721652
5716.199035720426,168216.3868733953
5716.228762920857,168177.2164710021
5716.258490275885,167869.8433100548
5716.288217785512,167960.00128290057
5716.317945449736,168164.30939950925
5716.347673268559,167816.8030279965
5716.3774012419835,167617.7558449431
5716.407129370008,167442.97329030716
5716.436857652635,167016.90670715636
5716.466586089864,167546.64246330294
5716.496314681696,167410.46756487893
5716.526043428133,167177.68169232312
5716.555772329173,167586.07519193488
5716.58550138482,167872.5656976122
5716.615230595074,167687.48984132672
5716.644959959935,167820.60265062112
5716.674689479403,168098.71711639717
5716.7044191534815,167647.848987323
5716.734148982169,167262.6685781922
5716.763878965467,166411.63215940128
5716.793609103376,166119.10999998107
5716.823339395898,166060.80041770855
5716.853069843032,165430.20622651145
5716.8828004447805,164339.19633869574
5716.912531201144,162982.34281459425
5716.942262112121,161481.946864126
5716.971993177716,159437.0196292211
5717.001724397927,157108.02271521263
5717.031455772756,154553.56136160097
5717.0611873022035,150877.8356272109
5717.0909189862705,147804.15383847148
5717.120650824958,145772.0959715546
5717.150382818266,143379.14183355556
5717.180114966196,143876.84009008904
5717.2098472687485,144822.30436686904
5717.239579725924,146592.62373550126
5717.269312337725,149188.56507287733
5717.29904510415,150979.37955185917
5717.3287780252,152795.3029113399
5717.358511100879,154564.3930397669
5717.388244331183,155433.63541622958
5717.417977716116,156731.16993645276
5717.447711255679,157373.9041385885
5717.477444949871,159325.95441982406
5717.5071787986935,160626.78957090576
5717.5369128021475,160867.5648831569
5717.566646960234,161816.94447858667
5717.596381272953,162528.48571634595
5717.626115740307,163527.3351759181
5717.655850362295,163939.04206194618
5717.685585138918,163768.82670265596
5717.715320070178,164603.22752117697
5717.745055156074,165415.19792185113
5717.774790396609,164787.90660444403
5717.804525791783,164972.02704953638
5717.834261341595,165547.3031987475
5717.863997046048,166650.07896682032
5717.893732905142,166900.7979774268
5717.923468918879,167762.83501843736
5717.953205087258,167448.20002780366
5717.98294141028,166981.4724188968
5718.012677887946,167530.50481052225
5718.042414520258,167705.04607270556
5718.072151307215,167474.24115304757
5718.10188824882,167872.16838765208
5718.131625345071,168258.18590796978
5718.161362595972,168248.26289380304
5718.191100001521,168210.69351094868
5718.22083756172,167511.07550648204
5718.25057527657,167491.51474032312
5718.280313146071,167154.53049851113
5718.310051170225,167586.21847645903
5718.339789349032,166702.11130097636
5718.369527682493,166630.04812985714
5718.399266170609,166231.98676438903
5718.42900481338,166321.0300381509
5718.458743610808,167012.5767519994
5718.488482562892,166523.12635387387
5718.518221669636,166157.73938787988
5718.547960931037,166837.47711817146
5718.5777003470985,166881.52492654684
5718.60743991782,167047.39272242968
5718.637179643202,166860.77366587787
5718.666919523247,167134.8545748364
5718.696659557955,167487.43395303065
5718.726399747326,167134.61156537608
5718.756140091362,167371.6696785843
5718.785880590062,167644.02395611609
5718.81562124343,168174.76103597507
5718.845362051463,168455.98810384521
5718.875103014164,168017.3511634406
5718.9048441315335,168117.67805904444
5718.934585403573,168017.5976712943
5718.964326830282,168245.40793109397
5718.994068411662,168114.53362574228
5719.023810147713,168648.25557943824
5719.053552038437,167998.27719409871
5719.0832940838345,167874.4142072329
5719.113036283906,167980.5831244191
5719.142778638652,167609.05898463042
5719.172521148073,167203.40417339766
5719.202263812172,167323.81452901513
5719.232006630948,167805.8249230457
5719.261749604401,168095.855791129
5719.291492732534,167906.28541835237
5719.321236015346,167837.15607832873
5719.350979452839,168443.67553395228
5719.380723045013,167855.46498983158
5719.410466791869,168523.6355206971
5719.4402106934085,168844.40705539004
5719.469954749631,168641.41106990876
5719.499698960538,168689.77985399985
5719.529443326131,168794.6813247208
5719.55918784641,168455.69869587725
5719.588932521376,168180.4682168088
5719.618677351029,168507.9362897922
5719.648422335371,168704.47852776927
5719.6781674744025,168469.30612681192
5719.707912768124,168455.91168043314
5719.737658216536,167618.64246911526
5719.767403819641,167820.0409524333
5719.797149577437,168032.71952925922
5719.826895489928,167045.65071129575
5719.856641557112,166797.9460847905
5719.886387778992,167048.16103588848
5719.916134155566,167515.26083387833
5719.945880686838,167751.03332216686
5719.975627372807,167519.40316808227
5720.005374213474,167129.23179476714
5720.035121208841,166940.11723821508
5720.064868358907,166674.0352503908
5720.094615663674,165930.62448259076
5720.124363123142,165354.73031551225
5720.154110737312,164737.95574407588
5720.183858506186,165026.06966903323
5720.213606429763,164263.4601532102
5720.243354508045,163825.75128333765
5720.273102741032,164545.75441239247
5720.302851128726,164791.79171834554
5720.332599671126,165247.49685899573
5720.362348368235,165590.92540717544
5720.392097220052,165796.87139382435
5720.421846226578,166417.37826771574
5720.451595387815,167132.32675211344
5720.481344703763,167827.54758309288
5720.511094174423,167752.25605579582
5720.540843799796,168320.9426257303
5720.5705935798815,168571.49992587665
5720.600343514681,168833.5166377245
5720.630093604197,169111.020668676
5720.659843848428,169165.5421935358
5720.689594247376,169196.66972876262
5720.719344801041,169346.94220778008
5720.749095509425,169167.84343091695
5720.778846372528,168908.61524266942
5720.808597390351,168775.76023291828
5720.838348562895,169103.3368616834
5720.86809989016,169798.35331935107
5720.897851372147,169591.5102343294
5720.927603008858,169965.68443479337
5720.957354800292,169507.27790132907
5720.987106746451,169705.26865272352
5721.016858847336,169823.03837993802
5721.046611102947,169286.84458540703
5721.076363513285,169085.44658625618
5721.106116078352,168655.53866687138
5721.1358687981465,168930.54079284213
5721.1656216726715,169520.0993450187
5721.195374701926,170049.34450893523
5721.225127885913,170281.1500656366
5721.2548812246305,169945.3797330953
5721.284634718082,169965.513171306
5721.314388366267,169784.8208762504
5721.344142169186,169381.49646430594
5721.37389612684,169215.39778649405
5721.40365023923,169630.71256440916
5721.433404506357,170449.08573335584
5721.463158928222,170254.00800336787
5721.492913504825,169956.3745477094
5721.522668236167,169658.1484647966
5721.55242312225,169577.24060962867
5721.582178163073,169975.62052761676
5721.6119333586375,169969.80375252667
5721.6416887089445,169425.627962448
5721.6714442139955,169057.59017139865
5721.70119987379,168489.3309375511
5721.730955688329,167774.63492360452
5721.760711657615,166799.55992881407
5721.790467781647,166339.15207879504
5721.820224060425,166295.61153703276
5721.849980493952,165358.98631167063
5721.8797370822285,164895.0350719833
5721.909493825254,164941.30981918977
5721.93925072303,164960.04114490742
5721.969007775558,165112.08352814472
5721.998764982837,165994.72027813812
5722.028522344869,166631.98736390006
5722.058279861656,166826.34816893988
5722.088037533196,167657.06263800093
5722.117795359492,168168.95670490657
5722.147553340545,168065.62315905438
5722.177311476354,168625.25187424314
5722.2070697669205,168546.94772137163
5722.236828212246,168776.2632991957
5722.26658681233,169813.94455548946
5722.296345567175,170201.97863444395
5722.326104476781,170145.12482872832
5722.355863541149,171070.41257456323
5722.385622760279,170928.18781006924
5722.415382134172,170164.2039007832
5722.445141662831,170333.23845366013
5722.474901346253,170607.57276245655
5722.504661184442,170563.02484403853
5722.534421177397,170676.91931155702
5722.5641813251195,170765.66225632152
5722.593941627611,170726.02341655944
5722.62370208487,170431.69561967568
5722.6534626969,170639.7660771171
5722.6832234636995,170475.7067469734
5722.712984385272,170446.47347828772
5722.742745461615,170611.65934167887
5722.772506692732,170490.64219851076
5722.802268078623,170299.775606213
5722.832029619289,170160.1045165003
5722.861791314729,169842.1648920874
5722.891553164946,169360.69835549634
5722.9213151699405,168891.74050520122
5722.9510773297125,168459.1552066833
5722.980839644263,168170.9693503114
5723.010602113593,168012.48981291597
5723.040364737703,167182.74746796527
5723.070127516595,167194.6708760587
5723.0998904502685,166709.07241042829
5723.129653538725,166577.51537156216
5723.159416781964,167290.9301461816
5723.189180179988,167801.05176126573
5723.218943732797,168289.51617918114
5723.2487074403925,168219.88987187005
5723.278471302774,168282.8363863527
5723.308235319943,169000.99916376843
5723.3379994919005,169567.72301626674
5723.367763818647,169977.23490922627
5723.397528300184,170180.2595910668
5723.427292936512,169806.6465691267
5723.45705772763,170392.60307836166
5723.486822673542,170509.6084031051
5723.516587774246,170614.45366729316
5723.546353029744,169913.2625586034
5723.576118440037,170332.39030584527
5723.605884005126,171022.29304690813
5723.635649725011,171221.7073380233
5723.665415599693,170214.73844437947
5723.695181629174,170061.20756318717
5723.724947813453,170665.04023380243
5723.754714152531,170413.92870451196
5723.784480646411,169583.17543772524
5723.814247295091,169272.38602928133
5723.844014098573,169808.226943228
5723.873781056858,169959.62803257516
5723.903548169947,170454.65783992648
5723.93331543784,169785.36653620694
5723.963082860539,169943.73552461807
5723.992850438043,171101.072541774
5724.022618170355,170649.683779963
5724.052386057473,170421.65155099434
5724.082154099401,170105.53717280595
5724.111922296137,170157.24406439599
5724.141690647684,169905.78244636228
5724.171459154042,169404.51727535008
5724.2012278152115,170091.90856333368
5724.230996631193,170857.78118720057
5724.260765601988,170802.57238141034
5724.290534727597,171504.97514348337
5724.320304008021,171498.33706320362
5724.350073443261,171404.41594689013
5724.379843033317,171838.42044927893
5724.40961277819,171504.5415579539
5724.439382677882,171165.78321047896
5724.469152732393,172261.2895485033
5724.498922941723,171885.96933665834
5724.528693305874,171404.04187575745
5724.5584638248465,171591.7611922364
5724.58823449864,171764.57574429672
5724.618005327258,171710.75851926254
5724.647776310699,171562.73652585348
5724.677547448965,171970.46230486032
5724.707318742056,172608.27023523184
5724.737090189973,172001.1553893762
5724.766861792717,171241.78680456962
5724.796633550289,171321.14479371524
5724.826405462689,171675.5444637078
5724.856177529919,171881.22013821258
5724.885949751979,171444.9502880777
5724.91572212887,171006.7417281997
5724.945494660593,171358.69338416506
5724.9752673471485,170830.9260133164
5725.005040188537,170490.40380529844
5725.03481318476,170300.97567887433
5725.064586335819,169402.6787207288
5725.094359641713,168730.35369585213
5725.124133102443,167793.09175703238
5725.153906718011,166507.91309198673
5725.183680488418,165833.85185990715
5725.2134544136625,163877.94721204264
5725.243228493748,162228.20752092448
5725.273002728674,161264.92978097964
5725.302777118442,161854.30764855395
5725.332551663051,161954.21036477596
5725.362326362503,163152.18060947134
5725.3921012168,164564.7782293135
5725.421876225942,164616.08883529576
5725.451651389928,165906.84079581467
5725.481426708761,167315.62180002886
5725.511202182442,167755.06088940316
5725.54097781097,168519.40094774734
5725.570753594347,169490.65468420114
5725.600529532572,170151.7608486241
5725.630305625649,170709.58970282442
5725.660081873577,170556.23463212408
5725.689858276357,170357.970767224
5725.719634833989,170802.992380292
5725.749411546475,170325.32030743372
5725.779188413815,170357.18402528562
5725.808965436011,169255.2418334577
5725.838742613062,169518.2618011069
5725.86851994497,169239.57077830652
5725.898297431736,168883.1056981186
5725.928075073361,169308.6798338447
5725.957852869844,169407.21276245217
5725.987630821187,169237.9999581914
5726.017408927391,169530.69147398122
5726.047187188457,170145.50664265428
5726.076965604385,170254.08401275316
5726.106744175177,169477.94491011722
5726.136522900832,168953.24043792603
5726.166301781353,169067.85584266155
5726.196080816738,168504.89866799043
5726.22586000699,168929.00998520493
5726.25563935211,167348.86240401914
5726.285418852097,167524.53301168772
5726.3151985069535,166557.4268187652
5726.34497831668,167262.4701142469
5726.374758281277,167197.5386808213
5726.404538400744,167477.15860477608
5726.434318675084,168618.5291499025
5726.464099104296,168715.9750843595
5726.493879688383,168715.73305642387
5726.523660427344,168939.15123772118
5726.55344132118,169192.00494183772
5726.583222369893,169643.94087797278
5726.613003573481,169406.7986462052
5726.642784931948,169855.7361776327
5726.672566445293,170509.44836681578
5726.702348113518,170521.2298470749
5726.732129936623,171770.27562724732
5726.761911914609,172023.3520675302
5726.791694047477,171326.48979569352
5726.821476335227,172301.78433389482
5726.8512587778605,172357.2975410689
5726.881041375377,172255.84828849215
5726.91082412778,172038.31365057215
5726.940607035069,171780.02899011152
5726.970390097244,171592.80731994327
5727.000173314305,171603.57126466173
5727.029956686256,171739.72012085168
5727.059740213095,171932.82657862376
5727.089523894824,172127.1414755857
5727.119307731444,171847.3849609985
5727.149091722956,171443.50793877925
5727.178875869358,171655.88597732055
5727.208660170655,172134.91019308992
5727.238444626845,172376.89536166948
5727.26822923793,172216.5672657379
5727.298014003911,172400.91638049274
5727.327798924787,172520.40145870385
5727.357584000561,172565.3255786441
5727.387369231232,172735.7904848049
5727.417154616802,173004.11483287378
5727.4469401572715,172488.50714688317
5727.476725852641,172537.15530389492
5727.506511702912,172958.92181532213
5727.536297708085,172815.1745228737
5727.56608386816,172885.63753561987
5727.595870183139,173235.13426257917
5727.625656653022,173298.13587236384
5727.65544327781,172926.95172947834
5727.685230057505,173010.17461810846
5727.715016992105,172879.0580915002
5727.744804081613,173366.17193786553
5727.7745913260305,173547.8720487577
5727.804378725356,172664.43834213747
5727.834166279592,172242.59163059646
5727.863953988738,172357.62839519072
5727.893741852797,172200.79937925897
5727.923529871767,172163.78398577622
5727.95331804565,171912.7351989963
5727.983106374448,170908.40214557562
5728.01289485816,169624.92408441074
5728.0426834967875,168013.18935141974
5728.072472290332,166048.55220073398
5728.102261238793,164102.47028143992
5728.132050342173,161889.75548495704
5728.161839600471,159892.97370906573
5728.191629013689,158549.91242718062
5728.221418581827,158138.13552035845
5728.251208304886,158186.1698022234
5728.280998182868,159515.72660404578
5728.310788215772,161407.15008051175
5728.3405784035995,162710.00411289226
5728.370368746351,164133.85574044878
5728.400159244029,165946.1311394728
5728.429949896633,167062.91435530112
5728.459740704163,168332.3907324989
5728.489531666621,169650.42730596202
5728.519322784007,170398.19345328075
5728.549114056324,170880.1216167479
5728.578905483569,171911.8607985232
5728.608697065745,172791.8437181538
5728.638488802854,172806.2566221925
5728.668280694895,173090.13617919583
5728.698072741869,173038.5867909054
5728.727864943778,173278.1179444486
5728.757657300621,173229.87552497457
5728.787449812399,172789.22964795693
5728.817242479115,173470.80950917248
5728.847035300768,173820.0494837087
5728.876828277358,173302.9601999646
5728.906621408888,173462.0610778077
5728.936414695358,173333.42296590167
5728.966208136768,173425.13748217112
5728.996001733119,173633.16042699278
5729.025795484413,173134.8026435255
5729.055589390649,173119.83427522058
5729.085383451829,173218.25119807073
5729.115177667954,172859.14960383435
5729.144972039025,173287.71484141838
5729.174766565041,174017.0709569948
5729.204561246004,174150.38458541146
5729.234356081915,173940.59743468615
5729.264151072775,173713.4512345436
5729.293946218585,173649.0211782746
5729.323741519344,173833.25115271282
5729.353536975054,174402.5157156033
5729.383332585717,174270.0489769923
5729.413128351332,173944.702451201
5729.442924271901,173437.42672843693
5729.472720347423,174086.85378105871
5729.502516577901,174487.22008745227
5729.532312963334,174529.72188034223
5729.562109503724,174494.83498093465
5729.591906199072,174022.6440312237
5729.621703049378,173319.07062391797
5729.651500054643,173612.51438103948
5729.681297214868,174523.82967155817
5729.711094530054,173888.13127288801
5729.740892000201,173191.74868723593
5729.77068962531,174250.63125228632
5729.800487405382,173491.28171813485
5729.830285340418,174072.4143800833
5729.86008343042,173602.73344180852
5729.889881675386,174297.62105556784
5729.91968007532,173277.10796185493
5729.949478630219,172468.67134370998
5729.979277340088,172628.02893660846
5730.009076204925,172761.58649981135
5730.038875224731,173229.9763506731
5730.0686743995075,173226.82114712868
5730.098473729256,173103.03941247298
5730.128273213975,172844.26797627914
5730.158072853668,172459.7201507629
5730.187872648335,172678.23392454768
5730.217672597975,172521.48363764153
5730.247472702591,172412.77094482127
5730.277272962183,173606.1603466837
5730.307073376752,173746.02054263075
5730.336873946298,172731.91814755352
5730.366674670822,172424.81758093633
5730.396475550327,173438.8832069673
5730.426276584811,173086.84989833622
5730.456077774275,173660.70703960778
5730.485879118722,173237.53631163316
5730.51568061815,172989.3362482448
5730.545482272562,173060.80992988768
5730.575284081959,173797.26529828802
5730.60508604634,173893.3182587322
5730.634888165707,173505.73860381063
5730.6646904400595,173681.3566530087
5730.6944928694,174205.32987047444
5730.724295453729,173421.3116600591
5730.754098193047,172778.24314855362
5730.783901087354,173158.0379184732
5730.813704136652,172812.0378686386
5730.843507340941,171233.77591291806
5730.873310700222,169549.61803035007
5730.903114214496,168165.93728250937
5730.932917883763,165116.5753050025
5730.962721708026,163244.1621690829
5730.992525687284,159669.65589465006
5731.022329821538,157122.2554325425
5731.052134110789,154529.95742922035
5731.081938555038,152602.3360689644
5731.111743154284,152478.9585347799
5731.141547908531,153874.8536794243
5731.171352817778,155536.4863953993
5731.201157882026,157943.72252761808
5731.230963101275,160788.72951070033
5731.260768475528,162952.78444472255
5731.290574004783,165004.50537396345
5731.320379689042,167032.7465251992
5731.3501855283075,168423.67641540433
5731.379991522578,169278.85969923311
5731.409797671855,170429.1576841191
5731.43960397614,171505.49914403912
5731.469410435433,171191.25973692673
5731.499217049734,171028.6330358673
5731.529023819046,171604.55402742242
5731.558830743369,170758.94499923103
5731.588637822703,171122.85498188285
5731.618445057049,169878.60233143016
5731.648252446408,170113.9772791967
5731.678059990782,169761.8791770808
5731.707867690169,170268.7424620937
5731.737675544573,170345.60915319255
5731.767483553993,170764.85776642954
5731.79729171843,170187.0525182901
5731.8271000378845,169811.04818708164
5731.856908512358,169637.35072536927
5731.886717141851,168801.25315660212
5731.916525926365,166851.3127662307
5731.946334865898,164506.2164068926
5731.976143960455,162708.58356780116
5732.005953210034,161279.32903303683
5732.035762614637,160214.64680496434
5732.065572174264,160346.12437051404
5732.095381888917,161421.1509665134
5732.125191758595,162214.6924073463
5732.1550017833,163478.30873788914
5732.184811963032,166065.2627898962
5732.2146222977935,167577.73914723855
5732.244432787584,168218.74413275413
5732.274243432404,169867.95789962358
5732.304054232255,170950.78084720526
5732.333865187138,172095.75293945055
5732.363676297053,172869.50272403887
5732.393487562002,173192.33881319605
5732.423298981984,174342.4204962172
5732.453110557001,174673.60013468293
5732.482922287054,175111.83235211717
5732.512734172144,175093.64390046787
5732.54254621227,175035.8924480338
5732.572358407435,175586.34160950442
5732.602170757638,175594.77428126344
5732.6319832628815,175431.30790142273
5732.661795923165,175655.2958337672
5732.691608738491,175442.38367414873
5732.721421708858,175088.92579243192
5732.751234834268,175292.67492838178
5732.781048114722,176044.18066301898
5732.81086155022,175902.4707368612
5732.840675140764,175524.27862312607
5732.870488886353,175604.73578783704
5732.90030278699,175588.80724814156
5732.930116842675,175857.31306948903
5732.959931053408,175206.70261237107
5732.9897454191905,175261.12903390417
5733.019559940023,175295.7107796319
5733.049374615906,174776.16128154728
5733.079189446842,174156.3242006853
5733.10900443283,174017.2258576064
5733.138819573871,173743.45034776605
5733.168634869967,174058.40789213055
5733.198450321117,174631.1332493419
5733.228265927323,174876.4149433114
5733.258081688587,174719.83906176512
5733.287897604907,174622.44073142385
5733.317713676286,174576.46212806323
5733.347529902723,174269.59589075786
5733.377346284221,174636.99802045658
5733.407162820779,174587.9104437453
5733.4369795123985,175311.63248927085
5733.466796359081,175552.30737903193
5733.496613360826,175318.9052299799
5733.526430517634,175560.65832795628
5733.556247829508,175788.31388034605
5733.5860652964475,176081.2288303779
5733.615882918452,175435.3269614731
5733.645700695525,175799.92992346318
5733.675518627665,175393.20217266414
5733.705336714875,175694.89547288325
5733.735154957153,175643.02469162006
5733.764973354501,175404.02059101372
5733.794791906922,174788.79122877345
5733.824610614413,174126.03839012375
5733.854429476978,173257.47773278356
5733.884248494617,173037.2866761046
5733.91406766733,173674.69812880762
5733.943886995117,174123.5768054171
5733.973706477981,174348.2224353776
5734.003526115922,174538.4434390555
5734.03334590894,175300.4941316367
5734.063165857036,176109.8644343382
5734.092985960212,175499.8684564263
5734.122806218468,175727.2581896693
5734.152626631804,176037.3396630213
5734.182447200223,176241.62904041642
5734.212267923724,176298.0220504811
5734.242088802307,176421.6541165651
5734.271909835975,176435.7977927298
5734.301731024728,176968.093204729
5734.331552368566,176112.75474968858
5734.361373867491,175705.33450977426
5734.391195521503,176379.80113958556
5734.421017330603,176611.6489060355
5734.450839294792,176814.0688320336
5734.480661414071,176715.0203819168
5734.51048368844,176724.96573349714
5734.5403061179,176562.3166530008
5734.570128702453,176374.2324787146
5734.599951442099,176301.1092183906
5734.629774336839,176202.90760870068
5734.659597386672,176169.00864600818
5734.689420591601,175922.74276336434
5734.719243951627,176080.27745729883
5734.749067466749,176510.71333635537
5734.778891136969,176011.5663647504
5734.808714962287,175640.01126665284
5734.838538942705,175350.37307570846
5734.868363078223,175711.47735006
5734.898187368842,174950.1322691371
5734.9280118145625,175718.2940251888
5734.957836415386,175178.1125413448
5734.987661171313,174555.39003153273
5735.0174860823445,175220.58937843717
5735.04731114848,174407.31914400542
5735.077136369722,174499.07837687805
5735.106961746071,175246.08490938589
5735.136787277526,175373.08754219016
5735.166612964091,175544.7444625343
5735.196438805763,175855.58607230347
5735.226264802546,175915.8818153701
5735.25609095444,175625.46449830168
5735.285917261445,175823.74961140746
5735.315743723562,175936.21474419694
5735.3455703407935,176612.10573605192
5735.375397113137,177234.61221239227
5735.405224040596,176976.89796751528
5735.435051123171,177037.70737011716
5735.464878360862,176386.80088442334
5735.49470575367,176088.3530755011
5735.5245333015955,176231.8245148813
5735.554361004641,177026.81976688709
5735.584188862805,177293.21289667208
5735.6140168760885,176521.5552582318
5735.643845044495,177339.30458193383
5735.673673368022,177881.41097232013
5735.703501846672,176612.68169817232
5735.733330480446,176565.32755525789
5735.763159269344,177005.04549552008
5735.792988213368,176892.30659579518
5735.822817312517,176816.39096762266
5735.852646566794,175840.87776068255
5735.882475976197,176036.67383835366
5735.91230554073,176556.4712803423
5735.942135260391,176893.80115941353
5735.9719651351825,176745.07395995586
5736.001795165104,176838.06974714628
5736.031625350159,176943.23313390996
5736.061455690345,177081.83435777616
5736.091286185664,176853.41332447226
5736.121116836118,176663.8892986999
5736.150947641707,176852.6356269214
5736.18077860243,176492.88603821726
5736.210609718291,176284.44449175659
5736.240440989289,176202.05117440372
5736.270272415425,175903.15158210296
5736.3001039967,176053.8862398425
5736.329935733114,176259.4559636776
5736.359767624669,175384.01062629343
5736.389599671365,176632.31837436583
5736.419431873204,176741.3944337359
5736.449264230186,175644.49965889
5736.4790967423105,176399.76397141916
5736.508929409581,176284.670747091
5736.538762231996,176372.50560949717
5736.568595209556,176837.38904862432
5736.598428342265,176772.69672173253
5736.6282616301205,176777.43394248953
5736.658095073125,176532.02887747093
5736.687928671279,176051.0463590624
5736.717762424583,176023.40066525264
5736.747596333038,176161.00919447176
5736.777430396645,176219.20449090103
5736.807264615405,176038.67870509566
5736.837098989317,175668.68344719
5736.866933518385,175000.6969762921
5736.896768202607,174494.36250324707
5736.926603041985,174566.89454014806
5736.956438036519,173581.53793586863
5736.986273186211,172270.39023624425
5737.0161084910615,172426.9818043194
5737.045943951071,172790.5625825518
5737.07577956624,173574.89831503568
5737.10561533657,173676.03280246406
5737.135451262062,173760.4702879188
5737.165287342716,173937.20517080693
5737.195123578532,174982.538580422
5737.224959969513,174927.19187858616
5737.254796515658,175038.50078096945
5737.284633216969,175382.09936752205
5737.3144700734465,175581.09246665274
5737.344307085091,175529.2358937918
5737.374144251903,176144.24670523024
5737.403981573884,175962.4925738296
5737.433819051035,175371.15544097943
5737.463656683356,175897.8303038868
5737.493494470848,175222.57802270603
5737.523332413512,174474.85070995975
5737.553170511349,174632.17452367197
5737.58300876436,175054.45945067395
5737.612847172544,175418.9547974779
5737.642685735905,175316.92920754032
5737.6725244544405,175178.4032800072
5737.702363328153,175955.15643285328
5737.732202357044,176483.59424624473
5737.762041541113,176285.11009084395
5737.7918808803615,176265.3687589692
5737.82172037479,176707.72756861083
5737.851560024399,177231.87039408032
5737.88139982919,176788.48889101343
5737.911239789162,175851.5776940948
5737.941079904319,175366.34117594364
5737.97092017466,175293.6665936716
5738.0007606001855,175724.50080078084
5738.030601180896,176802.6700296467
5738.060441916794,178099.46843958518
5738.090282807879,178140.9718202494
5738.120123854152,177760.39814814462
5738.149965055614,177831.17336087784
5738.179806412266,177989.35831251933
5738.209647924108,178041.3279322884
5738.239489591142,178429.7595500534
5738.269331413368,178977.14417390802
5738.299173390787,178121.36317950406
5738.329015523399,177715.56641628908
5738.358857811206,178354.69631231905
5738.388700254208,178263.70914214724
5738.418542852407,177897.5779851005
5738.448385605802,177926.08528050256
5738.478228514396,177725.62421867333
5738.508071578188,177357.15868351466
5738.537914797179,177651.1042891242
5738.567758171371,177933.22651492115
5738.597601700763,178009.34027822324
5738.627445385358,177903.12361474548
5738.657289225155,177413.29143906973
5738.687133220155,177415.57589995867
5738.716977370361,177646.56784215683
5738.746821675771,177097.54441679598
5738.776666136387,176773.60982071696
5738.806510752209,177025.70039952107
5738.836355523239,177339.3678525796
5738.866200449477,177649.92700181645
5738.896045530924,176929.90883894003
5738.925890767581,177413.3020803522
5738.95573615945,177710.79347991565
5738.985581706529,177491.22199993505
5739.015427408821,177764.15743341154
5739.045273266326,177477.66521366613
5739.075119279045,177775.76719027798
5739.104965446978,177382.2754435674
5739.134811770127,177157.0735276578
5739.164658248494,177400.9480716065
5739.194504882076,176368.65993001882
5739.224351670877,176012.8559954895
5739.254198614896,175881.39554159789
5739.284045714136,176028.92588048655
5739.313892968595,175389.85413898557
5739.3437403782755,175852.30410030193
5739.373587943178,175301.75784074125
5739.403435663304,175418.17942643777
5739.433283538653,175829.85048922116
5739.463131569227,175746.82169090828
5739.492979755026,176504.91675745774
5739.52282809605,176677.01296575036
5739.552676592302,176334.50048394228
5739.582525243782,176534.0649283304
5739.612374050489,177171.49154640056
5739.642223012426,177389.38488930592
5739.672072129593,177717.72862496166
5739.701921401992,177821.32326681685
5739.731770829621,177129.2249299894
5739.761620412484,177675.14222637654
5739.79147015058,178002.11205769904
5739.8213200439095,177215.9170899976
5739.851170092475,177408.25383674225
5739.881020296275,177791.5074007617
5739.910870655312,178071.23090708823
5739.940721169586,178195.94606577084
5739.970571839099,177808.1733149343
5740.00042266385,177744.06070037262
5740.030273643842,176518.57747911586
5740.060124779074,176599.4077713726
5740.0899760695465,175259.33253668027
5740.119827515262,175104.259907313
5740.149679116221,174652.6025721419
5740.179530872423,174607.92104163888
5740.20938278387,175122.51326968777
5740.239234850562,174098.29058777975
5740.2690870725,175034.28358371233
5740.298939449686,175275.0212891794
5740.32879198212,175372.44138061503
5740.358644669802,176649.93297299367
5740.388497512733,175946.27962587358
5740.418350510915,176422.33923251485
5740.448203664348,176238.34821095763
5740.478056973033,176618.41939123516
5740.50791043697,177418.1189968164
5740.537764056161,177157.2649024334
5740.567617830607,176740.01270216508
5740.597471760307,176594.29022224815
5740.627325845263,176709.85779937415
5740.657180085476,176618.53193686527
5740.687034480947,176761.28397554863
5740.716889031675,177148.60191288084
5740.746743737664,176970.92945486514
5740.776598598912,176738.84149058262
5740.806453615421,176449.9613139541
5740.836308787191,176529.68868159573
5740.8661641142235,177166.0796980559
5740.896019596519,177325.8251346827
5740.925875234079,177591.26584626373
5740.955731026904,177082.86387141328
5740.9855869749945,175780.86912738683
5741.015443078351,174839.52295769763
5741.045299336975,173856.83354083326
5741.075155750867,172687.23634647444
5741.105012320028,171707.87945436084
5741.134869044458,170560.92307315406
5741.16472592416,169811.3017739563
5741.194582959132,170030.26010668968
5741.224440149376,169641.22487191684
5741.254297494894,170587.21724369106
5741.284154995685,170937.82793367698
5741.31401265175,171591.5599886312
5741.343870463091,172346.62600446772
5741.373728429708,173513.23607638912
5741.403586551601,173327.3967741655
5741.433444828773,174066.69298409243
5741.463303261222,175309.73517963145
5741.493161848952,176155.500410587
5741.523020591961,175724.08009660762
5741.552879490251,176201.00393377207
5741.582738543823,177654.603156193
5741.612597752678,177867.02176415286
5741.642457116816,178246.92536160944
5741.672316636239,178820.4978718378
5741.702176310946,178741.84360244405
5741.732036140939,178172.56053927192
5741.761896126219,178182.79762442602
5741.791756266786,178851.54972466498
5741.821616562641,179249.8575617243
5741.851477013785,179104.63236363244
5741.88133762022,179259.36203959567
5741.911198381945,179483.98270907465
5741.941059298961,179298.43696408015
5741.970920371269,179436.43857427785
5742.000781598871,179586.87830542805
5742.0306429817665,179102.66531434408
5742.060504519956,178455.83844182937
5742.090366213442,178324.36105129216
5742.120228062224,178067.23592829256
5742.150090066303,177661.4630626631
5742.179952225681,177936.8435383005
5742.209814540356,176847.18153204228
5742.239677010331,176686.45242326712
5742.269539635607,176591.01024792457
5742.2994024161835,176018.3568513241
5742.329265352062,176027.7171632672
5742.359128443243,176144.19597607723
5742.388991689729,175447.10178472436
5742.418855091518,174417.48838404598
5742.448718648612,174457.3939908551
5742.478582361013,173867.92581841067
5742.5084462287205,173817.03020058514
5742.538310251735,174533.07157690026
5742.568174430058,175499.6361071147
5742.598038763691,175723.53451252426
5742.627903252634,175762.79692602635
5742.657767896887,175918.37408725035
5742.687632696452,176179.08877015076
5742.71749765133,177028.21042568277
5742.74736276152,177297.24137355757
5742.777228027026,177350.03796698755
5742.807093447845,176710.10038904098
5742.83695902398,177572.38003591518
5742.866824755432,177727.4350299094
5742.896690642201,178369.97787163322
5742.926556684289,178834.96312118447
5742.956422881694,178602.56148482015
5742.986289234421,178890.1731665457
5743.016155742467,178914.2953070883
5743.046022405835,179286.23488646615
5743.075889224525,179604.78451212356
5743.105756198538,179149.08426415094
5743.135623327875,178989.73364863623
5743.165490612536,178829.28402890835
5743.195358052522,178692.3514311064
5743.225225647835,179305.13236246214
5743.255093398475,179395.50014783867
5743.284961304442,178706.88799613566
5743.314829365739,178780.7892994783
5743.344697582364,179049.13710199538
5743.37456595432,179136.76107426305
5743.404434481607,179370.60761130057
5743.434303164226,179107.2675146185
5743.464172002176,178460.05573638773
5743.494040995462,178596.9870213064
5743.52391014408,179401.43394549564
5743.553779448034,179519.45021507965
5743.5836489073245,179718.66057075412
5743.613518521951,179394.48983427268
5743.6433882919155,179642.12031474436
5743.673258217217,180363.40722939622
5743.703128297859,179672.9360901026
5743.73299853384,179227.60119894883
5743.762868925162,178968.3622326673
5743.792739471826,178979.59238090762
5743.822610173833,179478.6407547977
5743.852481031182,179756.37826178328
5743.882352043875,179419.3875030148
5743.9122232119125,178882.2317800254
5743.942094535296,179083.02718105246
5743.971966014026,178685.74667214844
5744.001837648103,178369.33849584468
5744.031709437529,178230.44786535105
5744.061581382302,177867.7788365716
5744.091453482425,177772.22457955216
5744.1213257378995,178190.4784692058
5744.151198148725,178277.85509292848
5744.181070714902,178636.6744631385
5744.210943436432,178504.57378461628
5744.240816313315,179285.08699732082
5744.270689345553,179596.87769406036
5744.300562533147,179616.12107517337
5744.330435876096,179958.0382572875
5744.360309374402,180346.9974259982
5744.3901830280665,180423.11005768954
5744.420056837089,179958.9959889422
5744.449930801471,180070.7589465919
5744.479804921212,180067.41716026654
5744.509679196315,180326.72660858108
5744.53955362678,180382.313563368
5744.569428212607,180422.0810560285
5744.599302953798,180835.64817631175
5744.629177850352,180786.33553313525
5744.6590529022715,180641.6423252811
5744.688928109557,180977.7906971293
5744.7188034722085,180456.7364557189
5744.748678990228,180624.60707731268
5744.778554663615,180559.15003904293
5744.808430492372,180510.2571381663
5744.8383064764985,180446.84731891044
5744.8681826159955,180518.7969559245
5744.898058910863,180187.65277727717
5744.927935361104,180202.09746317635
5744.957811966718,180091.8833003356
5744.987688727705,179417.32735532566
5745.017565644067,179711.62528034262
5745.047442715805,180303.96997047996
5745.077319942919,180047.6420898788
5745.107197325409,179829.47678400218
5745.137074863278,180267.6505253216
5745.166952556526,180304.88040939113
5745.1968304051525,179747.02429189652
5745.22670840916,180062.54956502575
5745.256586568548,180444.64367178612
5745.286464883319,180228.34787529017
5745.316343353472,180697.28124416026
5745.346221979009,180765.87644350322
5745.37610075993,180623.99567846334
5745.405979696236,180586.27020066092
5745.435858787928,180693.39304967658
5745.465738035007,181116.3513761189
5745.495617437474,180885.8141822406
5745.5254969953285,180654.41699230712
5745.555376708572,180678.03519735977
5745.585256577207,180366.8756310039
5745.615136601232,180927.84512914563
5745.645016780648,180987.61940639355
5745.674897115457,180373.88122798677
5745.704777605659,180290.9715814345
5745.7346582512555,179939.4794681952
5745.764539052247,179936.9183634714
5745.794420008633,180209.55382308044
5745.824301120417,179447.8186996565
5745.854182387598,179607.37038741884
5745.884063810176,179313.03973354166
5745.9139453881535,179111.5945365495
5745.94382712153,179183.58283187725
5745.973709010308,178857.0173700937
5746.0035910544875,178362.30022864701
5746.033473254069,178705.3628909802
5746.063355609052,178330.64704592963
5746.093238119441,178360.02683664244
5746.123120785233,179037.28715046548
5746.153003606431,179605.21524383972
5746.182886583035,180096.0477237456
5746.212769715046,180129.90692572753
5746.242653002465,180033.7822002642
5746.272536445293,179734.09599380026
5746.302420043529,179704.9504488822
5746.332303797176,179865.95135074857
5746.362187706234,179982.56000115827
5746.392071770704,179922.32651886326
5746.421955990586,179943.59770938478
5746.451840365882,180401.3635822321
5746.481724896593,180464.75641658172
5746.511609582718,180048.99986735845
5746.541494424258,179903.0783855483
5746.571379421217,180234.26292243032
5746.601264573592,179623.83492624198
5746.631149881386,179261.33666195857
5746.6610353445985,179546.74326556662
5746.69092096323,179188.58325011987
5746.720806737284,179482.4148241503
5746.750692666759,178366.92722830424
5746.780578751656,176698.19352647982
5746.810464991977,175379.6315639542
5746.840351387721,173419.1804224177
5746.87023793889,170972.92741888468
5746.9001246454845,168878.0455871874
5746.930011507506,165738.32180968535
5746.959898524954,163079.90522423916
5746.98978569783,161246.73234663298
5747.019673026135,160964.68697298813
5747.0495605098695,159985.48013935017
5747.079448149035,158866.36406678052
5747.109335943631,158301.80444008435
5747.139223893659,157387.24525845516
5747.16911199912,156511.6261261197
5747.199000260015,156034.9757313085
5747.2288886763445,155997.36019912813
5747.258777248108,156969.13645733823
5747.288665975309,158723.3239543155
5747.318554857947,161495.2781616102
5747.348443896022,164585.72877544884
5747.378333089536,166540.41768950265
5747.408222438488,168949.5134182973
5747.438111942882,170620.78424535468
5747.468001602716,172038.0058476084
5747.497891417992,173903.1270992599
5747.52778138871,174485.90857344677
5747.557671514872,174613.31358866786
5747.5875617964775,175172.1689731431
5747.617452233529,174845.75488228208
5747.647342826025,174735.23799269393
5747.677233573968,175523.58056756703
5747.707124477359,175966.90621748398
5747.737015536198,176588.36550644424
5747.766906750485,177849.93968870724
5747.796798120223,178242.59688246704
5747.826689645411,178339.98962378062
5747.856581326051,178455.34299491934
5747.8864731621425,178940.6482939849
5747.916365153687,180062.9245758662
5747.946257300687,180671.6487820379
5747.97614960314,180450.31727350753
5748.006042061049,180361.49949458966
5748.035934674414,181402.63947310593
5748.065827443237,181144.95703458396
5748.095720367517,180796.35026846227
5748.125613447256,181248.07297454897
5748.155506682455,181026.00516508464
5748.185400073114,180865.6284059364
5748.215293619233,181415.96303590754
5748.245187320816,181630.80524332766
5748.27508117786,180768.953650659
5748.304975190368,180803.87033394267
5748.334869358341,180789.5630968903
5748.364763681779,180400.6670637158
5748.394658160682,180524.34490321163
5748.424552795053,181087.05850913667
5748.454447584892,181384.46569356517
5748.484342530198,181185.0405418908
5748.514237630974,180406.0608080548
5748.54413288722,180481.48109377865
5748.574028298936,180492.12392365088
5748.603923866125,180311.5456135543
5748.633819588786,180543.1282624302
5748.66371546692,180761.98631193856
5748.693611500528,181050.73565744373
5748.723507689611,181171.0547579279
5748.75340403417,181137.067971769
5748.783300534205,180938.85392542765
5748.813197189717,181193.4015180334
5748.843094000708,181901.64592047076
5748.872990967178,182095.2661406833
5748.902888089127,181529.75963730464
5748.932785366557,181827.9841562831
5748.962682799469,182229.32232499597
5748.992580387862,181771.9060604815
5749.022478131738,182275.66586345455
5749.052376031099,181895.08617423743
5749.082274085943,182709.93718852635
5749.1121722962735,183107.00944632222
5749.14207066209,182333.46527935547
5749.171969183393,182348.5113471661
5749.201867860184,182115.62289912073
5749.231766692465,181644.66899628707
5749.261665680234,181723.34479609248
5749.291564823493,181820.1336009308
5749.321464122244,181791.86247025031
5749.351363576486,181675.26264822754
5749.381263186221,181938.42033753582
5749.41116295145,181978.55225873753
5749.441062872173,181952.68266032418
5749.4709629483905,182280.81150201918
5749.500863180105,181876.62584117448
5749.530763567315,181773.0119975874
5749.560664110023,182103.31540126572
5749.59056480823,182246.90400231653
5749.620465661935,182144.76836912092
5749.650366671141,182578.94658146202
5749.680267835847,182140.34949373745
5749.710169156055,182516.83679773725
5749.740070631765,182645.93961068604
5749.769972262979,182201.70668067277
5749.799874049696,182756.6312414355
5749.829775991918,182609.60170542652
5749.859678089646,182823.63138896853
5749.88958034288,182944.17607664014
5749.919482751622,182451.8832156528
5749.949385315871,182141.45976588674
5749.97928803563,182184.8187248624
5750.009190910898,182187.98882541287
5750.039093941677,182127.7838603648
5750.068997127966,181368.38028610667
5750.098900469768,181130.6997924346
5750.128803967083,181582.67469274046
5750.158707619911,181886.27140556977
5750.188611428254,181973.381290807
5750.218515392112,181717.89581732586
5750.248419511487,181901.8420416405
5750.278323786378,181971.6551160771
5750.308228216787,181918.30608733167
5750.338132802714,182022.09716652316
5750.368037544162,182567.67610475398
5750.397942441129,182952.49951333753
5750.427847493617,182428.54927782586
5750.457752701627,181965.22172615613
5750.487658065159,182326.76954804145
5750.517563584215,182936.23003865028
5750.547469258795,181999.25917732826
5750.5773750889,182287.87182443275
5750.607281074532,183087.73204061337
5750.637187215689,182374.04742805482
5750.667093512374,181820.7690508708
5750.696999964588,182168.313757533
5750.72690657233,182013.8706084739
5750.756813335603,181665.10980781735
5750.786720254405,182530.01177609892
5750.81662732874,182321.91960102555
5750.846534558606,182880.9794577211
5750.876441944007,182791.8025862653
5750.90634948494,181933.1545709849
5750.936257181409,182127.93216761426
5750.966165033413,181756.6576849126
5750.996073040953,181975.87747469053
5751.02598120403,181867.9500446166
5751.055889522646,180808.40511081496
5751.0857979968005,180679.01239492078
5751.115706626494,179615.61996431288
5751.145615411729,178170.53800691172
5751.175524352504,176144.0419903863
5751.205433448821,173695.82964689954
5751.235342700682,170249.62481376537
5751.265252108085,167074.98171210525
5751.295161671034,164213.57926968732
5751.325071389528,161728.04840249292
5751.354981263567,160730.01824872612
5751.3848912931535,161756.4704738901
5751.414801478288,162843.40478556338
5751.444711818971,164379.7089438031
5751.474622315202,167308.16040420788
5751.504532966985,169134.44526321968
5751.534443774318,171263.04675077333
5751.564354737202,172948.7525376125
5751.59426585564,175040.33391508632
5751.62417712963,176823.11635210662
5751.654088559175,177959.19201503036
5751.684000144274,179711.72793963758
5751.713911884929,180988.88284423642
5751.743823781141,181415.74728227084
5751.7737358329105,180987.70075803567
5751.803648040238,181547.66302172493
5751.8335604031245,182192.63038191453
5751.863472921571,181962.43829316925
5751.893385595578,181611.5306553604
5751.923298425147,183096.32575429862
5751.953211410277,183103.25361676203
5751.98312455097,182628.1690688467
5752.013037847228,183123.4774144613
5752.04295129905,181794.52494208002
5752.072864906438,181182.67758173562
5752.102778669391,180621.6079240312
5752.132692587913,179484.60883288668
5752.162606662001,177601.13920516055
5752.192520891659,176871.8104347033
5752.222435276886,175360.643375432
5752.252349817683,171605.5736133164
5752.282264514052,168241.4172455179
5752.312179365992,163550.66666093445
5752.3420943735055,158050.02873909395
5752.3720095365925,152868.68420064397
5752.401924855253,148531.36907298645
5752.43184032949,146184.1189814446
5752.4617559593025,146231.27407303665
5752.491671744691,147388.08858407417
5752.521587685658,150856.19540507966
5752.551503782203,154856.83191750382
5752.5814200343275,157968.65951977673
5752.611336442032,161229.42974414985
5752.641253005317,164318.67716908976
5752.6711697241835,166236.15196207614
5752.701086598633,167973.32210813573
5752.731003628665,169281.3371482556
5752.760920814282,169492.89174244134
5752.7908381554835,168802.91588196444
5752.820755652271,168066.4431117123
5752.850673304645,166082.69142740316
5752.8805911126055,164000.9926531324
5752.910509076155,162691.650953771
5752.9404271952935,161936.4549725522
5752.970345470021,161781.07691591178
5753.00026390034,162651.56937771064
5753.030182486249,164914.60850714555
5753.060101227751,166831.05112821146
5753.090020124846,168901.37702639398
5753.119939177534,171232.9867049423
5753.149858385818,172448.2199931335
5753.179777749697,173947.03531151862
5753.209697269172,175167.9272637246
5753.239616944244,176036.42897434713
5753.269536774913,177161.31618141395
5753.299456761181,178365.893583447
5753.32937690305,179097.8183052696
5753.359297200517,178961.99966821246
5753.3892176535865,178989.22830246904
5753.419138262258,178979.23059840265
5753.449059026531,178471.98183729989
5753.478979946409,178492.69315871608
5753.50890102189,178727.80049401792
5753.538822252977,178220.79303363495
5753.568743639669,177924.23217170074
5753.5986651819685,177598.03864569805
5753.628586879876,178115.3287202475
5753.658508733391,177720.5697042111
5753.688430742515,176962.23911051636
5753.71835290725,175747.72818576123
5753.748275227595,174716.6157892914
5753.778197703551,173540.50366281503
5753.80812033512,171937.82118342837
5753.838043122303,169793.1089932238
5753.867966065099,167588.93360932768
5753.897889163511,164627.8623090808
5753.927812417537,162422.23135278476
5753.95773582718,161457.15952322097
5753.987659392441,161141.38714233576
5754.017583113319,161675.85532853784
5754.047506989817,163117.90336554177
5754.077431021934,165603.84365447355
5754.107355209671,167833.21314233824
5754.137279553031,170270.84020807073
5754.167204052012,172513.46623023713
5754.197128706615,174279.15301999537
5754.227053516843,176252.34678880312
5754.256978482696,178051.84559218414
5754.286903604173,179124.66642165143
5754.316828881277,180476.56608546822
5754.346754314007,181206.95961981133
5754.376679902365,182209.75766532283
5754.406605646353,182437.78973394417
5754.436531545969,181291.08003073803
5754.466457601216,181505.18942912284
5754.496383812093,181265.7849812775
5754.526310178602,182873.7658566767
5754.556236700745,183540.5437740306
5754.58616337852,183159.2001716608
5754.61609021193,183259.03624129362
5754.646017200975,182714.4841150579
5754.675944345656,182969.48031813372
5754.705871645973,183206.02687539492
5754.735799101928,183236.7946589991
5754.765726713521,183614.9577878524
5754.795654480753,183205.57417055653
5754.825582403625,183598.07140732012
5754.855510482138,183236.2068393467
5754.885438716293,183450.43588003897
5754.915367106089,184067.79811032757
5754.94529565153,184927.42397307575
5754.975224352614,184251.42039622128
5755.005153209342,184242.90930755623
5755.035082221716,184468.08788690306
5755.065011389737,184471.010146764
5755.094940713405,184393.3517640223
5755.124870192721,184237.74161906794
5755.154799827686,184759.6195441145
5755.1847296183,184699.32372498722
5755.2146595645645,183824.10440586845
5755.24458966648,184715.97308687776
5755.274519924048,184337.02302227018
5755.304450337269,184386.6668803313
5755.334380906143,184727.62111698405
5755.364311630673,184412.7980500662
5755.394242510857,184747.75571971983
5755.424173546698,184422.44683257487
5755.454104738195,184381.74838512673
5755.48403608535,184459.8904867838
5755.513967588164,184453.2432736192
5755.543899246637,184114.005742131
5755.57383106077,183724.84375808618
5755.603763030565,183850.82766340088
5755.63369515602,183703.3826200535
5755.6636274371385,184378.66286506466
5755.69355987392,184462.65276441452
5755.723492466366,184268.50158626013
5755.753425214478,184319.1906856927
5755.783358118254,184490.76611295732
5755.8132911776975,184128.75196207
5755.843224392809,183982.59788146586
5755.873157763588,184234.9732998123
5755.903091290036,182672.6993213332
5755.933024972154,182689.54466494994
5755.962958809943,181814.14749091677
5755.992892803403,180633.46222090497
5756.022826952536,179276.30281905874
5756.052761257341,177928.78616035485
5756.0826957178215,176369.1953405898
5756.112630333975,174865.60728430183
5756.142565105805,175046.67176044433
5756.172500033312,175014.75178714265
5756.202435116495,175518.8343814339
5756.232370355356,177096.59766074954
5756.262305749896,177762.38744329024
5756.292241300116,178417.02739927472
5756.322177006015,179805.73185549362
5756.3521128675975,180626.6296529246
5756.3820488848605,181592.63983795283
5756.411985057806,182020.20354023195
5756.441921386436,183654.44199071688
5756.471857870751,183395.03168711267
5756.501794510749,183615.64364463376
5756.531731306435,183523.30356391327
5756.5616682578075,183637.164624158
5756.591605364867,184779.67930791885
5756.621542627616,184308.46366636845
5756.651480046054,185040.1009158518
5756.6814176201815,185221.25663801303
5756.71135535,184595.47739468695
5756.741293235511,184345.85216275346
5756.771231276714,184242.89859659292
5756.801169473611,184057.0206076511
5756.831107826201,183642.1328979446
5756.861046334487,184036.27710603792
5756.8909849984675,184236.65865915394
5756.920923818146,183821.0914585133
5756.950862793521,184028.00101576847
5756.980801924595,184264.07628752044
5757.010741211367,183705.73552465066
5757.040680653839,183533.04136799296
5757.070620252012,184226.81849726886
5757.100560005887,184258.21321848786
5757.130499915464,183520.82909718907
5757.160439980743,183714.52976315934
5757.190380201727,184537.1416754456
5757.220320578414,184230.77171667202
5757.250261110808,183570.6072936996
5757.280201798909,183938.740205063
5757.310142642716,184542.94735796144
5757.340083642231,184158.24078234602
5757.370024797455,184597.70035698792
5757.399966108388,184932.2417399777
5757.429907575031,184761.95018658965
5757.459849197387,185096.95828441382
5757.489790975454,185043.12194204895
5757.519732909233,185130.1774906306
5757.549674998726,185796.9801321411
5757.579617243934,185583.14660871387
5757.609559644857,185869.70987957536
5757.639502201496,184841.20447707264
5757.669444913851,184934.25401825522
5757.699387781924,184954.97715553734
5757.729330805716,185273.66754612175
5757.759273985227,185549.1693347851
5757.789217320458,184844.6071016359
5757.81916081141,184675.179852188
5757.849104458084,185361.2471842039
5757.87904826048,185120.75283389067
5757.908992218599,184843.8684823656
5757.938936332443,184466.94094702692
5757.968880602011,185118.9901357027
5757.998825027305,185070.5354701975
5758.028769608327,184582.6267323533
5758.058714345075,184918.30136481512
5758.088659237551,184432.34141520012
5758.118604285756,184341.89158127736
5758.1485494896915,184908.67178956096
5758.178494849357,184685.42590393894
5758.208440364754,184488.5347876589
5758.238386035883,184429.1416773084
5758.268331862745,185067.49306527837
5758.2982778453415,184508.68088549416
5758.328223983673,184380.70393558682
5758.358170277738,184981.68089250152
5758.388116727541,184585.93982574975
5758.418063333081,183743.5412605973
5758.448010094358,183676.6351664462
5758.477957011374,183293.12066665507
5758.50790408413,182527.8578539754
5758.537851312626,182534.00062298632
5758.567798696863,182475.18997090225
5758.597746236842,182347.44669260536
5758.6276939325635,182560.75840287586
5758.657641784029,182291.57823219534
5758.687589791239,182406.31767360406
5758.717537954193,182729.7187717435
5758.747486272894,181789.70615398808
5758.777434747342,181514.18723010304
5758.807383377537,181025.91139722764
5758.837332163481,180672.9811364553
5758.867281105174,181277.55158895947
5758.897230202617,182098.6248391811
5758.927179455811,181818.67966491755
5758.957128864756,182315.10698118413
5758.9870784294535,183053.56410877456
5759.017028149905,184195.6999445788
5759.04697802611,184238.83679928246
5759.07692805807,184319.240620851
5759.106878245786,184402.39363690623
5759.136828589259,184655.57426762037
5759.166779088488,183024.19513266598
5759.196729743476,184238.05703052448
5759.226680554222,184416.86096243418
5759.256631520729,185062.68299883456
5759.286582642996,184356.6849254526
5759.3165339210245,184562.13218201709
5759.346485354815,184761.6166844771
5759.376436944369,184711.671547498
5759.406388689686,184291.114261117
5759.436340590768,184243.05073861842
5759.466292647616,184123.8880277229
5759.496244860229,183910.0437772189
5759.52619722861,183833.99708591806
5759.556149752759,183112.0689824049
5759.586102432676,182101.2726578288
5759.616055268362,181433.60103272693
5759.64600825982,180969.2670326144
5759.675961407048,180834.84970752653
5759.705914710047,180579.67913689252
5759.73586816882,181171.59537717182
5759.765821783367,182234.73755822983
5759.795775553687,182490.52279917183
5759.825729479783,182043.53645800133
5759.855683561655,182445.67536282874
5759.885637799303,182410.1790550012
5759.915592192729,182299.52198216622
5759.945546741933,182076.18735964893
5759.975501446917,181119.2197924112
5760.005456307681,180297.21874969412
5760.035411324225,178826.5548510886
5760.065366496551,177940.34373553915
5760.09532182466,176962.96643476226
5760.125277308552,176046.3976630236
5760.155232948227,174755.95586544217
5760.185188743688,174725.27132987097
5760.215144694934,176074.30289740968
5760.245100801967,176829.9964969006
5760.275057064787,178136.588029823
5760.305013483395,178677.07600865568
5760.334970057792,180387.34021335602
5760.364926787979,181252.15651332802
5760.394883673956,182053.3068706432
5760.424840715726,182919.0438944545
5760.454797913286,183433.48300483837
5760.48475526664,184043.31863138618
5760.514712775788,184819.6568598066
5760.54467044073,184317.86563613094
5760.574628261467,184731.03521287546
5760.6045862380015,184518.8991839818
5760.634544370332,184206.4938597285
5760.664502658461,184644.74477884034
5760.694461102388,184379.9638787157
5760.7244197021155,184406.67844792135
5760.754378457642,184890.74056711898
5760.78433736897,184707.58366096288
5760.8142964361,183820.97885663706
5760.8442556590335,183168.11809268114
5760.874215037769,183174.80410172563
5760.90417457231,182999.16170361917
5760.934134262656,182883.2549525051
5760.964094108807,182680.45245846588
5760.994054110765,182630.02809362914
5761.024014268532,182202.90338780233
5761.053974582105,182977.7390148674
5761.083935051489,183386.23965952094
5761.113895676682,183855.2421644707
5761.1438564576865,183017.0129254302
5761.173817394502,184664.07900933424
5761.20377848713,183893.09869299657
5761.233739735571,184854.31413508006
5761.263701139827,184994.59285210958
5761.293662699897,185111.18512287625
5761.323624415783,185265.77615282888
5761.353586287486,185098.98789514205
5761.383548315006,184805.20733607354
5761.413510498343,184582.79041054434
5761.4434728375,184215.58990611415
5761.473435332477,183517.2507430477
5761.503397983273,183119.28736297548
5761.533360789892,182505.42298685003
5761.563323752332,181851.90540868495
5761.593286870595,180264.9751901206
5761.623250144682,178773.12754612652
5761.653213574594,178269.93070652868
5761.683177160331,178437.46574914918
5761.713140901894,177479.0654814757
5761.743104799284,176681.92363649953
5761.773068852503,177498.6237602267
5761.803033061549,178087.16049548524
5761.832997426425,178081.26608507385
5761.862961947131,178335.31292467166
5761.892926623669,178724.99584267472
5761.922891456038,178335.99869145715
5761.95285644424,178382.00739093008
5761.982821588275,177993.68570319557
5762.0127868881455,175837.5898544836
5762.04275234385,173212.71817308603
5762.0727179553905,169331.6709390102
5762.102683722768,165705.8608978254
5762.132649645983,160722.81510906143
5762.162615725037,154737.99741098497
5762.192581959929,148348.3408125061
5762.222548350662,141674.38036146664
5762.2525148972345,135930.66090997515
5762.282481599649,132635.19446396013
5762.312448457907,131639.10406751637
5762.342415472007,132911.60156608044
5762.372382641952,136504.41660007884
5762.4023499677405,141556.7320303403
5762.432317449376,147349.30048430088
5762.462285086857,153164.8888456261
5762.492252880185,158210.7116969955
5762.522220829363,163181.7927883356
5762.552188934388,167335.65094731995
5762.582157195263,171006.90154356929
5762.612125611989,174398.34525189406
5762.642094184566,176571.30240857275
5762.672062912995,178938.71323766062
5762.702031797277,180387.61229765776
5762.732000837414,182893.53160837866
5762.7619700334035,183405.2729633985
5762.79193938525,184070.25352960333
5762.821908892952,184236.2200830957
5762.85187855651,185334.2254408171
5762.881848375928,185234.65544518142
5762.911818351203,185598.5360543492
5762.941788482338,186153.60064688552
5762.971758769332,186141.10324676722
5763.001729212188,186533.00565203626
5763.0316998109065,186583.3346941241
5763.0616705654875,186314.37156314324
5763.091641475931,186236.82711684098
5763.12161254224,186277.40572315018
5763.151583764413,186129.61486279435
5763.181555142452,186493.2084819597
5763.2115266763585,186486.8759987883
5763.241498366132,186144.1101995243
5763.271470211774,186438.82796993892
5763.301442213285,186180.66839110132
5763.331414370666,186583.70398412316
5763.361386683918,186814.24384396555
5763.391359153041,186939.7601764257
5763.421331778037,185959.30280231262
5763.451304558906,185362.07044462566
5763.481277495649,185910.74619894088
5763.511250588266,185016.99393279478
5763.54122383676,185049.0390446988
5763.57119724113,185196.4496429532
5763.601170801377,185214.7132001852
5763.631144517502,185384.95083936705
5763.661118389507,184809.96408711374
5763.69109241739,184839.33172340575
5763.721066601154,185848.34255214565
5763.7510409408,185965.76948065267
5763.781015436327,186077.63453087828
5763.810990087738,185538.60248653288
5763.840964895032,186005.87398614394
5763.870939858211,186159.44559536726
5763.9009149772755,185738.96105407507
5763.930890252225,185838.87255286615
5763.960865683063,186958.34685251373
5763.990841269788,186318.2659255833
5764.0208170124015,185638.6345051437
5764.050792910905,186283.4702508088
5764.080768965298,186400.7642201914
5764.110745175583,185732.87582762327
5764.140721541759,186812.272373642
5764.170698063828,186749.63842950336
5764.200674741791,186369.48597431416
5764.230651575647,186566.13197753107
5764.260628565399,187244.47213265713
5764.290605711047,186926.2212261161
5764.320583012591,186586.54093024362
5764.350560470033,187184.84910518743
5764.380538083373,187526.9425313304
5764.410515852613,187619.61541347258
5764.440493777752,187280.42434808525
5764.470471858792,186770.05031342994
5764.500450095734,186812.18814671555
5764.530428488578,187164.174149122
5764.560407037325,186587.66095609884
5764.590385741976,186361.37614136652
5764.620364602532,186558.73592409326
5764.650343618993,187093.11550735414
5764.6803227913615,187134.4658901718
5764.710302119637,186745.64498199234
5764.74028160382,186857.5415592389
5764.7702612439125,186982.21954366902
5764.800241039915,187121.26284958384
5764.830220991827,186993.16958739643
5764.860201099651,186635.76797555338
5764.890181363387,187031.8861585033
5764.920161783036,187051.02005423105
5764.950142358598,187691.6593674755
5764.980123090076,187833.54603228238
5765.010103977468,187166.89180957162
5765.040085020776,187371.7741363966
5765.0700662200015,187150.7678081763
5765.100047575145,187120.05697670253
5765.130029086207,187338.284125753
5765.1600107531885,187225.31224555956
5765.18999257609,186953.5219640946
5765.219974554913,187384.5033397081
5765.249956689658,186924.49205252962
5765.279938980325,187104.46885634807
5765.309921426915,187810.09214846118
5765.33990402943,187876.72270783703
5765.36988678787,187577.2499689809
5765.399869702236,186795.8310852798
5765.429852772529,187193.0697031462
5765.4598359987485,187186.68873573653
5765.489819380897,186020.41482470182
5765.519802918975,185994.8487408203
5765.549786612982,185404.35594166198
5765.57977046292,185973.86255126243
5765.60975446879,185078.15054533436
5765.639738630593,184437.73729825855
5765.669722948328,184200.15901929548
5765.699707421997,185527.42594600082
5765.729692051602,184886.78938161975
5765.759676837141,185087.58770573052
5765.789661778618,185353.0535494427
5765.819646876032,186084.4732368368
5765.849632129383,186193.24482080596
5765.879617538674,185864.58093386938
5765.909603103904,186069.13268099327
5765.939588825075,185925.44964989822
5765.969574702187,186232.0983413827
5765.999560735241,187183.22279507585
5766.029546924238,186905.85109130916
5766.059533269179,187142.71085669406
5766.089519770064,187273.51363546084
5766.119506426895,186799.14983919193
5766.149493239672,186619.9500789872
5766.179480208396,187568.56940309843
5766.209467333068,186543.27222850735
5766.2394546136875,186654.5748191044
5766.269442050258,186809.73334613783
5766.299429642777,186646.7331746596
5766.329417391248,186631.91862105404
5766.3594052956705,187126.51291479927
5766.389393356047,187586.83937868266
5766.419381572375,187406.39577111963
5766.449369944658,186845.4905364873
5766.479358472897,186463.3580143058
5766.509347157091,186602.1753649271
5766.539335997242,186594.70787877787
5766.56932499335,186681.1114979597
5766.599314145417,187057.85729695295
5766.629303453443,187974.7689607333
5766.6592929174285,187780.8855926604
5766.689282537375,187147.59506797118
5766.719272313284,187255.07029950374
5766.749262245155,186474.99095910418
5766.779252332988,187216.96195991975
5766.809242576786,187483.1324086887
5766.839232976548,187343.64074585037
5766.869223532277,187264.89920379565
5766.899214243972,187018.1478564408
5766.929205111634,186853.89896473204
5766.959196135264,186574.37500222254
5766.989187314863,186839.0834252895
5767.019178650432,187205.31629224302
5767.0491701419705,187700.15038659092
5767.079161789481,187341.4293445831
5767.109153592964,187364.9462016978
5767.13914555242,186771.51534029338
5767.169137667849,187328.20739540353
5767.199129939253,187493.82215579788
5767.229122366632,187332.80336009053
5767.259114949988,186916.95952316074
5767.289107689319,187382.7262157052
5767.31910058463,187375.65647037147
5767.3490936359185,187067.68002465196
5767.379086843187,186441.6222181325
5767.409080206436,186591.54920132083
5767.439073725665,187027.05088582565
5767.469067400876,187124.0211555453
5767.499061232071,186888.72696169032
5767.529055219248,187054.39137817553
5767.5590493624095,187616.0629683994
5767.589043661557,186686.45520685564
5767.61903811669,186917.80666927967
5767.64903272781,186896.0168508659
5767.679027494916,186915.28121793878
5767.709022418012,187303.2405287401
5767.739017497097,186811.12416041357
5767.769012732171,187055.2196327736
5767.7990081232365,186942.9211096592
5767.829003670294,187273.3088141125
5767.858999373343,187515.8921293455
5767.888995232385,186603.02018067296
5767.918991247422,186236.94988234996
5767.948987418454,186574.87427465626
5767.978983745481,186911.349536199
5768.008980228505,186547.23062377924
5768.038976867525,185485.30669165857
5768.0689736625445,185680.48528627722
5768.098970613562,184840.35302646435
5768.12896772058,184245.67274571484
5768.158964983598,182828.4831344415
5768.188962402617,182549.73484557556
5768.218959977638,182029.1498985078
5768.2489577086635,181031.7677671228
5768.2789555956915,179803.70925473265
5768.308953638724,179719.46212912304
5768.338951837763,179119.08603189816
5768.368950192807,178385.73188079946
5768.398948703858,178941.73900991588
5768.428947370918,179411.23863675905
5768.458946193986,179858.53918950303
5768.488945173063,180675.8403298404
5768.518944308151,181953.13676552646
5768.5489435992495,182336.84971308414
5768.578943046359,182350.39328832127
5768.608942649483,182490.32997809132
5768.638942408619,183038.42098772153
5768.66894232377,183504.48021384358
5768.698942394937,183767.55230283644
5768.728942622119,184031.34262913364
5768.758943005318,184278.28358601962
5768.788943544534,184715.97619444388
5768.818944239769,184955.9863785351
5768.848945091023,185121.9985725763
5768.878946098296,185516.63232125834
5768.9089472615915,185558.04228092718
5768.938948580908,186161.82190719675
5768.968950056246,186417.64847689215
5768.9989516876085,185745.409732557
5769.0289534749945,186553.74240969613
5769.058955418405,186039.63903464138
5769.088957517842,186385.55593571556
5769.118959773305,186580.9332878117
5769.148962184795,186512.3955848596
5769.178964752314,186942.34468438578
5769.208967475861,186786.79038646125
5769.238970355438,186532.32711238624
5769.268973391046,186234.11641575125
5769.298976582685,186699.10055544335
5769.328979930356,187065.36826818335
5769.35898343406,186541.1091795678
5769.388987093798,186544.61093007182
5769.41899090957,186796.22652124718
5769.448994881378,188228.62532341934
5769.478999009222,188223.7613049476
5769.509003293104,188374.75167704673
5769.539007733022,187340.91346174068
5769.5690123289805,187352.05167478524
5769.599017080977,187004.71050257562
5769.629021989014,186573.21783238967
5769.659027053093,186592.18296675727
5769.689032273213,186358.51429785634
5769.719037649376,186166.98048721062
5769.749043181583,186351.20127170792
5769.779048869834,186581.0677027787
5769.80905471413,185695.59842669812
5769.839060714472,185102.13347656385
5769.869066870861,185806.81929803596
5769.899073183297,186144.55545892383
5769.929079651783,186239.31638987214
5769.959086276316,185560.8662498745
5769.9890930569,186607.1813962474
5770.019099993535,186595.00304179935
5770.049107086222,186539.36032568733
5770.079114334961,187324.48183114888
5770.1091217397525,187571.78991152984
5770.139129300599,187891.74370763058
5770.169137017499,187657.1954654842
5770.199144890456,187446.67826331296
5770.22915291947,188459.58251985302
5770.259161104541,188349.54072036466
5770.289169445669,187961.6357854749
5770.319177942857,188267.39885253634
5770.349186596104,187630.40226344776
5770.379195405412,187733.17605177566
5770.409204370782,187759.71759731078
5770.439213492214,188360.02547631765
5770.469222769708,187433.550124102
5770.499232203267,187674.97311680665
5770.5292417928895,187198.14445176732
5770.559251538578,186990.08130216703
5770.589261440333,187742.02250526246
5770.619271498154,187372.71640335495
5770.649281712044,187232.39684046913
5770.679292082003,188103.39368784073
5770.70930260803,187401.15901064905
5770.739313290129,187037.80950992453
5770.769324128298,186873.18067023737
5770.799335122539,186331.50419066404
5770.8293462728525,186590.06316501662
5770.85935757924,186353.36265307857
5770.889369041702,185719.70622501854
5770.919380660239,186040.98214981047
5770.949392434852,185653.99216833644
5770.979404365542,185522.82305943122
5771.009416452309,185882.97172944405
5771.039428695155,185099.84525237087
5771.06944109408,185422.3715368481
5771.099453649085,185923.1987033615
5771.129466360171,184979.58679223963
5771.159479227338,184348.66482238102
5771.189492250589,183615.0083181868
5771.219505429922,182872.03576626736
5771.249518765339,181009.60821585497
5771.279532256842,177826.78774804453
5771.30954590443,175689.64496222095
5771.339559708104,173082.01789834184
5771.3695736678665,169549.66734600367
5771.399587783717,165686.22606963638
5771.429602055656,163403.5956505996
5771.459616483685,161502.36712120916
5771.489631067804,161450.38277662688
5771.519645808015,162844.52076246784
5771.549660704319,164596.52212069958
5771.579675756715,167595.42970547217
5771.609690965204,170065.0779990178
5771.639706329789,172183.78134547872
5771.66972185047,174465.2849527287
5771.699737527246,177278.43169431583
5771.7297533601195,179337.22037884826
5771.759769349091,180860.60317773325
5771.789785494161,182660.56794044716
5771.819801795331,183927.64655341374
5771.849818252601,184517.1585573779
5771.879834865972,184812.26794721646
5771.909851635445,185328.78968110142
5771.93986856102,186431.62077950675
5771.9698856427,187163.66396243346
5771.999902880484,187310.436213647
5772.029920274373,186911.22549356075
5772.059937824368,187292.17892898736
5772.08995553047,187871.6169493549
5772.11997339268,187920.62479463304
5772.149991410998,187725.12937851102
5772.180009585425,187657.56758774596
5772.210027915962,187532.11050614095
5772.2400464026105,188677.9144507952
5772.270065045371,187547.45694485254
5772.300083844243,187275.73542731733
5772.330102799229,187822.81168165535
5772.360121910328,187767.0739244933
5772.390141177544,187686.8640833418
5772.420160600875,187903.57300194557
5772.450180180322,188174.50565878436
5772.480199915886,187993.33675243094
5772.510219807569,188132.0579954232
5772.540239855371,187342.43875349208
5772.570260059292,187343.4935826008
5772.600280419335,188004.04788041415
5772.630300935499,187856.55683974686
5772.660321607785,187769.7511710805
5772.6903424361935,187329.78260524003
5772.720363420726,187379.0292878615
5772.750384561385,187481.84697337344
5772.780405858168,186978.52538491652
5772.810427311077,187548.70371216952
5772.840448920113,186465.0637858961
5772.870470685278,186164.62028809835
5772.900492606571,186326.86357717306
5772.930514683994,186707.94489848948
5772.960536917547,187535.20756470435
5772.990559307232,187367.18545771475
5773.0205818530485,187116.6564707046
5773.050604554997,187037.52608546734
5773.08062741308,187008.59481453168
5773.1106504272975,186746.22133425687
5773.14067359765,187229.10382430514
5773.170696924139,186176.7056417958
5773.200720406764,186348.1364039216
5773.230744045527,186464.7443208739
5773.260767840429,185834.98413824575
5773.29079179147,185765.3632258625
5773.320815898651,184842.21064145365
5773.350840161973,184126.99828888802
5773.380864581437,183720.78945499304
5773.410889157043,183317.4455855976
5773.440913888793,183153.94352424255
5773.470938776687,183496.48631601295
5773.500963820726,182886.7627401035
5773.53098902091,181990.5038976983
5773.561014377242,182078.72213571778
5773.59103988972,182716.41582304795
5773.621065558347,183558.01233219405
5773.6510913831235,183563.87631002304
5773.681117364049,183428.25172087134
5773.711143501126,184511.48618234106
5773.7411697943535,185103.19963588164
5773.771196243734,185358.64486922658
5773.801222849268,185590.58019354503
5773.831249610955,186025.6414506448
5773.861276528797,187315.68841466642
5773.891303602795,187122.43180680854
5773.921330832949,186749.81795036155
5773.95135821926,187180.3976733329
5773.981385761729,187509.30778918604
5774.011413460357,187148.32928080016
5774.041441315145,187352.88686111107
5774.071469326093,186860.9603050368
5774.101497493202,185456.56133248488
5774.131525816473,184988.98985814885
5774.161554295908,183834.43177907506
5774.191582931506,182519.00589988782
5774.221611723268,180907.56383487218
5774.251640671196,178260.3285928861
5774.28166977529,175264.56339691766
5774.31169903555,171136.82080286293
5774.341728451978,167720.74896441505
5774.371758024576,165845.29407522024
5774.4017877533415,165407.4226987981
5774.431817638278,165283.25105121627
5774.461847679386,167024.22605688858
5774.491877876665,169536.8327029828
5774.521908230116,172072.72823721828
5774.551938739742,174467.54190645055
5774.581969405542,176470.66675488852
5774.612000227516,178759.42625242265
5774.642031205666,181677.12164111366
5774.672062339993,183764.10754397715
5774.702093630498,183906.43411094445
5774.73212507718,184968.94908328642
5774.762156680043,186360.38094624827
5774.792188439084,187330.4909605739
5774.822220354306,187304.15418895366
5774.8522524257105,187957.8975788286
5774.882284653298,187847.98276912916
5774.912317037067,187727.83764943457
5774.942349577021,188066.60411788113
5774.972382273159,188199.48997949797
5775.002415125483,188724.0195090272
5775.032448133993,188261.189671444
5775.062481298691,186994.80406250258
5775.092514619577,187516.0320490441
5775.122548096651,187927.2027265358
5775.152581729915,187210.68746104548
5775.182615519369,187629.1719946407
5775.212649465016,187631.81807247733
5775.242683566854,188035.03955984043
5775.272717824884,188331.1990986767
5775.302752239109,187971.78721651286
5775.332786809528,188589.17614699574
5775.362821536143,188355.49807118066
5775.392856418954,187911.6916460224
5775.422891457962,187948.38503232133
5775.452926653167,188086.29645073458
5775.482962004571,188485.71044357974
5775.5129975121745,188060.93203145434
5775.543033175978,188733.25143896474
5775.573068995983,188525.17006543954
5775.60310497219,188486.02470854594
5775.6331411045985,188285.659166451
5775.663177393211,187981.50133688352
5775.693213838028,188985.59588673903
5775.72325043905,188223.20827041983
5775.7532871962785,188659.69891441907
5775.783324109713,188743.57578943152
5775.8133611793555,188346.97498113455
5775.843398405205,188295.6481446951
5775.873435787265,188813.41211633442
5775.903473325535,188582.40188325013
5775.933511020015,188676.37109385073
5775.963548870707,188454.8960366984
5775.993586877612,188110.258526592
5776.02362504073,188366.44023204892
5776.053663360061,188342.20880613613
5776.083701835608,187823.8856070356
5776.11374046737,187928.13532497248
5776.143779255349,188176.79926086278
5776.173818199545,188810.58231660537
5776.203857299959,188930.87738219925
5776.233896556592,188300.6177012151
5776.263935969445,188741.9490130972
5776.293975538518,189189.7028234869
5776.324015263813,188530.07157286917
5776.354055145329,188794.97129146932
5776.384095183069,188744.57614134846
5776.414135377033,188661.13673632673
5776.444175727221,188545.6629772744
5776.474216233634,189004.6820445468
5776.504256896274,188809.16647694766
5776.53429771514,189184.17522278117
5776.564338690235,188931.25437165654
5776.5943798215585,189042.64826258647
5776.624421109111,188453.7038133747
5776.654462552894,188437.86764901382
5776.684504152908,189414.75252842763
5776.7145459091535,189871.09961054075
5776.744587821632,189109.4448529722
5776.774629890345,188315.2566551502
5776.804672115291,189239.1104941373
5776.834714496473,188622.13320946085
5776.864757033891,188887.60601862107
5776.894799727545,188819.94854968617
5776.924842577437,189108.09879280074
5776.954885583567,189357.97135614892
5776.984928745937,188316.7284448618
5777.014972064547,187493.455329104
5777.045015539397,188042.6601655402
5777.07505917049,188609.3758640145
5777.105102957824,188399.18479160016
5777.135146901403,188325.77876430468
5777.165191001224,188756.87887198405
5777.195235257292,188298.51334870522
5777.225279669604,188166.70371911174
5777.255324238163,188679.78434597043
5777.285368962969,188485.47134343875
5777.315413844024,188989.37353095599
5777.345458881328,188915.42394797187
5777.375504074881,188801.73437021908
5777.405549424685,188361.06372642392
5777.435594930741,188421.0778682449
5777.465640593048,189181.57296435666
5777.495686411609,188604.42990315802
5777.525732386423,188647.9975741806
5777.555778517493,189224.43272073803
5777.585824804818,188190.58993965917
5777.615871248398,188077.69478454234
5777.645917848236,187842.71238680824
5777.675964604333,187763.51585003297
5777.706011516687,186189.3670359827
5777.736058585301,186012.86975355973
5777.766105810176,185335.37843252794
5777.7961531913115,185413.51326688306
5777.826200728709,185366.66784282893
5777.856248422369,185593.48397214062
5777.886296272293,186321.38649023836
5777.916344278482,186189.695819922
5777.946392440936,187110.74094513067
5777.976440759656,187356.2287388885
5778.006489234642,187833.80146526865
5778.036537865896,188248.4841009229
5778.066586653419,188604.8157033029
5778.0966355972105,188258.4494847464
5778.126684697273,188075.51418052881
5778.156733953606,189305.72176349512
5778.186783366211,188371.3251632836
5778.216832935088,188958.73751192613
5778.246882660238,189331.51849762234
5778.276932541663,188939.7485600271
5778.306982579363,188633.48926639822
5778.337032773338,188338.873289969
5778.36708312359,189218.861517694
5778.39713363012,188991.53912026394
5778.427184292927,188589.33449715906
5778.457235112014,188660.0283074338
5778.487286087381,188825.01823140334
5778.517337219028,189368.3724051453
5778.547388506957,189096.16393940678
5778.577439951168,189119.65028468642
5778.607491551662,188954.81024465323
5778.63754330844,188434.4058152809
5778.667595221503,188759.5016071755
5778.697647290851,188180.9942529396
5778.727699516486,188134.84921162607
5778.757751898408,188504.0268224386
5778.787804436617,188288.25551641465
5778.817857131116,186557.8336094116
5778.847909981904,186591.67856569545
5778.877962988983,186421.2776366221
5778.9080161523525,185716.67101428384
5778.938069472015,185004.45888723986
5778.968122947969,184695.77797718294
5778.998176580218,183915.02646776463
5779.028230368761,183967.1194107051
5779.058284313599,184474.091945211
5779.088338414733,184815.7769415919
5779.118392672164,185198.42151239884
5779.148447085893,185208.73535025475
5779.178501655921,185191.57369404126
5779.2085563822475,185165.0534259216
5779.238611264875,185410.41496973948
5779.268666303802,184649.77692583294
5779.298721499032,184589.4601914029
5779.328776850564,184767.60449832125
5779.3588323584,183245.39116748943
5779.38888802254,182936.3482689435
5779.418943842985,182018.66903581025
5779.448999819736,181770.21871255085
5779.479055952794,180454.13314471292
5779.509112242159,180136.12783045266
5779.539168687832,179104.82570298392
5779.569225289814,177336.89815781472
5779.599282048107,176031.06892171048
5779.62933896271,174386.56426341878
5779.659396033625,172703.13656451736
5779.689453260852,172443.1321243706
5779.719510644392,172152.23643303232
5779.7495681842465,171994.34176327218
5779.779625880416,171771.84433422552
5779.8096837329,171960.29129167192
5779.839741741701,172391.0715221556
5779.869799906819,171683.99247979085
5779.899858228256,170860.76108244437
5779.929916706011,172136.03415960193
5779.959975340086,172407.3924837225
5779.990034130481,173107.73207923822
5780.020093077198,173777.73093044356
5780.050152180237,175434.43405435758
5780.080211439598,175021.43838893247
5780.1102708552835,175293.08697703973
5780.1403304272935,176622.4311319916
5780.170390155629,177907.41338674162
5780.200450040291,178410.57650153668
5780.230510081279,178777.77628343465
5780.260570278596,179511.39529862494
5780.290630632241,180800.2564037726
5780.320691142215,181887.83163705264
5780.35075180852,182269.65099560487
5780.380812631156,182251.74526759196
5780.410873610123,181696.06407070442
5780.440934745424,180994.35849516466
5780.470996037057,181659.3076319217
5780.501057485026,181996.57335755465
5780.531119089329,181985.5979805039
5780.561180849968,182612.51393710254
5780.591242766944,183616.11646133996
5780.621304840257,183199.24725944054
5780.65136706991,183435.60064910498
5780.6814294559,183994.70906812337
5780.711491998231,184877.21703809476
5780.741554696903,183591.16708244203
5780.771617551916,184070.09555836374
5780.801680563272,183918.17081095357
5780.8317437309715,183456.71697953306
5780.861807055016,182435.0316861666
5780.8918705354035,181375.4707601312
5780.921934172137,178941.49188127392
5780.951997965218,177937.21823184667
5780.982061914645,176108.55193895465
5781.0121260204205,174930.74069143046
5781.042190282546,174194.8103112235
5781.07225470102,174001.69470897946
5781.102319275846,174399.6189101591
5781.132384007022,174490.298977961
5781.162448894551,175070.05214208082
5781.192513938432,174457.35291947637
5781.222579138667,175018.13832531247
5781.252644495258,175047.44341525348
5781.282710008203,173974.0960314157
5781.312775677506,172745.17139205115
5781.342841503164,171222.81353901714
5781.372907485181,170453.42915181408
5781.402973623556,170161.92082393967
5781.433039918292,171001.97445264272
5781.463106369387,171360.96336988604
5781.493172976843,172900.38422863817
5781.523239740662,174253.41094734965
5781.553306660843,176067.50597763853
5781.583373737388,178886.73796701495
5781.613440970297,179516.81027605035
5781.643508359572,181097.6808617345
5781.673575905213,182353.7894154708
5781.703643607219,183531.5631351017
5781.733711465595,184715.3800317911
5781.763779480338,185354.73475150616
5781.793847651451,186668.62216972804
5781.823915978934,187499.91050663576
5781.853984462787,187419.9512902132
5781.884053103013,188184.23952497146
5781.91412189961,188103.13513288065
5781.944190852581,188426.99265166748
5781.974259961927,188154.29318745708
5782.004329227648,188506.9962947094
5782.034398649744,188543.92878002123
5782.064468228216,187718.01180082027
5782.094537963067,187788.27300369347
5782.1246078542945,187507.99588994874
5782.154677901903,186696.1981318205
5782.184748105889,186282.66752656392
5782.214818466257,185875.96053923797
5782.244888983007,185481.22981950335
5782.274959656139,183551.8157341501
5782.305030485653,181979.90883931617
5782.335101471552,181099.088334644
5782.365172613835,179850.708481878
5782.395243912504,179748.88606261808
5782.42531536756,180212.335470262
5782.4553869790025,181145.42478539652
5782.485458746833,181859.02882957458
5782.515530671052,183275.957177426
5782.545602751661,183992.552108493
5782.5756749886605,184886.1509671794
5782.605747382051,185579.14776147937
5782.635819931833,186151.78359705894
5782.665892638009,186772.76726775707
5782.695965500578,187331.56111883008
5782.726038519541,187916.14875873693
5782.7561116949,187685.91425762651
5782.786185026655,187897.30056351415
5782.8162585148075,187108.54218647408
5782.846332159357,186649.39896389862
5782.876405960305,186642.0415381735
5782.906479917653,184667.16391288178
5782.9365540314,184101.5733070242
5782.9666283015495,184053.0944879131
5782.9967027281,183034.07813951967
5783.026777311053,181699.4967772074
5783.056852050409,180048.91970235485
5783.08692694617,178841.7119120548
5783.1170019983365,178243.6185037176
5783.147077206908,175735.41853795375
5783.177152571887,175746.2884415221
5783.2072280932725,176548.68650477254
5783.237303771067,176696.39127100664
5783.26737960527,178012.39209412367
5783.297455595884,178892.51967491867
5783.327531742908,180121.56556034926
5783.357608046344,182456.33807275264
5783.387684506191,182580.0561275121
5783.417761122453,183825.49720495343
5783.447837895128,185048.22104036735
5783.477914824219,186241.342518135
5783.507991909724,187463.052571552
5783.538069151647,187750.8568681114
5783.568146549986,188168.01248526445
5783.598224104743,188215.39247815483
5783.628301815919,187886.64104214215
5783.658379683516,187858.24047784833
5783.6884577075325,187561.74872017393
5783.718535887971,187226.31821905103
5783.74861422483,186582.49421432518
5783.778692718113,186828.29822772995
5783.808771367821,186666.35451431584
5783.838850173952,185629.84808875172
5783.868929136508,185132.23109050925
5783.899008255491,185077.47899671702
5783.929087530902,183216.53086198156
5783.959166962739,183077.76406659078
5783.989246551006,183385.97405349778
5784.019326295702,183372.24720640387
5784.049406196828,183297.22145662343
5784.079486254385,183685.49159298805
5784.109566468374,183582.73730912196
5784.139646838797,183095.43129888774
5784.169727365652,182187.95567291515
5784.199808048942,181127.2774436338
5784.229888888667,180063.27236791843
5784.259969884828,179238.8943262988
5784.290051037426,178757.8699561243
5784.320132346461,178622.54326156268
5784.350213811935,178978.74134269028
5784.380295433848,178624.41691383682
5784.410377212201,178181.3496057224
5784.440459146995,177334.10179306677
5784.47054123823,175995.32872555254
5784.500623485908,174297.10660720422
5784.53070589003,173034.32334666952
5784.560788450595,170933.68944638918
5784.590871167606,169715.08221494698
5784.620954041062,170730.39760756778
5784.651037070964,172068.92821404443
5784.681120257314,173076.4230970751
5784.711203600113,174571.9713881836
5784.741287099359,175188.34489593093
5784.7713707550565,176207.898073938
5784.801454567204,175899.8245300545
5784.831538535803,175812.62650517363
5784.861622660855,174870.4305260573
5784.891706942359,174519.53862379506
5784.921791380317,174087.6182042236
5784.95187597473,174572.76884109344
5784.981960725599,174661.64332686865
5785.012045632923,174770.63970575636
5785.042130696705,174886.94144844223
5785.0722159169445,176259.14283738387
5785.102301293643,177923.47967322322
5785.132386826801,178464.2875054597
5785.162472516419,179615.8518796102
5785.192558362499,180748.33639910558
5785.222644365041,181382.34885114201
5785.252730524046,181166.18645982307
5785.2828168395135,182479.10140344134
5785.312903311446,183489.785390165
5785.342989939843,184019.59766875752
5785.373076724708,185051.5384049248
5785.403163666038,185898.07226644244
5785.433250763837,186003.3935304666
5785.463338018104,186749.79766009824
5785.49342542884,187601.7825669578
5785.5235129960465,187810.4977922152
5785.553600719724,188459.37125815827
5785.583688599873,188741.78006703383
5785.6137766364955,188715.83660526283
5785.643864829591,188580.2882196148
5785.67395317916,188807.5820990267
5785.704041685204,188814.72082077357
5785.734130347724,189571.43829071918
5785.764219166722,189542.51353623893
5785.794308142195,189219.19387393075
5785.824397274148,189439.9890003585
5785.85448656258,189822.15469225074
5785.884576007492,189216.43798771926
5785.914665608884,190214.24166890816
5785.944755366759,189969.58147978914
5785.9748452811145,190613.05056554204
5786.004935351954,190160.4033756304
5786.035025579277,189568.7620655701
5786.065115963086,189340.54332326248
5786.09520650338,189422.9864696404
5786.12529720016,189310.24663721945
5786.1553880534275,189049.3839991531
5786.185479063183,189535.04117384105
5786.215570229428,188994.63940594145
5786.245661552161,188508.57277465702
5786.275753031386,188392.45419684434
5786.305844667102,188581.73162258908
5786.33593645931,188331.96869830284
5786.366028408011,187773.39804430914
5786.3961205132055,188211.7867649034
5786.426212774894,188214.40179728167
5786.456305193079,188791.42616287153
5786.48639776776,188645.2816229958
5786.516490498938,188605.36097147583
5786.546583386614,188784.4136214472
5786.576676430787,188193.88196725326
5786.606769631461,188331.90437879183
5786.636862988636,188708.29578303735
5786.66695650231,188545.45306707986
5786.697050172487,189150.50579309423
5786.727143999166,189366.4986334929
5786.75723798235,189597.86216289952
5786.787332122037,189342.96175522055
5786.81742641823,188928.7330078278
5786.847520870928,189167.54664785048
5786.8776154801335,189908.64732602227
5786.907710245846,189260.76184598682
5786.937805168068,188357.46112113353
5786.967900246797,188458.3807697744
5786.997995482038,187597.95129099625
5787.02809087379,186428.49339797947
5787.058186422052,184892.49713573177
5787.088282126828,183337.62817857676
5787.118377988117,181066.8197585895
5787.1484740059195,179065.74350306625
5787.178570180237,176779.65957343398
5787.20866651107,175261.3893572063
5787.2387629984205,173787.9405385031
5787.268859642288,174404.1335823587
5787.298956442673,175017.27197656297
5787.329053399578,176080.34755063028
5787.359150513002,177719.2708449871
5787.389247782947,180030.51410030114
5787.419345209413,181059.9258830366
5787.449442792401,182947.01454730026
5787.479540531913,184403.31432377815
5787.509638427949,185578.27976163846
5787.5397364805085,186026.6090861361
5787.569834689594,187312.1429813328
5787.599933055206,187571.19844989604
5787.630031577344,187495.638192912
5787.660130256011,188586.42382451298
5787.690229091207,188294.20481522175
5787.720328082933,188506.29287961015
5787.750427231188,188422.75876263477
5787.780526535975,188599.66274044104
5787.810625997294,188686.7999414496
5787.840725615145,189508.9512454678
5787.87082538953,188721.15799273713
5787.9009253204495,189625.98833495454
5787.931025407905,189731.9500523143
5787.961125651896,189936.937146442
5787.991226052423,190517.55450356944
5788.021326609489,190537.96347973807
5788.051427323093,190180.54458247314
5788.081528193236,189879.0033771127
5788.111629219919,190618.64400909084
5788.141730403144,190121.68657258828
5788.17183174291,190904.7142130193
5788.201933239219,190621.30659625426
5788.232034892071,190015.4139241438
5788.262136701468,190244.5207524911
5788.292238667409,189995.51003302023
5788.322340789897,189388.64852622568
5788.35244306893,189309.89239876723
5788.382545504512,188967.52260519436
5788.4126480966415,189246.93737837538
5788.442750845321,189490.27463662566
5788.472853750549,189376.17962336578
5788.502956812328,189210.6127497752
5788.53306003066,190424.9696841425
5788.563163405543,189770.87963438517
5788.5932669369795,189806.01861484753
5788.6233706249695,189792.26508986898
5788.6534744695155,190389.04364925402
5788.683578470616,190703.04175284453
5788.713682628273,190980.00108929895
5788.7437869424875,191018.36491956474
5788.773891413261,190882.2808213398
5788.803996040591,189293.43162676244
5788.834100824482,189316.12326826263
5788.864205764934,190047.5115012232
5788.894310861948,190642.6133741802
5788.924416115522,190862.28928617702
5788.95452152566,190492.44541274034
5788.984627092362,190139.5958665736
5789.014732815628,189970.34602076205
5789.04483869546,189109.53262941047
5789.074944731858,188613.94037120475
5789.1050509248225,188658.92410672508
5789.135157274355,189167.12704016542
5789.165263780457,189118.9524314108
5789.195370443128,189881.13593994468
5789.225477262368,189798.00734670914
5789.255584238181,189081.50448048656
5789.285691370565,189473.18127425978
5789.3157986595215,189503.91276937904
5789.345906105052,189298.01062378642
5789.376013707157,189116.1917338495
5789.406121465836,188243.87676156784
5789.436229381092,186329.03779567138
5789.466337452925,185465.06458300186
5789.496445681334,185813.560610722
5789.526554066323,186954.93388823693
5789.556662607891,187826.5720883754
5789.586771306038,187529.01659452685
5789.616880160767,187647.1016998677
5789.646989172077,187807.44467398705
5789.67709833997,188050.234953972
5789.707207664446,188197.16065672622
5789.737317145506,188541.91393955395
5789.767426783151,189003.3391176301
5789.797536577382,189151.51987480093
5789.827646528199,188809.87873127675
5789.857756635603,188656.77165417012
5789.887866899597,188972.73747940417
5789.917977320179,188848.84443384738
5789.94808789735,189163.80465829984
5789.978198631113,188436.0608080455
5790.008309521467,187177.64110450665
5790.038420568412,185319.44401265506
5790.068531771952,183707.39736953512
5790.098643132084,180641.16516342905
5790.128754648812,176765.15418568894
5790.1588663221355,173599.54400867768
5790.188978152055,169528.27597301995
5790.219090138571,165428.16820663936
5790.249202281686,161707.0336743413
5790.279314581399,159358.9424756957
5790.309427037712,158871.7016280624
5790.339539650625,159145.47079352953
5790.36965242014,160789.58889338194
5790.399765346257,164520.33277826442
5790.429878428976,169013.99498321285
5790.459991668298,171796.81861857476
5790.490105064226,174513.97583431372
5790.520218616759,177955.2451550354
5790.550332325898,180140.6518254476
5790.580446191643,181873.31319739472
5790.610560213997,183461.0435183238
5790.640674392959,185118.53518483817
5790.67078872853,185888.17976306743
5790.700903220712,186647.23128878546
5790.731017869504,186334.8962509488
5790.761132674908,186864.61193624517
5790.791247636926,187673.84773849734
5790.821362755556,187533.99428606677
5790.8514780308005,187062.26775315005
5790.88159346266,187221.90596530493
5790.911709051136,187898.93150776005
5790.9418247962285,187394.62670188202
5790.9719406979375,187547.09861371422
5791.002056756266,187188.66700844147
5791.032172971213,186389.39207654214
5791.06228934278,186698.17104848573
5791.092405870968,187406.5460956748
5791.122522555777,187213.25886378263
5791.152639397209,188016.32406834938
5791.182756395264,187858.37425190076
5791.212873549943,187824.14275017483
5791.242990861247,188643.5385176656
5791.2731083291765,188924.15352447817
5791.303225953732,189468.34501940105
5791.333343734916,189630.10441377628
5791.363461672727,190220.97564894665
5791.3935797671675,189840.9336987943
5791.423698018237,190562.20674588077
5791.4538164259375,190808.47841254715
5791.4839349902695,190344.78463434786
5791.514053711233,190115.7207179183
5791.54417258883,189308.0667314964
5791.574291623061,189509.18501803005
5791.604410813926,189339.7054248033
5791.6345301614265,190862.0675471541
5791.664649665564,191456.55181316548
5791.694769326338,191576.5614015612
5791.724889143749,192390.46606452393
5791.7550091178,190958.3708427439
5791.78512924849,189903.46280163917
5791.815249535821,190242.24730071303
5791.845369979792,190886.34636205086
5791.875490580405,190629.36007254518
5791.905611337662,189963.37041963614
5791.935732251562,190712.51149074698
5791.965853322105,189459.7144259992
5791.995974549295,190169.42727194686
5792.02609593313,190012.97703956522
5792.056217473612,189138.8977607246
5792.086339170742,188166.1045528091
5792.1164610245205,187239.2896616704
5792.146583034948,186027.8730800061
5792.176705202025,184803.80608737818
5792.206827525753,182239.1933475324
5792.236950006134,179118.9014322459
5792.267072643166,175778.93032368584
5792.297195436852,171965.73709787714
5792.3273183871925,167900.52723377923
5792.357441494188,164172.99327771005
5792.387564757839,161630.8150772574
5792.417688178146,160127.1023382523
5792.447811755112,160350.96335237264
5792.477935488734,161281.2975095259
5792.508059379016,164451.4079213227
5792.538183425959,167605.36898450553
5792.568307629562,170259.93231214397
5792.598431989825,172883.67249173872
5792.628556506752,175825.65805430507
5792.658681180342,178162.0325913111
5792.688806010596,180045.72613983823
5792.718930997514,182374.3178607823
5792.749056141098,183987.006293125
5792.779181441348,185577.6792479473
5792.809306898265,186319.4414953959
5792.839432511851,187260.1541456692
5792.869558282105,187769.05359528138
5792.899684209029,187326.5720912189
5792.929810292623,187656.65441260085
5792.959936532889,187816.12155303627
5792.990062929826,187877.6621024287
5793.020189483437,186926.42032792323
5793.050316193721,185931.0312405366
5793.08044306068,185098.38236372173
5793.1105700843145,183213.21952897197
5793.140697264625,182484.98603129658
5793.170824601612,181477.43656244216
5793.200952095277,180401.14045246056
5793.231079745621,179535.1371595895
5793.261207552644,180267.88584171637
5793.291335516347,180591.6404631317
5793.321463636731,182484.6101267289
5793.351591913798,183364.9103408962
5793.381720347546,183785.42584862598
5793.411848937979,184594.67742981826
5793.4419776850955,185627.5702386631
5793.472106588897,186725.54302604368
5793.502235649385,187131.92351870617
5793.532364866559,187435.1248215324
5793.562494240421,188063.9411667504
5793.592623770972,188961.4250404873
5793.622753458211,187911.80591981174
5793.652883302141,186972.05097003083
5793.6830133027615,186662.7835442635
5793.713143460073,186835.61657273187
5793.743273774077,186596.60726826318
5793.7734042447755,186572.43434757012
5793.803534872167,186745.27857470515
5793.833665656254,187440.48965180083
5793.8637965970365,187497.6925902405
5793.893927694516,187178.24626470532
5793.924058948692,187425.94151757009
5793.954190359566,187640.18192547804
5793.98432192714,187534.9507817145
5794.014453651413,187946.69491160545
5794.044585532386,188369.0032990819
5794.074717570062,188508.46954760383
5794.104849764439,189266.7936835717
5794.134982115519,189739.26984656363
5794.165114623303,189627.6747614371
5794.195247287793,189379.19960696643
5794.225380108987,189578.82540621585
5794.255513086888,190099.88589906442
5794.285646221496,190303.31130807742
5794.315779512812,189746.46041662968
5794.345912960836,189431.79169843544
5794.3760465655705,189015.27738463233
5794.406180327015,188633.8676519142
5794.43631424517,188447.7063763424
5794.466448320039,189040.26108936875
5794.496582551619,188745.13810100325
5794.526716939913,187815.73430295585
5794.556851484922,188699.5199369722
5794.586986186646,187913.6806100144
5794.617121045086,188818.10261330922
5794.647256060242,188827.87731246572
5794.677391232117,188888.15485477497
5794.70752656071,188989.59480196587
5794.737662046023,189386.74884228274
5794.767797688055,189732.26604267088
5794.797933486809,188957.43237123065
5794.828069442284,189758.44607998466
5794.858205554482,189312.24651998264
5794.888341823404,189642.76444619277
5794.918478249049,190039.22013624763
5794.94861483142,189478.32779619112
5794.978751570517,189393.09686679876
5795.008888466339,189064.05836968913
5795.03902551889,189218.40051162403
5795.069162728169,189058.04348471639
5795.099300094177,188101.3192380259
5795.129437616915,187750.4623561279
5795.159575296384,186879.37091106045
5795.189713132584,186874.86323905512
5795.219851125517,186650.20176788815
5795.249989275183,186574.55848793124
5795.280127581584,187168.62805991858
5795.310266044718,187350.3340387817
5795.340404664588,187572.75647080506
5795.370543441196,187435.72101379454
5795.400682374539,188054.90748667408
5795.430821464622,187797.6397934726
5795.4609607114435,188016.3277022958
5795.491100115004,189092.23337070423
5795.521239675306,189289.40819961077
5795.551379392348,189049.01960257423
5795.581519266133,189292.8492886909
5795.611659296661,189606.90061015426
5795.641799483933,189611.12756742194
5795.671939827949,188826.79853509786
5795.7020803287105,189231.19253103487
5795.732220986219,189612.9723503539
5795.762361800474,190106.5532620204
5795.792502771477,189957.3683802931
5795.822643899229,189719.62303144071
5795.85278518373,190086.5787926575
5795.882926624981,190114.05607553726
5795.913068222983,189394.38495373057
5795.943209977738,189303.48084230258
5795.973351889245,188814.62203453024
5796.003493957506,188781.25549569525
5796.033636182521,189275.82338911443
5796.063778564292,189137.96276070754
5796.093921102818,188469.01524488206
5796.124063798102,188971.85500134868
5796.154206650142,189908.2389981855
5796.184349658942,188888.06258007427
5796.214492824501,188985.28043205044
5796.244636146819,189208.62924213716
5796.274779625899,188773.2030748298
5796.30492326174,188647.13096253155
5796.335067054345,188498.31974758094
5796.365211003712,188221.85739561252
5796.395355109844,188206.39963573837
5796.42549937274,188669.74541841625
5796.455643792402,188834.63969906568
5796.485788368831,187997.3979720404
5796.515933102028,187225.36648818583
5796.546077991992,187107.32626452352
5796.576223038726,186685.7181194556
5796.60636824223,185734.6525120124
5796.636513602504,185283.45137893475
5796.66665911955,185091.95507417503
5796.696804793368,183819.90344106103
5796.726950623959,182567.5943995611
5796.757096611324,180955.0722604389
5796.787242755464,179022.36833029523
5796.81738905638,177085.03067631638
5796.847535514072,175832.80367607623
5796.877682128541,175649.24085212252
5796.907828899788,175452.12144365412
5796.937975827815,174833.58938537497
5796.96812291262,174422.2453776735
5796.998270154207,173905.36935833254
5797.028417552574,173363.3936143279
5797.058565107724,171833.8178345139
5797.088712819656,169594.7028100136
5797.1188606883725,168188.12044338702
5797.149008713874,167136.33366388988
5797.17915689616,166020.70965159402
5797.209305235232,166719.44278526664
5797.239453731091,168818.13839641178
5797.269602383739,169732.50129792673
5797.299751193174,171156.63230914148
5797.3299001594,172644.6730109987
5797.360049282415,173067.76612689067
5797.390198562222,173535.8644489636
5797.420347998821,172906.60663972306
5797.450497592212,171824.45293395466
5797.480647342397,172462.10294364422
5797.510797249376,174555.78384017068
5797.54094731315,176155.69812170666
5797.571097533721,177098.20218186657
5797.601247911088,179555.56700415813
5797.631398445253,180416.88961450983
5797.661549136215,182212.87590660894
5797.691699983978,183593.91460036708
5797.72185098854,184817.36864669184
5797.752002149903,186238.0138452551
5797.782153468068,186947.50996547512
5797.812304943036,187237.870839415
5797.842456574806,188683.57958706512
5797.872608363381,189533.9181619259
5797.902760308761,189988.33899576747
5797.932912410946,189538.10071111424
5797.963064669939,190209.27059394857
5797.993217085738,190859.0675073847
5798.023369658346,190757.0037245552
5798.053522387763,190849.33681496902
5798.08367527399,190712.2795233839
5798.113828317027,189579.3231605859
5798.143981516875,190330.29060996912
5798.174134873536,191140.76598777281
5798.204288387011,191047.53142931164
5798.234442057298,190555.11706266672
5798.264595884401,190409.03150626068
5798.29474986832,189867.01992969413
5798.324904009054,189800.65166254184
5798.355058306606,190516.711128391
5798.385212760975,190510.13073292465
5798.415367372164,190410.7596565702
5798.445522140172,190106.43402239887
5798.475677065001,189346.34488560905
5798.505832146651,189674.48825421577
5798.535987385123,190037.98526212564
5798.566142780418,190354.3109551412
5798.596298332536,190823.99065997935
5798.6264540414795,190875.24574178315
5798.656609907248,190781.57310055717
5798.686765929842,191149.66591940614
5798.716922109264,190038.14425856786
5798.747078445514,190927.35597735026
5798.777234938591,190093.3816489098
5798.807391588499,190260.36336949607
5798.837548395236,190000.00821919486
5798.867705358804,190311.8572913203
5798.897862479205,190697.53222013894
5798.928019756438,190331.16221728496
5798.958177190505,190212.21228918098
5798.988334781406,189777.6657188527
5799.018492529141,190246.92862287562
5799.048650433713,188904.20037671668
5799.078808495122,189206.01876161568
5799.108966713368,188555.274197639
5799.139125088453,188391.38185003435
5799.1692836203765,188422.85234825427
5799.199442309141,188190.8316737336
5799.229601154745,188214.33122689024
5799.2597601571915,187826.27917912573
5799.28991931648,187544.1599966982
5799.320078632612,188092.36270298177
5799.350238105589,187585.37175180396
5799.380397735409,187351.23875447278
5799.4105575220765,186837.62496358625
5799.44071746559,187554.92572791918
5799.47087756595,187544.2851578144
5799.501037823159,185839.50356188303
5799.531198237217,185206.60485425664
5799.561358808124,185723.87931511085
5799.591519535883,185807.51604582637
5799.621680420492,185610.88427063936
5799.651841461954,185843.98495611295
5799.682002660269,185520.11673740335
5799.712164015438,184824.9198959148
5799.742325527462,184739.74482249795
5799.77248719634,184703.3245524393
5799.8026490220755,183843.75708045904
5799.832811004669,182743.14429605674
5799.862973144119,181887.75264672737
5799.893135440428,181133.84484868462
5799.923297893597,180908.22185915807
5799.953460503626,180898.4176914077
5799.983623270517,181376.2349905508
5800.0137861942685,181944.23342985695
5800.043949274884,183230.14036967183
5800.074112512363,184874.6092995951
5800.104275906707,185742.45469806134
5800.1344394579155,186127.82898489694
5800.16460316599,186616.95529912834
5800.194767030932,187302.2162366871
5800.224931052741,187644.30515978666
5800.25509523142,188154.13731979165
5800.285259566967,188650.5925195992
5800.315424059385,189124.46204318336
5800.345588708674,189084.07770711722
5800.375753514834,189376.79296909657
5800.405918477867,190061.36156608496
5800.436083597774,189805.26774370717
5800.466248874555,190656.56128364356
5800.496414308211,189602.83896306227
5800.526579898743,190443.04528601735
5800.556745646151,189692.88502923018
5800.586911550437,189110.52556322332
5800.617077611602,189869.79206736284
5800.647243829646,190501.62917491124
5800.677410204569,190408.1983153694
5800.707576736374,190304.06782011595
5800.73774342506,190016.44348052063
5800.767910270629,190091.09913684145
5800.79807727308,190572.02574763924
5800.828244432416,190721.33976164032
5800.858411748637,190574.31566291675
5800.888579221743,189937.61016637873
5800.918746851736,189910.15833130266
5800.948914638616,190474.57977461081
5800.979082582385,190711.55151165373
5801.0092506830415,190610.40274921196
5801.039418940589,190633.8030292115
5801.069587355027,190734.33361699132
5801.099755926356,189927.19802357498
5801.129924654577,190586.6981259367
5801.160093539691,190829.06670545565
5801.190262581699,190933.07519855315
5801.220431780603,191170.68923988187
5801.250601136401,191077.93746627923
5801.280770649096,191105.47010431826
5801.310940318687,191498.15906437076
5801.341110145177,191035.56748685156
5801.371280128566,190475.79795583803
5801.401450268853,190832.40591637572
5801.431620566042,191778.80311463473
5801.461791020131,191246.11503023704
5801.491961631123,191256.96231685072
5801.522132399017,191603.9028134874
5801.552303323816,191482.29254950318
5801.582474405518,190616.4537620918
5801.612645644126,189802.29540187158
5801.64281703964,190391.66287476444
5801.67298859206,190307.35321631428
5801.703160301389,190232.881908591
5801.733332167626,189388.4927828995
5801.763504190772,189998.45710230875
5801.793676370829,190859.14172334582
5801.823848707797,190105.97592268363
5801.854021201676,189403.38740187895
5801.884193852468,189629.74374071744
5801.914366660174,189464.90975381611
5801.944539624794,189267.12553139907
5801.974712746329,189238.5217163305
5802.004886024779,189656.78523921446
5802.035059460147,189321.98809195403
5802.065233052432,189902.01318726077
5802.095406801634,190125.4260591823
5802.125580707757,189781.088903988
5802.1557547708,190257.6759406466
5802.1859289907625,191179.51111082037
5802.2161033676475,191167.47983699548
5802.246277901454,190669.37388293052
5802.276452592185,190220.538207673
5802.306627439839,190040.3211357005
5802.336802444419,191524.21433570742
5802.366977605923,190883.9693447403
5802.3971529243545,190047.7300279961
5802.427328399714,190799.76519358967
5802.4575040320005,191699.8589273061
5802.487679821216,190936.8741683347
5802.517855767362,190139.45098239646
5802.5480318704385,190951.5130784177
5802.578208130446,190946.00668474598
5802.608384547386,191207.71554502452
5802.638561121258,190115.68623292242
5802.668737852065,190723.4916454299
5802.698914739806,190936.90313575146
5802.729091784483,191194.38607076884
5802.759268986096,191128.39946470055
5802.789446344646,190870.6092203192
5802.819623860134,190699.07119692065
5802.849801532561,190473.92411485908
5802.879979361927,190831.583937917
5802.910157348234,189958.62638280887
5802.940335491482,190194.39576409623
5802.970513791672,189292.7202258262
5803.000692248805,190248.6114511245
5803.030870862881,190931.01343022854
5803.061049633901,190570.38834511946
5803.091228561868,190131.03242465373
5803.1214076467795,189490.48163812896
5803.151586888639,188030.7256561616
5803.1817662874455,186257.9220020638
5803.211945843201,184661.00021031778
5803.242125555906,183028.75106736028
5803.27230542556,181181.11614844567
5803.302485452166,179540.3871036267
5803.332665635724,178591.55828669193
5803.362845976234,178925.57632886217
5803.393026473697,179482.58541100766
5803.423207128116,179875.8889872688
5803.4533879394885,180495.3738469672
5803.483568907817,180800.6056814163
5803.513750033103,180805.87485835695
5803.543931315346,180824.38212096275
5803.574112754547,180846.4444203472
5803.604294350707,181189.5243050239
5803.634476103828,181896.4064444796
5803.664658013909,182475.18818051374
5803.6948400809515,183413.76611548776
5803.725022304957,183620.60190536885
5803.7552046859255,183403.82054490643
5803.7853872238575,184065.52625974658
5803.8155699187555,184290.36392261618
5803.845752770618,185378.5663361883
5803.875935779448,186449.85570707507
5803.906118945244,187033.10187431343
5803.936302268009,187371.25469895388
5803.966485747743,188202.60435591618
5803.996669384446,188668.1865212642
5804.026853178121,189494.6612996434
5804.057037128767,189978.36381189106
5804.087221236384,189374.94477654982
5804.117405500975,189272.4479530555
5804.14758992254,189052.88892757116
5804.177774501079,188643.96092700318
5804.2079592365935,188471.5105508283
5804.2381441290845,187311.94779646234
5804.268329178552,186822.61131522933
5804.298514384998,186210.43061075354
5804.328699748423,185802.07286372795
5804.358885268827,185221.94313844095
5804.389070946212,183402.11487030672
5804.419256780578,180595.53185127937
5804.4494427719255,177725.37915315697
5804.479628920257,175486.86393062357
5804.5098152255705,174662.35138619482
5804.540001687869,173876.02479314446
5804.570188307153,174032.6789154969
5804.600375083423,175644.9177339036
5804.63056201668,176982.59361108567
5804.660749106925,178602.27243351293
5804.690936354158,180155.84635794343
5804.721123758381,181168.09245693876
5804.751311319594,182780.18372499416
5804.781499037797,184300.71718919065
5804.811686912993,185308.5866363616
5804.841874945181,185311.35742746855
5804.872063134362,185726.76094155782
5804.902251480538,185406.57473773987
5804.93243998371,183751.40896962167
5804.962628643876,181993.1211511369
5804.9928174610395,179695.50974511815
5805.0230064352,178173.77668864533
5805.05319556636,177720.4319447363
5805.083384854518,176256.8960125725
5805.113574299677,175854.0800702811
5805.143763901836,175239.63689926764
5805.173953660997,177015.20503366165
5805.20414357716,177435.50821118776
5805.234333650325,179821.29530479843
5805.264523880496,181693.9297949366
5805.294714267671,183098.2916869756
5805.324904811852,184103.4063141144
5805.3550955130395,185031.6067206375
5805.3852863712345,186343.18430014118
5805.4154773864375,187273.22279198773
5805.445668558649,188432.38346203777
5805.475859887871,187994.5857606943
5805.506051374103,188123.57860515732
5805.536243017346,188675.79806382873
5805.566434817602,189818.8992888643
5805.596626774871,189329.09537517032
5805.626818889154,189030.17295161885
5805.657011160451,189584.75024637475
5805.687203588764,189639.7540392479
5805.717396174093,189523.87922893825
5805.747588916439,189416.3006529666
5805.777781815803,187949.0997493788
5805.807974872186,186888.501371607
5805.838168085588,184440.1587586433
5805.8683614560105,181426.27284361082
5805.898554983454,178429.93311143108
5805.92874866792,175686.79899295
5805.958942509409,173054.637456545
5805.989136507922,170466.39389392585
5806.019330663458,168491.55214655
5806.049524976021,167796.28136560495
5806.079719445609,168447.52490744973
5806.109914072224,170229.39188187706
5806.140108855867,172403.8681005046
5806.170303796538,175454.2374507536
5806.200498894239,177261.22987395385
5806.23069414897,178566.68135184757
5806.260889560732,180523.85322652943
5806.2910851295255,182516.63214623957
5806.321280855352,184131.41647814872
5806.351476738211,185116.48305777396
5806.381672778105,185897.43305212568
5806.411868975035,187349.787894049
5806.442065329,188194.0115613504
5806.472261840001,189390.77075103504
5806.50245850804,188497.37920775058
5806.532655333118,188604.1491738236
5806.5628523152345,188744.14208208967
5806.593049454391,189117.6901672556
5806.623246750589,189409.64221902564
5806.653444203828,190055.94331528715
5806.683641814109,190791.75782425213
5806.713839581434,190933.6167084202
5806.744037505803,190768.03696373967
5806.774235587216,190076.52812072504
5806.804433825676,190387.7136761161
5806.834632221182,191782.29015791777
5806.864830773735,190884.27612198357
5806.895029483336,189618.52942767978
5806.925228349986,189199.5628969287
5806.955427373687,189311.5657312783
5806.985626554437,189176.51470358923
5807.015825892239,189316.4116820784
5807.046025387093,189657.5665978306
5807.076225039001,189205.61378898926
5807.1064248479615,189076.19182906055
5807.1366248139775,189825.06802017486
5807.166824937049,189433.00130111867
5807.197025217177,189002.4885989394
5807.227225654361,189092.0334491297
5807.257426248604,189424.90720515445
5807.287626999906,189813.72153859414
5807.317827908267,189568.49995841182
5807.348028973688,189508.12184776284
5807.378230196171,189874.1228760145
5807.408431575715,189356.2854064594
5807.438633112323,188773.96943226882
5807.468834805994,189426.56337544668
5807.49903665673,189193.92845032172
5807.529238664531,188803.4993436402
5807.559440829397,187452.0726357589
5807.589643151332,187396.05793844422
5807.619845630334,187965.5289799313
5807.650048266403,187856.1955479175
5807.6802510595435,187962.78509162512
5807.7104540097525,188056.82137246785
5807.740657117034,188084.7850055162
5807.770860381386,188908.5035155273
5807.801063802812,188062.9894130655
5807.831267381311,188488.2438949231
5807.861471116884,188236.5760532797
5807.891675009531,189001.37900331398
5807.921879059256,189280.65597351405
5807.952083266056,189776.02055331372
5807.982287629935,189598.73222897577
5808.012492150891,190088.2340653451
5808.042696828928,190212.34194144318
5808.0729016640435,189547.1995618388
5808.10310665624,190257.74148920417
5808.133311805518,190592.5907098568
5808.163517111879,190751.21419716292
5808.193722575323,191216.78800780102
5808.223928195851,190100.417565491
5808.254133973464,189659.8260934762
5808.284339908163,189025.16365669458
5808.314545999948,188332.89694256877
5808.34475224882,186803.1574531436
5808.374958654781,185251.64571708575
5808.405165217831,183156.82585225487
5808.435371937971,180477.70503649162
5808.4655788152,179212.3129266826
5808.495785849523,177094.54034602255
5808.525993040936,175063.3871933205
5808.556200389443,175075.31683737383
5808.5864078950435,175673.03826410515
5808.616615557739,177531.88416404248
5808.64682337753,178773.84511311704
5808.6770313544175,179514.99146460573
5808.707239488402,180772.93443189596
5808.737447779485,182094.0402057561
5808.767656227666,183825.92862360962
5808.797864832946,185683.53166432184
5808.828073595328,185654.16255769043
5808.8582825148105,186028.47766818755
5808.888491591395,187140.73995755558
5808.918700825082,187021.77973719072
5808.948910215873,188122.936658121
5808.979119763769,188867.69694733756
5809.0093294687695,190098.504868225
5809.039539330876,190265.0003276606
5809.069749350091,189917.71908395982
5809.099959526413,189746.8746422651
5809.130169859843,189265.0073007087
5809.160380350383,188870.35421524732
5809.190590998032,188659.57424362525
5809.220801802794,188849.67103278235
5809.2510127646665,189836.72134553047
5809.281223883652,189750.65301137566
5809.311435159751,189057.1759803237
5809.341646592965,189988.41796011289
5809.371858183293,190241.22609263952
5809.4020699307375,189807.14084330096
5809.432281835298,190177.79637992466
5809.462493896977,190106.65048446838
5809.492706115775,189502.79438481093
5809.522918491691,190311.71322036674
5809.553131024728,191061.89123097676
5809.583343714885,190828.9585069165
5809.6135565621635,190062.64684799997
5809.643769566565,190621.33367327385
5809.67398272809,190817.53659536995
5809.704196046739,191022.5009327595
5809.734409522513,190172.77040991565
5809.764623155412,189692.85766064827
5809.794836945438,189605.63696147403
5809.825050892591,189314.43321773742
5809.855264996873,189155.22002970573
5809.885479258283,189420.69637942684
5809.915693676824,189839.70933718412
5809.945908252495,188098.89189918622
5809.9761229852975,188170.07656559543
5810.006337875233,187968.44437496908
5810.036552922301,187432.0572806784
5810.066768126502,186601.29484984532
5810.09698348784,186609.68331112058
5810.1271990063115,186439.2232843997
5810.15741468192,186372.5356314611
5810.187630514666,186781.93692486672
5810.21784650455,187429.58412265545
5810.248062651573,188092.98292770243
5810.278278955734,187922.3577664766
5810.308495417037,188457.4890651941
5810.338712035481,189106.2584202462
5810.368928811067,189630.935336414
5810.399145743796,190439.76482269727
5810.429362833669,190624.4209824345
5810.4595800806865,190586.77768586107
5810.489797484848,190562.45413977094
5810.520015046158,190612.05231441194
5810.550232764614,190513.42937907504
5810.580450640216,190689.30547402333
5810.610668672969,190839.3208774329
5810.6408868628705,189791.55225508002
5810.671105209923,189744.00019229797
5810.7013237141255,190329.5105993981
5810.731542375481,189462.50531369695
5810.761761193988,188779.27827585512
5810.791980169649,187957.3110295468
5810.8221993024645,187177.6308877108
5810.852418592435,187881.25434295926
5810.882638039562,187744.23435312582
5810.912857643845,187393.90339174628
5810.943077405286,187604.59373899057
5810.973297323886,187079.56581076363
5811.003517399645,187170.52591030442
5811.033737632563,187478.7499165636
5811.063958022643,187846.86437839974
5811.094178569885,186275.0577481429
5811.124399274288,187060.17105946876
5811.154620135856,187088.03725494855
5811.184841154588,186244.23710365218
5811.215062330484,185645.80995791755
5811.245283663547,185714.21256538306
5811.275505153775,185567.96182163534
5811.305726801172,185836.62758434494
5811.335948605736,186687.5668323369
5811.366170567469,186608.0393146217
5811.396392686373,186710.15124749547
5811.426614962447,188129.75776745335
5811.456837395693,189428.88329428283
5811.487059986111,189047.29936497987
5811.517282733702,190110.1301928073
5811.547505638467,189984.85523751512
5811.577728700407,189520.01711893114
5811.607951919522,189535.74831502224
5811.638175295814,190179.68533361406
5811.668398829283,189818.92206870913
5811.698622519931,189420.2979730595
5811.728846367757,190454.33073926918
5811.759070372762,190517.67096682356
5811.789294534949,190114.3273145878
5811.819518854316,189720.7158848875
5811.849743330866,190650.65328719662
5811.879967964598,190564.29766537173
5811.910192755515,190598.22303070326
5811.940417703616,190828.804245902
5811.970642808902,190344.28820671278
5812.000868071375,189585.112718856
5812.031093491035,189194.3917320445
5812.061319067882,189195.09028318792
5812.091544801919,188962.5917586597
5812.121770693145,188406.31100474656
5812.151996741561,188558.8413016228
5812.182222947168,188712.6221841117
5812.212449309967,187369.5859891254
5812.242675829959,187339.55514786637
5812.272902507145,186410.34990586186
5812.303129341524,187654.43735596485
5812.3333563331,186460.03546021154
5812.363583481871,185432.4765758821
5812.393810787838,185910.48394411468
5812.424038251004,186417.61833702374
5812.454265871369,186448.45917073617
5812.484493648933,186936.0225956395
5812.514721583696,187732.93973619805
5812.54494967566,187661.83250748887
5812.575177924827,188368.34713444085
5812.605406331196,188157.25288042967
5812.635634894768,187970.78692485465
5812.665863615544,187507.0061603278
5812.6960924935265,187180.3455614828
5812.726321528713,186940.71941328383
5812.7565507211075,186538.86029652946
5812.786780070709,185383.76584268096
5812.817009577519,183642.94736377176
5812.847239241538,181316.67359850713
5812.877469062767,178691.8750656882
5812.907699041207,176449.79420924012
5812.937929176857,173974.77093986337
5812.968159469721,171945.42964786073
5812.998389919798,171398.74866135026
5813.028620527089,171434.01336383453
5813.058851291595,173286.72504887043
5813.089082213316,174944.05162657035
5813.1193132922535,177064.46969613354
5813.149544528409,178313.50067856224
5813.1797759217825,179971.06964707587
5813.210007472374,182014.46595556464
5813.240239180186,182926.48114079266
5813.270471045219,183822.19126766233
5813.300703067473,185088.64159436882
5813.330935246949,185377.50120504695
5813.361167583647,187168.61799964483
5813.39140007757,188166.73779836323
5813.421632728718,189341.35476871813
5813.451865537091,189367.76979683625
5813.48209850269,189118.13260054847
5813.512331625517,189346.43877994316
5813.542564905571,190240.3132347333
5813.572798342854,190282.0967418446
5813.603031937367,190455.8631572329
5813.63326568911,191211.0036856661
5813.663499598084,191178.47953754608
5813.69373366429,190514.88713699012
5813.7239678877295,189965.0762311163
5813.754202268402,189982.56955349795
5813.784436806309,190370.04402441796
5813.814671501452,189422.0971361573
5813.84490635383,190050.68504021133
5813.875141363445,189334.70813797004
5813.905376530299,189504.31394014208
5813.93561185439,189245.5566686449
5813.965847335721,188330.10100635068
5813.996082974293,186571.0156068327
5814.026318770105,185101.88501113682
5814.056554723159,184904.26382678645
5814.086790833456,184946.60054880238
5814.117027100996,184556.24326350284
5814.1472635257805,184026.43542291905
5814.17750010781,184883.36046611273
5814.2077368470855,185959.8654003744
5814.237973743609,186164.1427156379
5814.268210797378,186438.3284604791
5814.298448008396,186597.95596236916
5814.328685376663,187056.41240476523
5814.358922902181,187176.61776702417
5814.3891605849485,187788.77851952548
5814.419398424969,187757.74853339428
5814.449636422241,187209.28103452057
5814.479874576767,187367.64003336465
5814.510112888546,187219.1861851836
5814.540351357581,186986.24357491938
5814.570589983871,187091.2381998272
5814.600828767418,187541.21969223267
5814.631067708222,187909.44019353
5814.661306806284,188430.03323165525
5814.691546061606,188709.84755222045
5814.721785474187,189319.8089503353
5814.752025044028,189690.55411981285
5814.782264771132,189264.2666480308
5814.812504655497,189459.99433385415
5814.842744697125,189485.0016538548
5814.872984896018,188868.92481117783
5814.903225252176,189057.48982481996
5814.933465765598,189443.0371205881
5814.963706436288,189713.81200366942
5814.993947264244,190389.86324599193
5815.024188249468,188726.48706602276
5815.054429391961,188895.66908615592
5815.084670691724,190012.20001443612
5815.114912148757,190048.77520161466
5815.145153763061,188776.9739186348
5815.175395534638,188605.94229935968
5815.205637463488,188519.1378637962
5815.23587954961,188205.75115062683
5815.266121793008,188049.07041483905
5815.296364193681,187508.76725586006
5815.326606751631,186707.20676154914
5815.356849466857,185781.78425250517
5815.387092339361,184366.6988150518
5815.417335369143,183136.28715507968
5815.447578556205,181355.58898653602
5815.4778219005475,178701.5418909593
5815.508065402171,175807.9445636969
5815.538309061077,172671.2580552113
5815.568552877265,168435.94857405993
5815.598796850736,164680.78306701835
5815.629040981492,161068.05947251926
5815.659285269533,158621.56825686144
5815.68952971486,157716.12312235526
5815.719774317474,158522.70191444675
5815.750019077375,161503.52044558042
5815.780263994566,165065.06213286292
5815.810509069044,168663.56938830946
5815.840754300814,171979.61896600568
5815.870999689874,174705.87503104255
5815.901245236226,177689.8079720306
5815.931490939871,180633.20420475965
5815.9617368008085,182470.15310113158
5815.9919828190405,184525.9200097647
5816.022228994567,186418.12211327773
5816.052475327389,187857.85556879494
5816.082721817509,188106.4667752462
5816.112968464926,188207.25588071143
5816.143215269641,188669.40180431772
5816.173462231655,188370.86396987468
5816.203709350969,188170.6253508713
5816.233956627584,188577.10770822474
5816.2642040615,188076.64328993906
5816.294451652719,188676.32227775932
5816.324699401241,187516.57734720773
5816.354947307066,187756.9604352571
5816.385195370197,186891.675079538
5816.415443590633,186298.53332254724
5816.445691968375,186797.40420306765
5816.475940503426,187833.93674396048
5816.506189195784,187882.79789850788
5816.53643804545,187836.2006964153
5816.566687052427,188656.00992999724
5816.596936216714,189305.15549962944
5816.627185538313,189450.06617916925
5816.657435017223,189514.44188751787
5816.687684653447,189489.22342353783
5816.717934446984,189989.49074621184
5816.748184397836,190069.00908819033
5816.778434506004,190619.91883960634
5816.808684771488,189670.61818518143
5816.838935194288,190043.0819372576
5816.869185774407,190275.67870872555
5816.899436511844,190810.80805639247
5816.929687406601,190131.03999808582
5816.959938458678,189381.85340084307
5816.990189668077,189714.69311474994
5817.020441034797,190307.8941482671
5817.05069255884,190419.09380841596
5817.080944240207,189870.67346117288
5817.1111960788985,189553.81695653766
5817.1414480749145,189389.9094346792
5817.171700228258,190160.7983950892
5817.201952538927,190282.97216710824
5817.232205006924,189510.49522407027
5817.26245763225,190019.5005300176
5817.292710414905,190546.46451448373
5817.32296335489,191128.00490043545
5817.353216452206,190996.8177383736
5817.383469706854,190532.08982012997
5817.413723118835,190591.03749220565
5817.443976688149,190854.86135580912
5817.474230414798,190710.85555484128
5817.504484298781,190762.75313771152
5817.5347383400995,191199.17405543977
5817.564992538756,191003.26664544106
5817.595246894749,191148.82230531794
5817.625501408082,190888.31312335219
5817.655756078752,191142.445089972
5817.686010906763,190264.2468233811
5817.716265892115,190082.55504026986
5817.746521034808,190578.37392201528
5817.776776334845,190326.17624452192
5817.807031792224,189643.6781634799
5817.837287406946,190134.27790933885
5817.867543179014,190297.0643966538
5817.897799108428,190136.7696977374
5817.928055195189,190071.8559473757
5817.958311439296,189448.0830604858
5817.988567840753,189442.48437373983
5818.018824399557,189627.47737334698
5818.0490811157115,189982.80626422114
5818.0793379892175,189959.46771118615
5818.109595020074,190058.70864671486
5818.139852208283,190258.62975637632
5818.170109553845,190384.59749827455
5818.200367056761,190760.9309736363
5818.230624717032,190826.2035733734
5818.260882534658,190236.5158717747
5818.29114050964,190095.6276662974
5818.32139864198,190625.78035942983
5818.351656931677,190817.68583475487
5818.3819153787335,190546.13717146206
5818.41217398315,190288.40992452521
5818.442432744926,190448.8446898823
5818.472691664064,190991.7114026422
5818.502950740564,190578.28284587714
5818.533209974426,190697.94209996838
5818.563469365653,190689.2042767541
5818.593728914244,189922.57064178665
5818.623988620201,190172.61859654347
5818.654248483524,190362.8535567452
5818.684508504212,190174.58719373128
5818.71476868227,190108.22097782308
5818.745029017696,189751.49095009023
5818.775289510491,189944.41544077604
5818.805550160657,189947.53988256885
5818.835810968194,189534.02378334495
5818.866071933103,188751.30918971673
5818.896333055383,187971.4308661857
5818.926594335038,188500.53372803808
5818.956855772068,187951.11705486648
5818.987117366472,187560.9825603469
5819.017379118252,187498.80766180754
5819.04764102741,185684.8403833417
5819.077903093945,184174.41131968657
5819.108165317858,183705.2300115463
5819.13842769915,182211.78322007283
5819.168690237823,180002.60331011342
5819.198952933876,178583.99865341643
5819.229215787312,177933.26139520126
5819.25947879813,178120.4945467462
5819.28974196633,178683.81388911654
5819.3200052919165,179446.0473794275
5819.350268774886,180541.56082578984
5819.380532415243,181223.12526912914
5819.410796212986,181740.78622757955
5819.441060168116,182981.24508533548
5819.471324280634,184485.40868748608
5819.501588550542,185682.24568349397
5819.531852977839,186705.81640453386
5819.562117562527,187941.97268832347
5819.592382304607,188361.5241365847
5819.622647204079,188712.8783720977
5819.652912260944,188913.52218430582
5819.683177475204,189428.38070321755
5819.713442846857,189958.61173616175
5819.743708375907,190099.78887003168
5819.773974062353,189882.8699588062
5819.804239906197,189859.0756745444
5819.834505907438,190256.61495230082
5819.864772066078,190392.5076572195
5819.895038382118,190052.7652617068
5819.925304855559,189631.75559953766
5819.955571486401,189317.80040343088
5819.985838274645,190068.82772979717
5820.016105220293,190038.44330678286
5820.046372323344,190264.3046377245
5820.0766395838,189673.99497107245
5820.106907001661,190093.89604718037
5820.137174576928,190640.53636803446
5820.167442309603,190261.2609636122
5820.197710199685,189809.12517094408
5820.227978247176,189839.36789137643
5820.2582464520765,189671.64431151457
5820.288514814388,188995.81067431497
5820.31878333411,188649.28295604166
5820.349052011245,188941.3016857588
5820.379320845792,189302.641371439
5820.409589837753,189624.40129312212
5820.439858987127,189155.98406418646
5820.470128293918,188390.15942130017
5820.500397758125,189531.04175664287
5820.530667379748,190054.19513388956
5820.560937158789,189448.13372703144
5820.591207095249,189617.3042109545
5820.621477189128,190379.13855077807
5820.651747440427,190456.15979775408
5820.682017849148,190550.10841641336
5820.7122884152905,190004.21350551504
5820.742559138855,189874.96698319566
5820.772830019843,190009.77251752635
5820.803101058255,189991.28477526698
5820.833372254094,190518.2101754042
5820.863643607357,190566.5289164823
5820.8939151180475,190129.59527670837
5820.924186786166,190178.35137830413
5820.954458611712,190265.52125389254
5820.984730594687,189705.86510905478
5821.015002735093,190043.4675097937
5821.045275032929,189261.68228381587
5821.075547488197,189250.49994642596
5821.105820100897,189310.96815925473
5821.136092871031,188799.618459032
5821.166365798599,188694.87235738497
5821.196638883602,189053.3242160912
5821.226912126041,188912.93993402415
5821.257185525916,188622.2428664688
5821.287459083228,189377.0027453543
5821.317732797978,189505.20014878915
5821.348006670169,189164.97587739464
5821.378280699798,190061.19339622266
5821.408554886868,189749.1742645222
5821.43882923138,189632.31114559682
5821.469103733334,190022.42888837613
5821.499378392731,189537.01514524763
5821.529653209572,189162.2839262723
5821.559928183858,190555.24893900924
5821.590203315589,189994.78995859547
5821.6204786047665,189193.33742715238
5821.650754051391,188979.16018990654
5821.681029655465,188396.42744055195
5821.711305416987,188819.1759884513
5821.7415813359585,189403.559942289
5821.77185741238,188677.57801796476
5821.802133646253,188327.5737354216
5821.8324100375785,188579.84493978665
5821.862686586357,188419.82178389558
5821.892963292589,188400.92085255534
5821.923240156276,188190.50812760176
5821.953517177418,188090.69492148288
5821.983794356016,188428.03833010633
5822.014071692071,189009.87461083994
5822.044349185585,188005.81088978532
5822.0746268365565,187957.48345582257
5822.104904644988,188010.64348499867
5822.135182610879,187149.8211841234
5822.1654607342325,186814.96354966005
5822.195739015047,186126.62746311753
5822.226017453325,185713.4234179679
5822.256296049066,185418.0064355987
5822.286574802271,184642.58161407677
5822.316853712942,183234.13294423826
5822.347132781079,182296.14926015228
5822.377412006683,181067.4060885035
5822.407691389754,178876.78800591477
5822.437970930294,177935.43923399568
5822.468250628303,177916.25842622435
5822.498530483782,177806.92334542528
5822.528810496732,178436.61680967305
5822.559090667155,179714.03476710332
5822.58937099505,180583.15427515292
5822.619651480417,182164.88032367284
5822.6499321232595,183252.3098394116
5822.680212923577,184038.5685103174
5822.71049388137,184492.55620458667
5822.74077499664,185782.56431883818
5822.771056269387,186882.0390558915
5822.801337699613,187854.5071190196
5822.831619287318,187817.8832594512
5822.861901032503,187775.01480306993
5822.892182935168,188234.2212619517
5822.922464995316,188381.19158965792
5822.952747212945,188264.6737868356
5822.983029588058,188150.2861448401
5823.013312120655,188777.16339600162
5823.043594810737,189030.0655571886
5823.073877658304,188102.0347798021
5823.104160663358,187931.91466842548
5823.134443825899,189262.4579692412
5823.16472714593,188009.88858656856
5823.195010623448,188562.28990563948
5823.225294258456,188515.90697649872
5823.255578050955,189068.2448415354
5823.285862000946,189221.151286552
5823.316146108428,188691.03154325546
5823.346430373404,189325.14164765776
5823.376714795873,189258.13199124794
5823.406999375838,188756.0421964124
5823.437284113297,188843.0199971003
5823.467569008253,189061.38568568337
5823.497854060706,189202.15381978865
5823.528139270657,188656.37804863218
5823.558424638108,187884.4938813225
5823.588710163058,187887.96396901293
5823.618995845508,187859.7453083788
5823.649281685459,187197.9867996038
5823.679567682912,187019.77979525112
5823.709853837869,185448.98468749016
5823.740140150329,186005.4528585637
5823.770426620294,186352.34146666309
5823.800713247764,186564.9062812241
5823.83100003274,187181.92742957882
5823.861286975223,187119.37788975096
5823.8915740752145,187162.0126270822
5823.921861332714,187420.05760410457
5823.952148747723,187930.21592993417
5823.982436320242,189085.32717449093
5824.0127240502725,189104.77865491842
5824.043011937815,188090.30699105767
5824.07329998287,188576.77692635363
5824.103588185439,189311.06442625253
5824.133876545521,188962.1318707171
5824.16416506312,189314.69923654455
5824.194453738234,189243.49737225354
5824.224742570865,189633.193853076
5824.255031561013,189383.31042247455
5824.28532070868,189607.982055001
5824.315610013867,189710.09570966705
5824.345899476573,190229.9326866512
5824.376189096801,189849.09116900057
5824.40647887455,189688.56747806995
5824.436768809822,189308.02818705523
5824.467058902616,189466.48811978163
5824.497349152935,190301.71704479822
5824.52763956078,190741.16092629425
5824.5579301261505,190640.9917734314
5824.588220849047,190151.6640129774
5824.618511729471,190024.32516668693
5824.648802767424,190205.6641899952
5824.679093962905,190396.84637683324
5824.709385315917,190648.9242997005
5824.739676826459,189689.81542725087
5824.769968494533,189357.96579881976
5824.800260320139,190035.68947984368
5824.830552303279,189945.3171056452
5824.860844443952,189444.6815469873
5824.891136742161,190497.65799980683
5824.921429197905,189088.90102644806
5824.951721811185,188922.40200433176
5824.982014582003,188439.2678346532
5825.012307510359,188436.5091063114
5825.042600596254,187845.90828841765
5825.072893839689,186896.57178402183
5825.103187240664,186622.28709836007
5825.133480799181,186774.4792203303
5825.163774515239,186263.30802622667
5825.1940683888415,185752.52876291482
5825.224362419987,186007.8859149221
5825.254656608678,186322.2206896926
5825.284950954913,186044.583424564
5825.315245458695,185585.45526061923
5825.345540120025,185715.7090562813
5825.375834938903,185602.84669228774
5825.406129915328,185139.56919887775
5825.4364250493045,185115.47088337824
5825.46672034083,185810.9906614383
5825.497015789908,186178.55866064996
5825.527311396537,185859.15340894132
5825.557607160719,186121.52940504532
5825.587903082455,187268.2306201259
5825.618199161746,187180.80546894553
5825.648495398591,187890.88395260903
5825.678791792993,188163.90177460085
5825.709088344952,188841.4319128753
5825.739385054469,189267.2861664932
5825.769681921544,188750.70548418618
5825.799978946179,188336.2075714148
5825.830276128374,189197.86030959027
5825.86057346813,189586.91965272793
5825.890870965448,188932.61006901012
5825.921168620329,188948.71447506963
5825.951466432773,188690.9847255329
5825.981764402781,188728.64591143222
5826.012062530355,189033.13092397968
5826.042360815494,189176.22239272232
5826.0726592582005,189175.37547797826
5826.102957858475,189649.17142377744
5826.133256616317,189916.51923701653
5826.163555531729,190447.33173114195
5826.193854604711,189769.84367130452
5826.224153835264,188658.60915967802
5826.254453223388,188700.5860376291
5826.284752769086,189025.87533084632
5826.315052472356,189292.1872262648
5826.3453523332,189370.21029415226
5826.3756523516195,189147.14932793085
5826.405952527615,189070.83126879053
5826.436252861187,189017.204287665
5826.466553352337,188707.5676475905
5826.496854001064,188397.16009174328
5826.527154807371,187965.89829323342
5826.557455771258,186944.04537359255
5826.587756892725,186621.68227838492
5826.618058171774,187492.2865359234
5826.648359608405,186729.82277969213
5826.67866120262,186789.91231990917
5826.708962954418,187307.6050749947
5826.7392648638015,187478.1519591084
5826.76956693077,186967.50274813536
5826.799869155327,188144.64080313104
5826.830171537469,187800.23796025847
5826.8604740772,187992.9357253934
5826.8907767745195,187784.88686846846
5826.921079629429,188119.227119958
5826.95138264193,188534.12945365746
5826.981685812021,189034.65825232342
5827.011989139704,188794.3097844468
5827.042292624981,188574.05295554287
5827.0725962678525,188019.43273281128
5827.1029000683175,187892.12504681392
5827.133204026378,188268.03917827178
5827.163508142035,188197.63347596003
5827.193812415289,188264.35796842066
5827.224116846141,188133.03874748584
5827.254421434593,188190.46624312986
5827.284726180643,189026.38974471166
5827.315031084294,188810.5205367483
5827.345336145546,188808.1358854383
5827.3756413644,188517.36819696063
5827.405946740857,189332.70948625336
5827.436252274917,189427.85490353257
5827.4665579665825,189512.69653202093
5827.496863815853,189970.58015595825
5827.52716982273,190179.7942462734
5827.557475987213,190469.9671754956
5827.587782309304,190230.66001399257
5827.618088789004,190183.4902278287
5827.648395426314,189774.6723790725
5827.678702221234,190106.660045201
5827.709009173764,190475.9106891881
5827.739316283906,190269.62090666147
5827.769623551661,190247.8076531179
5827.79993097703,190479.35692066443
5827.830238560014,190195.04672443686
5827.8605463006115,190389.99845485974
5827.890854198826,190506.6571352722
5827.921162254657,189381.68609395027
5827.951470468106,189489.91761983445
5827.981778839173,189736.9670912452
5828.012087367859,189239.64148869325
5828.042396054166,189000.88838648328
5828.0727048980925,189255.54272332884
5828.103013899641,189660.0763528365
5828.133323058813,188693.37826368652
5828.163632375608,189491.64165055423
5828.193941850027,189265.3666941472
5828.224251482071,189004.22404190432
5828.25456127174,188274.79353005617
5828.284871219037,188369.323911557
5828.315181323961,188360.76983550226
5828.345491586513,187310.96867831235
5828.375802006694,187001.91301632387
5828.4061125845055,187013.9397686717
5828.436423319948,186269.14496653146
5828.4667342130215,186345.71773748437
5828.497045263727,186433.71000022005
5828.527356472066,186410.78375616967
5828.557667838039,187025.35981249422
5828.587979361647,187707.1160218071
5828.618291042891,188175.60108797142
5828.64860288177,188254.08021959005
5828.678914878287,188658.8639812979
5828.709227032443,188674.3435239153
5828.7395393442375,189228.56589313512
5828.769851813671,189567.48175162994
5828.800164440746,189414.70185919033
5828.830477225461,188232.53997230422
5828.86079016782,188602.2542952028
5828.891103267822,189438.99074622474
5828.921416525466,189459.01194518275
5828.951729940756,189484.72808131835
5828.982043513691,189610.97096269805
5829.012357244273,189902.89869115766
5829.042671132502,190083.26619709356
5829.072985178378,189919.7827654022
5829.1032993819035,189687.02163300416
5829.133613743078,189759.39481438915
5829.1639282619035,189610.07692167666
5829.19424293838,189248.82251222746
5829.224557772509,188791.31142855948
5829.254872764291,188855.78415503976
5829.285187913725,188709.3341532798
5829.315503220815,188514.85975498668
5829.34581868556,188851.28175261183
5829.376134307961,188422.7930189281
5829.4064500880195,188166.33592570366
5829.436766025735,187873.12811423064
5829.467082121109,187310.86320142634
5829.497398374144,188483.23122829123
5829.527714784837,188058.91495410586
5829.558031353193,187578.7864416887
5829.58834807921,187906.21907836656
5829.61866496289,187670.61921999647
5829.648982004233,188263.04807660147
5829.679299203241,189050.5661564187
5829.709616559913,188923.36424698887
5829.739934074252,189055.756765741
5829.770251746258,189051.8499227787
5829.800569575931,189609.18519787965
5829.830887563273,189983.19571444212
5829.861205708284,189976.68672129483
5829.8915240109645,189923.91932376032
5829.921842471317,190385.68546545526
5829.952161089341,190167.47535340805
5829.982479865037,189268.57215988165
5830.012798798406,189627.16908636253
5830.04311788945,190316.89507409226
5830.073437138169,190022.48364251183
5830.103756544563,189711.5833203058
5830.134076108634,189621.9869626658
5830.164395830383,189237.67319779904
5830.19471570981,188927.03751222146
5830.225035746916,189288.7400477202
5830.255355941702,189599.72523878366
5830.285676294168,189598.84667982225
5830.315996804317,188962.85013439666
5830.346317472147,188625.0070030693
5830.376638297662,188531.2561717103
5830.406959280859,189356.21642717902
5830.437280421742,189787.81081075457
5830.46760172031,189757.14176742226
5830.497923176566,190138.5303025988
5830.528244790507,189575.55751386
5830.5585665621375,189582.834761179
5830.5888884914575,189509.5354585143
5830.619210578466,189032.41807257803
5830.649532823166,189014.01763961485
5830.679855225557,189492.32853926322
5830.71017778564,188925.8957938391
5830.740500503416,188003.82871437524
5830.770823378886,186786.61353144413
5830.801146412051,186208.77995928083
5830.831469602911,185342.83539464948
5830.861792951468,183953.63555451913
5830.892116457721,183242.98256599245
5830.922440121673,183097.0569185253
5830.952763943324,183103.19322891795
5830.983087922674,183313.39773601937
5831.013412059725,183829.94235705634
5831.043736354476,184006.78857718973
5831.07406080693,185116.74055571557
5831.104385417087,186187.03254941193
5831.134710184948,186098.6695254839
5831.165035110513,187873.32244868012
5831.195360193783,188322.2212384083
5831.225685434759,187884.92708109634
5831.256010833443,187676.69201950403
5831.286336389834,188611.80450782154
5831.316662103934,188907.2374720185
5831.346987975743,189015.70717927706
5831.377314005263,189487.92978036506
5831.407640192493,189017.32765420532
5831.437966537436,189531.15662576884
5831.468293040091,189604.5814028227
5831.49861970046,189636.44496399813
5831.528946518543,189790.08429696792
5831.559273494342,189921.3828556996
5831.589600627856,189305.0460152489
5831.619927919088,188677.1690465309
5831.650255368037,189018.95209428953
5831.680582974704,189455.9526899038
5831.710910739091,189617.3997166598
5831.741238661198,189356.9024049639
5831.771566741025,189178.60685557066
5831.801894978575,189559.15962226005
5831.832223373846,189697.41805994074
5831.862551926842,189433.17392328355
5831.892880637562,188961.14830307005
5831.923209506006,189285.0096767145
5831.953538532177,190131.05685716204
5831.983867716074,189541.98031594377
5832.014197057699,189423.42847803832
5832.0445265570515,189805.45145518056
5832.074856214133,189408.68887270684
5832.105186028945,189267.67535939452
5832.135516001488,189615.17078761064
5832.165846131763,189890.85172740283
5832.1961764197695,189897.18389917063
5832.22650686551,189570.9560918253
5832.256837468984,190101.5136669162
5832.287168230193,189670.7998780376
5832.317499149138,188660.84970352097
5832.347830225818,189114.29272149655
5832.378161460237,189820.8155765757
5832.4084928523935,189449.1044311495
5832.438824402289,189749.21800273008
5832.469156109925,189941.38301949375
5832.499487975301,189765.42686529484
5832.529819998418,189044.5895274644
5832.560152179278,189847.55091314283
5832.590484517881,189502.66543646163
5832.620817014228,188845.5105588207
5832.651149668319,189703.1107139346
5832.681482480156,190291.91199578327
5832.711815449739,190340.65144649823
5832.74214857707,190055.62794285055
5832.772481862148,189908.59821485853
5832.802815304975,189807.21529001227
5832.833148905553,189368.11773547548
5832.86348266388,189459.65085215727
5832.893816579959,189781.78837111391
5832.92415065379,189895.02830926533
5832.954484885374,190154.76183665547
5832.984819274711,189886.707731471
5833.015153821803,189393.30711876566
5833.04548852665,190229.99988872535
5833.075823389254,189386.61796979353
5833.106158409615,188516.58658318926
5833.136493587733,188428.07236898335
5833.16682892361,187065.47860127172
5833.197164417247,186382.2237289485
5833.227500068644,185774.99331629483
5833.257835877802,184416.8094354007
5833.288171844722,183775.6323642057
5833.318507969405,182451.69230958776
5833.348844251851,181916.86574417213
5833.379180692062,181923.75184878963
5833.409517290038,182579.43275581428
5833.43985404578,183243.26219296086
5833.470190959289,184059.96875571564
5833.500528030565,185004.7981344151
5833.53086525961,185985.85726227213
5833.561202646425,186177.79547757455
5833.59154019101,186233.93921488896
5833.621877893365,187573.8713223203
5833.652215753492,188703.2985552361
5833.682553771392,189165.3287410622
5833.712891947066,189247.62718769498
5833.743230280514,188868.0886924946
5833.773568771736,189033.09475079537
5833.8039074207345,189161.20733131678
5833.8342462275095,189240.28396080117
5833.864585192063,189362.06920141864
5833.894924314394,188794.96584870463
5833.925263594504,188981.2287491567
5833.955603032395,188980.57977439894
5833.985942628066,188975.615310796
5834.016282381519,189337.97726667183
5834.046622292754,189418.10355011592
5834.0769623617725,189473.10308832937
5834.107302588575,190064.8938729703
5834.137642973163,189333.39231413917
5834.167983515536,188967.65561884045
5834.198324215696,188021.54762301475
5834.228665073643,188647.53452138876
5834.259006089379,187870.6866769927
5834.289347262903,187083.0107531737
5834.319688594218,186522.91742729247
5834.350030083323,185621.143160197
5834.380371730219,185734.32458118637
5834.410713534908,185542.05505445896
5834.44105549739,184977.25403732434
5834.471397617665,184315.24072869567
5834.501739895736,184030.23526442773
5834.532082331602,184030.61776603913
5834.562424925265,183465.42010907416
5834.592767676725,182345.48640031263
5834.623110585982,181768.2276695664
5834.65345365304,180790.99389270015
5834.683796877896,178550.38593937972
5834.714140260553,176406.63831378715
5834.7444838010115,174956.44779383382
5834.774827499272,173482.6887315478
5834.805171355335,173088.96387019975
5834.835515369203,173679.12944516787
5834.865859540874,174801.73258099292
5834.896203870351,176583.23993517974
5834.926548357635,178107.49131265667
5834.956893002725,179924.49833371924
5834.987237805624,181596.4243767903
5835.0175827663315,182711.67298081183
5835.047927884848,183222.18490858888
5835.078273161175,184278.52894798372
5835.108618595314,185260.4583206067
5835.138964187264,185998.04824511718
5835.169309937027,187344.20205951753
5835.1996558446035,187415.30679592254
5835.230001909995,187671.48837784608
5835.260348133202,188753.39454239787
5835.290694514224,189011.55904311108
5835.321041053064,188988.9636644938
5835.351387749721,189097.7606354902
5835.381734604196,189834.49974349336
5835.412081616491,189165.40457422228
5835.442428786607,188603.99669867495
5835.472776114543,189135.0306595891
5835.5031236003015,188931.847906672
5835.533471243883,189430.8259137174
5835.563819045287,189133.60355752872
5835.594167004516,188709.4378139978
5835.62451512157,188977.26781523766
5835.654863396449,188774.1137017231
5835.685211829156,189237.3947340197
5835.7155604196905,189281.76155205307
5835.745909168053,188952.96183300327
5835.776258074246,188870.1368988209
5835.806607138267,189528.86467773173
5835.83695636012,189421.6547166344
5835.867305739805,189096.31492251786
5835.897655277321,189126.83111414575
5835.928004972672,188762.44458095237
5835.958354825856,188611.07268026823
5835.9887048368755,189120.9259061452
5836.019055005731,189743.96308493003
5836.049405332423,189845.43551951155
5836.0797558169525,189242.91735519568
5836.11010645932,189192.50984444312
5836.140457259527,189739.521237249
5836.170808217574,189585.9222585026
5836.201159333461,189640.5508940114
5836.23151060719,190047.97736349507
5836.261862038761,189871.6357882802
5836.292213628175,189832.15773413287
5836.322565375433,189866.35102718679
5836.352917280537,189611.29772769514
5836.383269343486,189246.38750147793
5836.413621564282,189070.58377277842
5836.4439739429245,188609.20040831034
5836.474326479415,188788.17539259046
5836.504679173755,189173.08786713635
5836.535032025945,188957.7622477162
5836.565385035985,189155.4295539635
5836.595738203876,189412.75233648173
5836.62609152962,188852.54042390164
5836.656445013216,189931.4964093142
5836.686798654668,189562.08194217007
5836.717152453973,189112.01292408857
5836.747506411133,188992.89495572937
5836.77786052615,189424.82620883844
5836.808214799024,189024.07237011945
5836.838569229757,188794.89907890777
5836.868923818348,188349.6871146563
5836.899278564799,188769.86689835676
5836.92963346911,188413.49875798175
5836.959988531282,187288.8962766108
5836.990343751317,187146.4363116148
5837.020699129214,186979.25976445005
5837.051054664975,187739.8395982788
5837.081410358601,187221.67571151833
5837.111766210091,186598.06342896385
5837.1421222194485,186911.42986376514
5837.172478386672,186777.8674979301
5837.202834711765,186771.23691380772
5837.233191194725,186453.25954948502
5837.263547835555,185952.48464025592
5837.293904634255,185143.44801927352
5837.324261590827,184943.0226300997
5837.35461870527,185324.90132004488
5837.384975977586,185110.7154854969
5837.4153334077755,184451.4334861279
5837.445690995839,184497.94464589536
5837.476048741779,184506.54535952292
5837.506406645593,184412.1668323236
5837.536764707286,184979.7252782023
5837.5671229268555,184554.12789694013
5837.597481304304,183900.80159921315
5837.627839839632,183963.66627487214
5837.658198532839,183790.51490032283
5837.688557383927,183547.90716339753
5837.718916392898,183442.7998313195
5837.749275559751,184061.1544203991
5837.779634884488,184341.4066070585
5837.809994367108,185307.58767568323
5837.840354007614,185933.17103138077
5837.870713806005,185805.4021082973
5837.901073762284,185906.14409998004
5837.93143387645,186783.9374126509
5837.961794148504,187193.8381302561
5837.992154578447,187690.07327866525
5838.022515166281,187944.30514290513
5838.052875912004,187986.8358314393
5838.08323681562,188448.9796045129
5838.113597877128,188912.5038704699
5838.14395909653,187362.57350582152
5838.174320473826,189256.7028416061
5838.204682009016,188943.85029734983
5838.235043702102,189195.49098342573
5838.265405553085,188549.44849303243
5838.2957675619655,187672.85424514758
5838.326129728744,187752.08206725746
5838.356492053421,188601.61320408242
5838.386854535998,188193.52598917167
5838.417217176476,188525.91668167742
5838.447579974855,188686.24075987464
5838.477942931137,188648.32002213848
5838.508306045322,189395.66008109626
5838.5386693174105,189116.91082239558
5838.569032747404,189087.0245635595
5838.599396335303,188993.44885256275
5838.6297600811085,188991.7587751361
5838.6601239848205,188474.21375489596
5838.690488046442,188472.68128268528
5838.720852265971,188821.5576916699
5838.751216643411,189532.24473983678
5838.7815811787605,188439.69654248454
5838.811945872022,187962.748080952
5838.842310723195,188354.24040363383
5838.872675732281,187979.0043638286
5838.903040899281,188555.83817762643
5838.933406224196,188200.171035088
5838.963771707026,187799.47046420653
5838.994137347773,188029.82999513333
5839.0245031464365,187877.78757574878
5839.054869103018,188272.68157785686
5839.085235217518,188717.9909868125
5839.115601489938,188455.02755913345
5839.145967920278,188376.04028477808
5839.176334508539,188824.82863836247
5839.206701254722,188828.6418226601
5839.237068158828,189371.45389585124
5839.267435220858,190001.3561686016
5839.297802440812,189491.20027867833
5839.328169818692,188636.8129944097
5839.3585373544975,188422.72736326684
5839.38890504823,188690.6143311796
5839.4192728998905,189127.95156074784
5839.449640909479,189535.56078385137
5839.480009076998,189268.5591121821
5839.5103774024465,188888.76331737827
5839.540745885826,188960.08377876453
5839.571114527137,189211.84086495094
5839.601483326382,189298.8506674724
5839.631852283559,189539.33170943506
5839.662221398671,189452.55054341283
5839.692590671719,189000.77214978627
5839.722960102702,188696.11875272923
5839.753329691622,188005.1421157873
5839.783699438479,188657.98826921248
5839.814069343275,189356.24242966456
5839.844439406011,189112.33811298737
5839.874809626685,189486.67269787967
5839.905180005302,189252.94813525176
5839.93555054186,189088.58712582168
5839.96592123636,189078.04709262706
5839.996292088805,188680.66768894982
5840.026663099193,189087.6757488096
5840.0570342675255,189211.00290149936
5840.087405593805,189257.7339205654
5840.11777707803,188630.59541161332
5840.148148720203,188609.3655612333
5840.178520520324,188455.96697958026
5840.208892478395,188601.07633876146
5840.2392645944155,188646.3549391421
5840.269636868386,188408.50138554553
5840.300009300309,188666.70497731777
5840.330381890184,188907.53761732412
5840.360754638013,188581.2593264164
5840.391127543795,189126.33568649465
5840.421500607532,189385.91909967136
5840.451873829225,189310.4396125884
5840.4822472088745,188892.52351036677
5840.512620746482,188580.87140704945
5840.542994442047,188659.70745854473
5840.573368295571,188632.03440323065
5840.603742307054,188574.1284828889
5840.634116476498,188819.56790092337
5840.664490803904,189294.78980835545
5840.6948652892725,189642.87743042092
5840.7252399326035,188829.66830593732
5840.755614733898,189299.15710015566
5840.785989693158,188592.82223939899
5840.816364810384,188535.02412307882
5840.846740085575,189047.8938419667
5840.877115518734,188525.89912663077
5840.9074911098605,188977.16095782013
5840.937866858956,188679.88627659983
5840.968242766022,188374.56763656472
5840.998618831058,188494.4712254251
5841.028995054065,189136.63385993495
5841.059371435044,189466.30504504486
5841.089747973996,188400.38618440478
5841.120124670922,188551.69235382826
5841.150501525823,188787.15433846507
5841.180878538698,188033.0687043204
5841.211255709551,187596.39065073163
5841.24163303838,187925.99974375073
5841.272010525187,187989.96979459978
5841.302388169973,187664.29117044443
5841.332765972738,187898.3033674846
5841.363143933484,187587.3925492998
5841.393522052211,187573.2721293461
5841.423900328919,187666.50882249657
5841.454278763611,188240.106966871
5841.484657356285,187316.3506642391
5841.515036106945,186822.39131773118
5841.54541501559,186839.98310818546
5841.575794082221,186180.27533691743
5841.606173306839,185608.06363485462
5841.636552689444,185608.12537791618
5841.666932230039,185265.97288357638
5841.697311928622,184849.92442249885
5841.727691785196,185544.6875259496
5841.758071799761,186071.51066174588
5841.7884519723175,186100.1821709281
5841.818832302866,186256.16166814612
5841.849212791409,186404.03818403388
5841.879593437946,186788.33449410158
5841.909974242478,187190.96141036972
5841.940355205006,187432.58207861526
5841.970736325531,187808.89005307714
5842.001117604053,188585.8551984674
5842.031499040574,188364.5037309004
5842.061880635094,187987.4682129939
5842.092262387614,188463.1945208328
5842.122644298135,188128.74455327238
5842.153026366658,187766.72710641276
5842.183408593183,187813.5062302585
5842.213790977712,188118.47228518198
5842.244173520245,188437.4195630744
5842.274556220782,188496.64735121632
5842.304939079326,188406.01834245585
5842.335322095876,188178.81869733366
5842.365705270433,187818.1112154796
5842.396088602999,187892.578040188
5842.426472093574,188024.02911128078
5842.456855742159,187906.64803347675
5842.487239548755,188004.90572556166
5842.517623513361,187961.54755059452
5842.548007635981,187843.5442702353
5842.578391916613,187730.00050772267
5842.6087763552605,187604.94990485802
5842.639160951922,187998.65443845032
5842.669545706599,188223.20219725635
5842.699930619293,188016.3541529091
5842.730315690004,188123.9977889857
5842.760700918733,187943.48309173735
5842.791086305481,188043.46609209568
5842.821471850249,188441.61688963004
5842.851857553038,188323.91227972845
5842.882243413847,188470.34598752254
5842.91262943268,189199.13038037243
5842.943015609535,189086.03371068477
5842.973401944414,188856.51847039032
5843.003788437318,189017.61918499108
5843.034175088247,188873.35115845906
5843.064561897203,188729.3987114684
5843.094948864185,188636.40694628455
5843.125335989196,188723.41501895947
5843.155723272236,188661.55866925284
5843.186110713305,188572.9391078829
5843.216498312405,188541.48778635656
5843.246886069536,188860.91847237368
5843.277273984699,188543.44488606276
5843.307662057895,188538.89788980436
5843.338050289125,188540.95929430285
5843.368438678389,188382.6323157736
5843.398827225689,188495.50419595142
5843.429215931025,188270.9780642703
5843.459604794398,188600.5045966066
5843.489993815809,188560.51635520783
5843.520382995258,187665.52477793753
5843.550772332747,187905.5459641844
5843.581161828277,188382.05872971105
5843.611551481847,187854.54711889903
5843.641941293459,187746.21042460934
5843.672331263115,187508.53428222964
5843.702721390813,187288.0194231965
5843.733111676556,187416.71324124315
5843.763502120345,187085.3726684658
5843.793892722179,187527.4814598754
5843.824283482061,187348.04058665546
5843.8546743999905,186921.1876836916
5843.885065475968,186763.0708669554
5843.915456709995,186685.9009613314
5843.945848102073,186875.7646142584
5843.976239652201,186878.4910074825
5844.006631360381,187664.76966434464
5844.037023226614,188208.84732904792
5844.0674152509,188234.89044007153
5844.097807433241,187982.13530344758
5844.128199773636,186737.07089464908
5844.158592272088,185802.4533613116
5844.188984928596,186454.47078882158
5844.219377743162,186268.46167822898
5844.249770715786,185828.73629797527
5844.28016384647,186100.17952220415
5844.3105571352135,185581.91794425802
5844.340950582018,185537.00977368213
5844.371344186884,185365.35056871653
5844.401737949813,184869.66137892465
5844.432131870804,184799.07411190888
5844.462525949861,184817.13060052824
5844.492920186982,185359.33396694664
5844.523314582169,185208.4532203554
5844.553709135423,185131.0878881143
5844.584103846743,185548.0705090902
5844.614498716133,185326.0329859342
5844.644893743592,185679.6394741516
5844.675288929119,185927.00636408967
5844.705684272719,185353.45589115107
5844.7360797743895,186286.17437546342
5844.766475434132,186189.15723010394
5844.796871251948,186159.6050057698
5844.827267227838,186908.60821934912
5844.857663361803,187214.73118958017
5844.888059653844,187883.29184623374
5844.918456103961,187615.96584913117
5844.948852712156,187373.83881396474
5844.979249478428,187814.17015717956
5845.00964640278,187935.94302360862
5845.040043485211,187505.31647774688
5845.0704407257235,187056.88912049634
5845.100838124316,187294.36840727646
5845.131235680992,187202.00081098522
5845.161633395751,187037.3088134791
5845.192031268593,186933.11745104552
5845.222429299521,186985.4714241018
5845.2528274885335,186705.33302372476
5845.283225835632,186180.41871454625
5845.313624340819,186458.94734873992
5845.344023004093,186403.76372414292
5845.374421825456,186819.8230071848
5845.404820804909,187121.6965264616
5845.435219942452,186406.58280271763
5845.465619238086,186478.2855351914
5845.496018691813,186672.58298188838
5845.526418303632,185978.58714435273
5845.556818073546,185956.38130603227
5845.587218001554,186449.69888289875
5845.617618087657,186464.16346904755
5845.648018331856,186792.08664548595
5845.678418734154,186696.20835668323
5845.7088192945475,186734.61962688447
5845.739220013041,187298.11444594135
5845.769620889633,187153.49334286078
5845.800021924326,187585.87493703415
5845.8304231171205,187561.38232919978
5845.860824468016,187236.92481391077
5845.891225977015,187840.22178062683
5845.9216276441175,188067.44792584027
5845.952029469325,187979.81058876845
5845.982431452637,187644.20358275066
5846.012833594055,187567.03638932866
5846.0432358935805,187762.86304250135
5846.073638351213,187384.82827565976
5846.104040966954,187319.6331939572
5846.134443740805,187340.33113645483
5846.1648466727665,186804.7894307307
5846.195249762838,186189.52648603154
5846.225653011023,185314.3413198402
5846.256056417319,185172.03242151783
5846.2864599817285,185776.18333640858
5846.316863704253,185665.11687331373
5846.3472675848925,184740.77664177667
5846.377671623648,184545.01648185655
5846.40807582052,184942.54666249338
5846.4384801755095,186150.37539747573
5846.468884688618,186929.9163276782
5846.4992893598455,186601.95879786927
5846.529694189193,186390.78589251076
5846.560099176661,186143.38925583102
5846.590504322252,187219.67696826078
5846.6209096259645,187916.8690387243
5846.6513150878,187997.87095704765
5846.68172070776,187654.21880969638
5846.712126485845,187234.89940189733
5846.742532422057,187964.11024120494
5846.772938516394,188093.42725069684
5846.8033447688595,188113.84278611516
5846.8337511794525,188207.4757431244
5846.864157748175,188072.3777395404
5846.894564475027,188321.1632839668
5846.92497136001,188222.0785388143
5846.955378403125,187836.92711129636
5846.985785604373,188013.97264572224
5847.0161929637525,188451.20290014063
5847.046600481267,188670.11198622696
5847.077008156916,188466.67194788926
5847.107415990701,187460.7373132283
5847.137823982623,187282.4319480731
5847.168232132682,187404.68063315246
5847.198640440879,186194.4692588815
5847.229048907215,185354.18137186673
5847.25945753169,184631.7105809678
5847.289866314307,183271.61474457546
5847.320275255064,181706.87205325774
5847.350684353964,179287.17510548735
5847.381093611008,178203.6865481398
5847.411503026195,177261.93013992463
5847.441912599526,177658.11169841417
5847.472322331004,177586.18914161445
5847.502732220628,178270.36074487877
5847.5331422683985,180645.5417277575
5847.5635524743175,180836.6178237159
5847.593962838385,181596.53524586762
5847.6243733606025,182761.40573983343
5847.654784040971,184239.89773775538
5847.68519487949,184993.42900085895
5847.715605876161,185901.07348640755
5847.746017030986,186857.30021486248
5847.776428343964,186898.7610371056
5847.806839815097,187572.09779832736
5847.837251444385,187692.71708615986
5847.867663231829,188517.92779552974
5847.898075177431,187656.84175152724
5847.92848728119,187492.2177141824
5847.958899543109,188730.25819522754
5847.989311963186,187354.12215517668
5848.019724541424,187814.56693017678
5848.0501372778235,187347.26167455415
5848.080550172384,186556.0443308349
5848.110963225109,186886.5604812195
5848.141376435997,187140.91986779482
5848.171789805048,186758.70115313903
5848.202203332266,186957.39350053127
5848.232617017649,186927.8230817607
5848.263030861201,186209.6688799654
5848.2934448629185,187226.49327183585
5848.323859022806,186983.24580279767
5848.354273340861,187201.54634514567
5848.384687817088,186910.69082561973
5848.415102451486,186821.3901850342
5848.445517244055,187126.3616882299
5848.475932194798,186747.11125169424
5848.5063473037135,187371.09208688527
5848.536762570803,188338.49060233904
5848.5671779960685,188187.4898405105
5848.5975935795095,188665.09666216743
5848.628009321127,188231.8032292745
5848.658425220923,188100.09089135547
5848.688841278898,188255.6824697433
5848.71925749505,188202.18099529552
5848.749673869384,187978.11438489388
5848.780090401899,187692.40386329338
5848.810507092595,187745.3155831118
5848.840923941473,187593.35889127097
5848.871340948535,187416.83150624816
5848.901758113782,187297.5912164212
5848.932175437213,186696.9760690738
5848.9625929188305,186908.7964706175
5848.9930105586345,186302.0879935908
5849.023428356626,185784.0031199864
5849.053846312806,186270.22843168327
5849.084264427174,186751.21862805044
5849.114682699734,186250.42476660642
5849.145101130483,186442.104955291
5849.175519719424,186756.2863776013
5849.205938466558,186847.5515389882
5849.236357371885,187089.66878478182
5849.266776435406,186576.86270015413
5849.297195657122,186739.18775766485
5849.327615037034,186937.87223301077
5849.3580345751425,186354.92360527458
5849.388454271448,186579.4230378036
5849.418874125952,187266.53409476794
5849.449294138654,186615.4179526372
5849.4797143095575,186709.39628382915
5849.510134638661,186689.4523490648
5849.5405551259655,186520.97188397284
5849.570975771473,187055.26121483906
5849.601396575184,187134.362605852
5849.631817537098,187083.0667888558
5849.662238657217,187101.64819228929
5849.692659935542,187199.6614733537
5849.723081372073,187270.00486054315
5849.7535029668115,187323.76142287411
5849.783924719758,187627.14485598155
5849.814346630913,187665.77124204655
5849.844768700278,187664.82513387108
5849.8751909278535,187348.45167737736
5849.905613313641,186967.28223308412
5849.93603585764,186736.69318405932
5849.966458559852,187256.89696264133
5849.996881420278,187548.7544869674
5850.027304438919,187976.5329971655
5850.057727615775,187221.18321950958
5850.088150950847,187407.72267192526
5850.118574444137,187922.41292535613
5850.148998095645,188530.35129187495
5850.179421905371,188129.09319394338
5850.209845873317,188428.16470095073
5850.240269999484,188766.45603286644
5850.27069428387,187972.61769035057
5850.30111872648,188273.9492165043
5850.331543327313,187405.40640905092
5850.361968086369,187492.11468612787
5850.39239300365,186925.8121113754
5850.422818079156,187424.51712059218
5850.453243312888,186575.94602337905
5850.483668704847,185528.71978975498
5850.514094255035,185517.18491947785
5850.5445199634505,185177.33240278962
5850.574945830096,185284.08814778214
5850.605371854971,184627.641957278
5850.635798038078,185534.04319806997
5850.666224379416,185451.890006959
5850.696650878987,185611.88213243557
5850.727077536792,185950.06908156484
5850.757504352832,185789.89836838914
5850.787931327107,185890.6235640494
5850.818358459617,185746.77412646273
5850.848785750364,186123.91806524148
5850.87921319935,186216.35724114426
5850.909640806573,186698.95936035868
5850.940068572037,186570.29872073917
5850.97049649574,186818.68148275992
5851.000924577684,186521.39268348893
5851.031352817869,186476.34236860878
5851.061781216298,186674.4518393071
5851.092209772971,186626.16344559332
5851.122638487886,186694.66402725547
5851.153067361049,186898.63702993668
5851.183496392456,186863.47942264294
5851.213925582109,186769.50033241272
5851.2443549300115,186551.4386319217
5851.274784436162,186039.8182261673
5851.305214100561,184643.81625158584
5851.33564392321,182749.02577200503
5851.366073904111,181584.40701714106
5851.396504043262,180828.84507868934
5851.426934340667,178800.9317469184
5851.457364796324,176603.52129606038
5851.487795410237,174666.01000132592
5851.518226182404,173151.7159782775
5851.548657112826,173585.12862402384
5851.579088201505,175001.66974188297
5851.609519448442,175626.40110612288
5851.639950853637,176734.15191789577
5851.670382417092,178579.94272463955
5851.700814138805,180162.52998489392
5851.73124601878,181659.708229349
5851.761678057017,182684.30625656585
5851.792110253516,184536.52170741247
5851.822542608277,185121.0246351914
5851.852975121304,185270.6847094002
5851.883407792594,185601.40068003003
5851.913840622151,186331.9397332128
5851.944273609974,185873.8601726969
5851.974706756064,186398.85443321746
5852.0051400604225,186392.2871148918
5852.03557352305,187657.23540046407
5852.066007143947,187772.22545858737
5852.096440923116,187068.50547378944
5852.126874860554,187235.09708360615
5852.157308956266,187491.41457648852
5852.187743210251,187014.12247482236
5852.21817762251,187188.52335487644
5852.248612193042,187422.08996729823
5852.279046921852,187012.9385733448
5852.309481808937,187188.23761805036
5852.339916854299,187108.6085537005
5852.370352057939,186599.1375209042
5852.400787419859,186054.4747160496
5852.431222940058,185698.8291915351
5852.4616586185375,185639.35943681464
5852.492094455299,185400.1887275213
5852.522530450341,184540.18062948177
5852.552966603667,183524.73688973114
5852.583402915277,182210.58105096364
5852.613839385171,180277.66471204016
5852.6442760133505,177066.15093881352
5852.674712799817,173624.04652322043
5852.70514974457,169288.8957025262
5852.735586847611,163480.8192816314
5852.766024108941,156301.66097607874
5852.79646152856,148958.26221995402
5852.82689910647,140692.5296775849
5852.8573368426705,130229.82952664555
5852.887774737163,120599.60749393817
5852.9182127899485,112196.48484856941
5852.948651001028,106307.1012538622
5852.979089370402,103963.94111115069
5853.009527898071,104380.5043625974
5853.039966584036,108248.375978029
5853.070405428299,113625.00179177648
5853.100844430859,121164.30727412886
5853.131283591717,128689.49351674726
5853.161722910875,136881.5486642683
5853.192162388334,144833.49041358597
5853.222602024093,150972.8709100541
5853.253041818154,158330.05980732222
5853.283481770518,162927.0182600753
5853.313921881186,167917.1924650942
5853.344362150157,172572.74299736696
5853.374802577435,175961.9301832725
5853.405243163018,178736.4004084732
5853.435683906908,180336.98601963016
5853.466124809105,181875.1324966124
5853.496565869612,183459.09079407214
5853.527007088427,183968.77555880375
5853.557448465553,184295.81669671708
5853.587890000989,184828.81711903185
5853.618331694737,185498.8208611932
5853.648773546798,185218.24282850669
5853.679215557172,186168.2085927433
5853.709657725861,186813.51958991264
5853.740100052864,186645.23476395052
5853.770542538184,186657.99915043815
5853.80098518182,186684.9691710997
5853.831427983774,186794.75110504898
5853.861870944046,186713.96045959363
5853.8923140626375,186933.34095221458
5853.922757339548,186603.98305354384
5853.95320077478,186810.62103139094
5853.983644368334,186901.1508576622
5854.0140881202105,187656.7677917604
5854.044532030411,187341.90347074837
5854.074976098934,187166.31881529998
5854.105420325783,186892.67510518213
5854.135864710957,186597.37412934238
5854.166309254459,186166.47069884496
5854.196753956287,185983.404809564
5854.227198816443,184884.53328638143
5854.257643834929,183750.22833831224
5854.288089011745,184024.21146346608
5854.318534346891,182336.6892716581
5854.348979840369,181278.55990972382
5854.3794254921795,180801.12947533678
5854.409871302322,180478.86233494594
5854.4403172708,181583.24911419512
5854.470763397612,181634.24929831692
5854.50120968276,182398.62702432706
5854.531656126244,182747.7281507453
5854.562102728067,183526.4175198985
5854.592549488227,183767.81119562403
5854.622996406725,184797.11600144324
5854.653443483564,185029.51179715234
5854.683890718743,185161.20337736537
5854.714338112263,185939.74845659905
5854.7447856641265,185801.47697003256
5854.775233374332,185810.95903933232
5854.805681242882,186542.95506804343
5854.836129269776,187144.24212176687
5854.866577455016,186840.67498616237
5854.897025798603,186815.0289455289
5854.927474300536,187035.3627576352
5854.957922960818,186496.760409345
5854.988371779448,186181.1875547688
5855.018820756428,186691.68013408122
5855.049269891759,187059.5623363903
5855.079719185441,185650.1852845915
5855.110168637474,185769.68730962527
5855.140618247861,185935.5123656387
5855.1710680166025,184797.4747346364
5855.201517943698,184272.41839888712
5855.2319680291475,183932.1900338609
5855.262418272955,183209.42324079102
5855.292868675119,181118.5527341714
5855.323319235641,179297.29020404717
5855.353769954521,178147.1170102575
5855.384220831761,177851.87538200876
5855.414671867362,177624.77292734687
5855.445123061323,177738.90275579097
5855.475574413647,179306.49159031463
5855.506025924334,180527.25351545936
5855.536477593384,181007.36322633698
5855.566929420798,182046.02815365052
5855.597381406578,182775.549926968
5855.627833550724,183360.19699308195
5855.658285853237,184254.95887954207
5855.688738314118,185036.85950967716
5855.719190933368,185262.80256318726
5855.749643710987,185747.54168931337
5855.780096646976,186785.51669525367
5855.810549741335,186772.020560532
5855.841002994068,186543.22029666847
5855.8714564051725,186919.40436220085
5855.90190997465,186360.46060468437
5855.932363702503,186697.49818076435
5855.962817588731,186829.65057771135
5855.993271633334,186616.67000928568
5856.023725836315,186904.43193478562
5856.054180197673,187413.10060697852
5856.08463471741,186574.41408654914
5856.115089395526,186295.4062282338
5856.145544232022,187013.51730856646
5856.175999226899,186326.93116158186
5856.206454380158,186259.68823228742
5856.2369096918,185753.3636704853
5856.267365161824,185339.88093949255
5856.297820790234,184397.87586337238
5856.328276577028,183767.1465184702
5856.358732522208,181909.71844781522
5856.389188625775,181350.15519793658
5856.419644887729,179276.96352992853
5856.450101308072,176785.18431717996
5856.480557886804,173997.9903877676
5856.511014623926,169348.41693145732
5856.541471519438,163842.45386660317
5856.571928573343,157740.45308038784
5856.60238578564,150211.96634830447
5856.63284315633,141153.0516357014
5856.6633006854145,132406.63673839477
5856.693758372894,124730.96112479888
5856.724216218769,119171.00570216321
5856.754674223041,116333.48049427899
5856.785132385709,116585.26251229354
5856.815590706777,119281.45358466014
5856.846049186243,122604.26354461124
5856.8765078241095,127920.72254838902
5856.906966620377,132969.82819212895
5856.937425575045,137162.87514080075
5856.967884688116,141204.77249864757
5856.99834395959,144478.98675916987
5857.0288033894685,148232.23074673876
5857.059262977751,151920.10909059423
5857.0897227244395,156096.02293772338
5857.120182629535,159990.43118765095
5857.150642693037,164854.6368907869
5857.181102914948,169193.35401411363
5857.211563295267,172006.21398258448
5857.242023833996,175478.57403353002
5857.272484531137,177766.39264143165
5857.3029453866875,179308.5398030331
5857.333406400651,181163.89090809645
5857.363867573028,183045.70571616085
5857.394328903818,183727.4351545139
5857.424790393024,184396.12102913315
5857.455252040644,184662.06477769528
5857.485713846681,185030.87050255702
5857.516175811136,185356.15617250113
5857.546637934009,186086.02932446895
5857.5771002153,185742.76520527492
5857.60756265501,185842.97161864853
5857.638025253142,185962.52654101024
5857.668488009695,185589.09009330455
5857.69895092467,185603.8286712843
5857.729413998067,186137.00404194815
5857.759877229889,186673.74034459674
5857.790340620135,185970.25233532197
5857.820804168807,184573.5937427361
5857.851267875904,185492.42966510923
5857.88173174143,185712.58067269187
5857.912195765382,185304.99321399088
5857.942659947764,184782.32262390442
5857.973124288575,184196.24508017377
5858.003588787817,184020.97694864884
5858.034053445489,183896.34544343204
5858.064518261594,183542.2312205006
5858.094983236131,182899.88130066666
5858.125448369103,183388.71442371223
5858.155913660508,183827.4591119193
5858.18637911035,183975.3878332269
5858.216844718627,184255.21192132734
5858.247310485341,184869.4670724627
5858.277776410493,185514.67953255647
5858.308242494084,185674.0512914833
5858.338708736113,184989.1479946565
5858.369175136584,185533.26316445385
5858.399641695495,185004.28031416464
5858.430108412848,184557.96993387607
5858.460575288645,185204.51970799058
5858.491042322884,184670.4059465591
5858.521509515568,184604.7407586419
5858.551976866697,183712.15370647877
5858.582444376273,183073.80848938657
5858.612912044295,182081.23548182403
5858.643379870765,179838.45535538252
5858.673847855683,177830.6687720874
5858.704315999051,175312.23275830975
5858.734784300868,172428.66319833283
5858.765252761137,167884.89451719902
5858.795721379857,163109.19982617113
5858.82619015703,158570.52876635818
5858.8566590926575,154447.27906685614
5858.887128186738,152622.34894775247
5858.917597439274,152589.95188314954
5858.948066850266,154435.54888468923
5858.978536419714,157308.0554673399
5859.00900614762,160850.94996518362
5859.039476033985,164711.42250558315
5859.069946078809,168125.26816008284
5859.100416282093,171630.0493388292
5859.130886643838,174079.94748378004
5859.161357164044,176214.27258086286
5859.191827842713,178953.70530827306
5859.222298679845,180749.0138562104
5859.252769675441,181701.52929591964
5859.283240829503,183218.95257998136
5859.31371214203,184175.7903374898
5859.344183613024,184070.38937376218
5859.3746552424855,184538.6232022839
5859.405127030414,185119.9829742081
5859.435598976814,186011.1078225286
5859.466071081682,185746.16718929028
5859.496543345022,185241.41476279614
5859.527015766832,185991.60956496885
5859.557488347115,186221.7529884928
5859.587961085872,185319.9181047695
5859.6184339831025,185264.28039447533
5859.648907038808,186324.95268145364
5859.679380252989,186163.62191617125
5859.709853625647,186061.30769168315
5859.740327156782,186013.91464405964
5859.770800846395,186137.10084362162
5859.801274694488,186268.40711761525
5859.83174870106,185519.99538720353
5859.8622228661125,185698.23380696902
5859.892697189646,184392.10938637212
5859.923171671663,184436.58386622672
5859.953646312162,185610.10079169087
5859.984121111146,185846.38710587026
5860.014596068614,186099.38465905027
5860.045071184568,184950.931454305
5860.075546459008,185875.14607529374
5860.106021891936,185718.46431692588
5860.136497483351,185686.1276660517
5860.166973233256,186110.14383794944
5860.19744914165,185692.29068920665
5860.2279252085345,185878.03975732374
5860.258401433911,185334.32661700342
5860.288877817779,185336.42600615387
5860.31935436014,185529.46402531513
5860.349831060996,185713.0782976736
5860.380307920345,185357.90186718822
5860.41078493819,185197.5388951121
5860.441262114532,184480.7179517883
5860.47173944937,185227.57283235632
5860.502216942707,185531.77384972654
5860.532694594543,184959.49541582647
5860.563172404877,185015.06966797082
5860.593650373713,185225.8739545595
5860.624128501049,185776.02555140288
5860.654606786888,186285.2044873011
5860.68508523123,185969.68100541068
5860.715563834075,186386.04840697016
5860.746042595425,186432.70277566163
5860.77652151528,186366.51017579195
5860.8070005936415,186011.25811822878
5860.83747983051,185811.8578879992
5860.867959225886,185833.37154771024
5860.898438779771,186681.29676636224
5860.928918492165,186410.58042021832
5860.95939836307,186020.12291034
5860.989878392486,186158.25831862437
5861.020358580415,185895.34340865724
5861.050838926855,186751.0816283798
5861.081319431809,186102.92508242629
5861.111800095278,186396.2693316858
5861.142280917262,186785.47290080972
5861.172761897762,186092.95249610394
5861.203243036779,185642.23794622123
5861.233724334314,184756.43945969647
5861.264205790367,184588.97500528116
5861.294687404939,184182.86231877652
5861.325169178032,183022.3740102719
5861.355651109647,181906.2830592688
5861.386133199782,180026.67840439704
5861.416615448441,177621.82024622275
5861.447097855623,174665.89603418866
5861.477580421329,170589.20614206817
5861.50806314556,165926.99386616045
5861.538546028318,160260.95777854018
5861.569029069602,154077.28988023018
5861.599512269414,148952.57181055806
5861.629995627754,144084.11591462075
5861.660479144624,141407.01612718694
5861.690962820024,142281.31773552587
5861.721446653954,144759.13588051035
5861.751930646416,149138.22956044757
5861.782414797412,153226.2482689896
5861.81289910694,157027.15711683975
5861.843383575003,161369.07272519646
5861.8738682016,164751.90451622976
5861.904352986734,168191.05948608293
5861.934837930404,171648.17934315273
5861.965323032611,174666.65045943353
5861.995808293357,176454.36020746798
5862.026293712643,177646.14652577843
5862.056779290468,179397.2379350675
5862.087265026834,180625.57966868384
5862.117750921741,181052.2635855679
5862.148236975192,182276.42966511493
5862.178723187185,183301.01357795618
5862.209209557723,183533.2545674526
5862.239696086805,183344.21783508995
5862.270182774434,183847.05190170696
5862.3006696206085,184782.30235825933
5862.331156625331,185487.83033494395
5862.361643788601,184781.79787668728
5862.392131110421,185075.81480810442
5862.42261859079,186213.21502071255
5862.453106229711,186496.58060363698
5862.483594027182,186024.92426053828
5862.514081983207,186037.76668931713
5862.544570097783,185821.33517892475
5862.575058370915,185595.54626025783
5862.605546802602,186204.49207489655
5862.636035392843,185858.84933035143
5862.666524141641,185419.5425965637
5862.697013048997,185288.36206981007
5862.727502114911,185129.1875601284
5862.757991339383,184554.38886148302
5862.788480722415,184910.3180895742
5862.818970264009,185589.4735040599
5862.8494599641635,184795.12633273576
5862.87994982288,184446.36099120916
5862.91043984016,183412.39766083175
5862.940930016004,183188.85663167347
5862.971420350413,183975.08297587288
5863.001910843386,183516.5755097797
5863.0324014949265,182756.7734603049
5863.062892305034,183261.63421559843
5863.09338327371,184066.77030872894
5863.123874400954,184151.5866570295
5863.154365686769,183713.06532320485
5863.184857131154,183929.0384106936
5863.215348734109,183936.70190157316
5863.245840495638,184442.57770309027
5863.276332415739,184602.70302775552
5863.306824494414,185396.92823853905
5863.337316731663,184943.5762207322
5863.367809127489,185027.1730897594
5863.39830168189,184632.8447660532
5863.428794394868,183893.2901810683
5863.459287266424,184721.9729061196
5863.48978029656,184680.30906059468
5863.520273485275,185074.62164343134
5863.55076683257,184794.06405383584
5863.581260338446,185076.95080075692
5863.6117540029045,185023.18407556575
5863.642247825946,184491.53262425974
5863.672741807571,184120.28950826323
5863.70323594778,183777.0007045019
5863.733730246575,184508.967616845
5863.764224703956,184724.59682060583
5863.794719319923,184613.09783641633
5863.82521409448,184334.3295427329
5863.855709027624,185655.41639003428
5863.886204119358,185924.41194230382
5863.916699369682,185479.54792486056
5863.947194778598,186111.81273398525
5863.977690346104,185781.08613245602
5864.008186072205,186053.2259715262
5864.0386819568985,186002.23379028597
5864.069178000186,186357.22556469418
5864.09967420207,185955.91625329055
5864.130170562549,185315.494339625
5864.160667081625,185133.80362403134
5864.191163759299,185455.94774447172
5864.221660595572,185027.65895571175
5864.252157590444,184791.6025478195
5864.282654743916,184213.84330274025
5864.313152055989,183591.33890938634
5864.343649526664,183714.67313754073
5864.3741471559415,184547.48118682706
5864.404644943823,184562.5403520993
5864.435142890308,184384.0495469633
5864.4656409954,184547.2116653337
5864.496139259096,184920.6856436259
5864.526637681399,185382.42216510169
5864.55713626231,185515.70945765387
5864.58763500183,185374.91700167762
5864.618133899959,186036.2445552348
5864.648632956697,185888.3690679449
5864.679132172047,185802.70997966593
5864.7096315460085,186148.5249898764
5864.740131078583,186620.22211418996
5864.77063076977,186448.8095235234
5864.801130619571,186890.82367065386
5864.831630627988,185963.7271495953
5864.862130795021,186287.39198475794
5864.89263112067,186798.1907761869
5864.923131604936,185905.95482527406
5864.953632247822,185582.0077803174
5864.9841330493255,186198.98447691434
5865.01463400945,185853.90803238907
5865.045135128195,185639.0401649272
5865.075636405561,185520.45191535784
5865.106137841551,186010.44320348365
5865.136639436163,186238.45848690186
5865.1671411894,186159.04054847467
5865.197643101262,186285.99765600904
5865.228145171749,186675.49781651417
5865.258647400862,185828.71945595354
5865.289149788604,185954.2574509294
5865.319652334973,186274.0794917457
5865.350155039972,186601.27342028823
5865.380657903601,186614.1628325194
5865.41116092586,185434.73292591254
5865.44166410675,185101.98763916973
5865.4721674462735,185279.94556381588
5865.50267094443,184154.5710524961
5865.53317460122,183799.34814830363
5865.563678416645,184167.8013027034
5865.594182390706,182632.4482047645
5865.624686523403,181329.7520586736
5865.655190814738,180551.49377044395
5865.68569526471,179222.39363844306
5865.716199873323,178648.15501969116
5865.746704640574,177434.6119810171
5865.777209566466,177414.867434942
5865.8077146509995,178055.93673337583
5865.838219894175,179109.14964892252
5865.868725295994,179603.8387458566
5865.8992308564575,180478.6797617055
5865.929736575565,181878.32220696137
5865.960242453318,181905.99713369363
5865.990748489718,181754.4268069099
5866.021254684764,183183.93570684802
5866.051761038459,183964.5319287811
5866.0822675508025,184535.71550689478
5866.112774221796,184767.81289393565
5866.14328105144,184632.45505998487
5866.173788039735,184823.47665903645
5866.204295186682,185081.97798878516
5866.234802492283,184794.1961939761
5866.265309956537,184263.12064299174
5866.295817579446,184769.8330740215
5866.32632536101,183829.0340817578
5866.356833301231,184764.20391344224
5866.387341400108,184622.92384886436
5866.417849657644,184402.79475056505
5866.448358073838,183589.31438728597
5866.478866648692,183522.64584744492
5866.509375382207,184335.9449392175
5866.5398842743825,184676.69316425838
5866.57039332522,185120.87524402415
5866.60090253472,185455.87863559654
5866.631411902885,184092.230738973
5866.661921429713,184455.09131767903
5866.692431115208,183552.45696761608
5866.722940959368,182681.8255274589
5866.7534509621955,183279.51628232157
5866.783961123691,181346.72319698246
5866.814471443855,180149.3449492711
5866.844981922688,179717.61384057294
5866.8754925601925,180067.25794325862
5866.906003356367,179784.38402175988
5866.936514311214,180143.2452769292
5866.967025424734,180204.54841303118
5866.9975366969265,180812.77531831738
5867.028048127794,181649.76436717357
5867.058559717338,182137.8740976049
5867.089071465557,183578.42769140602
5867.119583372452,183039.07119073367
5867.150095438026,183307.36980151135
5867.180607662279,184205.04417362815
5867.21112004521,184307.58418426255
5867.241632586823,184497.02462777658
5867.272145287116,184726.85169864396
5867.30265814609,184582.94158358854
5867.3331711637475,184373.03469032925
5867.363684340089,184027.35237387245
5867.394197675114,184138.9103395129
5867.424711168825,184445.7071514987
5867.455224821221,183962.31619996697
5867.485738632305,184327.38887712546
5867.516252602076,183997.89159177037
5867.546766730536,184295.62175978906
5867.577281017684,184229.80636393567
5867.607795463523,183681.86946326625
5867.638310068053,184216.2893643761
5867.668824831275,185625.4646046949
5867.699339753189,185863.3701356615
5867.729854833797,185025.5256637249
5867.760370073099,184538.93507210372
5867.790885471096,185053.6211731951
5867.821401027789,185234.5780323103
5867.851916743178,184250.19776024533
5867.882432617265,184286.7656303302
5867.912948650051,185077.55649332944
5867.943464841535,185248.98684259728
5867.973981191721,185393.89437658325
5868.004497700606,185218.3895181722
5868.0350143681935,184611.80797567652
5868.065531194483,184899.48847174126
5868.096048179476,185195.97241595038
5868.126565323174,184708.5343247463
5868.157082625577,184674.87695395882
5868.187600086684,183665.9684455542
5868.218117706499,183142.11890877454
5868.248635485021,183936.62436425354
5868.2791534222515,183747.03186715452
5868.309671518191,182761.00087697603
5868.340189772841,182468.74793773162
5868.370708186201,182254.0940316574
5868.401226758273,181610.18581193005
5868.431745489057,182233.25728301227
5868.462264378554,183029.07305034366
5868.492783426766,183445.01556609964
5868.523302633693,183019.79477587366
5868.553821999335,183397.19826529833
5868.584341523693,183844.44140109452
5868.614861206769,184236.53890227966
5868.645381048564,184294.5414780743
5868.675901049077,184295.47200484973
5868.70642120831,184668.01710566
5868.736941526264,184997.38501024208
5868.767462002938,184219.6758153616
5868.797982638336,184118.41233716672
5868.828503432457,184531.40478537395
5868.859024385301,183921.21913264846
5868.889545496871,184076.43923292088
5868.920066767166,183819.86680828864
5868.950588196188,183531.91956728345
5868.981109783936,183192.38765087596
5869.011631530413,182818.32394369435
5869.042153435618,183263.90920528056
5869.072675499554,182999.83488227736
5869.10319772222,182250.28217123073
5869.133720103618,182555.5454263052
5869.1642426437475,183630.6545454925
5869.19476534261,184681.35963786585
5869.225288200207,183754.87492397364
5869.255811216538,184572.645557483
5869.286334391604,184523.34153034553
5869.316857725407,184371.32799312222
5869.347381217948,184684.1315597521
5869.377904869226,184777.3675242452
5869.408428679243,184990.49611355492
5869.438952648,185026.3308557037
5869.469476775497,186107.16973564896
5869.500001061736,184856.36780830187
5869.530525506716,185226.01116007497
5869.56105011044,184947.06817958152
5869.591574872908,185021.02580700116
5869.622099794119,185003.7616656801
5869.6526248740765,184874.6219359726
5869.68315011278,185248.82353019618
5869.713675510231,184959.7413396579
5869.74420106643,184793.68012760102
5869.774726781377,183946.16953125398
5869.805252655074,185127.48546141514
5869.835778687521,184761.40283110118
5869.866304878719,184622.42125977998
5869.896831228671,184403.34857651615
5869.927357737373,183171.66471900223
5869.957884404831,183307.55708310727
5869.988411231042,182971.78988147204
5870.018938216009,182581.25283878378
5870.0494653597325,182360.19371035814
5870.079992662212,182627.71880787108
5870.11052012345,182434.2436233209
5870.1410477434465,182417.72381828944
5870.171575522202,183192.68499086934
5870.202103459719,182873.97485956378
5870.232631555996,183211.00124923902
5870.263159811036,183763.2371427507
5870.293688224838,183223.23759773566
5870.324216797403,183697.1261819746
5870.3547455287335,184417.14999722334
5870.385274418829,184779.58374981233
5870.41580346769,184410.43163582956
5870.446332675318,184223.1353002365
5870.476862041714,183872.2692674959
5870.507391566878,184399.5244636512
5870.537921250812,184180.03348982922
5870.568451093516,184384.6982983215
5870.598981094991,184033.9891044416
5870.629511255239,184210.42609550932
5870.660041574258,184291.0392702678
5870.690572052052,184432.29505551193
5870.721102688619,184824.5115663894
5870.751633483961,183599.1840086363
5870.78216443808,184122.16782763522
5870.812695550975,184426.38517241488
5870.843226822648,183472.04779415415
5870.873758253099,183139.75791794003
5870.90428984233,182845.14692362762
5870.934821590341,182964.03418567817
5870.965353497133,183861.07279761494
5870.9958855627065,183527.4557255162
5871.026417787062,183834.64495029807
5871.056950170202,184636.58318585236
5871.087482712126,184359.98524381418
5871.118015412834,183901.87860706277
5871.148548272329,183868.42436762128
5871.17908129061,184322.27411744816
5871.20961446768,184634.98314531747
5871.240147803537,183867.1265547284
5871.270681298183,184212.8355139197
5871.30121495162,184668.37872463136
5871.331748763847,185325.06629618234
5871.362282734866,183595.64287156553
5871.392816864677,184723.42275029907
5871.423351153282,184723.06759873303
5871.453885600681,184186.54142721836
5871.484420206875,183862.79979819647
5871.514954971864,184175.42095469573
5871.545489895651,183800.07200926798
5871.576024978234,183876.56686002263
5871.606560219617,183884.18107173778
5871.637095619798,184711.2052363992
5871.667631178779,185032.386609193
5871.698166896561,185122.36382082078
5871.728702773144,184989.60500821663
5871.7592388085295,185438.74546575
5871.789775002719,185566.55844164538
5871.820311355712,184678.36563704233
5871.850847867509,184829.1806029047
5871.881384538113,185098.5356308851
5871.911921367523,185649.21527572433
5871.942458355741,185579.20466959255
5871.972995502767,184272.55919900167
5872.003532808601,184949.0201009189
5872.034070273246,184805.51418384217
5872.064607896701,184061.16488915644
5872.095145678967,184250.81788296433
5872.125683620046,183836.4637963907
5872.156221719939,183744.110734062
5872.186759978645,183176.88765267204
5872.2172983961655,183099.1413497302
5872.247836972502,183163.080291572
5872.278375707655,182387.3195777546
5872.308914601625,182160.1279968443
5872.339453654413,181714.97143025455
5872.369992866021,182137.98931148474
5872.400532236447,181051.91278431952
5872.4310717656945,180514.13798299187
5872.461611453764,179952.33346121837
5872.492151300655,180279.20213284067
5872.522691306369,179869.1099785117
5872.553231470907,180019.517202702
5872.5837717942695,180624.56995252828
5872.614312276458,180762.0202799372
5872.644852917472,181914.7456409388
5872.675393717314,182358.52228732043
5872.705934675984,182470.6171459111
5872.736475793483,183280.2137542571
5872.767017069811,183532.33664380098
5872.79755850497,183636.45424778294
5872.82810009896,183489.11709169316
5872.858641851782,184214.73525846898
5872.889183763437,184135.22740158776
5872.919725833926,183724.5923625093
5872.9502680632495,183790.29107248262
5872.980810451409,183508.35252854083
5873.011352998404,182293.03513071
5873.041895704237,182332.68820068537
5873.072438568906,182598.07204840836
5873.102981592416,182597.03454725526
5873.133524774764,182131.5307532246
5873.164068115953,182681.06604784637
5873.194611615983,182645.58013297874
5873.225155274856,182577.1945987409
5873.2556990925705,183236.67498711328
5873.286243069129,183239.25974783942
5873.316787204532,183726.97833878876
5873.347331498781,183542.28050571398
5873.377875951876,183663.41268607453
5873.408420563818,184305.248013747
5873.438965334607,184044.41223607262
5873.469510264245,184536.8630109241
5873.500055352733,185480.36978779323
5873.530600600072,184824.7043290279
5873.561146006261,184766.1667322067
5873.591691571302,184807.5348232334
5873.622237295196,184085.2705546672
5873.652783177944,184176.5882847465
5873.683329219546,184604.68432599725
5873.713875420003,184967.80885754686
5873.744421779316,184844.23199576468
5873.774968297486,184310.3127421259
5873.805514974515,184035.43337104542
5873.836061810402,183755.57579958267
5873.866608805148,183630.03488902675
5873.8971559587535,184973.01413891904
5873.927703271221,185382.74952619988
5873.95825074255,184884.40325025917
5873.988798372742,184854.89897782862
5874.019346161797,184673.6929333029
5874.049894109717,183896.27154493562
5874.080442216502,184347.29321078194
5874.110990482152,184739.39062223773
5874.141538906671,184973.56937527913
5874.172087490056,184366.96045460427
5874.2026362323095,183788.29693538207
5874.233185133433,183678.13179180137
5874.263734193426,184089.7712456175
5874.2942834122905,184111.47037479945
5874.324832790026,184180.83539991957
5874.355382326635,184549.7630703664
5874.385932022117,184384.6559005757
5874.416481876473,183857.88448224816
5874.447031889705,184377.2658800995
5874.477582061812,184001.36282460584
5874.508132392796,183542.01444838627
5874.538682882658,183489.0831937932
5874.569233531398,183603.96011827828
5874.599784339018,183781.59260547897
5874.630335305516,183826.72790074308
5874.660886430897,183627.11164650004
5874.691437715159,183360.86933772182
5874.721989158304,183366.37330729197
5874.752540760331,183808.68577811014
5874.783092521243,183740.69242492027
5874.81364444104,184028.1538411393
5874.844196519723,184122.70054634995
5874.874748757293,183772.55781346076
5874.905301153749,184885.76764804337
5874.935853709095,183691.66019230883
5874.966406423329,184247.5000916752
5874.9969592964535,184168.6171562353
5875.027512328468,184577.49665959473
5875.058065519375,184257.1998070023
5875.088618869175,183932.8573959471
5875.1191723778675,184033.8929240261
5875.1497260454535,184219.10160062645
5875.180279871935,184020.76876547362
5875.2108338573125,184251.00405111804
5875.2413880015865,184128.9965092662
5875.271942304757,184664.7084180754
5875.302496766827,183972.82058497248
5875.333051387795,183711.53966927703
5875.363606167664,183351.0599503878
5875.394161106433,182818.92764426023
5875.424716204104,182904.46931529674
5875.455271460677,183059.77172561781
5875.485826876153,183143.7010790596
5875.5163824505335,183607.60593686
5875.546938183818,183464.53800027358
5875.577494076009,184053.9223235212
5875.608050127106,182713.54089502917
5875.638606337111,183512.94023144516
5875.669162706024,183342.39468811176
5875.699719233845,183160.91536549825
5875.730275920577,182600.53979010443
5875.760832766218,182885.63714662945
5875.791389770772,183357.60055622237
5875.8219469342375,182968.68870004383
5875.852504256616,182418.54098030308
5875.883061737909,181853.27201531027
5875.913619378117,182870.12646863703
5875.94417717724,183388.903087766
5875.97473513528,183523.11150573014
5876.005293252237,183758.64367358072
5876.035851528111,184043.41915150397
5876.066409962905,184703.63008878977
5876.096968556619,184464.77700208625
5876.127527309252,184319.6784648225
5876.1580862208075,184351.00368701835
5876.188645291285,183866.93585943978
5876.219204520686,184089.48917329247
5876.249763909011,184003.06006366704
5876.28032345626,183603.83529516892
5876.310883162434,183293.03298518236
5876.341443027535,183510.4013272316
5876.372003051563,182491.04125836017
5876.402563234519,181232.05336541237
5876.433123576404,182666.11353657662
5876.463684077218,182776.95078283106
5876.494244736963,183184.35492761925
5876.524805555639,183392.9628503125
5876.555366533248,182628.5856049746
5876.585927669789,182571.37260896954
5876.616488965265,182525.3844180885
5876.647050419674,181502.58531343643
5876.677612033019,181227.07686994708
5876.7081738053,181632.933292089
5876.738735736519,182144.93163669851
5876.769297826675,182815.33678447234
5876.79986007577,182685.217385832
5876.830422483804,183209.78161807347
5876.860985050779,183347.84344318035
5876.891547776695,182869.60536663103
5876.922110661553,182832.55987939582
5876.952673705355,182364.71889417805
5876.9832369081,181475.48490788272
5877.013800269789,180698.62207041835
5877.044363790423,181165.08399948978
5877.074927470004,179998.85376763888
5877.105491308531,179874.43605287495
5877.136055306007,179650.82525549128
5877.166619462431,179533.815418263
5877.197183777805,180147.90434898436
5877.227748252129,180587.30093902253
5877.258312885403,181145.01815612032
5877.288877677631,180777.16601425124
5877.31944262881,181019.00744957975
5877.3500077389435,181960.13428771787
5877.380573008031,181421.07017254972
5877.411138436074,181889.43088399805
5877.441704023074,183099.58568866213
5877.4722697690295,183390.41940784882
5877.502835673943,183319.18205408822
5877.533401737815,183831.91862286805
5877.5639679606475,183017.67968409666
5877.594534342439,182525.6778870246
5877.625100883192,183306.5003688297
5877.655667582907,183733.2696817263
5877.686234441585,183549.60973463158
5877.716801459225,183884.17817929699
5877.747368635831,184095.2564471834
5877.777935971401,184372.40986038756
5877.808503465938,183213.33884973198
5877.8390711194415,183712.76377513638
5877.869638931913,183743.07977697885
5877.900206903352,184298.22453371258
5877.930775033761,184425.69057363932
5877.961343323141,183846.8152381483
5877.99191177149,183776.68872778513
5878.022480378812,183462.23148176394
5878.053049145106,184740.9983102009
5878.0836180703745,184237.13965512006
5878.114187154616,185153.0484936031
5878.144756397834,184241.92600328155
5878.175325800026,183700.58166580374
5878.205895361197,184040.53209711815
5878.236465081344,184008.485090039
5878.26703496047,184760.35118176826
5878.297604998575,184191.09370743905
5878.32817519566,183596.16930600427
5878.358745551726,182925.04251151002
5878.389316066774,182902.95908952277
5878.419886740804,183339.5856281189
5878.450457573817,182950.99844487387
5878.481028565815,183303.93465465587
5878.511599716799,183449.81688983474
5878.542171026767,183514.75666411416
5878.572742495722,183666.2158921113
5878.603314123665,182164.7355381083
5878.633885910596,183176.2227353452
5878.6644578565165,182447.48176457465
5878.695029961427,181756.51207527178
5878.725602225328,181543.47391801333
5878.756174648221,180339.3005621632
5878.786747230106,180169.70662483523
5878.8173199709845,180380.85513952863
5878.847892870857,181155.41986071045
5878.878465929724,180724.74130074208
5878.909039147588,180930.32777630165
5878.9396125244475,180608.24374404218
5878.970186060305,180442.17976239862
5879.000759755161,180854.65388737485
5879.031333609016,181481.05838083234
5879.06190762187,180962.94605437407
5879.092481793726,181584.57819425437
5879.123056124582,181088.60422925698
5879.153630614442,182502.08851259667
5879.184205263304,182188.54506069596
5879.21478007117,181372.38032875463
5879.245355038041,180722.8931142044
5879.275930163919,181334.30634478322
5879.306505448802,180079.00935430615
5879.337080892693,179517.25647500702
5879.367656495592,179281.81879175943
5879.3982322575,179872.74323751463
5879.428808178418,180108.33253194846
5879.459384258346,180287.84383733137
5879.489960497286,180520.54831204016
5879.520536895238,181570.0669676228
5879.551113452204,181971.5445576128
5879.581690168184,181141.12793953688
5879.612267043178,181593.87069100622
5879.642844077187,182073.46153868845
5879.673421270214,182134.9348581941
5879.703998622257,182514.4432855236
5879.734576133319,182224.56380599175
5879.765153803399,182310.4781504597
5879.795731632499,181856.65524955117
5879.82630962062,181085.53931172515
5879.856887767763,179806.64016923337
5879.887466073927,180157.47502657605
5879.918044539115,178955.48989273017
5879.9486231633255,178868.1884690113
5879.979201946562,179082.72532582615
