freq,gls,usurper,pdc_unbiased,shape_periodogram,shift_periodogram
0.1,0.010086514728932742,-0.012849547054290646,-0.01230821376225876,-0.0012305608275701453,-0.00912858009243868
0.1000788932702157,0.013883001242665997,-0.010854633590691349,-0.007290482571044106,-0.004809656972991768,-0.0029664056773408836
0.10015778654043139,0.01525477315264182,0.0019736950330692562,0.0050482431420303805,0.004378965625223573,0.001426882728822098
0.10023667981064709,0.012589110087693969,0.011182086672554123,0.01346333998526647,0.02383249245412363,-0.0034639406399623977
0.10031557308086278,0.007491034036994551,-0.0007947928528111681,-0.000432471667735934,0.025766243296488963,-0.015760321018750873
0.10039446635107847,0.0026733962431386674,-0.02165110356793984,-0.019003897623822933,0.005816545289092917,-0.018708910556939594
0.10047335962129417,0.0006028157896227368,-0.023958976854235692,-0.020112034463882458,-0.0038575438315077487,-0.013813314765816074
0.10055225289150986,0.0039275793108720855,-0.025060772147041898,-0.01998249838948047,-0.005808290184558839,-0.0125431623113668
0.10063114616172555,0.013030140711379184,-0.0227959257869375,-0.01655395769628915,-0.009607286466037772,-0.0075228223187891775
0.10071003943194125,0.02526748773226478,-0.013014364188496276,-0.006776564469386147,-0.010476450220486594,0.0008347958227986413
0.10078893270215694,0.035091532978739376,-0.0029984278813105637,0.0033351513735690786,-0.015207078919283096,0.011768608323143763
0.10086782597237264,0.036772919505311065,0.0023908404932869694,0.008436292242707102,-0.014019279465015026,0.015145846411018092
0.10094671924258833,0.02849178746323216,-0.005725860615030035,-0.0004917416515006326,-0.01763032571518971,0.010151422081322506
0.10102561251280402,0.015008374275784168,-0.012277683703907114,-0.006492257755867209,-0.01267261107259279,0.00237629651796063
0.10110450578301972,0.005813118252610366,-0.004320782676917539,-0.000268646333420541,-0.005872738164212955,0.0032971443221128357
0.10118339905323541,0.0057368022574920095,0.00513442921045032,0.006675171415165864,-0.011045102636944597,0.011955615398384469
0.1012622923234511,0.011016285050147416,0.0200544180423988,0.018327624722912824,9.79579607649473e-05,0.01463064723890077
0.1013411855936668,0.014543182655562504,0.009071177176734835,0.00865661990255747,-0.0044398043425571175,0.009592987936465548
0.10142007886388249,0.014684390072087963,-0.004305950057213652,-0.0012730403277085133,-0.015769616567721818,0.00841209216052784
0.10149897213409818,0.015896582883582734,-0.006122477494294961,-0.001402736271429955,-0.01593989466745864,0.008410013233999002
0.10157786540431388,0.018334830884500906,-0.008101097817285848,-0.000559277239718269,-0.016768520264935916,0.009581715094952849
0.10165675867452957,0.018945527501296616,-0.0034297188751145425,0.003568342480254574,-0.010298432160854614,0.009019267211302709
0.10173565194474526,0.016706759624807655,-0.0009479244215848915,0.003783130993681475,-0.005168420467843513,0.006123072388666416
0.10181454521496096,0.010763355688216382,-0.012997899442390303,-0.008095933231165489,-0.00875973237631994,-0.001249514329721726
0.10189343848517665,0.003986766555735584,-0.020220984165812392,-0.015988430767228275,-0.005833433249770672,-0.009326121676554213
0.10197233175539235,0.0017816564536232173,-0.017773596349614687,-0.013897758887795129,-0.006800653450767345,-0.007071781407584949
0.10205122502560804,0.004786046482743206,-0.011022110277493344,-0.007889679768858486,-0.015844586681093165,0.003153584283553687
0.10213011829582373,0.009657421411626644,0.002350785605518804,0.0037944968762959022,-0.016939794819751445,0.013173265022875979
0.10220901156603943,0.01494645420754852,0.010523504689742419,0.010592227649412818,-0.005956228959332985,0.012051099946414885
0.10228790483625512,0.021443065755181484,0.007060699302989633,0.007420097581292822,-0.0005644430595387459,0.006284325406615553
0.10236679810647081,0.026613581961757258,-0.00028082111868781,0.0031011602220839766,-0.009410890722885399,0.008114000423117938
0.1024456913766865,0.027791042732219568,-0.004656907648798533,-0.0003300417791548622,-0.013977466548608512,0.008095757530225517
0.1025245846469022,0.024331298571105695,-0.010631676419576151,-0.004570653504686043,-0.015380964956791114,0.005536618421014173
0.1026034779171179,0.01543723576405022,-0.012361173932171166,-0.008172588230360921,-0.015852021762827205,0.002931252979130284
0.10268237118733359,0.006509887512458991,-0.013529289813885082,-0.011524020412399099,-0.014867126925415823,-0.00034453079173249414
0.10276126445754928,0.0053709931519900144,-0.009976227203793993,-0.007980380062454365,-0.018425398879797127,0.004624792447658808
0.10284015772776497,0.011657583254808545,-0.012051693638125235,-0.009937225595133393,-0.01599712302354075,0.001603473305354589
0.10291905099798067,0.019244475658226005,-0.00957290801673139,-0.007627072492683948,-0.011159961027656163,0.0005619070807396867
0.10299794426819636,0.022516713229052295,0.00028911760499735617,0.0015921737132668606,-0.011251117590941237,0.00800541430553699
0.10307683753841206,0.023150351640244086,-0.0006495120292945233,0.003440837368229937,-0.007160388889861394,0.0070401511409882225
0.10315573080862775,0.02431167887456348,0.00707281009767648,0.010724932638165005,-0.0056299558360153,0.011962327386468314
0.10323462407884344,0.022534201623761643,-0.01093044450414343,-0.0038271550148596834,-0.007243123448762373,0.0012648239664910437
0.10331351734905914,0.015585016829555928,-0.021821700705297056,-0.015153386395786693,-0.010682423294881841,-0.005757010635299372
0.10339241061927483,0.007755968993507378,-0.011753855315439472,-0.0053027946689848,-0.0052683259243846755,-0.0010989842355589772
0.10347130388949052,0.006940411453747503,0.0003209444821153356,0.007263046208362377,-0.00874619314413788,0.011051716642410328
0.10355019715970622,0.01678694550006035,0.016372297515484423,0.022218136323967175,-0.002731935368198539,0.01944103975157553
0.10362909042992191,0.031111649535042363,0.01147889645586729,0.016440689973367312,0.0012594401177320606,0.012423662030910162
0.1037079837001376,0.03900957911829852,0.012180688901354746,0.014749670202341747,-0.007108764924147084,0.016072122397254744
0.1037868769703533,0.033113420246238146,0.013198622279554586,0.01884146972396772,-0.011859930294730016,0.02219218742340826
0.10386577024056899,0.017563855683009253,0.00702362715204619,0.014125550082773296,-0.009767004431294928,0.0171615953696291
0.10394466351078469,0.00500308672522417,-0.009794383672422179,-0.002661892860638647,-0.009609013228223183,0.003613834949566781
0.10402355678100038,0.0004788917822149246,-0.016834295065015933,-0.012571197561756942,-0.0010813505096386258,-0.009428593055946326
0.10410245005121607,0.000344816964151366,-0.01480824299019355,-0.015631097325169752,-0.0031576211953395533,-0.010639701513138904
0.10418134332143177,0.0006619208739050482,-0.004068482923726284,-0.004038140921214463,-0.006647481254993118,0.0007394675765459075
0.10426023659164746,0.001779101771302819,-0.005763833098005019,-0.0017562768701116505,-0.0024097260358759234,3.368783094515605e-05
0.10433912986186315,0.007862996934886238,-0.013738754231635276,-0.008002084440257696,-0.0029708879376424044,-0.0046364485790219975
0.10441802313207885,0.017377425915436066,-0.005048150153014217,-0.0013563990431653677,-0.0073744737133710995,0.003323585443904143
0.10449691640229454,0.022971384837477456,-0.0028661148721660368,0.00227453114534073,-0.01773201700280902,0.012429164191437447
0.10457580967251023,0.020811297719551633,0.0026695054504444413,0.007939801347759437,-0.014613672278717979,0.015103540400570317
0.10465470294272593,0.012705881266196645,-0.003293888143282507,0.00028773149784805277,-0.006578874972659408,0.004165389132055872
0.10473359621294162,0.004289432550227128,-0.01048904553007983,-0.00846959986189165,0.0020815445922556246,-0.008032748882091566
0.10481248948315731,0.0005845091112215838,-0.0013384803950912052,-4.9993664575136086e-05,0.013161463981533809,-0.00791220161490087
0.10489138275337301,0.0005498853691654247,-0.002785605268957928,-0.0015907271032553516,0.005088576277432175,-0.004318285977351847
0.1049702760235887,0.0004696112923208529,-0.01368948210890288,-0.011770578058760512,-0.011693132892186823,-0.0024406154029047488
0.1050491692938044,0.001004709496158549,-0.010106288125222714,-0.011186905325045265,-0.015436806869317098,0.0002664839166799069
0.10512806256402009,0.006288392974462548,-0.0037123005874085784,-0.002406714279847528,-0.0186339485651053,0.00921710506290182
0.10520695583423578,0.016735913083524307,0.0036999850741826616,0.01058743580366961,-0.015533861315093881,0.017775511714836007
0.10528584910445148,0.02666138224224358,0.012773331894071392,0.01979196143976844,-0.014690109074031095,0.02464613740704082
0.10536474237466717,0.029775257221109443,0.012819940242126038,0.015982748479141686,-0.016279818401224284,0.022544713074383153
0.10544363564488286,0.023781012953723677,0.00012029953230735987,0.003995809740943314,-0.012063940372585314,0.01041786867934302
0.10552252891509856,0.01247263475530073,-0.011315626819493779,-0.0060259821577224775,-0.011879660557446728,0.002275723748495585
0.10560142218531425,0.0036579383043731733,-0.004315288197632176,-0.0004613346306959186,-0.009872621450927844,0.0055351411464613885
0.10568031545552994,0.0004973261891769725,-0.005474874826948162,-0.0019626114067200417,-0.012333697396449007,0.0058040635830597116
0.10575920872574564,0.0013459297670438508,-0.014806000002895952,-0.011391977028796968,-0.012988127306430307,-0.0013625666588798614
0.10583810199596133,0.005538009047265209,-0.01838195939899042,-0.0158228669104793,-0.015441308862307773,-0.0034476774416910077
0.10591699526617702,0.013466560539636503,-0.013729841747956823,-0.010265983555471975,-0.02080517995974359,0.004216263287948392
0.10599588853639272,0.024322109750327208,0.005938201640440693,0.007925743914600606,-0.008736685731308088,0.011577101301646154
0.10607478180660841,0.030999537696606953,0.012542229534317655,0.013753131079919335,-0.004369099221076739,0.013635195941563311
0.1061536750768241,0.0263441673061266,-0.004764662100851335,-0.00036623778998168385,-0.01082396915795907,0.0061804022829573205
0.1062325683470398,0.01388545086468125,-0.011914716391101941,-0.007983097672013353,-0.009990970495516895,-0.00042266247178066925
0.10631146161725549,0.0031840137170059545,-0.019328161713292012,-0.017610948482179475,-0.011961470507117804,-0.006962487630912727
0.10639035488747119,0.00022046080478529126,-0.025339032747293776,-0.022694470660497262,-0.015899678662430226,-0.008684128864355291
0.10646924815768688,0.0035420578144303187,-0.021917785527389502,-0.01818088615021359,-0.012150025019526564,-0.007306716074195172
0.10654814142790257,0.006332177362863877,-0.018284299415212747,-0.015116579708655722,-0.009350716813606413,-0.006523891788081684
0.10662703469811827,0.0051410648468493275,-0.017121027966863423,-0.014427959737937084,-0.007487138466277136,-0.007086285285436542
0.10670592796833396,0.0028803838540474615,-0.02008884213950404,-0.01638678291122995,-0.008339147147862215,-0.008147124592952764
0.10678482123854965,0.004145036853093264,-0.021562070138351458,-0.01645806574089912,-0.013182696888190602,-0.00530778656017382
0.10686371450876535,0.00804804166664544,-0.016041331634014114,-0.01112582517033311,-0.013595681046502474,-0.0007858125145185877
0.10694260777898104,0.009524246960872064,-0.006874832840285664,-0.0036415678545048034,-0.0017518626976334073,-0.0018707197116668729
0.10702150104919674,0.007778360261129467,-0.0013460219397438307,-0.0008955486474003829,0.008095084722629303,-0.005559380360629851
0.10710039431941243,0.004706290293129008,-0.007254704741257608,-0.0071140428829206456,0.004208924784518573,-0.0082186587475563
0.10717928758962812,0.002607580664171059,-0.013234635774771394,-0.012338918286414676,0.005764828422968064,-0.013336451927930459
0.10725818085984382,0.0033268807380326198,-0.010761541152955021,-0.01034316505827116,0.006166360898048854,-0.011977167649858499
0.10733707413005951,0.003711622035256384,-0.010649257945572173,-0.011523112662787952,-0.0022384299491935034,-0.007896595221501905
0.1074159674002752,0.0018346080625706316,-0.01094185158507914,-0.012414209090038332,-0.003817648299005103,-0.007666448782922437
0.1074948606704909,0.0006692269474444642,-0.007113323767530206,-0.007440607909239263,-0.005578431520770716,-0.002626947288649221
0.10757375394070659,0.003142946137261292,-0.00782645456879502,-0.006622168121831329,-0.006479347452146111,-0.0014321461645556695
0.10765264721092228,0.01012032478569995,-0.013616889534175976,-0.01095926549037287,-0.003288980461129631,-0.006816409307608402
0.10773154048113798,0.01693945381577657,-0.014263301374842262,-0.0107266485341304,-0.001957606532667551,-0.0074261579784181695
0.10781043375135367,0.01789190870913709,-0.010436776655955594,-0.00824811861867013,-0.004085248514783588,-0.004167191261595268
0.10788932702156936,0.012996769984131233,-0.012537511077546672,-0.010061926437198821,-0.007992184165994117,-0.003284419167339466
0.10796822029178506,0.0057266985516025845,-0.014119750218144274,-0.011941188276749403,-0.009553732550737815,-0.003856911397809361
0.10804711356200075,0.000720029577284795,-0.02583048063397196,-0.023373604403201933,-0.011237935178484657,-0.012016089473729473
0.10812600683221645,0.0013514142615494028,-0.025194124518467448,-0.021298567727908318,-0.010269753705151456,-0.010930932475248257
0.10820490010243214,0.007101886532831216,-0.015650374382789965,-0.011418761765473242,-0.011346221759556116,-0.0023660709737161685
0.10828379337264783,0.013986366425165467,-0.0029662996657309855,-0.0005176179345386311,-0.00807921532352798,0.004417337556872475
0.10836268664286353,0.017519279077686113,0.0002127420436657046,0.0031842564786496545,0.001237026860981546,0.0018121249381038032
0.10844157991307922,0.017074745315008633,-0.008080491841745911,-0.005521503052331832,0.007347437456820423,-0.008819473302861635
0.10852047318329491,0.013325511880957324,-0.012797844494836699,-0.010395278532547625,0.0006769714570474048,-0.008736108625674756
0.1085993664535106,0.0068040307843992955,-0.01493772018548499,-0.013055686651080872,-0.0074804827766975215,-0.005990210861321551
0.1086782597237263,0.0015134052203072954,-0.012667834530368925,-0.011303429593936497,-0.014274220431847149,-0.0005223324559465218
0.108757152993942,0.00011305216122691688,-0.010074161943270838,-0.01083851941725306,-0.014178678244487777,-0.00020678049576470535
0.10883604626415769,0.0013531106547743999,-0.014260863874214864,-0.01709794696059096,-0.016458557248282213,-0.0038616831589469588
0.10891493953437338,0.0036690259270316505,-0.009146759546199854,-0.011121279900309552,-0.01948840394660209,0.002742773449321362
0.10899383280458907,0.005691303200890437,-0.008420389883266717,-0.007823514987932531,-0.017948797641511235,0.004465411087447537
0.10907272607480477,0.008492740078854923,-0.01762760162446579,-0.0145528357507795,-0.018444173036226547,-0.0006332258635044605
0.10915161934502046,0.012548485129077112,-0.016465055199299184,-0.012818866533010835,-0.01308473130760604,-0.0024486833992471476
0.10923051261523616,0.014966245384993757,-0.013826075926294444,-0.011811749594527098,-0.008607488522136242,-0.004319061641300598
0.10930940588545185,0.014659989990738266,-0.009317310611220141,-0.007831746541242338,-0.0009532314872152715,-0.005706594280969321
0.10938829915566754,0.011724819433201424,-0.013037322631381474,-0.010809191568412809,0.0006187766438337942,-0.009033046472711782
0.10946719242588324,0.006297849173183158,-0.019578548687595648,-0.018222800073534596,-0.0023575323443111914,-0.013195627584116151
0.10954608569609893,0.001502158341634289,-0.02248549774542794,-0.020726300707624302,-0.002183114534391342,-0.015306827295551667
0.10962497896631462,0.00037326355641576127,-0.019300749560187642,-0.01812071569268,-0.006460663621535654,-0.010660473902796034
0.10970387223653032,0.0033508048371495795,-0.009839640839160018,-0.010264325334965883,-0.010402697058668418,-0.0020049745359981665
0.10978276550674601,0.009275286906273276,-0.0034738440651556983,-0.0058115839329092355,-0.0060918096288713214,-0.0010142518107296545
0.1098616587769617,0.017090581319083836,-0.0028332693714767745,-0.003611852229858195,-0.006555583274882736,0.0010261586136781908
0.1099405520471774,0.025155470886038485,0.0030854034166985103,0.0036536293533386884,-0.005802262667345896,0.0063983859272219515
0.11001944531739309,0.02912397672512003,0.007715802833404513,0.007881039495125877,-0.00042335923441148376,0.006569372709253809
0.11009833858760878,0.02729294741232754,0.008840301426072773,0.009473848921796446,0.007106855312169444,0.0033425299569624185
0.11017723185782448,0.021761186302708253,0.0046047689822166305,0.003510132507631386,0.011612313617082457,-0.004132266877254279
0.11025612512804017,0.013909209112649585,-0.011009995971382731,-0.010507572591521894,0.0013040128227286402,-0.009201094198284757
0.11033501839825587,0.0072431400793084135,-0.01715502688165931,-0.015461742205785821,-0.010126179353246277,-0.006336870261742631
0.11041391166847156,0.007071064759041439,-0.018079860334759387,-0.01515725611478932,-0.015510777889040667,-0.002872438639572796
0.11049280493868725,0.016644185960948122,-0.013986761293068065,-0.010115754396487002,-0.013692936710712911,8.207437378358179e-05
0.11057169820890295,0.03391837561982427,-0.0027766874569457676,0.0017822901925588501,-0.008077145542385956,0.006259300953774256
0.11065059147911864,0.05054745296484099,0.005883063111176801,0.012098691694692135,-0.012119702721891825,0.016944426130434655
0.11072948474933433,0.05989803447653102,0.017688789700406063,0.022679874933340623,-0.010408944978755955,0.02440054688505136
0.11080837801955003,0.05741570314816923,0.018543410490872738,0.020582882831344552,-0.005279720943945665,0.019653471509948613
0.11088727128976572,0.040926828803012065,0.008047976421685057,0.007487107681358416,-0.0047332556092958165,0.008831223132220551
0.11096616455998141,0.019563392369114585,-0.006692018714347126,-0.00672088433202553,-0.0014353332223749184,-0.004527953534961883
0.11104505783019711,0.00786528436882673,-0.014600012255696333,-0.014972479876216938,-0.003928973849905642,-0.009650517854842056
0.1111239511004128,0.008225321488786321,-0.01564589491500069,-0.014995449163210111,-0.0097314979867284,-0.006199068815454749
0.1112028443706285,0.012446188025514808,-0.011510470725552821,-0.010687107504955029,-0.005341415926364157,-0.00537084118408443
0.11128173764084419,0.014767586745308106,-0.005993964870956867,-0.005831847070944193,0.0003428574332695786,-0.004878905297296444
0.11136063091105988,0.01656892582073568,-0.008812557964115057,-0.0051446639318659506,-0.0021124552404560115,-0.0028597127142690297
0.11143952418127558,0.01980433724759883,-0.004737764459579153,-0.0017766484562315983,-0.008772932468334656,0.0038232299864337667
0.11151841745149127,0.02375968376016088,0.0013187966592240591,0.0016342584044744316,-0.01372922453103375,0.009521481017250857
0.11159731072170696,0.025368871314935256,0.010441914359697494,0.006987055697063322,-0.01759237968776317,0.016121951447260568
0.11167620399192266,0.02005813688003409,0.0136003119225364,0.007990952083945992,-0.01692952418544421,0.01652983900726274
0.11175509726213835,0.009975552948378697,0.00038087755408671825,-0.005924364965089931,-0.01218993492573789,0.002542764321051979
0.11183399053235404,0.00436538100051571,-0.008898652073566512,-0.013168134526960019,-0.011848760402126911,-0.003467906775684081
0.11191288380256974,0.0076222051032761445,-0.010940320598231636,-0.010835730144179679,-0.010321576285095595,-0.0025115314202697535
0.11199177707278543,0.015601963749060963,-0.010554960735385581,-0.007895804487094187,-0.011210453296629976,0.0003767048692781473
0.11207067034300112,0.02124483644049674,-0.008028949880301107,-0.002748733761905887,-0.01484653960624179,0.006677176236295628
0.11214956361321682,0.023392496632763937,-0.008495362165203498,-0.0029983113998689414,-0.009763161126759195,0.0034364094065614413
0.11222845688343251,0.02473993016863051,-0.004439822847838097,-0.0022701691865129985,-0.004313692999619202,0.0007605801042796858
0.1123073501536482,0.023883286330760017,-0.010329504272145362,-0.007095872625690271,-0.007705483421409329,-0.0010784817080291542
0.1123862434238639,0.01883871715347977,-0.007513418313905697,-0.007715668823028471,-0.00559968778690031,-0.0028346968752810983
0.11246513669407959,0.011084652844997711,-0.0028877765821122134,-0.008487822293839471,0.0009569807960983933,-0.007374812344231467
0.11254402996429529,0.004310489551216537,-0.009230233915698677,-0.015097519851344868,-0.00039841903292013966,-0.011861882194921167
0.11262292323451098,0.0032413472813707807,-0.01806306313243835,-0.020691923895760182,-0.008075619043948929,-0.011756357814220303
0.11270181650472667,0.008576419583707272,-0.014769100171681492,-0.015499106105361727,-0.008398847571713665,-0.007399780645104149
0.11278070977494237,0.016961857356122077,-0.007830637169587408,-0.007178973385935177,-0.009762455517276182,8.519689050284888e-05
0.11285960304515806,0.025141003893370564,-0.0049600377806834715,-0.002555969831217432,-0.008924912356289607,0.0032895441465314776
0.11293849631537375,0.03188611582637182,-0.00205891948238328,0.0019330908388860877,-0.0044120237123181786,0.004188019543236287
0.11301738958558945,0.03773132856219664,0.004455248240308701,0.010165534833333536,-0.00388700566513161,0.010471670921930505
0.11309628285580514,0.04005502123654495,0.005262564553675682,0.011721360704329425,-0.004946540214004058,0.012352180326148422
0.11317517612602083,0.034599857143484965,0.0022016656453881685,0.005984106896360545,-0.007928715565761706,0.00953786259295189
0.11325406939623653,0.02435954429343333,-0.00476741278935446,-0.002631006897896946,-0.01274691164500872,0.0055155446877700985
0.11333296266645222,0.02058926725128577,-0.007161222630333259,-0.004354677969829053,-0.013596989673493123,0.004642550195658026
0.11341185593666792,0.03218859150557215,0.0069431292436665,0.007459516969327278,-0.011637867593202166,0.01293870489087846
0.11349074920688361,0.05256526804537813,0.030569021964676566,0.028232068592904152,-0.013946975949686238,0.030964746988422213
0.1135696424770993,0.06708807748942591,0.031863119321881225,0.03418628629336246,-0.02048415584590797,0.039642426586810636
0.113648535747315,0.0677690892504901,0.031477964804038326,0.03420906689857713,-0.016827964109367443,0.037475824016102575
0.11372742901753069,0.05271662082385179,0.02286507511944779,0.02414344333221949,-0.014973100511569581,0.02830199989823874
0.11380632228774638,0.028411035321906485,0.006951203352903019,0.007447425426672336,-0.014034990453583125,0.014362840990756175
0.11388521555796208,0.009486323710226358,-0.010896565915555972,-0.00876530090672249,-0.013212797560451166,0.000877418782515822
0.11396410882817777,0.0018329318508706874,-0.020073796204061266,-0.01862783582913718,-0.01401575428206269,-0.0065493882160206724
0.11404300209839346,0.0003936007452482435,-0.023040805605000225,-0.020432686207721335,-0.012235946389570396,-0.009060963536156376
0.11412189536860916,0.0016889010970577982,-0.009934233287412643,-0.009884876666973269,-0.0038445832050769476,-0.005622995487737407
0.11420078863882485,0.007381742292271511,-0.008509757618835111,-0.008694796971581212,0.0023638708847084967,-0.008382075181409768
0.11427968190904055,0.01912042431680698,-0.008779192660498661,-0.007110195012547476,-0.0010343174501739438,-0.005079802866893016
0.11435857517925624,0.031595182893425396,0.01530553378461861,0.013215974326103927,-0.006547634415622522,0.014507458938576618
0.11443746844947193,0.037961183333976356,0.04885081595530085,0.03608568173959926,-0.010695092003213547,0.03531561565182672
0.11451636171968763,0.03502579583842644,0.030046598689505606,0.023389525494669522,-0.015842457192529604,0.028217694693233725
0.11459525498990332,0.023430658438624092,0.015212623877286955,0.00952243827396172,-0.009251149812011432,0.013164339485216765
0.11467414826011901,0.010241669146121022,0.0030096321227863635,-0.002602570098043327,-0.002769797086302552,-0.00042921096494896786
0.1147530415303347,0.002758217370144352,-0.003206496901850378,-0.008690415104097394,-0.002492069866965731,-0.005474495123829074
0.1148319348005504,0.0022731461455040834,-0.018981265658223584,-0.01814883838876704,-0.00987696781300383,-0.00864025935424898
0.1149108280707661,0.006405933556895303,-0.020466622906394914,-0.017879235183309954,-0.013483634671630886,-0.006267333679867904
0.11498972134098179,0.011576385272800976,-0.01778816852273726,-0.015089517016598192,-0.0157283101116608,-0.0026880177154545728
0.11506861461119748,0.01633616671881597,-0.009043234380715361,-0.006986210863928415,-0.016172925085490574,0.004074206468520952
0.11514750788141317,0.018283952609539113,-0.001746155211893546,-0.0024073296767084065,-0.015132144858505473,0.007121655363616999
0.11522640115162887,0.016095974856513522,0.0008130888606353119,-0.0022743527892181772,-0.016372292384350322,0.00797012423999402
0.11530529442184456,0.013516042887840841,0.009234889689812995,0.0006892455254683563,-0.005910385554827102,0.004087343751169395
0.11538418769206026,0.011295245416894386,0.015155966217303652,0.002487861909356732,0.009714099239179774,-0.0038161697774917814
0.11546308096227595,0.007641954089095503,-0.0036492193019202796,-0.009346086545421321,0.015466520741475356,-0.01674055182104044
0.11554197423249164,0.00365831739943328,-0.015057847876653029,-0.015378354467912858,0.016810147629638367,-0.022377637712102185
0.11562086750270734,0.001223015235661896,-0.01980259988514385,-0.019962102673104103,0.007364957082594484,-0.020402632542031188
0.11569976077292303,0.00441407910282093,-0.019513795610176004,-0.0190068364721096,0.0001436933451788614,-0.01531957020384518
0.11577865404313872,0.015992441581908146,-0.014351466010468099,-0.009666958612994679,-0.0050607969167682084,-0.004720977943810692
0.11585754731335442,0.03237810064670238,-0.007828898321404551,-0.0014250235040450207,-0.008972932211496934,0.0042246647238838525
0.11593644058357011,0.04472368641589085,0.008266364487800796,0.014120875368933743,-0.006865782471464337,0.01542290333701151
0.1160153338537858,0.04401104314013894,0.012838537418649655,0.017803949738786195,-0.008633359733106735,0.01943145856678434
0.1160942271240015,0.03013676027956967,0.0007308134402220308,0.004348401683943322,-0.007639770604528936,0.008054197920669566
0.11617312039421719,0.013420621297946364,-0.008967534047050934,-0.007888660168188243,-0.0018186756040041044,-0.005234627464395582
0.11625201366443288,0.005864594443273224,-0.014416856066867628,-0.013499667449081567,0.004178025125426276,-0.013317799344674848
0.11633090693464858,0.010663112144047549,-0.008567567518113231,-0.009185366482239842,0.0025741633378755777,-0.008901001176060352
0.11640980020486427,0.019434738632131906,-0.004581367489159394,-0.0049982191097719154,-0.006662180401764306,-2.1218079638908714e-05
0.11648869347507997,0.023306104345140327,-0.0047580079585070245,-0.002878501985364815,-0.014557113166094962,0.006400032546622279
0.11656758674529566,0.019090484421163414,-0.005124688120325669,-0.004122844086086428,-0.016934120726263623,0.006824688620494992
0.11664648001551135,0.010067444790590581,-0.006231595497870937,-0.005310405818142377,-0.018391354850285462,0.0067446276076545235
0.11672537328572705,0.00443883602570734,-0.015743084792699605,-0.012826863454106923,-0.018636771573389475,0.0008658602013704464
0.11680426655594274,0.004320894700296811,-0.020504470659983124,-0.018341532935735712,-0.017729070406819723,-0.004099040171757124
0.11688315982615843,0.004747117972471847,-0.017478610820182306,-0.014551677732732112,-0.00967388434806486,-0.005877757031793564
0.11696205309637413,0.003259853159681977,-0.011054753835387185,-0.010597967300325466,0.006873160814011842,-0.01260406332502202
0.11704094636658982,0.0007955858686878272,-0.013365320103445925,-0.013900495632581599,0.018344053520353214,-0.02211101964283886
0.11711983963680551,0.0006261665042641058,-0.013853213429963698,-0.014735196901170465,0.02174761696727266,-0.02481571940155021
0.11719873290702121,0.0053772522367017675,-0.013666005901517793,-0.013738205973314446,0.018117231470535494,-0.02184531661252054
0.1172776261772369,0.012370672411612877,-0.011775546463800727,-0.010980973942476156,0.0014626396401596256,-0.009675370334922622
0.1173565194474526,0.016719114903721553,0.003477360890627045,0.0027671344872713948,-0.00786581753871574,0.006922166524957137
0.11743541271766829,0.015422070940414779,0.008621601061505915,0.008624423811614133,-0.005513434953910464,0.010209276314739104
0.11751430598788398,0.009228107618171404,-0.0029875350768094385,-0.0021647263331554417,-0.007751436552040707,0.002901222962316907
0.11759319925809968,0.002815080399905399,-0.00826123205134951,-0.00919456616391985,-0.005063154339752343,-0.004340934251182154
0.11767209252831537,0.0006158242842280512,-0.015810894795384133,-0.016863910954147666,-0.002973359476906711,-0.011738105432169132
0.11775098579853106,0.003071029994359475,-0.015862551905563054,-0.016968344588564825,-0.0010788739238444714,-0.012954581726547721
0.11782987906874676,0.006178473989129672,-0.017755719966991594,-0.013874387061915494,-0.005059388090783509,-0.008094324571540513
0.11790877233896245,0.005466383516917464,-0.018732908588758902,-0.015606584931797427,-0.003920496058375009,-0.01016388627744595
0.11798766560917814,0.0015613286025481163,-0.020750651797978036,-0.018553965900133283,-0.005085411451951459,-0.011830097932762476
0.11806655887939384,0.0004487307766418136,-0.020556262540919308,-0.018322874045683526,-0.007707557885754354,-0.010076990683797606
0.11814545214960953,0.008543939514684844,-0.01862354763061487,-0.01698805951901564,-0.004363034134192574,-0.011006693574291434
0.11822434541982522,0.02299629528618559,-0.006264738716390913,-0.003864226559592284,8.467170001674927e-05,-0.0031475608952725794
0.11830323869004092,0.03256643660054464,0.01298834958581853,0.012637326185077527,0.014530990409675731,0.0014381155382896006
0.11838213196025661,0.03134741369723791,0.003768946358323232,0.004491739708078452,0.017761234775528843,-0.007023836871351138
0.1184610252304723,0.021111969512391863,-0.009496632754135908,-0.00649368440847304,0.013040743738038143,-0.013003854552104996
0.118539918500688,0.00823011406713355,-0.015891945216987075,-0.015193132361774886,0.0035942706355448924,-0.014325966184358756
0.11861881177090369,0.0027455145905403407,-0.020361179290013496,-0.019352158041759836,-0.0014428351537187822,-0.014647834225537707
0.11869770504111939,0.0072151307087359095,-0.015579513909630536,-0.014414984320166737,-0.003253277517391058,-0.009607686029354698
0.11877659831133508,0.014639356771374873,-0.01203162955404717,-0.009662470861403632,-0.011316481905248804,-0.0009759925827047351
0.11885549158155077,0.017651418001424113,-0.007523552777515567,-0.004968056383788001,-0.007523950019634933,0.0005183842550329083
0.11893438485176647,0.013208052190279361,-0.014574898261224213,-0.011765131995875982,-0.0052036686748762676,-0.0063173124140050085
0.11901327812198216,0.005983095507247985,-0.020132250539032084,-0.018209366064023732,-0.00287191425432473,-0.012877308377208362
0.11909217139219785,0.0025047614622707146,-0.022341097337963602,-0.02114094288773038,-0.0016429832818261351,-0.01596214313838155
0.11917106466241355,0.004223585543868267,-0.016715348859052164,-0.01593347278584767,-0.0011404976967187507,-0.01208821393572599
0.11924995793262924,0.008753593739039027,-0.012525450924756439,-0.010983005721833682,-0.005741843041928312,-0.005368546882421815
0.11932885120284493,0.01114240343680844,-0.01810534880294084,-0.014263392707857935,-0.01115829623772,-0.004758906180130781
0.11940774447306063,0.00874196476848139,-0.019288403087630225,-0.01564140564415,-0.01663211515179885,-0.0025899482065469054
0.11948663774327632,0.0034261604526677975,-0.019647762524288154,-0.017229066710180155,-0.019996515459522753,-0.0018506796926931956
0.11956553101349202,0.00047309433113903207,-0.017298487634225677,-0.015896240194824232,-0.016080525888575753,-0.003124194195051433
0.11964442428370771,0.004546263335665685,-0.02161345203955282,-0.018191331195546112,-0.016068834699120096,-0.004971539152447851
0.1197233175539234,0.012801769300413629,-0.015791557383509087,-0.01205078939112316,-0.010318873972968264,-0.003487164294220922
0.1198022108241391,0.01982445902090338,-0.009157294433567827,-0.004872964786522794,6.329528189434461e-05,-0.003943218565080835
0.11988110409435479,0.020671897255009584,-0.004454553223444203,-0.002790688836541327,0.011096029071141801,-0.0088731393663275
0.11995999736457048,0.013416256617881806,-0.007115696983933091,-0.00916245294164258,0.025352179330867485,-0.022507721208200753
0.12003889063478618,0.005493358886249169,-0.008508602456680033,-0.011728680759224031,0.0285816317696244,-0.026496197687871426
0.12011778390500187,0.003642724171263962,-0.00622084970380197,-0.010597748794371569,0.02672156140312196,-0.024477064752811348
0.12019667717521756,0.004813771560943376,-0.014656952487370378,-0.015265833938165614,0.010177268317193683,-0.018320706906733517
0.12027557044543326,0.004340900733536445,-0.015576383223845443,-0.014916318246213811,-0.0013950968043974438,-0.011120669459532039
0.12035446371564895,0.0013544459728940103,-0.01545998072232592,-0.01551116719507408,-0.0022654434269921884,-0.011077048509496182
0.12043335698586465,0.0017348204904295737,-0.019264505731063784,-0.018654090342692088,0.00035205776123967223,-0.015161393868942346
0.12051225025608034,0.0123893196958205,-0.009365169335172608,-0.010019331008022724,0.004248907753204622,-0.01057092936695322
0.12059114352629603,0.030609552453901855,-0.0016271342360660124,-0.00013325905816897573,0.003469440470490189,-0.0021818323649852823
0.12067003679651173,0.0453362295715749,0.004271026832772532,0.0061479625352020085,0.005770198789163824,0.001476206490755506
0.12074893006672742,0.04630117558620202,0.007481178356124189,0.009685671006169305,0.012713470864471655,0.0001590187233846951
0.12082782333694311,0.0329623680154826,-0.005251003465189948,-0.0037333188860723667,0.014599878085463498,-0.011724457368103406
0.1209067166071588,0.015660213125617467,-0.016297615098174442,-0.0157899252881466,0.013845759062852675,-0.020934502684384914
0.1209856098773745,0.007614335372435619,-0.016560940913645582,-0.014488452349326865,0.004934444736438856,-0.014562577950887948
0.1210645031475902,0.013313492468562834,-0.014419750160532872,-0.01166659863913869,-0.000737462137484959,-0.008909196815513047
0.12114339641780589,0.02397774825900589,-0.0074855577851146386,-0.0032245840067806567,0.0009633684367944639,-0.0031604597648511356
0.12122228968802158,0.02997695620617391,0.003385784226352259,0.006128674702094759,0.009292416261245008,-0.0006458946407594513
0.12130118295823727,0.02722054754346413,-0.002436595566512567,0.0007130967442804479,0.014663362628300087,-0.008199070859424966
0.12138007622845297,0.0165468914836171,-0.01571803532031848,-0.010989114238502129,0.007645195256242503,-0.01337923607611585
0.12145896949866866,0.005495720213519276,-0.013972374538178919,-0.012628482807849152,-0.004454737505871583,-0.0074572163042733895
0.12153786276888436,0.0009036143422756424,-0.009431946849995645,-0.011578318974913428,-0.010176786736813678,-0.0031933975078686323
0.12161675603910005,0.0013402462413561822,-0.014924232499199046,-0.017211050240035927,-0.010443418974929583,-0.007549644591189969
0.12169564930931574,0.0026513357966045483,-0.015026896568281689,-0.016369759093691105,-0.00959107654740993,-0.007384838675721734
0.12177454257953144,0.0020804507450454383,-0.017924033825539785,-0.01867184029548628,-0.008718709664519179,-0.009752169530938423
0.12185343584974713,0.000571255382510288,-0.021224648443386063,-0.021748840569843615,-0.009917801471233955,-0.011502425526336124
0.12193232911996282,0.003289465384175086,-0.013185667553142289,-0.014332691744292171,-0.01309191309767686,-0.0036580376251885037
0.12201122239017852,0.01269106861618477,-0.0168424029836491,-0.013051130117585163,-0.011852279537544008,-0.0033720019367997037
0.12209011566039421,0.024472454077755,-0.010461763702683194,-0.005060725513518705,-0.008016918962597016,0.0007389606514874344
0.1221690089306099,0.03217588161515122,-0.0073317848607869955,-7.811064053079942e-05,-0.008106212254563754,0.004785720408193712
0.1222479022008256,0.031208723765840805,-0.00750198129093166,0.0012002908996001133,-0.013172745218959982,0.00884081764927591
0.12232679547104129,0.021374626082794324,-0.004870420577942314,0.0009760843625819289,-0.013889789546223802,0.009090065684604427
0.12240568874125698,0.009556185926034879,-0.013955150285140168,-0.009242439532286045,-0.01741409144068888,0.0030080829632553067
0.12248458201147268,0.005416176412889465,-0.01853927756105086,-0.015394103182624541,-0.0140897155809758,-0.003912265039154451
0.12256347528168837,0.01009843129346155,-0.017810400999404292,-0.013617812861976712,-0.014918500626392625,-0.0019924142630397225
0.12264236855190407,0.016393061359289345,-0.009725677443377531,-0.005982859262325022,-0.01680794276042284,0.0052583414610136775
0.12272126182211976,0.018356299383602653,-0.0037925115353514,-0.0023685201389014544,-0.008472301555507893,0.003169057652139925
0.12280015509233545,0.015896907333380627,-0.0015493814816689051,-0.0029855193812629538,-0.0004323639425546743,-0.0021341036951294193
0.12287904836255115,0.015484459458130654,0.0015689985867851932,-0.0019047655515623937,0.013506896216069474,-0.009605270639999304
0.12295794163276684,0.022250773948630422,-0.005096541885272754,-0.004894391534398394,0.017076775398645213,-0.014136608054361732
0.12303683490298253,0.02960416414287273,-0.004333609541283222,-0.001800286733746975,0.008750729218433943,-0.006676610757705673
0.12311572817319823,0.028668844333503796,-0.003396132422478759,0.00017656142162777433,0.0021485691811453196,-0.0011435308277208402
0.12319462144341392,0.020890084690268054,-0.007085732274407407,-0.0038469871385750434,-0.009121430717521343,0.0023723801045078766
0.12327351471362961,0.015778633750594826,-0.008076439596440332,-0.005900647832598749,-0.011011646506687355,0.001856982938589047
0.12335240798384531,0.02311477354922587,-0.007527894934829957,-0.003923054067173737,-0.012846428723815273,0.0045395241290083835
0.123431301254061,0.04248122377078692,0.007550433177765834,0.010734502117359254,-0.013543804544917331,0.016703034325885345
0.1235101945242767,0.06287119938741897,0.025772151950893416,0.027063595713572555,-0.0071347485463213655,0.025956672746117647
0.12358908779449239,0.07351093608530394,0.035509710141042934,0.03584893100723329,0.00834220619176902,0.02375369604168034
0.12366798106470808,0.06768604840675793,0.028823401773635005,0.02947042500833988,0.025424112126228488,0.008425385208815884
0.12374687433492378,0.04690179779777558,0.014415192600492318,0.0138552266627491,0.036810894129845145,-0.010917778883518883
0.12382576760513947,0.022858966024315728,-0.007616450619247183,-0.008067268538663951,0.031176369697679656,-0.025116033799652868
0.12390466087535516,0.008657338440337548,-0.022137232193959633,-0.01928360226351725,0.015951500685353785,-0.024993110475486056
0.12398355414557086,0.00807049975184057,-0.017995120787814064,-0.014723276399880525,0.005088212907129317,-0.014842724241010036
0.12406244741578655,0.013787910314056682,-0.015226086685201536,-0.011824527261689975,0.005432077259655543,-0.012725220348407392
0.12414134068600224,0.016555218587293762,-0.014303420985829537,-0.010870650295875422,0.005729624835857698,-0.012138712463697172
0.12422023395621794,0.0122451901469147,-0.016564688163830235,-0.01328366327050176,-0.003645153713368447,-0.008466518237857278
0.12429912722643363,0.005294695725967524,-0.018717579213469858,-0.01755852153244993,-0.00918748933862032,-0.008579249972860751
0.12437802049664932,0.00502116018453758,-0.015973965713484924,-0.016749123517997302,-0.012520591053243837,-0.005937116912177479
0.12445691376686502,0.010675280042342914,-0.009902008722247361,-0.012450722018362158,-0.0055268374471561426,-0.006673597510311755
0.12453580703708071,0.01457407707914272,-0.009603340340765753,-0.010744787976161359,0.005638016133187591,-0.011983059999178473
0.1246147003072964,0.01306201074805128,-0.010214777397934336,-0.010908794271591355,0.0042423180289763275,-0.011279828152366726
0.1246935935775121,0.0062765155841809275,-0.016134340770862923,-0.017120973758859716,-0.004218914678969138,-0.01119941690799351
0.12477248684772779,0.0014425694686800296,-0.020964031570476868,-0.020279361238778538,-0.009928278874209925,-0.0103178460255137
0.12485138011794349,0.0068949989206867875,-0.021388672777200163,-0.016730298705037578,-0.01265878172481559,-0.005839381343081461
0.12493027338815918,0.019043927445894563,-0.01500048708503834,-0.00867027209409813,-0.006022628288429851,-0.003346876775684163
0.12500916665837486,0.028011954269153715,-0.005632910583745059,-0.000540353682445868,-0.0024333680370061785,0.001022311269893807
0.12508805992859057,0.026692198981223863,-0.0021234391669924394,0.002127237839366571,-0.004604773527207447,0.004458896027285829
0.12516695319880627,0.016008286911216536,-0.008135542062830441,-0.004487897592933437,-0.002192657538572949,-0.0022853781385533097
0.12524584646902195,0.004634866601211063,-0.016494290309244233,-0.014904381005538656,0.0012444302090021265,-0.012689430520188836
0.12532473973923763,4.3764776160168495e-05,-0.0139172250861023,-0.01429845689309663,0.008818213586109501,-0.01673276785447599
0.12540363300945334,0.0015995907107764407,-0.01668131137250271,-0.016600141393182218,0.009308679513105626,-0.018870562245141248
0.12548252627966905,0.0036748291453628486,-0.02289130671365804,-0.02092110898127177,-0.000225285944842681,-0.016633461693363636
0.12556141954988473,0.0035935196382338233,-0.02823095325010698,-0.023591843022113312,-0.011788066687640937,-0.01186220947342729
0.1256403128201004,0.003008010227318505,-0.025745101960578148,-0.02095554976269082,-0.012605609295089672,-0.009259214034580368
0.12571920609031612,0.006635839359056964,-0.01949613811617558,-0.017444117750934587,-0.008324399914239902,-0.009003624070526867
0.12579809936053182,0.017752566159041878,-0.013614295266271432,-0.01036454422567786,-0.009647695129917231,-0.002536868024746444
0.1258769926307475,0.029541355877720187,-0.004586170495475024,-0.0021348741041928338,-0.014190545792152655,0.006776745482222285
0.12595588590096318,0.03289944578532707,-0.0017606376067782089,0.0019921441785883645,-0.0188515363184737,0.012872645480937936
0.1260347791711789,0.02723279218341409,-0.00424350794495045,-0.0012408113256752742,-0.018241050205441395,0.009916467286370847
0.1261136724413946,0.0178555500712413,-0.01004796063447322,-0.0073990975199515864,-0.01513263192764795,0.003120938004575057
0.12619256571161028,0.013291836471029772,-0.011151135945706162,-0.008033353354814247,-0.01786679461770826,0.004248144205080013
0.12627145898182596,0.0217820987930045,-0.003591145028648037,-0.0004657662054707827,-0.017015708493087277,0.009804538679994985
0.12635035225204166,0.04145195116762368,0.005976651219881324,0.011246565174766883,-0.012948138059411545,0.016757081867515504
0.12642924552225737,0.06072404637249959,0.02342133133027089,0.028729779496940694,-0.00022765065193021882,0.023164392474805257
0.12650813879247305,0.06749081361678068,0.029563884912603318,0.03449108621884032,0.017443770719030093,0.017225871390605434
0.12658703206268873,0.05616210779433711,0.01720871692643245,0.022774237048213092,0.025070389935832063,0.0032634627341856025
0.12666592533290444,0.03173030657397539,-0.0034958401274185844,0.0011145836867737366,0.016923057385244814,-0.00922912246452669
0.12674481860312015,0.009747226589728354,-0.017773408217625998,-0.014652588972599658,0.0052425519655218975,-0.01487836344693512
0.12682371187333583,0.002468926692196179,-0.01726406711723961,-0.015694852427151705,0.00011538559867870507,-0.012647895270982408
0.1269026051435515,0.006147376389283484,-0.01083154016067575,-0.008965017685519373,-0.0012324600561829189,-0.006447887827891475
0.1269814984137672,0.009788399666751515,-0.014882453064009258,-0.010002623550776428,-0.0006712698947872351,-0.007615120477124855
0.12706039168398292,0.007130488645204678,-0.017146075547976706,-0.013191360641039132,-0.0013368275445620132,-0.009772893118356949
0.1271392849541986,0.0014509207075162247,-0.021780977272374692,-0.017974230260193996,-0.011303275823366037,-0.007647364464657379
0.12721817822441428,0.0018955839422239555,-0.023628173067020593,-0.01999618258854112,-0.01688744806812527,-0.005929354660820897
0.12729707149463,0.009705373527663888,-0.013886314484001155,-0.012028303184033017,-0.016761753836743467,0.0003844804162847405
0.1273759647648457,0.016507311400308703,-0.004567573941266363,-0.004143307958784311,-0.007818547628006484,0.0013556046543201777
0.12745485803506137,0.01617552175991556,-0.006582225178907115,-0.006062542272990099,-0.005319469195531178,-0.0016773179973140965
0.12753375130527705,0.0090004239653128,-0.014488875655566944,-0.013191699121969798,-0.008926288280259176,-0.005234603249112251
0.12761264457549276,0.0013363432729167402,-0.01646530838843754,-0.01748654908210738,-0.013747383285233764,-0.0057947341432308406
0.12769153784570847,0.0012420315447510795,-0.01352209306713917,-0.014502335363033832,-0.008347122899639034,-0.00663163015420238
0.12777043111592415,0.007851484745446015,-0.00950056847150158,-0.00754881372665355,-0.003174180362123452,-0.004151578262647158
0.12784932438613983,0.01307801124123319,-0.006985860586827526,-0.004363448901881033,0.0004831756023626368,-0.0037859923025115056
0.12792821765635554,0.011859665416254593,-0.007200619072844972,-0.005203840242860177,0.0026767856756316215,-0.005771451856146526
0.12800711092657124,0.0054080927422980795,-0.010403289217325412,-0.009838334269764654,0.004516219074041387,-0.010585736866463533
0.12808600419678692,0.0010510602961773152,-0.01180661902966766,-0.011642699301956686,0.009237044918921465,-0.014855005612775916
0.1281648974670026,0.005726441457493954,-0.010480884654460234,-0.009337238715128173,0.014581044840518384,-0.01620380724897629
0.1282437907372183,0.016739427372027056,0.001739477555511188,0.0004287038786053323,0.021905901669889944,-0.012760076444583318
0.12832268400743402,0.025592660433605488,-0.0005127546375266536,0.0004967127192259074,0.025605685441109017,-0.014919572039253431
0.1284015772776497,0.026185823715565926,-0.008848610816942848,-0.003921260316992365,0.01721794233006601,-0.013441246961576664
0.12848047054786538,0.0180226828870549,-0.011958012405979199,-0.006212704379890238,0.008461195921998869,-0.010039534916526286
0.12855936381808108,0.0064973873070530725,-0.017991523586701294,-0.013961653797961639,-0.0030878884398412845,-0.009343209334888133
0.1286382570882968,0.0003548301458242107,-0.020657628922546308,-0.01820086128819759,-0.010619403784925109,-0.008238017718338358
0.12871715035851247,0.003268801108321783,-0.01286012932128101,-0.013855296915166506,-0.016667003998923045,-0.0011369780033163703
0.12879604362872815,0.008836883365664716,-0.012455543722179866,-0.0130752849476786,-0.017973277240138915,0.0002697836538383185
0.12887493689894386,0.009841983676109268,-0.014159335791076375,-0.013280180269901428,-0.015897465197593483,-0.0011361707977269062
0.12895383016915957,0.005598428272054113,-0.01718719858176463,-0.016436609560541063,-0.012502459339239984,-0.005697391377855397
0.12903272343937525,0.0017081302890629725,-0.023179815617752095,-0.02171697530779486,-0.006361015698525033,-0.013603347757153834
0.12911161670959093,0.006578278627459059,-0.016347958433867858,-0.015955791151697433,0.0016313861370723093,-0.013763524357797657
0.12919050997980663,0.021512132573837876,-0.0026069545908112076,-0.0011948049316086009,0.005914793858671727,-0.004495147978951808
0.12926940325002234,0.0392189004371507,0.0060142917683605555,0.010452768761236787,0.01158736576109164,0.0014474798451812555
0.12934829652023802,0.050424428021560296,0.01595168721019327,0.01997630498932178,0.013973030915838925,0.007656270664047556
0.1294271897904537,0.04715565110652786,0.0227194897257965,0.023390435702537724,0.017224784409769368,0.00844999507324494
0.1295060830606694,0.0301964002868328,0.0050124172563714335,0.00565243864101659,0.014109552584250416,-0.0039089820287349095
0.12958497633088512,0.012780610696391905,-0.013642743600098406,-0.011630148484616465,0.005599061413358879,-0.01266930234107716
0.1296638696011008,0.007778517857292509,-0.020324470039440996,-0.0179944807663459,0.0035688865620514326,-0.016556016305172474
0.12974276287131647,0.014436480471319733,-0.01409239654087147,-0.01187261330638138,0.00493280605651792,-0.012465184427836545
0.12982165614153218,0.022824715239332778,-0.005212905182165583,-0.004005116197675231,0.011638715680679312,-0.010170976104341702
0.1299005494117479,0.02454668795784599,-0.004159997313878012,-0.0018311294746829916,0.01930925056168752,-0.01301745842195832
0.12997944268196357,0.017777449077453465,-0.012859599460689928,-0.009629600824991645,0.01618292831555913,-0.017396262690624432
0.13005833595217925,0.008394139937007867,-0.020175739176406932,-0.017246176346272332,0.007305270640266431,-0.018190343375261837
0.13013722922239496,0.003963658774530265,-0.02245453589062769,-0.01977889630188426,-0.006190968292544605,-0.012151128673795175
0.13021612249261066,0.0036721609760544355,-0.02265148438866236,-0.019775616420512974,-0.012915045856632605,-0.008127990404577736
0.13029501576282634,0.002803667442003966,-0.02323704581128838,-0.02012301955163066,-0.015222148674148736,-0.007026960065174945
0.13037390903304202,0.0005435948409637252,-0.02204764595216094,-0.019230498440844988,-0.016366739535667713,-0.005626709233833103
0.13045280230325773,0.0011167747489293995,-0.020909934246321343,-0.017545754585118967,-0.01825328934311696,-0.0031473408040354023
0.13053169557347344,0.010692638678884715,-0.008394256498151315,-0.005800670354551009,-0.018256473907870774,0.006270960010587298
0.13061058884368912,0.027211841423397033,0.008761495754616405,0.008582636866510241,-0.008504650905604748,0.011964743063392819
0.1306894821139048,0.041333859415547944,0.02106354279297478,0.02119130311897338,0.0035538940043376693,0.014860105322516921
0.1307683753841205,0.04604773247253542,0.01989513180888671,0.020899031880060176,0.013182491307914957,0.00886894663448262
0.1308472686543362,0.03936041121270443,0.007176549669133531,0.01042115315222198,0.016832616635606874,-0.0017153133406681705
0.1309261619245519,0.027667849600503655,0.0014667443288864852,0.0018918059202091527,0.015021393652641244,-0.007468575864250094
0.13100505519476757,0.02508698232776967,0.0009880085380587673,0.00021533270430872686,0.02207730702799175,-0.013033640636836869
0.13108394846498328,0.03784829424580212,0.006552759309837622,0.0075790853796484205,0.031849738720007674,-0.012980108332965116
0.131162841735199,0.05530041128917645,0.017977126942067375,0.019435465545510806,0.04488957494725847,-0.011279379886047469
0.13124173500541467,0.06289947116165738,0.01453289493183353,0.02052559023468876,0.04247222433786782,-0.008956480489424228
0.13132062827563035,0.05498050912200333,0.010567618508676857,0.015219074967588779,0.023644946843336845,-0.0019438129518866399
0.13139952154584605,0.035584655797032794,-0.006896042309386305,-0.0005672277891677796,-0.004637250674129831,0.002318902757856021
0.13147841481606176,0.016076279758237534,-0.012779308526245654,-0.009495178308660205,-0.014471787914336195,0.001045417081339211
0.13155730808627744,0.006817151806789782,-0.017515227080637005,-0.016127463154499075,-0.012269752409750376,-0.0055886927172898015
0.13163620135649312,0.0059433770200757055,-0.01618523260880925,-0.016627012547742764,-0.005900651934651018,-0.009797849956788538
0.13171509462670883,0.005821155674504715,-0.014855926985823534,-0.015721294743992843,0.0020755945228607253,-0.013841185304049153
0.13179398789692454,0.005415290588722678,-0.012980710492481229,-0.013776171541612613,0.010322988313994428,-0.017214112669874344
0.13187288116714022,0.011225695262430871,0.0010140265550342847,-0.002432968540886172,0.023935151110187753,-0.01626766836613768
0.1319517744373559,0.028357096768753358,0.002771932312008279,0.003982428580053805,0.0406445974057117,-0.021130073178026867
0.1320306677075716,0.0510052729502034,0.02078987704199217,0.02406056315738252,0.04750126277936808,-0.00913133039098844
0.1321095609777873,0.06998913986110172,0.032884387638968414,0.03870032705452929,0.0318158693092856,0.012015473425909083
0.132188454248003,0.08138478178452842,0.04285459276830736,0.04948119641202672,0.013615496102530248,0.031548384021152044
0.13226734751821867,0.08209022588595831,0.0430996416747659,0.04768159770959356,0.0013714535359486042,0.03741062197348987
0.13234624078843438,0.06972424295854794,0.03498235051773613,0.03591621405698926,0.008903991400237106,0.02347206644132088
0.13242513405865008,0.04953139561680614,0.022826311345049748,0.019503605886408756,0.027682443788902198,-0.0009230816415818496
0.13250402732886576,0.03375044256105863,0.01194114975967589,0.008506713837063922,0.03700388652763119,-0.01532243725405684
0.13258292059908144,0.03142551525466796,0.010028933876720637,0.007156796329480966,0.04383787019206302,-0.020498424424948678
0.13266181386929715,0.04093396130145224,0.017316727519680705,0.013693212969112313,0.058117568038770766,-0.023817660009409478
0.13274070713951286,0.052105926386554924,0.02004590006314966,0.018223010093786938,0.07212138220294731,-0.028590719194171426
0.13281960040972854,0.055793931431428266,0.0183229639840053,0.018712902522407645,0.07495508134231188,-0.02990068460986071
0.13289849367994422,0.05080625282057647,0.008586122603985061,0.012583767078903484,0.05778123371969384,-0.024505960666028805
0.13297738695015993,0.042328269930813914,0.0010482138161134978,0.006049365514787064,0.027604251547374118,-0.011665149465542195
0.13305628022037563,0.034793772848178174,-0.0007753992149522179,0.0033032529870217556,0.004618984484017889,-0.00011520976756888015
0.1331351734905913,0.028230095766292606,-0.006549414074008854,-0.0024971435571003093,-0.0024428728585399726,-0.000540246986259641
0.133214066760807,0.02173694803715566,-0.007409719412645467,-0.005440202699997122,0.007924917415849955,-0.009099710783074914
0.1332929600310227,0.01866992782659822,-0.008952984185728702,-0.006610205719646319,0.01291629925523173,-0.013022791562167816
0.1333718533012384,0.028148560539747926,0.0017092550749926796,0.003263200799624262,0.020970707101180555,-0.009928751179482085
0.1334507465714541,0.05390507539582083,0.019602806157858033,0.020159646384134616,0.0322772730199847,-0.0031463769087784975
0.13352963984166977,0.08431099722185566,0.051515924807268416,0.050904545299844534,0.049819918437363095,0.01106588980180003
0.13360853311188547,0.10259881449349326,0.06468450249343714,0.06642729307285891,0.0676262483996571,0.01293693351046924
0.13368742638210118,0.09769787397066841,0.05034511929054237,0.055744539755587685,0.05890887358998215,0.00952849553484764
0.13376631965231686,0.07022191670288723,0.020001491084746713,0.02726946425230655,0.033955428438353516,0.001555336591448854
0.13384521292253254,0.038676301811864516,0.0061554966146978056,0.012358240758522461,0.016216465026322003,0.00020621200608955477
0.13392410619274825,0.025168620166551886,-0.004904288115641455,-0.0007503142395119953,0.006660817345123324,-0.004585125763316566
0.13400299946296396,0.029157260226058995,0.0008808875649181416,0.004758578071712862,0.011074091030916895,-0.002809711660734257
0.13408189273317964,0.034023418048532456,0.0007571586781482494,0.0053724810263020275,0.01246435568504153,-0.0031492583446688467
0.13416078600339532,0.02965448994179223,-0.009120075516715872,-0.0037459345984600205,-0.0006767486597025226,-0.0025973679211504187
0.13423967927361102,0.020441614841834835,-0.013770547205116886,-0.008381255167568194,-0.0162702968987607,0.0030141979643796674
0.13431857254382673,0.017493121209763412,-0.011728557390254014,-0.007094020711337634,-0.017170674183233647,0.004584667055635068
0.1343974658140424,0.023569868186424942,-0.008432401355582035,-0.004256523938311931,-0.00458430719219078,-0.0006695360664898838
0.1344763590842581,0.03014874425597386,0.0011796970946837228,0.003583869012012116,0.007075675576253429,-0.0013596572705260412
0.1345552523544738,0.029044767412597462,-0.003624012709999268,0.0006783922600864151,0.006856204573781432,-0.003556981383392434
0.1346341456246895,0.02181210768695992,-0.011722425152211587,-0.006697540958045441,0.005637741889011115,-0.00873940367617116
0.13471303889490518,0.017970390821914036,-0.012160741209805233,-0.008182582664713113,0.011342459067585516,-0.01334144334558917
0.13479193216512086,0.024657000969890118,-0.009988370801214414,-0.004675899531023155,0.017765030248613117,-0.01437326656012401
0.13487082543533657,0.03989440750963694,1.7030713598104284e-05,0.006986660793763139,0.012942762735000037,-0.002141603909255281
0.13494971870555228,0.05783764055903951,0.020698095473655864,0.027875252522378834,-0.0006366707931262208,0.02272370576750597
0.13502861197576796,0.07600895264789057,0.033096702686710715,0.04074674595507221,-0.017144515042988605,0.04290354086887765
0.13510750524598364,0.09024350731631318,0.041229488625303665,0.04865317002524401,-0.01847787895628736,0.050035584732745136
0.13518639851619935,0.09207253819285882,0.04391920913387014,0.04740748951519179,-0.0015650775839207722,0.03894315201455812
0.13526529178641505,0.0784622077593792,0.03599646400571128,0.03771110241743227,0.01807623432506746,0.019432722137848666
0.13534418505663073,0.05687000894405943,0.02437141451396775,0.02588810120804526,0.03159804558778592,0.0018570431141020202
0.1354230783268464,0.03884523727162981,0.014663435976969041,0.015432862782048107,0.036220097285819305,-0.009298607255632248
0.13550197159706212,0.03242146474932973,0.0061200528037038,0.007573494256699424,0.03340660674604193,-0.01391666020185985
0.13558086486727783,0.03671760715142945,0.003761021893371555,0.0057870053193159205,0.03657750875414184,-0.017247536306854234
0.1356597581374935,0.04570473962383858,0.006464882280842934,0.010800529367388331,0.031395672169571925,-0.010125420953666683
0.1357386514077092,0.05602330176616287,0.01156462890272291,0.016243425441980482,0.01863472680510307,0.0018748469305628756
0.1358175446779249,0.06837168375742025,0.021082315868585697,0.026178501133435214,0.00825076600477534,0.01605126868701165
0.1358964379481406,0.08269713401402427,0.04113988452746672,0.04319910262306859,0.011426909644881682,0.027810237338231673
0.13597533121835628,0.09239202783596744,0.05166892474843538,0.05297366539063144,0.028570397313012703,0.025429032279376023
0.13605422448857196,0.08887714745263264,0.04415382307632994,0.04589107242092949,0.04783309020130813,0.008218124690054686
0.13613311775878767,0.07280085472533644,0.03260778252679917,0.03321364903103654,0.0575113216278346,-0.007776242604281463
0.13621201102900338,0.057524590559629746,0.021885111167170793,0.0223431940136749,0.05548710403562787,-0.015296874203954208
0.13629090429921906,0.058316261929545705,0.01811881434186982,0.021129460347322503,0.0481331054732438,-0.011863096360023284
0.13636979756943474,0.07347440242869618,0.030242617505381233,0.03366362000980934,0.04668633569658086,-0.0009291118333858574
0.13644869083965044,0.0859006728576092,0.037462623335760045,0.042917752989394674,0.045450254413165636,0.007251461422008158
0.13652758410986615,0.08075923200953465,0.02465485993108319,0.03112183113289503,0.03310410885148619,0.005157727982211794
0.13660647738008183,0.05519302099430693,0.007995891829911566,0.014745719555928804,0.005427045082651834,0.00857293436747527
0.1366853706502975,0.022858324263933666,-0.009003062327936746,-0.0032189140990293813,-0.01568072491629733,0.006799360856283997
0.13676426392051322,0.003420678830957479,-0.014841575396525279,-0.014271897441306544,-0.017761359308203915,-0.000816405699011363
0.13684315719072893,0.0003029599358649232,-0.009311523636959028,-0.011684895416164643,-0.00597960317640571,-0.00578896590410282
0.1369220504609446,0.00405702029028285,0.00013126459909106847,-0.004147359893098941,0.007569992362919668,-0.00785134808062242
0.13700094373116029,0.005313516047123878,-0.009682206852358318,-0.010931868869351262,0.005053704643536169,-0.011783552231588211
0.137079837001376,0.002117932588772266,-0.017303601755068513,-0.016200322886400446,-0.0062672322123771855,-0.009236589539719767
0.1371587302715917,0.0008618810580062901,-0.025580153455142834,-0.021754584987955513,-0.014132117692518665,-0.008987235579903604
0.13723762354180738,0.005572631574224306,-0.02604622602555212,-0.020777025347740837,-0.014127644456693211,-0.008205940293940341
0.13731651681202306,0.012795524205021393,-0.016005295787835706,-0.011474288908356696,-0.016994422552439152,0.0009678182406356156
0.13739541008223877,0.016425429610682926,-0.013443466996069403,-0.006875261227559006,-0.0185757940069199,0.005600634980730827
0.13747430335245447,0.013335164426332636,-0.019031349372416833,-0.012785288843587858,-0.020787862449086952,0.0021860436898330535
0.13755319662267015,0.006338281692342885,-0.022500751905901933,-0.016972733956396837,-0.019032019460255064,-0.0022220388387087656
0.13763208989288583,0.0010937999402987999,-0.025006543445198353,-0.022152536116474414,-0.011122779875863504,-0.011105709482407808
0.13771098316310154,0.001988230700799019,-0.02075535618370632,-0.02037668340406941,0.0007320032584315467,-0.016769351944554825
0.13778987643331725,0.00866999816820073,-0.015429659942227905,-0.014972914899903345,0.0010264307263612208,-0.012614006449119624
0.13786876970353293,0.017265215809085622,-0.00807755176513524,-0.005267493794918556,-0.002744775683501553,-0.002579980374734282
0.1379476629737486,0.023538330611973794,-0.009253903360854132,-0.003877508049400166,-0.01253577191285568,0.004390202073776495
0.13802655624396432,0.02337632588175451,-0.0016122273955511955,0.002718700349108111,-0.014141858365240295,0.010637380051825162
0.13810544951418002,0.018513879627621747,-0.008912923150613858,-0.005102577745691104,-0.027874575730816458,0.012585889829571366
0.1381843427843957,0.014581662717130536,-0.010917482282336608,-0.00753468125926715,-0.024353036387062522,0.008528746930540676
0.13826323605461138,0.011329398673802761,-0.01626774037730817,-0.012821702080137928,-0.025348400096287436,0.004885495395900679
0.1383421293248271,0.007135790515124929,-0.022265607798879934,-0.01581054161332265,-0.022037991459934528,0.0005081066153029501
0.1384210225950428,0.004303756801127017,-0.023787458263575298,-0.017049105284943137,-0.022017134150417075,-0.0004976377815468474
0.13849991586525848,0.006632979702349986,-0.013028551693024448,-0.008026079789952997,-0.010093241592602333,-0.00039594508979081755
0.13857880913547416,0.017449851482912553,-0.012443283389258755,-0.008083145508131809,-0.012590300513369228,0.0010518770315836373
0.13865770240568986,0.03582930118383636,0.0067957941832323485,0.010723034212611308,-0.000345653730546651,0.008800660575091632
0.13873659567590557,0.05613737484718207,0.018889252911528796,0.023046948425388285,0.002434427157478713,0.017017041831322417
0.13881548894612125,0.07002930293456279,0.03725858780893515,0.039938247751464526,0.001237883836976421,0.03127767326253231
0.13889438221633693,0.07091311764190732,0.03777512032689678,0.04071887652696959,-0.0022339450551818593,0.033977020249547296
0.13897327548655264,0.058716834265971914,0.02972411509844623,0.03194877014227026,-0.0020455465322961218,0.02683163058502538
0.13905216875676835,0.03914090534306411,0.012137559449001915,0.013464348839086232,-0.005984048627972015,0.014369483456799732
0.13913106202698403,0.021928876541885703,-0.0005177810824395899,0.0022592564602358076,-0.0045077761549588095,0.004506684882722113
0.1392099552971997,0.015638546900929334,-0.006942933326528776,-0.0036104523928568335,-0.008017931100980617,0.001901927580107355
0.1392888485674154,0.019170147711908867,-0.004559552850091758,-0.0009332354284089566,-0.008757557379003415,0.004489981653787761
0.13936774183763112,0.022939092042491872,-0.00580966640389428,-0.001407201207504968,-0.008353988858597197,0.003868739958314586
0.1394466351078468,0.018830584151166285,-0.00975868105648796,-0.0054639682869409645,-0.005967001174273574,-0.0008102905919185235
0.13952552837806248,0.00935360048596047,-0.014345753281803233,-0.010272784046856767,-0.008619905708806205,-0.0030780139176963903
0.1396044216482782,0.004738914613464626,-0.01252006558836013,-0.011371334317694382,-0.014994296805333656,-0.0001460590476196518
0.1396833149184939,0.011424169424187563,0.004947367435381924,-0.0008830741663072511,-0.010882753213996262,0.005801353024591421
0.13976220818870957,0.028074173628523443,0.027720307514163347,0.017889417494622542,0.0052622279922943955,0.011191619909053025
0.13984110145892525,0.044811293860890625,0.03697762175342155,0.026925262832328958,0.02423538174575183,0.007093620087066177
0.13991999472914096,0.048076329617466336,0.03017472424010484,0.024073606699127247,0.03440440827009631,-0.0012786409695147176
0.13999888799935667,0.03537026852579512,0.017285723388081983,0.014887785459028439,0.033086038099512494,-0.007859521407857882
0.14007778126957235,0.020124004295971124,9.46397305716578e-05,0.0021762977314083764,0.020676001115968946,-0.010623556915900532
0.14015667453978803,0.014949703634310491,-0.007686553982469202,-0.0038264723149458077,0.010138567762879667,-0.009130509257314672
0.14023556781000374,0.017638992926350933,-0.009988732663417823,-0.004620085115401881,-0.00017774859582169334,-0.00359638831058119
0.14031446108021944,0.018635812091877195,-0.009663417781393492,-0.003816813600587787,-0.005340803772950892,0.00013532961691937713
0.14039335435043512,0.016026039207260912,-0.006742323832167577,-0.0024731125329627095,-0.011506067358600474,0.004899856188107225
0.1404722476206508,0.017735801068825954,0.0034053377330785714,0.00284669514086448,-0.004142366587777995,0.004758921575634333
0.1405511408908665,0.02944983216774576,0.02223250215613916,0.01434676151312991,0.023205380273752286,-0.0023803371091133205
0.14063003416108222,0.04530012358581841,0.04534238571914696,0.03278755177367632,0.06779046096452193,-0.014284876927635614
0.1407089274312979,0.052591845905405325,0.05095928865132116,0.039012162056548706,0.09446844396248173,-0.025316073853913847
0.14078782070151358,0.04425237472827968,0.04607970188952602,0.03830154275556932,0.1008337988845565,-0.02972719736862932
0.14086671397172928,0.02802752756604973,0.02865566387304247,0.02349251054546616,0.08758064840167397,-0.03365832077943426
0.140945607241945,0.020091994941821352,0.009269349173797134,0.0072854771582442,0.0660828982905633,-0.03373891379232192
0.14102450051216067,0.025916300758332653,0.002658064243763413,0.0035123873814325857,0.04919628293908816,-0.026631500807590885
0.14110339378237635,0.03400755429232063,0.004873370812224161,0.007707876522878205,0.03596299988568986,-0.015339595899092378
0.14118228705259206,0.03311649659881965,0.0025405178276343364,0.006587934642564096,0.0156047893602176,-0.004053586340442828
0.14126118032280777,0.023731746610962563,-0.009776607722912667,-0.003198786516565772,-0.0027201225145743447,-0.0009367547011467049
0.14134007359302345,0.012118352582080855,-0.019792511017055862,-0.014385908723492966,-0.00707683585731202,-0.007297938052564104
0.14141896686323913,0.004359464122776043,-0.023421708390357572,-0.02094965092237871,-0.0025412127986713883,-0.015271795103826214
0.14149786013345483,0.0020359047363786523,-0.01737531680085901,-0.01895072877373654,0.013583164412645343,-0.02331016261616532
0.14157675340367054,0.0008357771983738121,-0.009724216578282902,-0.0145555707541511,0.020936718426065683,-0.024186726504103133
0.14165564667388622,0.001149965975363923,-0.008624359251844306,-0.012497681579647158,0.003280510479861058,-0.01197805120247294
0.1417345399441019,0.006652461679049646,-0.0007093532417615499,-0.0044454238078166786,-0.008678532920641795,0.0016278376208874491
0.1418134332143176,0.01447320516145727,0.0016562995087253955,-0.00032102810181948834,-0.01280793222265572,0.00740337716941813
0.14189232648453332,0.018247289683959493,-0.0043786313620850096,-0.0031344872303715196,-0.01000201290951812,0.0034701355731443792
0.141971219754749,0.013587971910442255,-0.012968302836495011,-0.009044293094446737,-0.010894336811940464,-0.0007329611558355164
0.14205011302496467,0.0041937740455445785,-0.016432565764959807,-0.012104962799370013,-0.012682283655197942,-0.0021170670646676972
0.14212900629518038,2.8273588719173893e-05,-0.01068151848184911,-0.008225129674016382,-0.01605126589943828,0.0030083238812402997
0.1422078995653961,0.0034006264333827437,-0.005665431709118229,-0.004646807220911688,-0.007163540873789617,0.0005602960798665045
0.14228679283561177,0.006555629379415515,-0.006825336279995793,-0.007978158461887775,0.007170414316326299,-0.010682344864494916
0.14236568610582745,0.004024424846307096,-0.009617404348531287,-0.012829923541664633,0.008712239588384548,-0.015492553067356453
0.14244457937604316,0.0035993035233190724,-0.00711507627860219,-0.009486082048654296,0.000637108103541151,-0.007983578782856783
0.14252347264625886,0.01970550709006834,0.019530075414331646,0.013400491984869553,0.0014161337961155242,0.0098930937221129
0.14260236591647454,0.05461859372326105,0.058188389856310786,0.047205721515652756,0.028630412314701665,0.02075493567110703
0.14268125918669022,0.09208173888651675,0.08150241589937415,0.07142365201383957,0.06610047414308078,0.017890168467162
0.14276015245690593,0.1066993955481651,0.08049538612975243,0.0744795068100711,0.08471819295605411,0.009220387732087474
0.14283904572712164,0.0869596489837548,0.05326345425084543,0.051805845437628305,0.06572483643249973,0.0022704046588037127
0.14291793899733732,0.05028264827817963,0.025341344395497154,0.02560427137136898,0.03490109899233442,-0.0003473015815636609
0.142996832267553,0.022640652191516515,0.004600483999210393,0.006108543568599886,0.006137321920993102,0.0012250408133400324
0.1430757255377687,0.010837908652209223,-0.009213157951927353,-0.007687058896764192,-0.012267950906205485,0.0011765547754967554
0.1431546188079844,0.010381388443343121,-0.012468697871545316,-0.010358147502487324,-0.014800184402108084,0.0005500650598779751
0.1432335120782001,0.0234799427009018,0.0015254888915046166,0.0010490773781264909,-0.012799889540427335,0.008496597907797809
0.14331240534841577,0.05996267428101642,0.04077449536454795,0.03505541746087763,0.020027182069132687,0.016134932337484944
0.14339129861863148,0.11997565692999734,0.09528833616618022,0.0828035677559859,0.09017776563413774,0.012706674092615866
0.1434701918888472,0.18419393835273815,0.15046848189422657,0.1318150931481918,0.18581232931449587,-0.004642036276271192
0.14354908515906287,0.22223076298739763,0.1807891190946697,0.15832412298673948,0.2579401391369365,-0.02665672126116454
0.14362797842927855,0.2120491366078765,0.16726445644385537,0.14749065477030884,0.273444893197343,-0.04572991029664312
0.14370687169949425,0.16155857308564064,0.12216214212963275,0.10956055478439618,0.22952655760797294,-0.05021872440240368
0.14378576496970996,0.1059555610882391,0.0771341860314417,0.07027783830857925,0.16206670844266313,-0.04097519879860358
0.14386465823992564,0.07194146688222727,0.045107350938871346,0.04371296985712526,0.10439470048544837,-0.02751058528982836
0.14394355151014132,0.0595211416412456,0.03189992805722408,0.03204055835418288,0.0583638507293941,-0.009230489858230979
0.14402244478035703,0.05816703353233241,0.028111143946858982,0.02857296501891635,0.02282961442411262,0.009256549196333393
0.14410133805057274,0.06180644266417267,0.02512527317697414,0.02663890162659622,0.006948216027835038,0.017199064913802478
0.14418023132078842,0.06780083040923494,0.03130498749270702,0.03339826249488181,0.02618268188382823,0.011124965567372533
0.1442591245910041,0.07513365752200328,0.041393270306369946,0.04014498500064588,0.065425589934517,-0.006945486696169675
0.1443380178612198,0.07888996602440158,0.04529748198401913,0.03914953815045788,0.10832428451263473,-0.0335662845297998
0.1444169111314355,0.06816508052006102,0.0359169276831165,0.028105002240420424,0.11468447255060762,-0.0463142933410681
0.1444958044016512,0.042388877811282,0.01819486343625744,0.012175325941324887,0.08905028345669001,-0.043633304200958706
0.14457469767186687,0.018568777725709845,0.0012629749721898634,-0.0020939613343268003,0.05196751385521883,-0.032785942026276896
0.14465359094208258,0.008532566113671708,-0.009494999250420088,-0.009991530237073625,0.025724935633084298,-0.023395008466619165
0.14473248421229828,0.007469617625310529,-0.013195471571699728,-0.012806477901930654,0.003865166308272217,-0.012575159052416974
0.14481137748251396,0.00819133729595991,-0.017167036627142578,-0.015352552534685133,-0.00760181993059933,-0.007758910004759139
0.14489027075272964,0.011523470198117444,-0.016802670705803904,-0.012446520657850912,-0.006952812902408993,-0.005817461435489792
0.14496916402294535,0.02269784693815624,-0.008755287774502685,-0.005173892806369834,0.006636548873340135,-0.008115718941039319
0.14504805729316106,0.03934151943072983,0.00631731206282469,0.005835236847052015,0.03852721404971388,-0.018376537841594265
0.14512695056337674,0.04890587442441918,0.014098803650109643,0.01111069804221553,0.06821152607694428,-0.03194953287637848
0.14520584383359242,0.04234106470158304,0.010469018765067131,0.007026746673115395,0.07125018278141662,-0.037050970506930854
0.14528473710380813,0.025716067436544022,-0.003913381938059628,-0.006188747087837066,0.0523615250831941,-0.03630257435395976
0.14536363037402383,0.015791593874298904,-0.0077057673732111925,-0.008218651612978441,0.030200608396793564,-0.024653245326170865
0.1454425236442395,0.021773394335041288,0.0006017516149100915,-0.0010763786869363722,0.015940385152231142,-0.010397136645134643
0.1455214169144552,0.03550457641583292,0.015339757381419057,0.01314729560949231,0.018761001048639328,-0.0006832608811942123
0.1456003101846709,0.04254528031524405,0.017105863939538505,0.01736670373562881,0.015525771794035782,0.004635070492575686
0.1456792034548866,0.036892780041857906,0.007140797827903656,0.009284168808240881,-0.00041307079058738443,0.007687770329357155
0.1457580967251023,0.026148084199551638,-0.004746642623613252,-0.0013033528887885224,-0.015696483917242543,0.00834404809323863
0.14583698999531797,0.021673331970992044,-0.009815245683180573,-0.006937784047046258,-0.02065007215465817,0.006791535018938245
0.14591588326553367,0.023026390185954808,-0.008868414472621747,-0.007866746311624514,-0.014369475549880393,0.0022895713260906243
0.14599477653574938,0.024548480938018914,-0.008016556886951506,-0.007045283499070733,-0.0021083041998806473,-0.0043854699705105265
0.14607366980596506,0.03045040649588609,-0.0004227802870413866,-0.0009432217400015763,0.010628184696298566,-0.007112726265871467
0.14615256307618074,0.05354452523708326,0.02358659902215866,0.02076355244589888,0.03028799646426158,-0.0014713731452254998
0.14623145634639645,0.09786574886288682,0.06959550628582514,0.06328699021206878,0.07232402657157673,0.007585662248966426
0.14631034961661216,0.14811323265275037,0.12536457595633477,0.1149427002807578,0.12864560812871195,0.0159223759856587
0.14638924288682784,0.18738379568182828,0.1614971971414184,0.14837389684717617,0.17268923812192996,0.01721539250567036
0.14646813615704352,0.20358523559234015,0.16661497380758544,0.15367221766104128,0.18796707528747555,0.012438344932007985
0.14654702942725922,0.18514658194162442,0.13797345353436186,0.1296654062000657,0.15376085662578748,0.012993790047619256
0.14662592269747493,0.1383945845640032,0.0932898505217168,0.0879059675994667,0.10338832587921078,0.008936735340355082
0.1467048159676906,0.092818726301751,0.05757878125939483,0.05376462270335981,0.06359249047933177,0.005127550623151755
0.1467837092379063,0.06848780980397286,0.03919565820998891,0.03823606895361523,0.04434332458921365,0.0041488992778742585
0.146862602508122,0.06484596123874366,0.02513431339402445,0.0263965305755122,0.029157634108733056,0.003725144146205276
0.1469414957783377,0.07407768847733476,0.028531746636478617,0.03129077075661651,0.03497003928331883,0.004177091323772728
0.14702038904855338,0.08595185955247879,0.032756606489501766,0.036022808280042104,0.052099021931570295,-0.0022742607230627487
0.14709928231876906,0.09149183596682171,0.04163017362430975,0.044469952745712686,0.0730289209216876,-0.008023891974317346
0.14717817558898477,0.09381258134923932,0.05270320640201292,0.05443582289607791,0.09227938562971727,-0.011548229422141544
0.14725706885920048,0.09731266601236195,0.05109852742346696,0.05117869731677802,0.09311516184603964,-0.014683128590014848
0.14733596212941616,0.09050383194651623,0.041370756899307935,0.03957669474261066,0.07923568730127588,-0.015694359944834292
0.14741485539963184,0.06706282288617164,0.023521733566931814,0.023979226785331105,0.06059056284443055,-0.01704402546919541
0.14749374866984755,0.041861831850021354,0.008102226327822358,0.01125964763692235,0.040489327419973846,-0.015202435062697549
0.14757264194006325,0.0273407714628991,-6.622065435934773e-05,0.0020677311928402418,0.030290974759185633,-0.01646480720935691
0.14765153521027893,0.024245280233135047,-0.0032263740267539894,-0.00243604019198537,0.026611725053903884,-0.01787192097364793
0.1477304284804946,0.029151915170566034,0.001809707257178699,0.0012313456015977224,0.029490990394593544,-0.016656266158095727
0.14780932175071032,0.03731612489582797,0.006384190640464614,0.00841122158047518,0.03718271010908134,-0.015506091264180576
0.14788821502092603,0.04269523948061969,0.014170840407224829,0.01618871271847704,0.046375393822881125,-0.014774952420877643
0.1479671082911417,0.043611577159420434,0.01602618781243481,0.017763375510025464,0.043890186841886426,-0.012022484543773103
0.1480460015613574,0.044767043953538595,0.020027856268905655,0.018787739344390972,0.03710887448371272,-0.007139320807807144
0.1481248948315731,0.04414223605307121,0.017850548160975335,0.01497745554829843,0.022084501001215322,-0.0012039915436936651
0.1482037881017888,0.0357269204316348,0.005356631021235012,0.006028577762947154,0.011091591992461137,-0.0018022632960572357
0.14828268137200448,0.022286444011642686,-0.01013648446206172,-0.0061065240984856,0.0005334526020504588,-0.0052130319851664865
0.14836157464222016,0.010864772541317496,-0.018843829691239933,-0.014612036420238794,-0.005672441050886471,-0.00831902855574063
0.14844046791243587,0.007020837732691165,-0.022791393184432487,-0.01819282534114971,-0.00875798020223157,-0.009344632462888322
0.14851936118265158,0.010844643051594393,-0.01845934166245299,-0.015473193469169555,-0.008032695267845516,-0.007597964235200776
0.14859825445286726,0.017726529412924574,-0.018694629119558354,-0.014407683863913385,-0.0030726457648560103,-0.009709847547550832
0.14867714772308294,0.023034627552426315,-0.014722283713412183,-0.009972607174566281,0.0023951465850043365,-0.00942487143882468
0.14875604099329864,0.02387099946047219,-0.005033088725590301,-0.004169379609863507,0.0064707501961185085,-0.007211534120501093
0.14883493426351435,0.02194236391546229,-0.004133589843029546,-0.00450344334136206,0.007113303632633741,-0.00786356589963788
0.14891382753373003,0.017975836053945416,-0.01004735559553973,-0.009820134850486951,0.0032215556786119506,-0.00979689397539512
0.1489927208039457,0.010980426185522361,-0.01864925880110338,-0.017081925209470848,-0.0038970898597946403,-0.011360543447578893
0.14907161407416142,0.008859220608178254,-0.011642755833698656,-0.012023843086812544,-0.004658431938580515,-0.006850748578613483
0.14915050734437713,0.02377750546970092,0.010648486957491215,0.006395827589589001,0.004566930799646957,0.002394518843026868
0.1492294006145928,0.056690835883917025,0.04483420301990611,0.03753197316625795,0.030100073813838186,0.012102650035995942
0.14930829388480849,0.09116184418045209,0.07216288511665662,0.06473080772306126,0.05805996849840264,0.017288011260146542
0.1493871871550242,0.10512639674237845,0.07653752224333012,0.07122892119902657,0.07887859998414597,0.010085121217442466
0.1494660804252399,0.08995929947835934,0.05889435595849292,0.05555264948831443,0.07998356644321762,-0.003257036840485699
0.14954497369545558,0.05821874588445308,0.02969610270415492,0.026391257237897238,0.06580222273643942,-0.018233781133272224
0.14962386696567126,0.03230671156586695,0.005978414511244527,0.003992978775444881,0.05106065749356883,-0.02736403727546319
0.14970276023588697,0.021421194513501454,-0.001702440510662519,-0.002467328929165133,0.04061163717788019,-0.02627929237493168
0.14978165350610267,0.017347985755007195,-0.00744655476613749,-0.006816709837696727,0.033779191388823966,-0.02567233075860383
0.14986054677631835,0.012923374519759315,-0.012871424268704704,-0.010494661391237793,0.016375503234057964,-0.018204609811806185
0.14993944004653403,0.014354670836897196,-0.010699157929757973,-0.009046990323615143,0.00013283889104442336,-0.007330090775081822
0.15001833331674974,0.03346459814627032,0.0020084645708968235,0.003927544877674904,7.930621899250982e-05,0.0031002350037576576
0.15009722658696545,0.0678405611890353,0.029128273975816948,0.03200223390910329,0.02932486593702805,0.00812514916182695
0.15017611985718113,0.09635907051615125,0.048752287596888814,0.05165048814708125,0.07106454727851826,-0.0010557873674360873
0.1502550131273968,0.09791582628742729,0.04878856994983698,0.05078027338388503,0.10391632737095294,-0.021513021688737748
0.15033390639761252,0.07177381477032499,0.027344398024641225,0.029062390113015025,0.106310419755059,-0.040477877387844044
0.15041279966782822,0.03963402867940812,0.008313160919805045,0.009060889213377698,0.09388554948652401,-0.04904752767685518
0.1504916929380439,0.02060533267543609,-0.004897853356493789,-0.005430750205189662,0.0784208665734846,-0.05134543908348726
0.15057058620825958,0.012634051325936905,-0.012146686194212232,-0.01313854078505332,0.06700124727611764,-0.05065197148171106
0.1506494794784753,0.00589031925008738,-0.017909340706488853,-0.017213337457006032,0.04173734939168226,-0.03876455474382097
0.150728372748691,0.002115150710817112,-0.016322417731707926,-0.015353337949334928,0.008634995668628903,-0.017468559097779352
0.15080726601890668,0.013673200837011542,-0.004156565483974007,-0.004315623684149056,-0.013572393054655544,0.00465913893324022
0.15088615928912236,0.046254873583582844,0.0204811933552851,0.020788064414513825,-0.007008340693420682,0.02085138128139161
0.15096505255933806,0.08701614349159577,0.041861658364798826,0.04443224661196887,0.02572471352351147,0.020261533837231043
0.15104394582955377,0.10829101733629104,0.05054525151285321,0.05514316606842032,0.051481666540115226,0.013486962809490754
0.15112283909976945,0.09266496002025924,0.040034355659489505,0.044805294503194974,0.05497620830710182,0.003068549056418895
0.15120173236998513,0.05527453305622127,0.015085829650804846,0.019161027298343472,0.04184141882059398,-0.009673750482138279
0.15128062564020084,0.02435489923019452,-0.008599812096790942,-0.00500356814905501,0.020996205328980905,-0.016568997412377485
0.15135951891041655,0.009975660434176015,-0.01896347807235598,-0.015621807858804876,0.007335001106243404,-0.016906339938517406
0.15143841218063223,0.007338128511996842,-0.01673613527705847,-0.015213583948800648,-0.0045046827603651704,-0.009499531047336297
0.1515173054508479,0.013783001264692034,-0.011378006798037016,-0.01013693765433534,-0.012401779220536776,-0.0007071912794734183
0.1515961987210636,0.03227759961155189,0.005947557880121106,0.005868953978290888,-0.011952073955035489,0.011852036149056899
0.15167509199127932,0.059980750550837514,0.03740571484064809,0.03360935770660097,0.006885902118469733,0.02282704385291023
0.151753985261495,0.0826600717931349,0.054915935854085746,0.05050094990054845,0.035264981282125824,0.01944165486957226
0.15183287853171068,0.0805149023894691,0.04705452917786152,0.04287513229660419,0.05125194811900279,0.003744885425396312
0.1519117718019264,0.04920057295286281,0.018600836086061834,0.01677982404835483,0.04294714133525249,-0.01224672805929677
0.1519906650721421,0.015620794654809114,-0.012671543347557037,-0.01204935400201448,0.022936575329083872,-0.023375255838871956
0.15206955834235777,0.007944407491785549,-0.011550053160346971,-0.0127821435933682,0.018522662077681298,-0.021321817190995462
0.15214845161257345,0.02240968259299306,0.010320895727194301,0.004534388480301215,0.040090306040951706,-0.02035559268009011
0.15222734488278916,0.03581946286330915,0.025174400030225405,0.01608774722718393,0.06422980170936231,-0.025564547352725456
0.15230623815300487,0.032242495894277315,0.015831721607226856,0.008904464711619275,0.06907731305625746,-0.034239374340057006
0.15238513142322055,0.01931079907383683,-0.005866297511810143,-0.007444473455761755,0.055175345598151036,-0.038995808415527085
0.15246402469343623,0.01645570203825728,-0.013297718961150416,-0.013257884358163103,0.0430895857042277,-0.0364072135952697
0.15254291796365194,0.02531538688729245,-0.0032407121385058975,-0.003949619210531077,0.047052875194662114,-0.03132640727656046
0.15262181123386764,0.02826268249158943,0.006019783768759642,0.00434310442149752,0.044646738920013945,-0.0232387925161652
0.15270070450408332,0.015204702878489332,-0.006664466404876709,-0.006025716954595188,0.02171506047056085,-0.01781814951625241
0.152779597774299,0.0008338899146671806,-0.02530866115334572,-0.020915514388479068,-0.0054011324289542535,-0.013534628421666344
0.1528584910445147,0.008232490662531702,-0.01691361267132653,-0.01411492367523618,-0.007642358138266585,-0.006742519809620842
0.15293738431473042,0.040167826476219526,0.007640276355728066,0.009058046902463583,0.03102574331443931,-0.011301105041079817
0.1530162775849461,0.07497397263554137,0.036674874754127416,0.03602134290449243,0.08900923412135962,-0.024437590539984597
0.15309517085516178,0.08478757002846464,0.04652634230986868,0.04252100187840015,0.12792545868451208,-0.0427142617853373
0.15317406412537748,0.06407171846798825,0.027725041062016474,0.02460998424152712,0.13230662472014745,-0.05982116901587713
0.1532529573955932,0.03796474155454122,0.010091100122689283,0.004858263290453323,0.11699485972480267,-0.06638961025830686
0.15333185066580887,0.028137907588717818,0.0017342631546619618,-0.0015230345984792643,0.099933476736213,-0.06118151221422325
0.15341074393602455,0.028171222375908446,-0.0029659087499566117,-0.002802617041264643,0.08362768707983714,-0.05237446141867453
0.15348963720624026,0.021581487476759427,-0.0071827140662442885,-0.006429188376926079,0.0544809187870693,-0.03776614473875112
0.15356853047645597,0.007062386592707776,-0.014935579997210246,-0.013438538220150849,0.016711976138852974,-0.02076467283433949
0.15364742374667165,0.00040026737066660347,-0.019663982787710473,-0.018654694868749412,-0.012234489747693578,-0.007636121899789264
0.15372631701688733,0.014791363653690843,-0.007202898039799593,-0.006754608529264737,-0.0069173042674046045,-0.0012763599098413734
0.15380521028710303,0.042492716691588855,0.015054071942585028,0.015995222520500566,0.021768815350452775,-0.00019897452067527247
0.15388410355731874,0.05953442421231141,0.031001040364010756,0.03179432788991205,0.045952967349427304,-0.001992102058183444
0.15396299682753442,0.053353031599028024,0.025976105678416336,0.02660763797595059,0.0444901714807004,-0.005282391963091081
0.1540418900977501,0.034672409033766095,0.01309270167123677,0.012411091350517704,0.023897375179664563,-0.0043465002076648294
0.1541207833679658,0.0189895627574227,-0.006391632890259911,-0.005126052907647636,0.004103592496030846,-0.006562451822099432
0.15419967663818152,0.011724717668116407,-0.016175602616266424,-0.014090078179753667,-0.00461918961673616,-0.008530455978084408
0.1542785699083972,0.011148335195891765,-0.014225272925848955,-0.012755735613127131,-0.007241815606597686,-0.0058924963848030806
0.15435746317861287,0.01814630613300187,-0.008978862779571248,-0.007248456035643539,-0.011717702421587844,0.0011989916661887467
0.15443635644882858,0.03802420851357053,0.011524160222032728,0.011555930100676588,-0.005998061841135703,0.012848435071284461
0.1545152497190443,0.06792125886195366,0.038931521374730826,0.03763061932059731,0.02349252564245427,0.01613151864674863
0.15459414298925997,0.08960079542795027,0.058304847351061326,0.055950583982290886,0.06153886056102806,0.008120448853142576
0.15467303625947565,0.08452630857244627,0.055669871543357625,0.05139625035763358,0.07766694635377004,-0.00522219771839147
0.15475192952969136,0.054144761827639616,0.030209325613166364,0.027317347217922016,0.05891388248003472,-0.013356471517742701
0.15483082279990706,0.019429701325108694,-0.006147170378401547,-0.00384390164585508,0.02585784030416531,-0.01854888965965762
0.15490971607012274,0.0014566561206465337,-0.02542264843472407,-0.021253202650311075,0.005728226699477681,-0.02045886049795358
0.15498860934033842,0.002778385104713767,-0.02414242419365099,-0.020849219492079837,0.0073628812613549645,-0.021112358558353497
0.15506750261055413,0.0090733346428204,-0.015300885819549264,-0.014045724188990454,0.01604762867434107,-0.02085381869357595
0.15514639588076984,0.009155313238969339,-0.008293189770164473,-0.009496580209001631,0.012227852252299581,-0.014923970638534685
0.15522528915098552,0.006322859577185404,-0.010059586253945783,-0.009924406603407198,0.004649515852536114,-0.01073443380165767
0.1553041824212012,0.0094659009334778,-0.011936105665619541,-0.007995309955399337,0.0029160589790088345,-0.008151717005929225
0.1553830756914169,0.0174660906566385,-0.016482779616757454,-0.010634048078639659,0.008338206768247685,-0.013509149427283058
0.1554619689616326,0.01988236875268016,-0.014127724386868181,-0.009969462079112968,0.011475609035789664,-0.014852986008209753
0.1555408622318483,0.011977440666800725,-0.020131588858019057,-0.016572542129741578,0.0015235001306806565,-0.01419335108549943
0.15561975550206397,0.002583621036761443,-0.02575705388823619,-0.02169303007396343,-0.01283611436699531,-0.009712798543340334
0.15569864877227968,0.008590281321551471,-0.01605668896835077,-0.013560499197279266,-0.007425441214700566,-0.006427794900033756
0.1557775420424954,0.034229959081174814,0.009904173561470966,0.009825789210121958,0.02111738036667961,-0.0047559568305261014
0.15585643531271107,0.062350161455918464,0.03676143199844355,0.03540941075357829,0.05895207702616472,-0.006874231159541095
0.15593532858292675,0.07590635122109639,0.057067459907072425,0.0535183388885776,0.08216952340824485,-0.00621256179055881
0.15601422185314245,0.07158343184089352,0.05066608565942628,0.046472793363300534,0.08380022106303675,-0.01287900163455908
0.15609311512335816,0.05776091429353937,0.030480704119710558,0.026733093134671423,0.07475741888799244,-0.02333798928456756
0.15617200839357384,0.049063721538530274,0.021716276452134888,0.015192065141749025,0.06405877225427103,-0.02618071457546964
0.15625090166378952,0.05124564368793504,0.02476484113105803,0.018316049408868485,0.0562282082183328,-0.01897443560359095
0.15632979493400523,0.05471982644322429,0.019950620474045253,0.018803262915346,0.051097641684427354,-0.015507029212634325
0.15640868820422094,0.04769764239560538,0.015361383337419815,0.0158539829553307,0.03858564362030049,-0.010377256328823713
0.15648758147443662,0.03153618575752114,6.636927148117025e-05,0.003644248763656266,0.021992322785919404,-0.01023462204912775
0.1565664747446523,0.016884255295723138,-0.0045543433693461255,-0.004788948834570125,0.011533913661470593,-0.01073643426512375
0.156645368014868,0.010389602691140722,0.007889067205715519,0.002856853200346131,0.010091488075770762,-0.0037461688829933475
0.1567242612850837,0.01542568871247871,0.0058775288150114974,0.004409338460396469,0.006235447448644588,-0.00019552595703285829
0.1568031545552994,0.027434598932751852,0.0074960704488538695,0.010183159530611413,0.002217680560688817,0.0068350182660042585
0.15688204782551507,0.03328572590138197,0.0038221559537177396,0.0075536922588564535,-0.003945976834842977,0.008413742757328856
0.15696094109573078,0.029140562448822478,0.0008624240515996887,0.003106980062101252,-0.00827045946130192,0.0074365443377027805
0.15703983436594648,0.02236375078781083,-0.005580962837579117,-0.002206250325685809,-0.007314277326507715,0.0026064708632731258
0.15711872763616216,0.020573172224134274,-0.0048616894765678926,-0.0016558839003159556,-0.0014456588443628252,-0.0004624501061872534
0.15719762090637784,0.026472521579057363,0.009057684704639453,0.011232134882407731,0.009131657542388597,0.003540954868720328
0.15727651417659355,0.037045344558233786,0.0147740825756893,0.01789493685030893,0.022669449769848173,0.0007857640806332815
0.15735540744680926,0.04514385149939478,0.02217385041482224,0.02301991124656162,0.03202226840603178,-0.0006986843628883989
0.15743430071702494,0.04536555625376272,0.028110204849982893,0.025459782829942712,0.03520370711973381,-0.0006443861878438238
0.15751319398724062,0.04387880035942893,0.03764251767736933,0.030220960210677376,0.03113139857816876,0.005614448153536609
0.15759208725745633,0.04555680781730019,0.048902372204548565,0.036062008708023834,0.021900573631377002,0.015823406493217663
0.15767098052767203,0.041471986164736976,0.03544002148900888,0.026783738803109625,0.007527076904606762,0.016969223498140135
0.1577498737978877,0.028266928710809398,0.006101885726686171,0.006854556212183782,-0.003719764559562352,0.007718150804063323
0.1578287670681034,0.014489018519919662,-0.009975706514827579,-0.007199268861280571,-0.010485959785739763,0.000501671987499475
0.1579076603383191,0.0073239430939488655,-0.015555965639414327,-0.012833121337704095,-0.011563119255063536,-0.0033701703879189296
0.1579865536085348,0.007688968557614204,-0.004800152331070421,-0.007150487840839255,-0.00858546154698721,-0.0005959425800369822
0.1580654468787505,0.01045989800768654,0.003544559326501792,-0.0026925235297836784,-0.005975767191287981,0.0014161705476058914
0.15814434014896617,0.010745723227414183,-0.009803771209892613,-0.009108880932943474,-0.005351735161576074,-0.004099667937201885
0.15822323341918187,0.008349331330581897,-0.020781658344210835,-0.016421064291416747,-0.006807820359434528,-0.00909029830985656
0.15830212668939758,0.0071865375870375425,-0.023434559483151565,-0.018591870502971227,-0.00891991414470642,-0.009567743893598428
0.15838101995961326,0.007819090432744648,-0.015815808959282165,-0.015421357679630593,-0.0071418297236168545,-0.008089137252097733
0.15845991322982894,0.004834832222167942,-0.01290353301563928,-0.013467374031366334,-0.01233378247641167,-0.0034177226462138123
0.15853880650004465,0.0001971008668878135,-0.017483778135020635,-0.015519363689827871,-0.015349993277556763,-0.003258941554002205
0.15861769977026036,0.005083094587868097,-0.004915648500045894,-0.004543472654428229,-0.016214654144409764,0.006057136265290056
0.15869659304047604,0.028930743343669428,0.01849604449321172,0.015289762623459366,-0.012710404383252296,0.019854741989207912
0.15877548631069172,0.06699722009639082,0.05008426158309572,0.0428971232743522,-0.000398279122184987,0.034628202934641875
0.15885437958090742,0.09732470513673373,0.07295628141010374,0.06547866514010375,0.0172056368462145,0.04226750570075071
0.15893327285112313,0.10407061916024217,0.0791619858398219,0.0722657721934295,0.03390161729978398,0.037786501759208675
0.1590121661213388,0.09653828343920116,0.07874228969881579,0.06933013057327275,0.04438068379810147,0.02917019684045698
0.1590910593915545,0.09645478198550872,0.07534266177561856,0.06647881236930553,0.06319710844793404,0.015628306631545286
0.1591699526617702,0.10815164636867268,0.07049636344945079,0.06529949213349313,0.0829191178095887,0.00286201039297878
0.1592488459319859,0.11100650809717559,0.06362533887284615,0.061052258053517106,0.10056725790698402,-0.011183308394655384
0.15932773920220158,0.08564035469618483,0.048031064405413465,0.046686304294890596,0.09672566370838195,-0.02048540352079762
0.15940663247241726,0.03970077320215866,0.01557432484986568,0.014276753158550596,0.05869506011040416,-0.02369594376422888
0.15948552574263297,0.007950784283308334,-0.006060203719921146,-0.009085594343398335,0.008488467535910071,-0.012358122335323568
0.15956441901284868,0.017542306675176166,-0.002263024188540609,-0.003059734470425842,-0.023866423928849387,0.011824555373994907
0.15964331228306436,0.056389966030490915,0.02241738554413469,0.025603061242907732,-0.019152701127813438,0.03197031813460516
0.15972220555328004,0.09170305820590915,0.046888382694422574,0.05173661234913736,0.006772637505770321,0.03744290690282026
0.15980109882349575,0.10334250376988058,0.050954111224246756,0.05672106325054622,0.030010133592748185,0.027584605610543347
0.15987999209371145,0.09611221177868079,0.04870993210775798,0.05217454200852137,0.048183718075984684,0.013067362635187608
0.15995888536392713,0.08786649888012484,0.03711806659328144,0.04068011676739128,0.05882951628352402,-0.0025602501380719705
0.1600377786341428,0.08308200666795139,0.038969060588672215,0.04262963257802452,0.07819291254514402,-0.01260793948532897
0.16011667190435852,0.07016993279245669,0.028909268224297364,0.03208870703536,0.07549918528528747,-0.01947682212806513
0.16019556517457423,0.04697865039762803,0.01467705482297693,0.01585675102705482,0.049426130254485216,-0.01686963947058697
0.1602744584447899,0.03273554378911682,0.00536655061440587,0.006395244016644388,0.0059721479857514125,0.0015536170402051885
0.1603533517150056,0.046813559008904916,0.01718251566693326,0.019450540041772747,-0.018230626580790516,0.026489823690441547
0.1604322449852213,0.08457992894703391,0.047000286399115666,0.049350595580274256,-0.0073723579549610195,0.043967312774820445
0.160511138255437,0.12162462966915998,0.06567540062685635,0.06864196095545638,0.019430361102581974,0.04348787512620541
0.16059003152565268,0.13208645561694501,0.07052581943059881,0.07482314935244569,0.04556475164736744,0.032898879364525874
0.16066892479586836,0.11085150080099465,0.04705473336845229,0.05279622512365067,0.046327989047068835,0.014677668561891462
0.16074781806608407,0.08051168401470479,0.02797185263082841,0.033244798483487395,0.044919178659208726,-0.00020761643922795393
0.16082671133629978,0.06060277532331891,0.01310624089235231,0.018618458456209123,0.044805298083271716,-0.011884549268962128
0.16090560460651546,0.04737346297344224,0.016645817551515264,0.018678426843185974,0.04174321834145877,-0.010002195879266753
0.16098449787673114,0.03401554656884026,0.007974579756743257,0.008650388370142757,0.020743235972641803,-0.005474398964729139
0.16106339114694684,0.029828966545192726,0.0007062827875755514,0.00371148674722861,-0.004152687633913108,0.00545815562683383
0.16114228441716255,0.04527457601049992,0.0014910362183779761,0.007708630682134844,-0.012511099742799623,0.0136606395823035
0.16122117768737823,0.06958756399961354,0.015726596553555676,0.024158896003557428,0.008754583853329726,0.014130479368396459
0.1613000709575939,0.08076102308326201,0.026644665644226247,0.03364251075693395,0.031266847061096906,0.008280911560606775
0.16137896422780962,0.06773726857221998,0.027668797219425702,0.028764551285245347,0.04179033426360176,-0.0019335753181598681
0.16145785749802533,0.046346137925761144,0.010086038608636758,0.011775037546174963,0.02596354809355667,-0.006092856881567568
0.161536750768241,0.0476351967647511,0.017907427976047146,0.017509063778433125,0.01230583884925149,0.006674861482277632
0.16161564403845669,0.07730036336216012,0.05248224519136833,0.04607939576309168,0.018489235047987503,0.025906306906345943
0.1616945373086724,0.10797797756334016,0.08531773648517235,0.07540795988941848,0.04399853223933063,0.03430496271679522
0.1617734305788881,0.11114052583353685,0.08081695653539629,0.07297316407904579,0.06053192517873506,0.022471517764249646
0.16185232384910378,0.08864882208986263,0.048342634574383356,0.04486749387092039,0.057004701852517554,0.0019037991801797195
0.16193121711931946,0.07103983108280724,0.04617236027920751,0.03908898933123846,0.07107503399046783,-0.01118552553213344
0.16201011038953517,0.07592162929512715,0.0510171306298625,0.04459584456591938,0.0955109717322124,-0.021440859029022794
0.16208900365975087,0.0829663940320889,0.05778243897644817,0.05110133134331908,0.13858352206335237,-0.042247451163727634
0.16216789692996655,0.06366626908208223,0.04205588187042123,0.03540828658853626,0.13654518895895065,-0.05369683231919649
0.16224679020018223,0.02414324484666826,0.009661593787345055,0.006677119322613032,0.09036831729846201,-0.04883843925161975
0.16232568347039794,0.00033770321954010123,-0.007279374521886142,-0.01121681854434074,0.025499342556913773,-0.02424165376175009
0.16240457674061365,0.015431361822497172,-0.0008021892087762587,-0.0024737349603424106,-0.010173713265399538,0.004102406252179708
0.16248347001082933,0.05771584166944727,0.02426993231989532,0.02547685478247611,-0.005390443388498591,0.023642266009554193
0.162562363281045,0.09373569830276945,0.05493268443916563,0.055092214783921185,0.015615055313410293,0.034863674238157935
0.16264125655126072,0.0999013028265864,0.05263543997161543,0.0558036839219422,0.03488693770601345,0.023934919184797926
0.16272014982147642,0.08405201854568561,0.0343018352282973,0.04054785565781405,0.0482956655343959,0.003642297593217068
0.1627990430916921,0.06862267006634576,0.032786537666490444,0.033927124995866,0.07001507632363607,-0.014703664711429228
0.16287793636190778,0.059043595208215095,0.024923588581602138,0.023675680144726183,0.08368425878094467,-0.03116491940431747
0.1629568296321235,0.04456785707538087,0.013500979126233326,0.014740814720797309,0.07910268269435851,-0.035584257364321595
0.1630357229023392,0.02412128007762045,-0.004408727040144399,-0.0010736098404125415,0.04668834888682448,-0.028803576163706292
0.16311461617255488,0.012965638579237887,-0.008886735165649829,-0.005534530609912346,0.0067831099216662015,-0.008492391718564049
0.16319350944277056,0.026808943702411506,0.0007494208971229274,0.004865016478718278,-0.015046294652021612,0.012898399800144057
0.16327240271298626,0.06573807334741115,0.02290367137205029,0.02893342588208954,-0.005998426132751619,0.026776323830660913
0.16335129598320197,0.10453399073851101,0.0487504504822436,0.05450646444374734,0.021831260134506137,0.03068409864613734
0.16343018925341765,0.11192266682073604,0.053721647159984585,0.057520511328481516,0.03346244751357062,0.02616744135124534
0.16350908252363333,0.08708761053493344,0.03385502928047714,0.03915435210322158,0.02532990502195478,0.01625719362823166
0.16358797579384904,0.055250207659949216,0.010087265169501267,0.01494856364821632,0.011671521461475447,0.0050012819693785
0.16366686906406475,0.03485549769398853,-0.004837982465068913,0.0019743572948978765,0.0031564324500710722,-0.0003055070630942568
0.16374576233428043,0.028902983722845686,-0.00030913149562078864,0.003921691020103891,-6.77809620336525e-05,0.0031835130914587857
0.1638246556044961,0.03734573845093859,0.004397578726945057,0.0067331581964678484,-0.010570432255872893,0.011718172185508984
0.1639035488747118,0.06363706594447707,0.020619691315732026,0.025030653150335536,-0.008848589286503129,0.025351703666619433
0.16398244214492752,0.10737859527366488,0.04723882684182443,0.053736371814049784,0.01195750872875426,0.035956006349202936
0.1640613354151432,0.15289818589072826,0.07308221446386401,0.08193020957166484,0.04244954657223139,0.04049770448251588
0.16414022868535888,0.1676844949263606,0.09036307838698257,0.09373490816273161,0.07987135343966681,0.027762330555510775
0.1642191219555746,0.13283709266477475,0.06448097548336701,0.06888162159830974,0.07678691107508728,0.009437531104020305
0.1642980152257903,0.0730017725873721,0.021829858945867035,0.02711627241558811,0.04499165261167024,-0.005174257557599953
0.16437690849600597,0.02880055261301226,-0.00645997166723314,-0.002812481431658683,0.009017332273367852,-0.007647254143438352
0.16445580176622165,0.0152048317709162,-0.008142531706202365,-0.006631259495021208,-0.0030199911223024105,-0.0035083938160522456
0.16453469503643736,0.018091068960935788,0.004386322935797605,-0.0008317747502158103,0.00581133975261789,-0.004142330415825272
0.16461358830665307,0.018053959495184,0.0062976902630272925,-0.0007889740162994333,0.015602049407961158,-0.009964406223417436
0.16469248157686875,0.014386914525062041,0.0005866223406593083,-0.004518477854569807,0.021525736258710786,-0.016497122478535832
0.16477137484708443,0.022292658046253334,0.00922464746725894,0.0033206372514648433,0.046096378879145465,-0.02492711463439444
0.16485026811730014,0.0487163988918487,0.049904587450787255,0.03601039734081085,0.09475808266197205,-0.02790972060430478
0.16492916138751584,0.07735677769083549,0.0705848105113973,0.05781205922270794,0.135905657264377,-0.03517816282557769
0.16500805465773152,0.08528215211041743,0.07180599030628629,0.05892519064878311,0.13850662425619145,-0.03585502499577593
0.1650869479279472,0.06682186447838077,0.0616808508109083,0.04991687901065956,0.10387559918907228,-0.022186324518771554
0.1651658411981629,0.03479031464480085,0.017640819625121446,0.012859737840982202,0.044954944830369215,-0.01659440193281367
0.16524473446837862,0.0104224541799995,-0.003678368329108721,-0.006560595727334812,0.00211093139266044,-0.006520376334108842
0.1653236277385943,0.0047673072733622176,-0.009827377471936445,-0.0108767709232104,-0.013503783988128253,-0.0006411247429099085
0.16540252100880998,0.009300901678212204,-0.011477031924994259,-0.010786358447417987,-0.008082996543423909,-0.003810792334438487
0.16548141427902568,0.013033119234079465,0.0038283430199563357,0.0012847755292176044,0.011112183729614,-0.005616648003881144
0.1655603075492414,0.016374158866327485,0.004583602152602203,0.0006957669057665214,0.02240665258821175,-0.01284567821731554
0.16563920081945707,0.026661368282656465,0.03292296967017169,0.025262640056491092,0.06810321535569304,-0.02052223034871451
0.16571809408967275,0.046403521158138096,0.0529262872571284,0.039682662530601584,0.09564601780964388,-0.025485214683515698
0.16579698735988846,0.06816564167319665,0.07457826705759939,0.056098310298443164,0.12015405913097739,-0.027018644551943513
0.16587588063010417,0.07796168948717079,0.07056875111056597,0.05490037142351091,0.10621401913860026,-0.01956682087518141
0.16595477390031985,0.06480036682392229,0.048179099159506224,0.03701821631972994,0.07814527734327649,-0.01709954663149858
0.16603366717053553,0.035777170430580714,0.016204466018549184,0.012722425768257831,0.04380595520682242,-0.016016107881529826
0.16611256044075123,0.010502634252495873,-0.004543889334781844,-0.004856722003386978,0.010397653430002813,-0.010111103854949116
0.16619145371096694,0.0013239359588485475,0.00020907104063279158,-2.884403038106712e-05,0.0066822397711768155,-0.004019732969501778
0.16627034698118262,0.007744599110506613,-0.0031234964158948332,-0.003471497686001825,-0.008222149874764714,0.002135442498821666
0.1663492402513983,0.018527646121477646,-0.0042332176681247145,-0.0040891593806207,-0.00523756033693764,-0.000144694393842759
0.166428133521614,0.02217122463722158,-0.0010623037007344402,0.00036574905059404367,-0.004654696839598271,0.0030770541334878498
0.16650702679182972,0.017751566851211046,-0.004943683464213605,-0.005294615773197161,-0.006383045620208476,-0.0004257240821842739
0.1665859200620454,0.012372218106821629,-0.012153035506799097,-0.01205043401246839,-0.010701363557983297,-0.0032581222741733056
0.16666481333226107,0.013353323039717716,-0.00961775963217255,-0.011026217078591792,-0.01149165134217737,-0.0019644146362032557
0.16674370660247678,0.021301286102405333,-0.00042297301759459667,-0.0012717539879043996,-0.005077308458301675,0.002017468558445019
0.1668225998726925,0.03051143366645739,0.008485844145328264,0.008347230818075504,0.008574801663774122,0.0015615456713786782
0.16690149314290817,0.03411445822985356,0.009757668163402,0.00830026030280344,0.01021690588643393,0.000541749998917853
0.16698038641312385,0.03200904955031127,0.008334837831839146,0.00965818793998849,0.008378555264159634,0.0027297182983233885
0.16705927968333956,0.03104343048202755,0.0033349588239466716,0.005996533044665723,-0.007038894176305322,0.00901562241534646
0.16713817295355526,0.030335664438306077,0.005837171594724863,0.008336797614850611,-0.01097747688035106,0.013246722731206211
0.16721706622377094,0.02453082258644128,0.00038008015150817496,0.0014277505208351042,-0.006448343342124174,0.0050009554689307905
0.16729595949398662,0.016260315003647295,-0.0032735299004826163,-0.005569935200528153,0.0035513751836516332,-0.006587919051494867
0.16737485276420233,0.010129831024064527,0.0044680272947273635,-0.0007605351246728032,0.019545393741815024,-0.012300777519835748
0.16745374603441804,0.007795966043515629,0.0006696525879004564,-0.004612646265355605,0.008260438947987767,-0.008637190415330485
0.16753263930463372,0.010196189524440184,0.014280669621904898,0.0042765884930132236,0.016960314481414995,-0.006717130865474256
0.1676115325748494,0.020998514450128892,0.02176713202284276,0.012938460122296953,0.024242961445459163,-0.004130417508900251
0.1676904258450651,0.05023214949515143,0.0492198120796752,0.037938801012597285,0.03905411792158422,0.00707471961745331
0.1677693191152808,0.10688406046417484,0.10886313095176008,0.09533399821047304,0.07172878704047085,0.03392109459369695
0.1678482123854965,0.17844201724788475,0.15759456569773694,0.14541875711338798,0.09574362709295746,0.060699531531297014
0.16792710565571217,0.22650413151796323,0.18563838953363807,0.17396874849698302,0.12178891809918123,0.06909269010260552
0.16800599892592788,0.22407211369619343,0.17075598471775355,0.1620661049331499,0.13069243505241518,0.05384380711542199
0.1680848921961436,0.1793148965319991,0.12336778141845452,0.11649037565145295,0.11038086433809036,0.028142553299084355
0.16816378546635927,0.11614889393908615,0.08025347447783021,0.07368267028447216,0.08852314646531492,0.006292614983626473
0.16824267873657495,0.060837462883942574,0.04862123277331643,0.03991780938581936,0.058854655692378924,-0.0031887995815219816
0.16832157200679065,0.03303702159260136,0.04071678514436889,0.027846920526276676,0.04588614129331998,-0.005123169812893314
0.16840046527700636,0.03754900754386383,0.044444854911887065,0.029920705220898947,0.04135022580832672,-0.000741524608964678
0.16847935854722204,0.07915789542809065,0.07825886051902016,0.0627575272212465,0.055929864222357004,0.016968398303560412
0.16855825181743772,0.16941419943555272,0.1528763255008392,0.13355124750200464,0.10694736075217326,0.04424646732054204
0.16863714508765343,0.2977185170673469,0.25456357514632205,0.2295423084663113,0.1883069482041044,0.07754252940276628
0.16871603835786914,0.4106497684080351,0.34244414739429907,0.31281276521299506,0.2874686674446668,0.09562759239199461
0.16879493162808482,0.4517723701638305,0.3680948402032203,0.3417776150289625,0.3542744658187378,0.08478879265699224
0.1688738248983005,0.4072846286452111,0.3105340305022632,0.29445369929000986,0.34558600493447633,0.04284437052662552
0.1689527181685162,0.3032946698645089,0.21853908347173506,0.20714033958823214,0.28768434787825614,-0.002475746303314894
0.1690316114387319,0.189298080157134,0.13153400546006716,0.12282716033434204,0.2144398313188667,-0.029744111102538624
0.1691105047089476,0.10696213388792059,0.0736207659258804,0.06556901125249492,0.15028307022115758,-0.03762083768240177
0.16918939797916327,0.05972771949686533,0.041465490203590784,0.034018845115980585,0.1033344722172128,-0.03468834312753151
0.16926829124937898,0.02876222159336044,0.020736210402658824,0.014223093303941801,0.059240866921696084,-0.024066499715282682
0.16934718451959468,0.01000174762221271,0.0068517646491565035,0.0021759260725801293,0.02326962565734113,-0.012175790200864298
0.16942607778981036,0.014479341009467055,0.005994253123967507,0.0016868321589320566,-0.0009041018196822938,0.0018926108264395818
0.16950497106002604,0.038444237815852135,0.02118472684408494,0.018655273401165004,0.010142651291842037,0.0088874439587244
0.16958386433024175,0.05900161998441968,0.035219851221889635,0.033303283162703166,0.041570616611835136,0.001843863939833376
0.16966275760045746,0.05851656750048063,0.0354048112206883,0.032509257563109906,0.06371037390895966,-0.012060240594248501
0.16974165087067314,0.041003754025142565,0.027188795569247245,0.019873077951572785,0.06429188395100849,-0.022563017462763325
0.16982054414088882,0.027720417181960517,0.0202725587443093,0.01030550744994242,0.050854022745151974,-0.0221787700703658
0.16989943741110453,0.032097234132325604,0.023170597942700842,0.015178609385779286,0.04861534259780067,-0.01692777093445705
0.16997833068132023,0.043262165319989054,0.02886684966656292,0.021300799588053303,0.05112625178466576,-0.013519378520139869
0.1700572239515359,0.04114220337997673,0.026738163372295856,0.01775040511599376,0.05420472280461636,-0.01821491538384806
0.1701361172217516,0.02285760058164189,0.028366781942163122,0.01333967429185466,0.040473821798932115,-0.013524918855556916
0.1702150104919673,0.00846951432612147,0.04016791802953485,0.0183795303277556,0.017631346432949568,0.0041879597428871726
0.170293903762183,0.015033164536524205,0.039599827028358944,0.023592546637253315,-0.000280849594967744,0.019077571507403784
0.1703727970323987,0.03636152203743541,0.034899314305191824,0.026847036874829196,-0.0018641607783469127,0.022632985451579487
0.17045169030261437,0.0602752418649663,0.04151638606712397,0.035469645555624124,0.009246827160518657,0.022908945439162685
0.17053058357283007,0.09165238515243748,0.061345824270662694,0.057684961847690966,0.023809574986007245,0.03206005942094825
0.17060947684304578,0.14509459709233066,0.11580460787009954,0.10794397526169494,0.056143110018599826,0.053447601511422804
0.17068837011326146,0.21881838042544616,0.19205307631780344,0.1782868171339786,0.11393243439427168,0.07734241510273882
0.17076726338347714,0.28238915728525027,0.2319928475035127,0.2188087332178791,0.17490628223475924,0.0760608467827703
0.17084615665369285,0.2920592446191766,0.22240994193251293,0.21177048777433527,0.20038957430973312,0.054839195355441
0.17092504992390856,0.22775659871346055,0.17078923823651626,0.158054821059701,0.16914419455217397,0.027505713483897375
0.17100394319412424,0.1271995244921257,0.10310197218318136,0.08899599594507974,0.10147348127886625,0.010974367700552169
0.17108283646433992,0.05851346392097077,0.058385824709702536,0.04661006049002799,0.03989242099488175,0.013545818422108833
0.17116172973455562,0.05397024849009887,0.07237520757850534,0.05926712752493642,0.006653106982429131,0.04356261273002031
0.17124062300477133,0.10207827893298865,0.12263199803943597,0.10917939874963004,0.01745324089680645,0.07736668719277827
0.171319516274987,0.1925831894165279,0.18213335894688448,0.16983391945872872,0.055379784447405295,0.10457953045353073
0.1713984095452027,0.3319185386643318,0.2957285017571759,0.2806468527439521,0.16077494756685481,0.13864864156554876
0.1714773028154184,0.5164176811045458,0.44715568865916006,0.42466087938137065,0.33342652064790224,0.18401412807599832
0.1715561960856341,0.700194978953721,0.6141155645594634,0.57659808153664,0.5808854083611765,0.2588905338643038
0.17163508935584978,0.7919313314793488,0.7062200458165193,0.6477005709520336,0.7797852341923422,0.3247125383817884
0.17171398262606546,0.7211493560943241,0.6182520935474536,0.566717037643665,0.7084795433732886,0.17781450659130668
0.17179287589628117,0.5249732953060413,0.42493417435078806,0.3952901410001593,0.5025933453932107,0.05116615655613359
0.17187176916649688,0.31322217067702945,0.26257954279525936,0.2433961547942145,0.31341102283917727,0.014390003795879196
0.17195066243671256,0.16352584555705604,0.1374986489048746,0.12519955362496185,0.1648423930275457,0.002579847607843337
0.17202955570692824,0.08854544328639131,0.08138918388026284,0.06997578743809985,0.08051951849225664,0.008086935238861555
0.17210844897714395,0.07056154513901547,0.05562323040925444,0.04684856678729623,0.024629212438761944,0.022857736871704986
0.17218734224735965,0.09519256663042235,0.058608541078596275,0.05743412886246891,0.006516210983167406,0.042171704672317116
0.17226623551757533,0.1525197169307727,0.09086340500630583,0.09521715517080205,0.04435635039383788,0.05011569622868796
0.172345128787791,0.2194610945979829,0.1460336728692038,0.14755997792590814,0.128038257346877,0.04330621663554817
0.17242402205800672,0.2542502982789513,0.18084358969126635,0.17564760114745262,0.2120056002963373,0.01656926299288592
0.17250291532822243,0.22704503860699954,0.17224830064493676,0.16224908378848021,0.23728544490446865,-0.01043724254474687
0.1725818085984381,0.15507135523869714,0.1282219141759498,0.11658029278860865,0.1997193705203507,-0.025890052246022262
0.1726607018686538,0.08168521875340436,0.06493310668550424,0.05633637753919961,0.13238901578253903,-0.03424003474616507
0.1727395951388695,0.03419392845438776,0.01344940195181525,0.009059243873959554,0.0725329445315829,-0.036191999383099464
0.1728184884090852,0.013386721331849965,-0.0018910532925101526,-0.006158091139867004,0.03775022623198418,-0.027522487114251037
0.17289738167930088,0.00783502756790697,0.002213858631399798,-0.003979313385666601,0.012696945063389014,-0.010783288903506267
0.17297627494951656,0.012360109575387164,0.01137787653875604,0.00406588391918954,-0.00039865868975894514,0.003496965178846653
0.17305516821973227,0.029652828719391372,0.03443658113889789,0.023332542869419274,0.0023514430311575,0.017295616986246473
0.17313406148994798,0.057480486433218944,0.045199888672737935,0.035617866791683536,0.014057258512014793,0.0201538364400371
0.17321295476016366,0.08084849430355912,0.044103208564260074,0.04356262800209058,0.03602113393009671,0.01340936373149172
0.17329184803037934,0.08240035526122341,0.03865725095747498,0.042054844819470874,0.046723841743820944,0.005795236148636136
0.17337074130059504,0.06637762486648222,0.02706702612685506,0.02788760807146873,0.04173496987684961,-0.002604694227136882
0.17344963457081075,0.05517156087904973,0.029332897636038656,0.025795408466802484,0.037442250557638564,-0.001714783892500613
0.17352852784102643,0.061186307924310734,0.04202477064526587,0.036081818403804276,0.039179162386553126,0.005507549197967777
0.1736074211112421,0.07255049825398378,0.05116021237141983,0.04740524358679197,0.046989448842326344,0.0099415328584259
0.17368631438145782,0.0677461445413772,0.043384875724006546,0.042170611913723385,0.041352711267088296,0.009101841775432457
0.17376520765167353,0.046729354786546745,0.01902996618003003,0.019962603160895424,0.017861112230037442,0.005320123353906837
0.1738441009218892,0.030133771051710778,0.006410634326043577,0.0056997600494598415,-0.01028873769076016,0.010721549745155724
0.17392299419210488,0.03443496477903044,0.00484720212393989,0.006708468091943653,-0.018019244990597653,0.01615408462265705
0.1740018874623206,0.0633069539771722,0.03238448070215704,0.035297242677489384,0.0017557329228783804,0.027245798685414425
0.1740807807325363,0.10692097205778635,0.064723459080797,0.066292777366634,0.03235619949812161,0.033892699034206226
0.17415967400275198,0.15646798207877735,0.1008443810814949,0.10081933421524111,0.07116358927702286,0.03872076246334443
0.17423856727296766,0.21930232215393677,0.1568859680360885,0.15283779509150006,0.12463364575436509,0.049730090131973596
0.17431746054318337,0.30278044957069333,0.23968464870315084,0.22825265533267286,0.20999382953168266,0.0635859367994078
0.17439635381339907,0.38833242199978224,0.3210017161930216,0.30299120294868387,0.2988819212100207,0.07943758022659374
0.17447524708361475,0.43168838195144016,0.37106018041056743,0.3480790494065507,0.3487957094249173,0.09449625086544183
0.17455414035383043,0.41305360883395537,0.373244870401457,0.3477925157694599,0.322230703282284,0.10979341851900946
0.17463303362404614,0.3545398396344216,0.29733955305153187,0.28446240333662204,0.22609113748421564,0.10472691270516872
0.17471192689426185,0.2774699105951018,0.1983195682622252,0.20016307710331038,0.12285341271982492,0.090568595865947
0.17479082016447753,0.19891303310176692,0.11666317784150093,0.12544679284466254,0.047156010511566884,0.0730201366278927
0.1748697134346932,0.1401114033618202,0.06789338564522447,0.07847527742632696,0.011186717313717238,0.0563105166815845
0.17494860670490892,0.11241691597753442,0.05325374235438632,0.061241254416340526,0.004486455782973625,0.046439978554812265
0.17502749997512462,0.11367382977657527,0.053074681644764476,0.0612143550946722,0.02017564765764398,0.03706655226031813
0.1751063932453403,0.1356783987240361,0.0654541476945445,0.07307791464260027,0.05628844265643727,0.025090464385733563
0.17518528651555598,0.16320195160705311,0.09374260125540212,0.09736161496026671,0.10052568032733226,0.018368010099276716
0.1752641797857717,0.17981764928830557,0.12788463162365227,0.12730666097030488,0.1340349876813009,0.0229006527884426
0.1753430730559874,0.1860343689610909,0.1376584251740394,0.13715010611456016,0.13888671749007842,0.028160535923171734
0.17542196632620308,0.18522099982022724,0.12257232554923252,0.12383002493100025,0.11102011424577338,0.033801090479039037
0.17550085959641876,0.1631329802072326,0.08719239159911071,0.09281582037354152,0.06585081551279566,0.03537817615781148
0.17557975286663446,0.11765426309765957,0.047535108819241695,0.05580661906712963,0.03320610208788368,0.024940850487592012
0.17565864613685017,0.07120495748116638,0.019996634179707887,0.027996635134907348,0.010368970324283935,0.016243365852514933
0.17573753940706585,0.0409063447968398,0.006683070196394425,0.012465265335708506,0.0065501694958790884,0.0060732793053107975
0.17581643267728153,0.026551177138534377,-0.008173366097973955,-0.002634543161605616,0.006145890269634664,-0.0057872008593580285
0.17589532594749724,0.02072564659901467,-0.01736405530994053,-0.011466512380529823,0.0027606965881607467,-0.010840767093254388
0.17597421921771295,0.018019951873227767,-0.008213659353460093,-0.005661226375073785,0.003544836265871928,-0.006657171008179706
0.17605311248792863,0.017653507540005463,-0.0025743520793119604,-0.0010000851725967214,-0.003476166808932049,0.0012775560319978798
0.1761320057581443,0.020849511817591815,-0.005734223766610877,-0.002816212608939656,-0.008913497113495492,0.0030741422399869914
0.17621089902836,0.024984716169922715,-0.010919050888670921,-0.005963065995878446,-0.011907848434789843,0.0023430132434533887
0.17628979229857572,0.023337758229955433,-0.013981517004608764,-0.007836978136020389,-0.010044604213601567,-0.00027346181274986726
0.1763686855687914,0.015163295432959337,-0.0067211099059139795,-0.004838390478844977,-0.0043278410030837345,-0.0012892697934273928
0.17644757883900708,0.006172007196043107,-0.0059108173071286164,-0.00774149590683236,0.00022458436630770393,-0.00633865723593064
0.1765264721092228,0.001243678854209678,-0.014821769291910957,-0.01612744570203871,-0.0045578391290815555,-0.010200313853542156
0.1766053653794385,0.0014819200961870658,-0.015511733896020624,-0.01793288214447549,-0.011202338902275335,-0.007674570421907794
0.17668425864965417,0.002583828671751368,-0.01737526770767961,-0.01630682600224442,-0.01671889334234665,-0.0030716055413411024
0.17676315191986985,0.0013517979084379174,-0.018478993711587507,-0.01636720308278076,-0.011205361043420296,-0.006417439644868576
0.17684204519008556,0.0004487039716622894,-0.01723700820285754,-0.017896963629651066,-0.005171843538052276,-0.01125171244350854
0.17692093846030127,0.0022470729632805622,-0.015953767383259095,-0.015927647455464943,-0.004978632748886841,-0.009788533535578722
0.17699983173051695,0.004617210162261974,-0.01097483874932693,-0.009969084635389787,-0.010315615656834356,-0.0018203946671694223
0.17707872500073263,0.005802517623576067,-0.010027819130246562,-0.007835692810840659,-0.012030511798354815,0.0009153930794337004
0.17715761827094834,0.013796931119138276,-0.003787909412663035,-0.0021964973099605945,-0.0030281364599450606,5.074251803828048e-05
0.17723651154116404,0.04454560926955693,0.024937944402924062,0.023276005100537567,0.010884248809957803,0.01214927329823124
0.17731540481137972,0.1040358551286351,0.07880682009899961,0.0764190688852636,0.02044206820716175,0.049148937384021145
0.1773942980815954,0.16984790810700576,0.1385071830263909,0.13651659467225985,0.03802908597007157,0.08742542554530143
0.1774731913518111,0.20289335580268383,0.1570322308163322,0.15872439760788967,0.04651141871162305,0.1006183746437071
0.17755208462202682,0.18798929713096124,0.12740615388919388,0.13445761331151135,0.0401821727560961,0.08447900515492666
0.1776309778922425,0.1417202918326604,0.07675599150918247,0.08576496792180931,0.029262581826854296,0.05144122952071514
0.17770987116245818,0.08916680996656141,0.03085589675393806,0.041833594022266295,0.012434303645956742,0.026112449131977047
0.17778876443267388,0.04805704713639453,0.00886287269502175,0.013818834251041563,0.009764576587956033,0.005236018444651979
0.1778676577028896,0.02179315355034572,-0.0068869620479947965,-0.005258586961543315,0.008710808104730268,-0.009424212846763924
0.17794655097310527,0.006989875451008627,-0.020881036007114676,-0.018540447656523833,3.844941052933815e-05,-0.014882798185755922
0.17802544424332095,0.012638161259771165,-0.014084651077146374,-0.013035258928972436,-0.00895027132140503,-0.005094852002624563
0.17810433751353666,0.05469559989197401,0.020639225434959465,0.022374919035448824,-0.007182730022305294,0.022227428530334232
0.17818323078375237,0.12497560457959915,0.06787532084331734,0.0723169778466929,0.01603478323143521,0.04846825739629447
0.17826212405396805,0.1813210906093567,0.1040448248264741,0.110435249236055,0.0521122459487537,0.05786495971409125
0.17834101732418373,0.18615249434246633,0.1041458171468941,0.11208685405185233,0.07437644680242118,0.04599481233215279
0.17841991059439943,0.14070188802198288,0.07008575279571894,0.07759774924838107,0.06910049007158228,0.021095003302090957
0.17849880386461514,0.0768073883936661,0.02448071361498706,0.02904249010824438,0.05021802265361073,-0.006757722609070063
0.17857769713483082,0.03149688507931369,-0.0035280868196905487,-0.0013007757348964203,0.037983559897066414,-0.02377038797941596
0.1786565904050465,0.01696601172503905,-0.010459275422498878,-0.01062954547392498,0.03538351403118134,-0.029687251197055394
0.1787354836752622,0.015405107402187406,-0.01029248546939844,-0.009064587384612433,0.028009705206717927,-0.024019671891531653
0.17881437694547792,0.014819903379030434,-0.01158809464880078,-0.009931556959795036,0.007971745523483769,-0.012727022811150195
0.1788932702156936,0.024554995754896253,-0.00720580622314604,-0.002097327379049894,-0.012359120851622505,0.005711302093063856
0.17897216348590927,0.05134079243590589,0.014926696461425642,0.020609271417538648,-0.005642021257236021,0.01989122382392453
0.17905105675612498,0.0806591091627612,0.0438005736377963,0.04645910046213595,0.02765910831838817,0.020734957720561897
0.1791299500263407,0.08811128752040358,0.05724027513607629,0.056229679450037186,0.061064118767393205,0.008629781432619514
0.17920884329655637,0.0628399981136355,0.04413487144228673,0.03868194573267023,0.06680193147347595,-0.008948839674107496
0.17928773656677205,0.024856658850142443,0.02489847132808869,0.014965580998317582,0.040698909729577126,-0.012355544854626987
0.17936662983698776,0.012315902359531892,0.01801714258706382,0.01018319510766308,0.004575631856892738,0.0054249071297229525
0.17944552310720346,0.03335652285564532,0.02208092983599707,0.019407495584011152,-0.015629597766391137,0.02489988095929392
0.17952441637741914,0.0612194949527034,0.03412756556131854,0.034926766240168376,-0.018248458958298273,0.038899673883082374
0.17960330964763482,0.07879735438315609,0.03668753158935032,0.04406909633029075,-0.019101444794466113,0.04673443837207798
0.17968220291785053,0.09074813762428902,0.039420748648999845,0.049770397584613595,-0.014243267001604817,0.04840387376495091
0.17976109618806624,0.10334243296471234,0.05320167096979036,0.06278142073477763,0.0001875663766653136,0.0502387517260922
0.17983998945828192,0.1090184602008802,0.05347920415838697,0.06320954354496951,0.022941544281772953,0.0370229323341748
0.1799188827284976,0.08873194427408586,0.03217289969099426,0.039944056412260086,0.03573629226140078,0.010670793424215726
0.1799977759987133,0.04031209188681663,-0.00028995702747922785,0.00464231983808722,0.020830494564768702,-0.008739464975097156
0.180076669268929,0.002000264219601966,-0.01696576908770962,-0.015210938533334365,-0.006125209628424432,-0.008528376607231875
0.1801555625391447,0.0178287371524108,0.0025847356518010154,0.0033738861688210465,-0.017711722901823566,0.013298010892290265
0.18023445580936037,0.08086827378103528,0.04453686898990589,0.048417373502328734,-0.005085392203709794,0.04185410338657573
0.18031334907957608,0.13921041424599204,0.08072393330928204,0.08825849680607582,0.020887962809589582,0.05843019353458523
0.1803922423497918,0.1584880719139242,0.09163062076957906,0.10108200990267946,0.04200626799471006,0.05626443317417791
0.18047113562000747,0.1437887230328226,0.0796797152250013,0.0888047699148197,0.049285608110319575,0.04199017271507246
0.18055002889022315,0.1151742171975681,0.05708500604247998,0.06526023381783115,0.0560876315629785,0.018894432396557432
0.18062892216043885,0.08760689080711116,0.03498389210441579,0.042379772212492804,0.06186050296470851,-0.003008676591929933
0.18070781543065456,0.05971381451988743,0.019868812858110974,0.021552690321648648,0.06015390583556676,-0.018730878841103263
0.18078670870087024,0.024959987040910403,-0.0019771235265992897,-0.002389901993402828,0.03426123243407224,-0.02241406755848798
0.18086560197108592,0.0008446578445524804,-0.017173578706109683,-0.017653392525759305,-0.004677304955173312,-0.01135214580159337
0.18094449524130163,0.016364702932445355,-0.004186607152585452,-0.005490653780319767,-0.01569784061638805,0.004988774963620882
0.18102338851151734,0.07300551494448844,0.03262384039646832,0.03481390829280247,0.012282856460872972,0.020568866757502326
0.18110228178173302,0.13425919263502717,0.07778108045564162,0.08169196359110578,0.06548483758830766,0.026572116546353653
0.1811811750519487,0.15798106814802154,0.09677223766447425,0.09843961750072915,0.10703727160570131,0.015346437814264079
0.1812600683221644,0.13637544881072533,0.07065963969384817,0.07273332563610138,0.11242908948150634,-0.008852568286278855
0.1813389615923801,0.09579508066318945,0.039104757264341414,0.03908947878675132,0.10464153297551232,-0.03139016112845707
0.1814178548625958,0.06735320208177033,0.027667787836405194,0.025976875839499276,0.10181054979661812,-0.04024248427042275
0.18149674813281147,0.05916543109482712,0.03133572328089413,0.027883751707849257,0.10978478428124529,-0.04352728421114736
0.18157564140302718,0.05167638278216139,0.032508511321407946,0.023621151842679714,0.10745838086756833,-0.04555012102659318
0.18165453467324288,0.03317956682893559,0.011778223984535166,0.005765323744587746,0.07112304528055044,-0.037985996031701164
0.18173342794345856,0.017120894022639072,-0.0066526633128967455,-0.007535546817896327,0.02958761118630577,-0.023739058017634193
0.18181232121367424,0.01663916687230601,-0.00221736007691199,-0.00047351355777043103,0.008359423082121554,-0.005379259116771452
0.18189121448388995,0.025316759861587167,0.01413893362261297,0.012790566855504138,0.02100550471213176,-0.002312018429033148
0.18197010775410566,0.025035798851267714,0.01820767007718433,0.01367703909326195,0.037279895136605366,-0.01134153358515471
0.18204900102432134,0.01344900327140905,0.007796125028277774,0.0033272591105181653,0.027242170399488837,-0.013630389965185334
0.18212789429453702,0.010451462757479725,0.010128894340972479,0.006998724958584588,0.0011617220311675774,0.004914268406930565
0.18220678756475273,0.032233343912313514,0.026207549833851578,0.025584998857596523,-0.011728094403391174,0.027517222122893724
0.18228568083496843,0.07290239356819891,0.05074426359033632,0.052429016761463804,-0.00743940631056271,0.04647654749051905
0.1823645741051841,0.10910185549976897,0.06547755361184286,0.06832238306238209,0.0066148120483135765,0.05086291027952243
0.1824434673753998,0.12478889252200681,0.06601480986445436,0.07284347231686332,0.012514143329157821,0.05098759411927229
0.1825223606456155,0.12557828898509552,0.06605922369923267,0.07546550207001568,0.01640002301077784,0.05078595935362089
0.1826012539158312,0.12184077577539924,0.06869443489307189,0.07618483102178972,0.03510826969698313,0.04022931480181599
0.1826801471860469,0.11325700355939494,0.06448058663714966,0.0695378077763297,0.04969723395882492,0.026165134462824445
0.18275904045626257,0.08903654358182192,0.04954520301072219,0.04994302619783047,0.052542589314653644,0.008662532873867868
0.18283793372647827,0.05263714989031218,0.020229763219167217,0.020890739744870847,0.02812097269273209,-7.266193448755651e-05
0.18291682699669398,0.02932404124426597,-0.004759724200645174,0.00034648269685184056,-0.00360432744415588,0.0024333912682507814
0.18299572026690966,0.03787454029584347,-0.0001352974803005876,0.0063843028598706796,-0.011907566604267105,0.012238393911382464
0.18307461353712534,0.07648215518664121,0.032355402494793545,0.03893930054000651,0.005637035473905094,0.027849063173865072
0.18315350680734105,0.12002617314921642,0.06335072583590493,0.07052613250327365,0.0351444739066459,0.035642874211656676
0.18323240007755676,0.1375906220073901,0.07019335792071486,0.07737617691441753,0.05141670968933986,0.03147256373221761
0.18331129334777244,0.12532410306343256,0.060751799049362704,0.0669541997638419,0.05371913914050802,0.021677380790975247
0.18339018661798812,0.09953964940172817,0.050797743110096015,0.05558934452360158,0.054625436164875064,0.011966299514724466
0.18346907988820382,0.07457734993493151,0.04505672910041641,0.05004515340096536,0.0565354393819818,0.006355012860525084
0.18354797315841953,0.0530939504438396,0.0352615422743038,0.03904721490363181,0.05224835041589848,6.859282767661191e-05
0.1836268664286352,0.03483505539179509,0.011732215854218558,0.01542897923265544,0.0223665557237667,-0.0010106535359910827
0.1837057596988509,0.025713793698504586,-0.007710140202363527,-0.002311421750350957,-0.012158370691463648,0.005419630823281867
0.1837846529690666,0.032640105050093286,-0.003471375530984498,0.0025450055293026047,-0.020282696356565686,0.014171958433656099
0.1838635462392823,0.06212519368185542,0.034050488878600405,0.03793416133409313,0.010402669215323372,0.02419604887526895
0.18394243950949798,0.10443001825558819,0.06958606373164362,0.0706807352340991,0.060228818391787856,0.02079899143532661
0.18402133277971366,0.12670104521596434,0.08420941362968119,0.08274512875045943,0.09258644881175365,0.011215474947476784
0.18410022604992937,0.11523580688314096,0.07592117626299336,0.07190785424452205,0.09454188178454634,0.0012400872420581736
0.18417911932014508,0.08827146963204151,0.05960870521702667,0.0538590273389696,0.08468088909067631,-0.007446003490175464
0.18425801259036076,0.06555079758725858,0.04855715691501621,0.03882355370751229,0.081031397458165,-0.0173804555808024
0.18433690586057644,0.053957888947061605,0.038027600761021935,0.028925248926148575,0.08071569088145376,-0.025157828106510363
0.18441579913079215,0.049287859225175853,0.027513328401613576,0.02014163517794166,0.06974235210243263,-0.02562055727504243
0.18449469240100785,0.042494122241568566,0.015976444948558106,0.01025007128537972,0.04780072707569672,-0.020392896686286747
0.18457358567122353,0.027840012923464354,-0.005125106016210798,-0.005101337117074725,0.014739463166642493,-0.012904229999969522
0.1846524789414392,0.01127503129358012,-0.021195163672292135,-0.017181698872942693,-0.0036285954965007104,-0.011601065873302951
0.18473137221165492,0.0023477894202762564,-0.028191873747579817,-0.02196667048676564,-0.014641872369235823,-0.008852519493662173
0.18481026548187063,0.0010442323826738138,-0.02388826846785448,-0.01874380887351382,-0.017879602945001852,-0.004331613521121776
0.1848891587520863,0.004751911174392267,-0.0181724660765115,-0.01362359747993306,-0.016021511150461687,-0.0013373082038993678
0.184968052022302,0.010264715993504451,-0.017165472002983913,-0.011757469899878423,-0.016979852829977417,0.0007320742440763909
0.1850469452925177,0.012891479047278298,-0.016604987016391966,-0.012357791317294035,-0.014003883537845355,-0.0015292884999918734
0.1851258385627334,0.014935193030638715,-0.009281646574159136,-0.006940195421052792,-0.009002591546124315,-0.00017790050623424697
0.18520473183294908,0.018264856794116043,-0.0016797562194103175,-0.0026120531654183115,-0.008709215558913602,0.00311558117620537
0.18528362510316476,0.019943815065447842,0.0012993286261895195,-0.000978828234478238,-0.009673791222205515,0.005001473989292231
0.18536251837338047,0.020860724316025012,-0.00412649478598733,-0.0023901941235905306,-0.015466379572531153,0.007335335044452589
0.18544141164359618,0.025438992760706252,0.0012282865789480847,0.004555639062191504,-0.01948984808792549,0.015308804106915827
0.18552030491381186,0.03825453362384725,0.017013001701631118,0.020049000985985544,-0.01818235617748202,0.02694042838705291
0.18559919818402754,0.061234519209582526,0.043486213195865195,0.04395858872796488,-0.011818723521435906,0.04229757024713959
0.18567809145424324,0.08848374376138729,0.0611659890002257,0.05984954878489221,0.002046236685353055,0.04677645411587099
0.18575698472445895,0.10318662442907475,0.056610998743592975,0.06060266757776962,0.013309379046197042,0.040668083017471886
0.18583587799467463,0.09291591991901067,0.03939007387635828,0.049425619688551754,0.025036822115566477,0.02468573678428916
0.1859147712648903,0.06787063673620622,0.026623559766697235,0.03570944005828925,0.03771575196675642,0.006083853069509954
0.18599366453510602,0.044750225118159986,0.013523862671242459,0.0181135725277852,0.03636384043176897,-0.007234160114350495
0.18607255780532173,0.030325786348041284,0.00878503675857902,0.010090694929596663,0.028393448434717385,-0.008897569949007313
0.1861514510755374,0.025417888002375204,0.0018420409156615176,0.0025076827564379785,0.01327109991907879,-0.005927945244676189
0.18623034434575308,0.028516561526246282,-0.0009517385568761272,0.0020806231892277747,-0.00035932491964378024,0.001882384538795283
0.1863092376159688,0.038617789287107566,0.007892210084848328,0.012029092386033887,-0.0049535942253266145,0.012603022152830311
0.1863881308861845,0.05562460214677538,0.015165351111668517,0.021876161014629837,-0.010948109000607834,0.024078817344253153
0.18646702415640018,0.0739879629383762,0.019803695189208652,0.02890163153056977,-0.016197753413354422,0.032846593851774915
0.18654591742661586,0.07873077673908674,0.019073233386464952,0.028950236693602926,-0.016430564031955152,0.033024696174124825
0.18662481069683157,0.059339136595596156,0.010319195436219725,0.018394700144050098,-0.01121789465847464,0.021450272097002007
0.18670370396704727,0.029147255673926075,0.00041184107191075315,0.0039026905744633127,-0.0008843880077457824,0.003656680165098454
0.18678259723726295,0.014329834659912688,-0.002090128204666221,-0.0025483488020303837,0.009798798647372202,-0.00790299769908357
0.18686149050747863,0.027715872005497025,0.019146726909607822,0.012681875389547004,0.017255945681370826,-0.0001561060307269263
0.18694038377769434,0.05677725795868387,0.04537565998943908,0.037493321552654175,0.016760562006734436,0.020043984096940165
0.18701927704791005,0.07972656636709735,0.06067813040293368,0.055793651817899595,0.012041531681687147,0.03755886658090285
0.18709817031812573,0.09132194070856632,0.06332330735878633,0.05859072343251702,0.014183426091215541,0.03852957685243366
0.1871770635883414,0.09905286453947472,0.060135600673115214,0.05656877562382663,0.02584685809084863,0.029946611591027066
0.18725595685855712,0.10738043907953707,0.06779292010407835,0.06633395024962786,0.045797068508169086,0.025907329447006522
0.18733485012877282,0.10750536413494355,0.06624636077643145,0.06593684099083008,0.0652311871085435,0.013973591373878437
0.1874137433989885,0.08323267816633742,0.04458339781031261,0.04400588402443145,0.07015265372794723,-0.00667177004397854
0.18749263666920418,0.03882622096330089,0.009587994065376661,0.009343562074440242,0.04959763945876858,-0.022196996079655088
0.1875715299394199,0.004557916265458905,-0.02025740331694932,-0.01817113594042626,0.013432960017138834,-0.02259566737962824
0.1876504232096356,0.0064454969917559024,-0.02260405147117039,-0.016356760727062193,-0.01474304634698716,-0.0042933809822686235
0.18772931647985128,0.036410585994174745,-0.0036362743247689094,0.004474193730301589,-0.020708621230499137,0.015972735177582548
0.18780820975006696,0.05904496645610396,0.011058540502197995,0.01911207983166807,-0.011958266540979989,0.022467833085274596
0.18788710302028266,0.05376353379748805,0.01193261773087968,0.018189756336553547,-0.009360841449482358,0.020175625342758238
0.18796599629049837,0.030720278572616513,0.0015804969392172576,0.006475338474393164,-0.014657322177077626,0.013956138574999773
0.18804488956071405,0.011600110576439811,-0.002716483647652657,-0.0010596851137350863,-0.013769113683517077,0.0073863580834435515
0.18812378283092973,0.009202224328445086,-0.007804529520537184,-0.007759143821483265,-0.002806892825612144,-0.004539813990019885
0.18820267610114544,0.016519188009288793,-0.011898793937978679,-0.011161472468613483,0.011549942757867325,-0.015852644424666804
0.18828156937136115,0.026926107181903015,-0.01108006769422592,-0.007446990629456167,0.004284342548392682,-0.008530593771699485
0.18836046264157683,0.05085503289967409,0.003933838900592603,0.012289268911782295,-0.010234377997337975,0.0159695950566697
0.1884393559117925,0.09669484516034997,0.038375144753844695,0.05211561346666892,-0.007988092302846462,0.046552457446960696
0.1885182491820082,0.15296622511925587,0.08349997003857718,0.09909274641928573,0.018573965604694074,0.06855021445516807
0.18859714245222392,0.18787831922853626,0.10905248372856147,0.12341796718009201,0.05751496812356714,0.06524303759462631
0.1886760357224396,0.17686123496054312,0.09873196392141581,0.11004661880338192,0.08301888351151634,0.039186501101081565
0.18875492899265528,0.12242301761192789,0.058735602588764875,0.06434881815924157,0.07568440561778286,0.006430735825874654
0.188833822262871,0.05518151136067973,0.0136695907958229,0.015768086158613602,0.03956692312796341,-0.011033812366199871
0.1889127155330867,0.012658427598115429,-0.011030159062230007,-0.009445648753462344,0.010571783349431494,-0.013892656105150539
0.18899160880330237,0.0073659150363699685,-0.01498862020620881,-0.012452507890487104,-0.010720747559140808,-0.003568849242528923
0.18907050207351805,0.025178202851486947,-0.008362193593808433,-0.002920166855851715,-0.020481590342081944,0.009911037241438207
0.18914939534373376,0.05674599714439166,0.012804122214489259,0.021047356920746902,-0.022143429505823688,0.030109170197604708
0.18922828861394947,0.09950926691524618,0.051442532232071535,0.060865855778696645,-0.011270226515123579,0.055528710589727526
0.18930718188416515,0.1419438085328295,0.08122583642570276,0.09507008666330881,0.00550480576984602,0.07305187600870447
0.18938607515438083,0.1581874766262153,0.08693024024696143,0.10198323957507255,0.030164668754461547,0.06401746181734483
0.18946496842459654,0.12876371331436567,0.05864890354608919,0.07074236978579594,0.03356997659120225,0.036755671540224834
0.18954386169481224,0.0651254721977916,0.013087565183373737,0.019812530074576278,0.01636567073794457,0.006094112068979504
0.18962275496502792,0.010926473427446433,-0.014296927480313266,-0.013403519982396238,-0.004452945468997744,-0.008079534861408458
0.1897016482352436,0.003636638678492259,-0.0056199442390293545,-0.00840705892121325,-0.011856741265939953,0.0003534661425685646
0.1897805415054593,0.033137291905960015,0.018744887295276545,0.014734858368248735,-0.002782696945235895,0.013473382985772013
0.18985943477567502,0.06223163903882561,0.0409981429134358,0.03892317197489995,0.011148300663486016,0.024544385415234127
0.1899383280458907,0.07923843665592123,0.05580109743339641,0.0545245855902017,0.017225083876225598,0.03344695892810001
0.19001722131610638,0.09284266115791069,0.06486541325204626,0.06424026174750312,0.034837828814270194,0.030758797506249474
0.19009611458632208,0.10787410080471191,0.07309561915424428,0.07119018238783506,0.0706821932926894,0.014960836195810467
0.1901750078565378,0.11392975776850071,0.07564066093806608,0.0716669621944416,0.10980212780750027,-0.008135904379146405
0.19025390112675347,0.09098207472054437,0.058689994875533245,0.05240384532896492,0.11731419761223764,-0.0282923094098027
0.19033279439696915,0.04315076611115143,0.018338074719725598,0.014003992351220438,0.08059647381109772,-0.03707453252250026
0.19041168766718486,0.006550250743146856,-0.012065749846688387,-0.013845494629380724,0.023156244543307034,-0.02494564647691453
0.19049058093740057,0.009286926240175332,-0.016932840582467364,-0.01471042694314346,-0.011942023415816412,-0.004648588277914978
0.19056947420761625,0.04120670051011398,0.0049992215464472085,0.008857285630562801,-0.011125713212977381,0.013752477315451539
0.19064836747783193,0.06550975006618683,0.027886882909795924,0.03016872236333719,0.0037956693431362887,0.021913925112833323
0.19072726074804763,0.062002797850436726,0.028149909664508248,0.028545126794183973,0.010991709488286419,0.01631110497087346
0.19080615401826334,0.04299282945191402,0.007820015587189581,0.010303533935275848,0.010430998459297937,0.002019477122082143
0.19088504728847902,0.030104077120819632,-0.0003037774844571513,0.0011506690839833194,0.02687743843964301,-0.015156592347803453
0.1909639405586947,0.033034753584016384,0.007620803567368219,0.0049320280620866195,0.05687357631686597,-0.030097700418239927
0.1910428338289104,0.03997812066208708,0.020823599471837585,0.01433314289821871,0.08775749802810828,-0.04112236380126452
0.19112172709912612,0.04130883602556302,0.014404015705222522,0.010054077648889883,0.07689680209824651,-0.03801804525148963
0.1912006203693418,0.04893975827783643,0.010433925323180828,0.011147296991278605,0.047479356568978164,-0.019480703099229914
0.19127951363955747,0.07439497814513173,0.02388657426434299,0.0304657324731571,0.021817435793580343,0.011380784609031996
0.19135840690977318,0.11272236192916452,0.056627683482229976,0.06500080236108595,0.02507761777722364,0.0371914465242708
0.1914373001799889,0.13933669646465338,0.08452882332080434,0.09055607552426535,0.04505581537728218,0.04592478489290733
0.19151619345020457,0.1290341264258628,0.07823910281504425,0.08047651048183392,0.054957005921814725,0.03186920673302619
0.19159508672042025,0.08875074860989286,0.0434947280299091,0.04646295115727877,0.03493086848786167,0.016393236908544512
0.19167397999063596,0.048830541645077774,0.011495216067394053,0.015894895180681122,0.00602893288057378,0.009134236849291915
0.19175287326085166,0.03059463375435083,-0.004388482521348285,0.002246361625698064,-0.014089697444609275,0.010227651118652595
0.19183176653106734,0.03541104130610935,0.0002609877033443055,0.007269947457957364,-0.018180383964206383,0.016700396098081306
0.19191065980128302,0.055197128603993166,0.014275018493200559,0.020864640074732852,-0.01599193651303784,0.026284061764883355
0.19198955307149873,0.08537349210528825,0.02770060294623814,0.038271078390203564,-0.005132475794546039,0.03374500993942247
0.19206844634171444,0.12438954049503925,0.05515684920452096,0.06682381580840069,0.015044623117251233,0.04463720640199156
0.19214733961193012,0.16453106118949765,0.08706373845468622,0.0972695471638114,0.042731946796650856,0.05274359825177744
0.1922262328821458,0.18136244122911618,0.09451053083788045,0.10377680468887256,0.061452832995550905,0.04690443078986087
0.1923051261523615,0.1501812601135385,0.07830513754267869,0.08404006175270884,0.052677421713479805,0.03611238645976268
0.1923840194225772,0.08902278697136624,0.032719994365547664,0.0390980007205279,0.01639754631342902,0.02154907831137277
0.1924629126927929,0.040081056141243764,-0.0025037067595346228,0.003077855674419566,-0.011030956114386007,0.00906434974710634
0.19254180596300857,0.022624978681863778,-0.013683316378621082,-0.009121394128470864,-0.014931973928674746,0.0016203191649139222
0.19262069923322428,0.030633901306767283,-0.004396753964427584,-0.0014348277219022613,-0.002236537366963743,0.00018772676181518137
0.19269959250344,0.04928303707365572,0.01730124586654345,0.017554589269556886,0.018027366790407392,0.003289553758891292
0.19277848577365567,0.06909339448466528,0.032114447515437454,0.03296173998861749,0.031238313598558963,0.00775126227199284
0.19285737904387135,0.08869144461002634,0.04537767717866651,0.04643235781208087,0.04833206930307518,0.008355228813458529
0.19293627231408705,0.10637625951212507,0.058804868699106075,0.058061624978582416,0.07743100880806933,0.0003014829156368156
0.19301516558430276,0.11123742097986478,0.06777472281328237,0.06373764616518704,0.09432828522458396,-0.0052544317246370435
0.19309405885451844,0.09024193697348051,0.06320207241787096,0.05657712614038008,0.08830501669239742,-0.007427445511870502
0.19317295212473412,0.056442550408206754,0.038421917115889284,0.03336868788793828,0.05335804574884308,-0.005162412772550288
0.19325184539494983,0.03192626576733261,0.010977973959700809,0.00978828227413788,0.003871984239078495,0.005529186546272815
0.19333073866516554,0.021457222568249817,-0.007944474274682822,-0.005502220518600781,-0.01935479753381619,0.007167288027524363
0.19340963193538122,0.02404213450529924,-0.005706981475358969,-0.0012007731853849067,-0.014403535086461342,0.007652795565692052
0.1934885252055969,0.0343192660760018,-0.002163071979442275,0.0017501620491611168,0.00512125780887541,-0.001660339124453051
0.1935674184758126,0.04157420718165817,0.004929646723329957,0.0070898342317486105,0.02024532759120931,-0.006427488895947325
0.1936463117460283,0.044480387683629385,0.011641630180365315,0.011496468035945145,0.03623787827327244,-0.012466376430268761
0.193725205016244,0.04895802524259982,0.02033406188431092,0.016189192185899204,0.059122943903872516,-0.02241801370819483
0.19380409828645967,0.05724872844386448,0.03830787518181401,0.029385551585273978,0.09218834301040729,-0.031695057447310826
0.19388299155667538,0.0616786617137199,0.049100569722720366,0.03639090942030545,0.11514279445559643,-0.039915089568292386
0.19396188482689108,0.05387093747591922,0.040934899563955164,0.02830270753655957,0.10448450793879345,-0.039986067427190214
0.19404077809710676,0.03643886826628835,0.02048765203916214,0.01273066080864481,0.07129835130175408,-0.03250460473982882
0.19411967136732244,0.01850958490030755,0.00161794260632918,-0.0009705398851415205,0.03164154065256553,-0.01970824985319916
0.19419856463753815,0.010203026870744722,-0.009366736137009543,-0.007624771153779824,0.002931031738110964,-0.007863710250041261
0.19427745790775386,0.015900007188985335,-0.010277075483246184,-0.006509072612519066,-0.006982815929583256,-0.0010403803892780274
0.19435635117796954,0.03209040103126406,-0.00024221026021179246,0.0033931719316033617,-0.008940744779831129,0.008066811140684166
0.19443524444818522,0.049144151956376295,0.005897581762286611,0.009722240654131308,-0.005767838944808629,0.011241221614226492
0.19451413771840093,0.05259784996764337,0.009260865028608565,0.011648185379989634,0.0005929811831119305,0.00898083954753798
0.19459303098861663,0.04078670531413636,0.0063110068685372335,0.007452733643104913,0.006412948944921188,0.0021375594726991223
0.1946719242588323,0.026684766350194192,0.001434887914272569,0.0015510637109818362,0.004716776502476547,-0.001577984615388799
0.194750817529048,0.018295411515888947,-0.0022735901870631005,-0.0026882836514731806,-0.0007560569241576096,-0.0017022929740457345
0.1948297107992637,0.01611287695381073,-0.007785849376745944,-0.005607900685731671,-0.0035164708714215736,-0.0023912713701599625
0.1949086040694794,0.020315003689263332,-0.007478429473402376,-0.0031997649434905274,-0.003983592230333989,-0.00018187272180506816
0.1949874973396951,0.03290664426506303,0.0024603477613824184,0.006881166944330104,-0.003398730712421998,0.007547478003638499
0.19506639060991077,0.05588153926006116,0.024453424328963625,0.02665010815211699,-0.004453510076038123,0.02402271006368735
0.19514528388012647,0.08797594445850847,0.047845393041140265,0.05174908216230455,-0.008453111738185233,0.046535868977294975
0.19522417715034218,0.11821935377309839,0.06247125750787379,0.06876478463039758,-0.008561074012784362,0.06025381760380507
0.19530307042055786,0.1262025923528121,0.0640188875007681,0.07242102587166495,0.004147417793606078,0.05562698599261066
0.19538196369077354,0.10658564122473846,0.057901131329660765,0.06408915554083082,0.014065264033292689,0.043021013846284234
0.19546085696098925,0.07681658898037767,0.042896037482598334,0.043872910815041216,0.02260329347927773,0.021676729104113442
0.19553975023120496,0.0529117772528728,0.029118362015261304,0.02594163959074479,0.024388775125758922,0.006212566955668014
0.19561864350142064,0.03992472246442474,0.02183165544992924,0.01797481422570471,0.021523667152405713,0.0015352407956000559
0.19569753677163632,0.03869783585457808,0.025282067042783574,0.024122705914161612,0.019815369863477303,0.007488270090600589
0.19577643004185202,0.05041661239151868,0.04063054063945763,0.04055036089330838,0.019793346287771407,0.02068657006101625
0.19585532331206773,0.07684598196220424,0.060388614213900633,0.061273369373317836,0.015286683039887557,0.04002865379836815
0.1959342165822834,0.11626966449370649,0.08325105534940878,0.0834312848222973,0.00970778596890379,0.06118035146942277
0.1960131098524991,0.15467099161902492,0.10696645927500012,0.10715673387090052,0.010491816324305264,0.07984971671181777
0.1960920031227148,0.16540407909825972,0.10158425072624934,0.10421930415663497,0.008989769227557261,0.07836671727272657
0.1961708963929305,0.13687780062200383,0.08863491298341435,0.08977575085212236,0.016057333605405993,0.0625226451904098
0.19624978966314618,0.09063861720118874,0.06754605716444893,0.06467227949341314,0.02624719954179909,0.03622971059135475
0.19632868293336186,0.05590044262275282,0.04374783020331024,0.0384387900161292,0.02547721689904655,0.015594415122615534
0.19640757620357757,0.047000387817245595,0.03745229189382817,0.03196934190892345,0.025170281901346247,0.010583083889768736
0.19648646947379328,0.0629022784028027,0.04383859766382962,0.04049069998665704,0.0277329751262126,0.01589453131648158
0.19656536274400896,0.09892789073271417,0.06498234226588992,0.06420679282582654,0.033259943985497975,0.0316730339575202
0.19664425601422464,0.1525398545150716,0.1043828722199617,0.10421817361007532,0.058659097565494894,0.0489234932223134
0.19672314928444035,0.21774763707852252,0.1529060961370756,0.15218057313943015,0.09569079610299543,0.06632681606800053
0.19680204255465605,0.2712551541707991,0.18345531260031347,0.18151972147724676,0.1333854216131301,0.06860958171283221
0.19688093582487173,0.27135950873342807,0.1816640615816738,0.17857424281608786,0.1554681334908868,0.05304057755626902
0.1969598290950874,0.2090556053700611,0.1421533987192567,0.13754216698967894,0.1431778660487434,0.025913887748763114
0.19703872236530312,0.1222734138866238,0.07721460538071027,0.07173617321428123,0.10061390277364786,-0.0025486485636367308
0.19711761563551883,0.051181737432492436,0.028215727818814467,0.022495091350276688,0.057385668097934474,-0.016313489704518163
0.1971965089057345,0.016000398793646363,0.009079062505976095,0.004233481193633578,0.030950535580640214,-0.015123747266154416
0.1972754021759502,0.009777756589167748,-0.0029282447075265946,-0.005889625248027262,0.015754076847833164,-0.014142857827200917
0.1973542954461659,0.009020491370403444,-0.0018271022885794376,-0.003925258019013273,0.011356787829438669,-0.009938343734184637
0.1974331887163816,0.007174530223727521,-0.011186148316407907,-0.01200623273413879,-0.003198401749427813,-0.007709753492572798
0.19751208198659728,0.014000652736957407,-0.01185876399302141,-0.008619623612067837,-0.009810011218930173,-0.0010411049051715607
0.19759097525681296,0.03299336158336051,-0.0026215862163542956,0.003060179462911528,-0.0016976221044387265,0.0034678447218609563
0.19766986852702867,0.05054900539979445,0.011385677728153703,0.018430845638337603,0.015326055575446392,0.005607826508815002
0.19774876179724438,0.05133789754835475,0.006552253379054903,0.012746888424948978,0.019664538861337486,-0.001544811248661306
0.19782765506746006,0.043560863778516666,0.008301543559837405,0.011707103695848814,0.016385436186425056,-0.00041688549077265085
0.19790654833767574,0.047118859748138814,0.013051795251442835,0.015309664362761337,0.006369172881545249,0.008461633905816479
0.19798544160789144,0.06894972529097933,0.03570591834235926,0.03757665650072646,0.0036138804596888017,0.027964222846505765
0.19806433487810715,0.09414112847169351,0.06045604082970234,0.061885900523670656,0.011402962625779755,0.042836022218442814
0.19814322814832283,0.09612050288166152,0.058828321756691206,0.05765395314794919,0.0264814208420503,0.03044105017717499
0.1982221214185385,0.06745367614581058,0.04004606370804789,0.03895926591533238,0.028612788088810723,0.014138345949006979
0.19830101468875422,0.027492137333809907,0.009685993464606881,0.007926513165828772,0.017731923873749656,-0.004253103500274114
0.19837990795896993,0.0034123763693864697,-0.01292422719990253,-0.012487803410232746,-0.000999624096127038,-0.009410623694106194
0.1984588012291856,0.006622675507437668,-0.016753338072357682,-0.013720477486235885,-0.011878276565679668,-0.0038930611375032676
0.19853769449940128,0.026021879036805796,-0.006411840965321059,-0.0017912223375083623,-0.01555062534672574,0.00786578701170608
0.198616587769617,0.051167745847691175,0.013884045947035179,0.017629158936045306,-0.017586964409935863,0.024645612002815485
0.1986954810398327,0.08114778250757228,0.04678335213608139,0.05098988142793313,-0.01668047832442833,0.05083575820276935
0.19877437431004838,0.11366325940286597,0.08465087531956854,0.08614408938494156,-0.012832034413249892,0.0767501225669518
0.19885326758026406,0.1377933601974495,0.11205811586929863,0.10825731424433944,0.005536832317184877,0.08366909265676335
0.19893216085047977,0.13437118788938326,0.1087541497298056,0.10293581658003823,0.014646775281983486,0.07398117295236438
0.19901105412069547,0.09564932861665502,0.07493147327636282,0.06540821829313843,0.01321728117116399,0.04458712273262439
0.19908994739091115,0.04477946129497345,0.040860838588454594,0.0317203642547782,-0.0001135191459252727,0.025494099094538373
0.19916884066112683,0.028550429148325798,0.025908121242709848,0.02188973296046392,-0.007751438358116576,0.022178565336499742
0.19924773393134254,0.0702820208745406,0.03815567131756438,0.04079627781473913,-0.007389105415621226,0.03711740369807045
0.19932662720155825,0.14080843039855379,0.07571167320614339,0.08457376169865499,0.0039776273003275025,0.06550434416503975
0.19940552047177393,0.208469294368745,0.1124352372259073,0.1256073695765059,0.02091429736258484,0.08863004472500942
0.1994844137419896,0.2636587010924389,0.1694120540751506,0.18184926863984338,0.050486241210439216,0.11734999395696857
0.19956330701220532,0.30562163626034095,0.22819186399802815,0.23452293446170128,0.10292699552350226,0.13134297628086414
0.19964220028242102,0.331964141286179,0.2680085703298067,0.26672889713964576,0.16592691922958816,0.12333559514393044
0.1997210935526367,0.31744020280259344,0.2647413791255978,0.2538344951006414,0.2102037241793794,0.08621048852420121
0.19979998682285238,0.24166850909262821,0.20227258590712618,0.18601727810310298,0.18847311685162468,0.03968549777129098
0.1998788800930681,0.13089257828212852,0.1161650906812335,0.10160057513832056,0.12937788165340583,0.0045080794208734705
0.1999577733632838,0.04137733192034483,0.03244212149833613,0.024296321454305915,0.053268563096837585,-0.012398290280158134
0.20003666663349948,0.009117499602549485,-0.00316603879545474,-0.003115384180588238,0.007945524781551496,-0.00724893028599144
0.20011555990371516,0.024459496514573815,-0.009687288096221892,-0.0011906097054791933,-0.012725068762094638,0.006656894121284654
0.20019445317393086,0.05539121174096553,0.0023919270508930075,0.014472513759460095,-0.01615269151399967,0.021258621047575303
0.20027334644414657,0.0855662317741062,0.026771482176779937,0.04034845762842536,-0.014774270811831278,0.041168734121629066
0.20035223971436225,0.11188099963973784,0.045439051872274386,0.06097150886844718,0.0032618328378570135,0.04695310947314946
0.20043113298457793,0.13294705254745567,0.07221122809550626,0.08555105368843555,0.045116241086373604,0.04183813641951775
0.20051002625479364,0.13771624542914276,0.08016398300479963,0.08819781306822636,0.07137310818076127,0.028334627955320966
0.20058891952500935,0.11006725449877863,0.06593120098055108,0.06841496557734662,0.08141516088216014,0.006286083276742002
0.20066781279522503,0.05924445888892345,0.030359123102927463,0.03012615243765347,0.06151201484734147,-0.012657471893000944
0.2007467060654407,0.017090704610309274,0.006237941289122405,0.006956281540516951,0.0315694898109539,-0.013311633176839414
0.2008255993356564,0.0027826593643347805,-0.01330267357082046,-0.009916950912757943,0.004926441268928078,-0.010894071285364801
0.20090449260587212,0.01023654744114695,-0.012510524771088518,-0.011017486503845892,-0.0017689516875885414,-0.0077720859080086515
0.2009833858760878,0.018160737059840417,-0.0010043155532232686,0.0005734557261163573,0.002832940570773108,-0.0012347628082359445
0.20106227914630348,0.015112222331170738,-0.011783409405639135,-0.008482679065341855,0.0013271744755107577,-0.007592082951242402
0.2011411724165192,0.0076954900071918774,-0.015330983656832626,-0.00997501203892273,-0.003813673363182581,-0.00571372587543924
0.2012200656867349,0.0052177951506207,-0.026171438060260503,-0.020259009915905492,-0.011901073935719307,-0.00912193035688695
0.20129895895695057,0.008110793951071981,-0.022994977754422226,-0.018321775598592892,-0.008056817277435718,-0.009867274712724234
0.20137785222716625,0.008747140020826496,-0.016162304820047522,-0.014817364590632221,-0.00617706025376175,-0.008181868644314328
0.20145674549738196,0.005199106720217018,-0.0101058909069655,-0.010901331518710377,-0.007559469921100858,-0.004216052134801447
0.20153563876759767,0.004492126026202415,-0.004809563208256605,-0.005794542549143348,-0.013390196531084307,0.003364775926553414
0.20161453203781335,0.01055581173271617,0.00226627872991352,0.0010428470767399538,-0.012456376168252294,0.008286122979059138
0.20169342530802903,0.017568062435557714,0.013363043239521824,0.010923331221480191,-0.008864208449840672,0.014055551921559597
0.20177231857824474,0.01527427238819924,0.012250502284819232,0.010031084900189228,-0.00552851689137652,0.011345606374195199
0.20185121184846044,0.005000518547264296,7.110090460078307e-05,9.605323548555495e-06,-0.015693042458825284,0.009394241386497913
0.20193010511867612,0.0023162345093452586,-0.011167034671126804,-0.00845239697976879,-0.018919153744259534,0.004541803627506425
0.2020089983888918,0.019067904264682474,-0.008588555762997063,-0.0031767215844087635,-0.012407926820907567,0.004875397094042196
0.2020878916591075,0.05059932682517688,0.016699865423077005,0.023118223856314894,0.010540746541391892,0.012228106585566145
0.20216678492932322,0.08067613644240988,0.03474434170141337,0.042029979547121794,0.020879557328634227,0.021225992963030654
0.2022456781995389,0.09917675110891566,0.053732022948866275,0.06093119971279705,0.022676724938261755,0.03534741779970163
0.20232457146975458,0.10872672758879294,0.06314944522434582,0.06814555580631775,0.013129482240194085,0.046841237616410944
0.20240346473997028,0.11410639076460137,0.08218175310150456,0.0818995413183834,0.026571400750206805,0.049921427653379556
0.202482358010186,0.11684687628088453,0.0989881146579715,0.09445883155166156,0.04798552815662746,0.047344213065492156
0.20256125128040167,0.10843794960702446,0.09838521395833842,0.09022783354961156,0.059791462441217205,0.03688800656483525
0.20264014455061735,0.08340524164907591,0.0859622628591585,0.07714838593287496,0.04939121396366607,0.03249623965120365
0.20271903782083306,0.05612500636182738,0.041073235348356545,0.03537167676275999,0.012521418461293655,0.020873914385860826
0.20279793109104877,0.039322906045758936,0.016475334186684246,0.017355865140228296,-0.011412305031456004,0.020734070891882592
0.20287682436126445,0.03526417254389678,0.0010473316741488766,0.006369479588062752,-0.023597675385333028,0.01922006366898899
0.20295571763148013,0.04301526045470597,-0.00044823652196526677,0.00847236448729376,-0.016747615685138655,0.01680677292012809
0.20303461090169583,0.0551518093636782,0.010771450805517486,0.021629498094633014,-0.009037182708874046,0.022738681689782745
0.20311350417191154,0.06357655177239363,0.015316645669365662,0.02554412902226115,-0.004344164517225855,0.023070810948436812
0.20319239744212722,0.06766912054241515,0.02484345478544561,0.033703242546547274,-0.003437337204206816,0.029069896394745845
0.2032712907123429,0.07057661476778682,0.02885200496025706,0.03577567519189724,0.013557498836103358,0.020579086078667142
0.2033501839825586,0.07307414610854997,0.03942569259206586,0.04540816471637739,0.029057005735990696,0.01905507934180907
0.20342907725277432,0.07143626980652852,0.03421961400248264,0.03843136561428415,0.030464596875321163,0.012607249923973263
0.20350797052299,0.062469597748305045,0.026656000627450455,0.03280986486371155,0.018041538672217604,0.01551927041475004
0.20358686379320567,0.04449014491868888,0.002835320782004064,0.010189339934979455,-0.00618567019122239,0.011865439625372917
0.20366575706342138,0.023103062186264133,-0.014158099895848392,-0.007131819144458473,-0.015944551776542623,0.003820874424421532
0.2037446503336371,0.010805777707050357,-0.013500449878495432,-0.008598618710316999,-0.015134116716793341,0.002160299909717589
0.20382354360385277,0.01086042247968429,-0.006339497942481508,-0.006311104519696107,-0.009146204886237533,0.00041222354577776497
0.20390243687406845,0.016342319483263663,0.0008178920430453665,0.0012814250808888146,-0.005119322159133713,0.004088793328108981
0.20398133014428416,0.022436371912918775,-0.0022098468180456487,0.002536657544521832,-0.007294741786035838,0.006395891329547959
0.20406022341449986,0.02856995607610366,-0.008132772020666717,-0.00020677007677252673,-0.017606959034144665,0.010365827187714914
0.20413911668471554,0.03636541599677765,-0.0031748062390429643,0.0037070008117431777,-0.0176876732254617,0.013550566213067642
0.20421800995493122,0.04761548400627452,0.00552209362429774,0.012768026713472854,-0.013651405647216617,0.018396856874273542
0.20429690322514693,0.06047424085322037,0.016099808106122486,0.022559000542365325,-0.0009966284810616947,0.018676913771543065
0.20437579649536264,0.06621152935733883,0.022295789797372723,0.026778003930177045,0.01920736834878592,0.009982101822054727
0.20445468976557832,0.058124195341476725,0.024306237692914016,0.02543837258141992,0.03751212152690887,-0.002043228361233629
0.204533583035794,0.041954446694798905,0.018473987365241175,0.015319649950556258,0.04186127117672413,-0.012767735471376206
0.2046124763060097,0.025877741463386963,0.014380012716569837,0.00855894153281634,0.03631840159363339,-0.0148700670848877
0.2046913695762254,0.014141324360148592,0.004524629861584673,0.0013761476519662324,0.015463121166226711,-0.008146102933814786
0.2047702628464411,0.008107258025903475,-0.012441093796397159,-0.012278724926348685,-0.0021050759307508723,-0.008581981967897818
0.20484915611665677,0.005281762875215074,-0.01951249661412327,-0.015470458332116011,-0.006915003971933184,-0.008264137357400813
0.20492804938687248,0.0033515215185258396,-0.026274047666305582,-0.02120079851666425,-0.011531087142355637,-0.010098370329358949
0.2050069426570882,0.0029420073489341064,-0.021942057205463814,-0.016806374752633833,-0.007668541725002097,-0.008884515557327423
0.20508583592730387,0.003875861676743665,-0.023276754609439773,-0.017046996681230157,-0.015077633615868663,-0.004646728072129198
0.20516472919751955,0.0033002368933635244,-0.025761896836225383,-0.019558636120004098,-0.012167909242123659,-0.008400763244847825
0.20524362246773525,0.0007046271172236757,-0.020812531989134495,-0.017545842678960512,-0.010038362794644347,-0.008060285822037817
0.20532251573795096,0.0014499874445616859,-0.004040445762027542,-0.005802133306659672,-0.0031506112809418663,-0.002765754064470315
0.20540140900816664,0.010397026782807847,0.015017733791623312,0.010457044769827076,-0.0019189435505452327,0.009528341537404188
0.20548030227838232,0.024590360462213943,0.017397389677858335,0.013184331941842254,-0.012527579391520665,0.01805830714176151
0.20555919554859803,0.03252681035580577,0.017007944650795796,0.015030966330875783,-0.019351516947478976,0.023619368064677085
0.20563808881881374,0.02562028810805006,0.004102132563034531,0.003814660183057297,-0.022680277299927054,0.016623963514892724
0.20571698208902942,0.010270523661834383,-0.011417231225938866,-0.009926958455428321,-0.01946970758030312,0.003689080859389116
0.2057958753592451,0.0005125312330497994,-0.023467069808720275,-0.020669955417034497,-0.013833757856156342,-0.008295811175824137
0.2058747686294608,0.0042116761374557275,-0.023037812739785467,-0.019982403076370003,-0.009475127109009994,-0.010350684619319936
0.2059536618996765,0.01627352096523359,-0.019213098691800837,-0.014114229731832757,-0.01651485844329275,-0.001435589128852946
0.2060325551698922,0.0271086227112704,-0.01625737964027272,-0.00853801831453747,-0.020523239557878104,0.005432857132564877
0.20611144844010787,0.03653487918304415,-0.003275271195964324,0.004657514027517691,-0.02195861498995748,0.016867542971901826
0.20619034171032358,0.04932178720147106,0.008766922493324957,0.014216956954894762,-0.018753442878282647,0.022609448878268892
0.20626923498053928,0.06566365390485022,0.025200409167210693,0.03217896209400069,-0.01654814931276943,0.03568197305199059
0.20634812825075496,0.07301383629486435,0.03839347879322965,0.04408425693941348,-0.004889555694711698,0.03826168572316329
0.20642702152097064,0.055799638601522344,0.013034077635719695,0.020188074112527595,-0.005455888433779737,0.01944236203122504
0.20650591479118635,0.022947261391800807,-0.0113826041496227,-0.007244955990225623,-0.009078705643280328,-0.0003766490713164145
0.20658480806140206,0.002043277766196258,-0.01959068406819588,-0.01794794604850405,-0.005066117095319636,-0.01135579992661993
0.20666370133161774,0.014870521266897009,-0.00823281252259995,-0.0065683806433737635,0.00037625273871878947,-0.005489169237532875
0.20674259460183342,0.05790000618356112,0.02286365148785894,0.025214269888383996,0.015617696033359642,0.010873879141786273
0.20682148787204913,0.10055471015863246,0.05527430094501385,0.060613884512159454,0.03387246677088469,0.028413513541140873
0.20690038114226483,0.12311424279186653,0.07287839150731308,0.08122733651723438,0.03166762227624179,0.04634738299668426
0.2069792744124805,0.1288805983744719,0.07105857803654703,0.07909721124330397,0.016921513886100387,0.053401038232749796
0.2070581676826962,0.12467926854889602,0.09899871431648387,0.10347796629748225,0.037372070542884044,0.06095544365986507
0.2071370609529119,0.11553680552667114,0.08491798476999078,0.08576460501364254,0.033985887141377756,0.048632642007052036
0.2072159542231276,0.09766710353064817,0.063628780899378,0.06121565657640934,0.049921252974753555,0.019315571613415843
0.2072948474933433,0.0667018465348033,0.06042431519016152,0.05109141520294342,0.06428299120401235,0.0025582851532692926
0.20737374076355897,0.03875367370147222,0.03847751508700324,0.02738927422900562,0.04354260268113008,-0.004087235671593491
0.20745263403377467,0.03936426666215866,0.03416704065087227,0.02619916804496008,0.023960021064743917,0.006675640738429612
0.20753152730399038,0.07002347217592626,0.041646887411302166,0.041402889525689233,0.010790904318060946,0.02674813746295775
0.20761042057420606,0.10282273962023937,0.05302440499542937,0.06034388801122222,-0.002358757309594278,0.04979879321305437
0.20768931384442174,0.11642663536519327,0.06133552770289226,0.07150658885612107,0.00033565121493212176,0.05716034424040684
0.20776820711463745,0.11102532659764955,0.08342884588699098,0.09353347019787406,0.01938035650093734,0.06358263600615352
0.20784710038485316,0.09467377838643525,0.053621767213770356,0.06274784679275067,0.010054365528913254,0.044332615200126144
0.20792599365506884,0.0754140291381977,0.041067970229729196,0.046761079767089174,0.02315076413621648,0.023670381324383215
0.20800488692528452,0.052831548843949284,0.04064099609893161,0.04177824095789154,0.04252197327456808,0.008086871580512673
0.20808378019550022,0.025549710346953223,0.014220019662374352,0.009973608191207736,0.03964903322719495,-0.015730426517603844
0.20816267346571593,0.007639566822179129,0.007012009365853811,-0.00035345363121211154,0.029410011338047763,-0.017877884369078292
0.2082415667359316,0.017850087674200297,0.010546728730671542,0.0045663377397823675,0.0074864114189111715,-0.0008179018575232822
0.2083204600061473,0.05388487205395469,0.026262073466242385,0.025051544048758954,-0.00779977633484799,0.024741515573952336
0.208399353276363,0.08642722364605453,0.04197213038067467,0.04555833134322231,-0.012694078086790728,0.044102589451968904
0.2084782465465787,0.09267337516883872,0.04741635509025776,0.052670837709735775,-0.007648894549318654,0.04679548763560572
0.20855713981679438,0.07740989039111325,0.03309899838776103,0.03682839062235206,-0.00684571397970699,0.03361158048148287
0.20863603308701006,0.0558993955061449,0.011638225049527181,0.0171247922395954,-0.007294177520686413,0.018086431648220453
0.20871492635722577,0.04209291600604689,0.010478276630796137,0.015442341465286433,0.007955941928155926,0.0076191289336805836
0.20879381962744148,0.03540570525449058,0.0034612809961475613,0.007738852006866288,0.012280490644111054,-0.0011425399847959854
0.20887271289765716,0.02498247120534435,-0.0018456602969760053,0.0011867896133270705,0.0006774412330162877,0.0005459624847594782
0.20895160616787284,0.014813800220547882,-0.007558891802485921,-0.0050098658329307145,-0.009743887045853232,0.0018126590327091313
0.20903049943808855,0.01754662239725994,-0.010449595916033522,-0.006756339389830088,-0.022932453535921212,0.008302628541044783
0.20910939270830425,0.0369863087093966,0.008061884955083124,0.013183454765811465,-0.01466781000471467,0.019337639479156638
0.20918828597851993,0.058661767420171845,0.018371258895326096,0.024809209324264708,0.007365887707978799,0.015482124259205303
0.2092671792487356,0.06090106507326587,0.020886394513396616,0.028233270733079414,0.025861990949172377,0.0071705515474196025
0.20934607251895132,0.04607772165952451,0.00538367286870972,0.013242064201110208,0.01855925592713614,-0.000486593089392994
0.20942496578916703,0.03449757053727955,-0.0018084234802753904,0.004945795656067743,0.024766367161346742,-0.010851362028014217
0.2095038590593827,0.04252334382595505,0.011343315261992191,0.011946953333477579,0.039826642361015914,-0.014254303537698874
0.2095827523295984,0.06891489340684301,0.03688551030223251,0.035315918657803216,0.05625955931641717,-0.005335521482513681
0.2096616455998141,0.08943675721853987,0.058130306591953965,0.055148694370872914,0.07237714375766356,0.000980015640442445
0.2097405388700298,0.08772565580515562,0.05754220121858775,0.05232709222603155,0.06189275711164861,0.004986363299229422
0.20981943214024548,0.07121904100722043,0.04556787025806498,0.042585451099060055,0.03311461742591956,0.014361286451712354
0.20989832541046116,0.051675574463200466,0.020132639784364897,0.02115420523506066,0.0034897733386786804,0.014868697481115661
0.20997721868067687,0.03585094740265986,0.010851957455243666,0.013280512790404134,0.0032000105736285154,0.008730186103263315
0.21005611195089258,0.024060143051187182,0.004271413609849548,0.006427652990109428,-0.0014296172197372334,0.006006361999276836
0.21013500522110826,0.017259525063185965,-0.0008920113290460193,0.0007388966219438515,0.004712384423925211,-0.00222625888919163
0.21021389849132394,0.025775761932898746,0.006302799876726284,0.009390875289061063,-0.003001521772293491,0.009321281269590783
0.21029279176153964,0.05679439819106537,0.023413332756155945,0.027741990374764235,-0.008452226884001905,0.027287836341096473
0.21037168503175535,0.0986141732748512,0.04544074816691302,0.0506101887897237,0.0054777623587276975,0.037311023253424426
0.21045057830197103,0.12693912941184632,0.07751601170958772,0.07744430603396588,0.02073001578101261,0.049803747049018354
0.2105294715721867,0.12912727830614945,0.08327385085970777,0.08225968060411032,0.026191112352952357,0.05043815994962092
0.21060836484240242,0.11060035270263534,0.0662269185964754,0.06741509534578319,0.020223000260435053,0.0420280918207253
0.21068725811261813,0.08265334282878334,0.046781145504519644,0.048532801052228,0.01509902552757787,0.02990110461074949
0.2107661513828338,0.056484463641934796,0.02850612208129427,0.02924400306436027,0.011373379423165028,0.016643592482481064
0.21084504465304948,0.038393076354219645,0.01661518917093462,0.01645843011174142,0.020389558140671005,0.0009975707689797873
0.2109239379232652,0.030922632591799705,0.015541246562448496,0.015163872583893512,0.02340976068671833,-0.0018473707956278577
0.2110028311934809,0.03897433347708866,0.01793502159779579,0.0191117583093408,0.01738335533315656,0.004923489904177667
0.21108172446369658,0.06344145356176362,0.021615495226866066,0.027349129550756815,0.005929835246820069,0.01837731492534893
0.21116061773391226,0.09339242411123402,0.04458588353970524,0.05141797911718645,0.005973164585228569,0.037664020507791975
0.21123951100412797,0.1114151761121406,0.06058303647329172,0.06613800676224425,0.003981245859182796,0.05067546120004993
0.21131840427434367,0.10726659842379974,0.06106720419482259,0.06500794023307706,0.00527841664185309,0.048994659562829314
0.21139729754455935,0.08453660917496038,0.042292543112299415,0.04309532622482628,-0.0007138800353647103,0.03497562125892846
0.21147619081477503,0.054553208314818843,0.019182488085554093,0.0198040598818228,-0.0018096853082636383,0.016954647086905007
0.21155508408499074,0.02936946444625737,0.0004932209292545835,0.0028707944263837485,0.0016493805672729083,0.001314282109467163
0.21163397735520645,0.013425978021349805,-0.007111362021750149,-0.0046870698423501795,0.005329028307710623,-0.006943558522837609
0.21171287062542213,0.0037053290375892436,-0.014873264629858034,-0.014199770091765358,-0.0038820214377958506,-0.009059199322697097
0.2117917638956378,0.0012368118499956698,-0.022163664357476732,-0.01910942434608927,-0.018565213173347868,-0.0042147695280698
0.21187065716585352,0.010265599509605493,-0.014004743931863666,-0.008866217454843318,-0.017204580329981057,0.003184343039481152
0.21194955043606922,0.03001378017518815,0.002971363245850499,0.006889513719207739,0.00095109477823875,0.004952707657443779
0.2120284437062849,0.050607285698356944,0.029257088072853158,0.028627055269078758,0.030325884905088918,0.004816675344870719
0.21210733697650058,0.057906393856167145,0.03656524576844705,0.03384397607823952,0.03558812063343911,0.005857997175193021
0.2121862302467163,0.048577571328452286,0.02777030732396068,0.025764363683948157,0.031061804598691446,0.0020785697159716007
0.212265123516932,0.03247381206559067,0.009905396588067593,0.008701222578035798,0.018557135843282967,-0.004125756137226964
0.21234401678714768,0.020172849497352922,-0.0023897623913115727,-0.0029583577128627267,0.02405025765454629,-0.01675756628269418
0.21242291005736336,0.01639725032071433,0.00027604053286893297,-0.0019120076128692743,0.027959140990700994,-0.01825843277468366
0.21250180332757906,0.01794830947443795,-0.0034317533791808686,-0.004701577078102461,0.021085617109516185,-0.01638050577577938
0.21258069659779477,0.01774471357579066,-0.006706723425019239,-0.006047382334130677,0.013651773357832894,-0.01301170650340052
0.21265958986801045,0.01349530628947752,-0.009098245550957952,-0.009081914139304453,-0.0007763619967717703,-0.006814342947619766
0.21273848313822613,0.007971091534449524,-0.017427309946097622,-0.01464001655968502,-0.012070338629912983,-0.0045153989770328196
0.21281737640844184,0.004540735259350423,-0.02423738264211534,-0.018952881383555453,-0.0166686311142094,-0.005223529012353292
0.21289626967865755,0.00482595932636496,-0.02266998416376648,-0.01726754865604057,-0.0151765307844509,-0.0047644309298938755
0.21297516294887323,0.008214864282844266,-0.014049095738797394,-0.010241507527164248,-0.018591856570332906,0.0029117385929177493
0.2130540562190889,0.012683857782447691,-0.012905261765357959,-0.008263530820875073,-0.01689389596156542,0.003481612569166928
0.2131329494893046,0.016496602281687447,-0.006562619860299011,-0.002958020330874966,-0.012078341923396716,0.004853532751158347
0.21321184275952032,0.02016101831002909,0.00413666387409113,0.004972914630316426,-0.0017527468059140498,0.005033737624203456
0.213290736029736,0.02476247665214106,0.0028379213957459943,0.003314887299831967,0.003977408874803408,0.00027783578646306046
0.21336962929995168,0.029108063590145807,0.010171374085681672,0.009061968804842262,0.0062290397117398715,0.003537384426296984
0.2134485225701674,0.032048640579154755,0.003625797864929161,0.0039294383349546035,-0.0037682157114155754,0.005402878860704731
0.2135274158403831,0.03445111758688984,0.00158574738403516,0.00401358966485089,-0.011021112357123308,0.009808347883340623
0.21360630911059877,0.038048488849736564,0.0023896471422203826,0.00545470719900566,-0.018529428086007004,0.015454651849948368
0.21368520238081445,0.04441370479819894,0.010852804914032918,0.013705980356688623,-0.015414575178494249,0.020202964300618163
0.21376409565103016,0.05388014223907575,0.01635436882252082,0.019603709685372516,-0.011095794726312194,0.022346090072113436
0.21384298892124587,0.06293733823307865,0.021036261930385332,0.02474987781831175,0.00797195813284226,0.015072250083207244
0.21392188219146155,0.06455791921166273,0.022925206371400764,0.027073426280657564,0.023494239517772016,0.007655744024244388
0.21400077546167723,0.05644944482541602,0.01640960272542819,0.02033102272965178,0.02540292482086057,0.0011044902476928771
0.21407966873189294,0.044275590041975066,0.024078517933153794,0.025280964684863433,0.031004496080701598,0.0017248833925851616
0.21415856200210864,0.03395812661399881,0.012741703032874592,0.012264421072768261,0.003910772658887374,0.007490696657360151
0.21423745527232432,0.027268915188909202,0.000441482173245271,0.0013830810999332277,-0.012644368564272142,0.00867124236796666
0.21431634854254,0.02315330441294348,0.00021969163152489384,0.001247562909870031,-0.015177089888333611,0.010077702462944286
0.2143952418127557,0.020241799438741288,-0.0047792007068054015,-0.003070911900674859,-0.016036698049091296,0.007130935936970182
0.21447413508297142,0.018302991598007388,-0.004033810209928797,-0.0013269363749645264,-0.013295969907531239,0.006889139813022066
0.2145530283531871,0.017088060667844227,-0.0028492866334761955,-0.0013625190514338064,-0.015322428367578484,0.008072859833295011
0.21463192162340278,0.014329601425697029,-0.007094247222752734,-0.005542179501008074,-0.018977612074000155,0.006909593464338392
0.21471081489361848,0.0085219081217336,-0.009673804127766472,-0.008787440111071361,-0.010882108560430847,-0.0005343883922098188
0.2147897081638342,0.004296865225850691,-0.0012332513936105635,-0.003010549001606076,0.0064200463207218575,-0.0062525106942484575
0.21486860143404987,0.009269323591964442,0.0030235246545790282,-0.000304097239806851,0.00364705476077499,-0.0024249772667525337
0.21494749470426555,0.02501502682926337,0.02105334325664253,0.016458301384288186,0.0045855807239603375,0.010448949856660087
0.21502638797448126,0.0427763402290504,0.035413364356678405,0.032767187194944564,-0.0039374230161958925,0.02861817668635823
0.21510528124469697,0.0505587542770204,0.02421511837901788,0.027594110322263304,-0.015182509616966534,0.031192079443513637
0.21518417451491265,0.04591389604153159,0.011950386609832397,0.017627205273246727,-0.022248273385290306,0.02743205346677694
0.21526306778512833,0.0358717245314619,0.004677018003622446,0.008978449343044603,-0.025342348952792693,0.02235441822507381
0.21534196105534403,0.02872505060717212,-0.005702190377369035,-0.0007660140876077345,-0.01885178438393991,0.010662383697892667
0.21542085432555974,0.026442318921463346,-0.008624088639047433,-0.003587106309302536,-0.012016157613307326,0.004312138137043438
0.21549974759577542,0.02170627245900715,-0.015008806349954568,-0.010342617870829452,-0.0071366197196308795,-0.004021093696644518
0.2155786408659911,0.01195399013624009,-0.012860271242945817,-0.012335755943458714,-0.008294220517283827,-0.004926460028788467
0.2156575341362068,0.005809285502645553,-0.008916098954146042,-0.010614344039100002,-0.011733388924513253,-0.001489663604615455
0.21573642740642252,0.010883976361913829,-0.0024975432539988815,-0.0035306451043874954,-0.012149096607398976,0.004436910383981514
0.2158153206766382,0.024430147211756962,-0.002547918410007527,0.0004718692168680685,-0.013479734530305694,0.00844068790549115
0.21589421394685387,0.03236943963979414,0.0036432386099124183,0.006949399024546622,-0.009610249583710453,0.011317161730929939
0.21597310721706958,0.024899143251167974,-0.0028902772536348515,0.0016194429741550405,-0.014002955819207246,0.009673352532071227
0.2160520004872853,0.009472288880453577,-0.022337345417801566,-0.01758561763592632,-0.01887973355746457,-0.0028046151826611014
0.21613089375750097,0.0004926479270402133,-0.02382201207176106,-0.02080176527352333,-0.014251909079581734,-0.008151473884975599
0.21620978702771665,0.005627171736109819,-0.019862899494189026,-0.015195795814681756,-0.012128330674190457,-0.004926302017443251
0.21628868029793236,0.01921668450585349,-0.010094810666153451,-0.004366185257826243,-0.00312801739350045,-0.001628411118338074
0.21636757356814806,0.03166599612129649,0.0060130378127964115,0.00969488298955965,-0.004866539901492193,0.010680278794916778
0.21644646683836374,0.04232973939377433,0.014693858789462473,0.01693519085901943,-0.009765899915350972,0.01941246233176508
0.21652536010857942,0.0540639964545426,0.024639909475390985,0.025879907507074404,-0.006915946925336781,0.02487714869438216
0.21660425337879513,0.06659801408784043,0.034955703990800516,0.03804124050348147,0.00248235032014795,0.02901273691429991
0.21668314664901084,0.07184534029056051,0.0394754428031092,0.04150332546372031,0.014954901943637532,0.02434192999068405
0.21676203991922652,0.059956606884630184,0.030492044461253684,0.03081439486169282,0.03198285100883525,0.005581603734109369
0.2168409331894422,0.035892110382657175,0.016646375215409463,0.013026239032529372,0.03191403530394896,-0.008650923064128171
0.2169198264596579,0.015421017074550066,-0.00046929310525889055,-0.003205217295141488,0.0138868893764595,-0.010874745228670683
0.2169987197298736,0.009487671619509051,-0.01315859671296581,-0.011722701739588682,0.0006190543934693621,-0.009765370802550605
0.2170776130000893,0.016269722133351858,-0.00779156790229534,-0.003698281100402192,-0.01424035750474672,0.005553508179489112
0.21715650627030497,0.02602718120455041,-0.0005523612114064311,0.0041783834147046,-0.016122579627217578,0.012992010453293684
0.21723539954052068,0.03351850963802085,0.005602783420160529,0.009106789669917615,-0.013524016683795815,0.01538689044272537
0.2173142928107364,0.03973510735870988,0.015225813899655799,0.01773246736316253,-0.007891275096699747,0.0189304540608672
0.21739318608095207,0.045832168378142565,0.0055728326923518735,0.010787263503984647,-0.007070388342133747,0.012873714855391814
0.21747207935116775,0.04564391256831061,5.4069568023780485e-05,0.006580462197659554,-0.002121256064059244,0.006542472804970431
0.21755097262138345,0.031448406917060176,-0.008958630823579759,-0.004160981682874969,-0.004710880874925684,-0.0005172602127608165
0.21762986589159916,0.01100837675387632,-0.015155804972378525,-0.014647291796460443,-0.00694622248294116,-0.007585579366880584
0.21770875916181484,0.001590418321289808,-0.01856047923138918,-0.018423345410387967,-0.007784271341820803,-0.010111672810157677
0.21778765243203052,0.012894551918308014,-0.009593679986695499,-0.008067395399350932,-0.017134941489041697,0.003783036075567798
0.21786654570224623,0.03634552006222166,0.009687332795076314,0.00992925004143158,-0.017203354036773415,0.01824676546269789
0.21794543897246194,0.050774940425150974,0.01827003128361281,0.019325706035487337,-0.016782970832352823,0.0255240705067505
0.21802433224267762,0.047996461496809854,0.012392578675386555,0.01731191042746202,-0.02048317571884601,0.026123667870847012
0.2181032255128933,0.036340828973187654,9.269211301712456e-06,0.005721743267663735,-0.023062413881081684,0.01838076793941493
0.218182118783109,0.027001445489619094,-0.005097864818519923,2.225462582231494e-05,-0.020726553638144136,0.012415823306711524
0.2182610120533247,0.02435934674999578,-0.008349207896508046,-0.0036506241410521243,-0.013446245892305458,0.005116673197519216
0.2183399053235404,0.021020831629418976,-0.013156487133040571,-0.009237437655960702,-0.007982840742056038,-0.0026291313275443374
0.21841879859375607,0.012740688782823117,-0.018715883429817264,-0.01585247344661739,-0.010851892619747007,-0.006216138482938288
0.21849769186397178,0.007019187802869559,-0.016747054188816946,-0.015662823247264753,-0.016247556026240652,-0.0028371325000294146
0.21857658513418748,0.011317239889496091,-0.008607144738448053,-0.010609897388934678,-0.0137856593226131,-0.00025858721843858044
0.21865547840440316,0.023428352478623057,-0.000636026906316651,0.00020808069234843892,-0.004321722522820775,0.002751542731203719
0.21873437167461884,0.030069648179634322,-0.0006332803617029602,0.0024232495717222205,-0.002142898146529888,0.0032237035690219906
0.21881326494483455,0.022662936918549446,-0.0001102209379148885,-0.002563143925162685,-0.0025244994959378727,-0.000544322567623784
0.21889215821505026,0.008830007278050807,-0.00021562383097081767,-0.005438088676626816,-0.008778187379260562,0.0008918325017807345
0.21897105148526594,0.0016879991478129302,-0.021075211777194083,-0.019246171855302422,-0.013430993131338952,-0.007394908687322251
0.21904994475548162,0.0073720954743458425,-0.021827805545130464,-0.01897415855660894,-0.0017675479661247563,-0.014150681727975055
0.21912883802569733,0.01962033786056918,-0.008062618566925731,-0.0071688530039981475,0.006875977621816958,-0.009857676510367423
0.21920773129591303,0.029438568263579774,0.003784770029282715,0.004261615347236849,0.0071209734803247314,-0.0008435579230117926
0.2192866245661287,0.03609703513567307,0.00562382699335434,0.006456300283072155,-0.00276010477026994,0.006825038508477312
0.2193655178363444,0.04216908293600148,0.0156310577532107,0.015462978295373896,-0.009131668543052451,0.017853426083187445
0.2194444111065601,0.0482452016301296,0.02994217436106522,0.027584229171966537,-0.0024662503005509176,0.023583823480401927
0.2195233043767758,0.049886826734920404,0.04147531826993044,0.032184209398122936,0.008146793689075765,0.02093042277638933
0.2196021976469915,0.0418966200853655,0.03426784973515942,0.02357013291341167,0.015561273042990771,0.009588821646860325
0.21968109091720717,0.029217702816934265,0.024866508923580152,0.015346798725497742,0.017640298997739903,0.0017506946806224602
0.21975998418742287,0.02267050484834232,0.022625678989052878,0.014422960579923507,0.006366052494401039,0.007752687645353661
0.21983887745763858,0.026751004504741462,0.027694087087763216,0.021825621423051715,-0.00627623654419943,0.021245261316737735
0.21991777072785426,0.03680234520410959,0.008155329426965426,0.011171786428225302,-0.016396672914685554,0.018759832293066478
0.21999666399806994,0.04606563401697902,0.009185711203660513,0.01289450681838197,-0.02073067932725855,0.022732676785042996
0.22007555726828565,0.051790463617363953,0.020754846295614176,0.02201987415467717,-0.018064361740047753,0.028448877889895086
0.22015445053850136,0.054628781082721393,0.021696566185113897,0.02453724627114161,-0.01294501553781428,0.027405083818075947
0.22023334380871704,0.055861228570896454,0.02000543126043971,0.02372391417539586,-0.0023693581926703864,0.020431314870342044
0.22031223707893272,0.05253691882864888,0.020516885614565175,0.021715021061092306,0.007405018547460374,0.012977622623942076
0.22039113034914842,0.03955478954679092,0.013896924145299874,0.014551959701970155,0.011814932215451808,0.004597549490534976
0.22047002361936413,0.02031595383702722,-0.005112998901100214,-0.004613504935926047,0.004018958571567874,-0.00610106852765545
0.2205489168895798,0.006055356730577801,-0.021703997905486314,-0.018521036575406793,-0.006579294414666118,-0.01091048373485337
0.2206278101597955,0.004205443784270956,-0.025403124943316657,-0.020039961484797524,-0.013387558542734612,-0.00805741837299425
0.2207067034300112,0.011570873028081618,-0.01704943659349353,-0.012662842438803824,-0.016179371399295556,-0.00047260657405094706
0.2207855967002269,0.018644842326048405,-0.002447584510154437,-0.0026507377746357343,-0.018965736979002324,0.009220031023803177
0.22086448997044258,0.020292858801110196,-0.007004777538525674,-0.00438636509292771,-0.015907824492217882,0.005999506196395045
0.22094338324065826,0.018236020231179515,-0.014377051832125865,-0.010126622975342682,-0.014407825580508194,0.0005009724317157776
0.22102227651087397,0.01624957346227354,-0.014886080799190255,-0.01126688115993962,-0.009981793436600736,-0.0030603645770306887
0.22110116978108968,0.015606761064745973,-0.009269871492299893,-0.006958320184829716,0.0022382744767556234,-0.006915285304825752
0.22118006305130536,0.013557524536397372,-0.00955238879896364,-0.006271891521578743,-0.00247048708984336,-0.0035490122303113644
0.22125895632152104,0.008359898443584047,-0.012953642913250156,-0.010180304790491507,-0.010085786038955128,-0.0021271664915782904
0.22133784959173675,0.003209834987841154,-0.018651524039219033,-0.015262349306947967,-0.01546313946048376,-0.0029851946790048814
0.22141674286195245,0.0018807245464567675,-0.021197507312805786,-0.01804360605905786,-0.013531910502135371,-0.006370263639216012
0.22149563613216813,0.0038336236881774174,-0.022458290028444766,-0.0193226891846438,-0.004975849553962528,-0.01251188639754155
0.2215745294023838,0.005520180397286204,-0.02023921178564338,-0.017802771380339408,0.00027171002603035077,-0.014430964557334173
0.22165342267259952,0.00463104880051347,-0.021690482327885532,-0.019555201401949187,-0.0021132496774718275,-0.01440977823158719
0.22173231594281523,0.0021827193791336377,-0.020532527509855233,-0.02059694318782051,-0.007275399442016769,-0.01215864149411718
0.2218112092130309,0.0011907483432054278,-0.020955997748196835,-0.020687911403518684,-0.007945925050493052,-0.011830682894706327
0.2218901024832466,0.003244646884172453,-0.01883004368466998,-0.01773254604991631,-0.0037034355539848126,-0.011997896132823217
0.2219689957534623,0.0067200360748522646,-0.011758806637714475,-0.014134746019162337,0.0036807371244371133,-0.01352941386347783
0.222047889023678,0.00872068534685981,-0.0009344737499947502,-0.007590553962620733,0.008150659505315364,-0.010957990862626707
0.22212678229389368,0.008178696673597026,-0.008728987754178493,-0.01175631472534692,-0.0029113122918800844,-0.007681119010105518
0.22220567556410936,0.006716178459160427,-0.01144917687447109,-0.01306988842218907,-0.014197917136992689,-0.001984122869630821
0.22228456883432507,0.00685851882413587,-0.004555052806429777,-0.005540761155244105,-0.01579803474294893,0.005008549890258061
0.22236346210454078,0.010215343223156629,-0.0015236355533611882,-0.0041001430030131935,-0.014863629589083638,0.005604260498036816
0.22244235537475646,0.016519565854785274,0.005695274333737297,0.0004925338431914681,-0.007739404402711467,0.005023654545956654
0.22252124864497214,0.02381509554648357,0.011069441368246344,0.0062474980412478235,-0.007191504352323357,0.009308019599284118
0.22260014191518784,0.02953060328860822,0.010225375453932805,0.008805041163697801,-0.010918647012294643,0.013586763693625
0.22267903518540355,0.030927735645924808,0.009511173977942784,0.009423523038708288,-0.014114798946657642,0.015994064081966675
0.22275792845561923,0.027636468513040833,0.00952640956421547,0.009050337254987755,-0.014649018772157513,0.01601457004857501
0.2228368217258349,0.022837221108428216,0.004132896485926797,0.005087981497743971,-0.018925230606240944,0.015397583109397213
0.22291571499605062,0.019671365122048014,-0.0045572947389759515,-0.0029819130726201717,-0.02172836012938244,0.010607543056329225
0.22299460826626633,0.01931332361689536,0.001798838894424702,0.0010525141030898258,-0.01812211120848316,0.011683234484595559
0.223073501536482,0.022199853201341227,0.004446546775623475,0.002662850251934496,-0.01399271331634949,0.010503404883836751
0.22315239480669768,0.028440740436261006,0.012995158386631052,0.009343937688499658,-0.007667495521405236,0.012074153935622639
0.2232312880769134,0.03610091592401465,0.0163347838235144,0.013196665956778746,-0.0034852759854617256,0.012660702459869413
0.2233101813471291,0.040229593526420075,0.006813319572932667,0.008123501121116067,-0.006156172792020573,0.010192232544402862
0.22338907461734478,0.036726775520533904,-0.0011174773011808335,0.0022063539847857975,-0.007859384537291852,0.006468903909912342
0.22346796788756046,0.026640105047116603,-0.01106355278828479,-0.005949808964736545,-0.011365477280901972,0.002029220595697402
0.22354686115777617,0.015063330500175826,-0.018972720055751725,-0.015141754961989629,-0.01312315956754144,-0.004288010304963409
0.22362575442799187,0.007378316076518536,-0.015807556868632475,-0.013664712659676514,-0.017574014485417976,-0.0004416344089090156
0.22370464769820755,0.00548992620668713,-0.017239797043654033,-0.015367654074752548,-0.018531076179049345,-0.001234594008914514
0.22378354096842323,0.007392041517099325,-0.017563842517588222,-0.014802866014611601,-0.012297115507791782,-0.004510334074430318
0.22386243423863894,0.010955696484678118,-0.012351612125606377,-0.010148596875783636,-0.0023134365659706313,-0.006750051112730641
0.22394132750885465,0.01603027548505188,-0.007942169790060238,-0.006559308810272068,0.003688626215656399,-0.00746291031353487
0.22402022077907033,0.02276531818356373,-0.00045992173508773397,0.0002767436380590529,0.0015504886189756227,-0.0007055363620703748
0.224099114049286,0.028908739972120925,0.001648093943250617,0.003937925395003918,-0.008867028443019344,0.008459283625950073
0.22417800731950172,0.02981734901128606,0.0002250786677230696,0.005337507575492063,-0.013736245021798151,0.012493376932528704
0.22425690058971742,0.02319187612432775,-0.0109242323540964,-0.005589706951031034,-0.0146678207576387,0.004293215401160532
0.2243357938599331,0.012693019538882355,-0.007602626265242813,-0.007072132663050913,-0.008792278691376505,-0.00040944085600652777
0.22441468713014878,0.005348572771350046,-0.01324937263204155,-0.014953355390300353,-0.005954230209802772,-0.008424132048846171
0.2244935804003645,0.0049455633613272095,-0.010881877728390308,-0.014093317665851788,-0.0062983875842870215,-0.007528902218953178
0.2245724736705802,0.00875546522532024,-0.012186226377733485,-0.011897530952237436,-0.009572680579795769,-0.0038105826235437733
0.22465136694079588,0.012394036756538948,-0.015392815126171817,-0.013019550970642405,-0.013140325600517191,-0.0025763198611261653
0.22473026021101156,0.015356497714647673,-0.01290228526378511,-0.01123239838327683,-0.00805829147304922,-0.004183105911299043
0.22480915348122726,0.019840651891869693,-0.0036235203772141916,-0.003716774858319797,-0.0032746621011057408,-0.0010202333548378687
0.22488804675144297,0.026243304557455695,8.644785228738938e-05,-0.001424010437755261,0.0012511904146376188,-0.0018895663097995904
0.22496694002165865,0.029569893028178352,0.0025652033054471366,0.00047695288968481773,0.004771318196334559,-0.0024714378194159326
0.22504583329187436,0.024715543208959332,-0.006759086940577034,-0.005741694922355219,0.0026506035224787626,-0.006186844415137169
0.22512472656209004,0.014544358415480614,-0.015531703298988953,-0.011963705958416187,-0.008984785804767154,-0.0042152265231853595
0.22520361983230572,0.0064571541560291155,-0.0184476835767054,-0.01566934067540909,-0.019238336961236936,-0.0010534424864177081
0.22528251310252143,0.004761207756634439,-0.014252782605949057,-0.011764831621397038,-0.021143995997904605,0.003217289296362214
0.22536140637273713,0.006954894313568991,-0.01123137375365463,-0.009881195982023172,-0.017767270705668324,0.0027073000206915667
0.2254402996429528,0.006856200011856821,-0.011159456610942229,-0.010632428009306295,-0.014432619843223492,0.00011032756154305727
0.2255191929131685,0.003059633354030551,-0.008517437491282353,-0.0096995423345083,-0.011585377824382207,-0.0008448782788971548
0.2255980861833842,0.00014567306195743717,-0.013869316925516585,-0.014269300610297471,-0.009678371829902988,-0.005648697675491361
0.2256769794535999,0.0021567448031975796,-0.015377686701858195,-0.01491430110898516,-0.007355938548535436,-0.00755461744203982
0.2257558727238156,0.007634464643930425,-0.015963443404574385,-0.013710406911206351,-0.010898956878896042,-0.004470681840889235
0.22583476599403127,0.012318932352876387,-0.013542121407141653,-0.011155007555367554,-0.011825384198851886,-0.0018680506404157768
0.22591365926424697,0.01613001815318923,-0.008672129764056706,-0.008245540330224357,-0.012405172907788718,0.0008109726879264867
0.22599255253446268,0.022474965628782477,-0.003266081331003377,-0.0027661038154527247,-0.01476851949967151,0.00661658207056357
0.22607144580467836,0.03256580906042629,0.0028453739272876655,0.004702580533014529,-0.018300783641776244,0.014715164930805625
0.22615033907489404,0.04046643821234459,0.007363176129913951,0.008393560002349913,-0.01927085830057217,0.018253093171081935
0.22622923234510975,0.036163250679483,0.0034181773145247588,0.005516912073678418,-0.012175657705123162,0.011703659341374503
0.22630812561532546,0.02050025632073987,-0.00635539662879614,-0.005098001532415511,-0.009056098594135923,0.0013306347545656765
0.22638701888554114,0.005481736693614312,-0.018132640623471325,-0.017227155402701845,-0.005680812218456651,-0.010410416859580074
0.22646591215575682,0.0002718472804651586,-0.025115632851988104,-0.02390859473694546,-0.0073273520033222145,-0.014782965331645886
0.22654480542597252,0.004893973396259345,-0.021641127959866432,-0.01922591198445448,-0.010097304773393366,-0.009372099005537125
0.22662369869618823,0.011829927204296133,-0.01113561980734814,-0.00871909989982353,-0.011245911388039898,-0.0002620114453828695
0.2267025919664039,0.014993408798368404,0.0001011783859285553,0.0006154887151379987,-0.005385993157732527,0.0037145915409024293
0.2267814852366196,0.015491048649356359,0.002674274674660121,0.002414679007673713,-0.002826973856120046,0.0036259714218329687
0.2268603785068353,0.01660023956032685,0.0026954994686521627,0.0016880090106617608,-0.00546905432162227,0.004623814024070821
0.226939271777051,0.018040128293769487,0.002300642089906977,0.00043384850134729584,-0.010161594080323993,0.006425413897024425
0.22701816504726668,0.015319790851051854,-0.0015302606426554322,-0.0017379483141580028,-0.01366993726182557,0.0067834379899926415
0.22709705831748236,0.007711904560224551,-0.010668192221080841,-0.01077892056465501,-0.013745491747524204,-0.00041810952904176033
0.22717595158769807,0.0021117538128635257,-0.014790661237139771,-0.016022788716917105,-0.01610866055853642,-0.003208837060360766
0.22725484485791378,0.005509883685443131,-0.012033159129630969,-0.013611515239374799,-0.005444107340034566,-0.007653546485408681
0.22733373812812946,0.018469671266420823,-0.008662977558438374,-0.007125780467925548,-0.005472233640060598,-0.002438127621278959
0.22741263139834514,0.03346909794057802,0.002540429479773637,0.005489717787226139,-0.005650500686469145,0.007779076767661185
0.22749152466856085,0.04114986172563902,0.008388059232825745,0.010897824357646746,-0.011025481337742962,0.015327702236976075
0.22757041793877655,0.03954629635109241,0.012054518161212977,0.013267372642522484,-0.015947505471237102,0.020170277666258736
0.22764931120899223,0.03321977177357664,0.010805230918706233,0.00974321899861647,-0.01704442154888735,0.01800263248610923
0.2277282044792079,0.02732962554311716,0.00929811877252043,0.007513188816471558,-0.01442438494868053,0.014648461102800688
0.22780709774942362,0.02151623315136772,0.006799124265704835,0.0029617333983499245,-0.00911560777627926,0.007825646332266043
0.22788599101963933,0.013042632236317128,0.004726395480497522,-0.0023411071843586094,-0.00894071671468098,0.003471200346817278
0.227964884289855,0.004893093088921889,-0.00027361868247154525,-0.008518322024939901,-0.00774751612794384,-0.0021934717390358505
0.2280437775600707,0.0028268327545824946,-0.015709833452657557,-0.01682671624560358,-0.012417237484189715,-0.006061138071840491
0.2281226708302864,0.008099691809089787,-0.017202646976035466,-0.015110426799294798,-0.014347183703931881,-0.0035308332503193886
0.2282015641005021,0.01550148811445016,-0.008294641003754833,-0.007068475964796178,-0.00968018093966181,0.0001245541691014334
0.22828045737071778,0.018209723327301884,-0.007212018752072846,-0.005003162656090704,-0.007564234634007186,0.0005143416769081352
0.22835935064093346,0.014916868814881887,-0.014022576400530463,-0.012045794800683294,-0.011939105803767622,-0.002514128169236208
0.22843824391114917,0.009897374543670345,-0.01470185876469481,-0.013633100359686729,-0.0057303203385278565,-0.007499693049411057
0.22851713718136488,0.007374412301502839,-0.009854385800239165,-0.00879653594731797,-0.0003517202417996963,-0.006839573717122186
0.22859603045158056,0.006606193422623103,-0.018242188924353888,-0.015723504891298038,-0.0035174937847169425,-0.010498587667202991
0.22867492372179624,0.004378726943586906,-0.019446159324360262,-0.017752141886849843,-0.0009096503084814085,-0.013684039905926246
0.22875381699201194,0.0017953812943551112,-0.01987743705632839,-0.018077282280385524,-0.003834021812540977,-0.012196173390316969
0.22883271026222765,0.0033306807925255017,-0.013751812372608788,-0.013523307109897654,-0.011731533883251476,-0.0038227534661309692
0.22891160353244333,0.01104697047452316,-0.004824554072997679,-0.00437962989716627,-0.013619448941997906,0.004635985980057267
0.228990496802659,0.020898712236961235,-0.002585914249314328,0.0025585583583881506,-0.010518806250727666,0.008341845707297771
0.22906939007287472,0.025090006923416387,0.002434930156128137,0.004338007634646119,-0.0086288297622455,0.008637436315177922
0.22914828334309043,0.0209980230119606,0.004297769657924281,0.0012564812786268254,-0.005692744757168544,0.004411768155692818
0.2292271766133061,0.01338913244422515,-0.002772775521892185,-0.0056957817332704535,-0.0020332119344546973,-0.003348803112315116
0.22930606988352178,0.007935920517835239,-0.012595480258540286,-0.01220835273394471,-0.004525753922724441,-0.007077987547248892
0.2293849631537375,0.006454630690455129,-0.012904577994746178,-0.013954938506739052,-0.010146770557271822,-0.005116561643549943
0.2294638564239532,0.006318272089137559,-0.0046548643314209175,-0.009610600274795381,-0.006392818713607155,-0.00387918193261321
0.22954274969416888,0.004674403651287419,-0.0037881234145787455,-0.010015848098753095,-0.004477121457290173,-0.005349687334868718
0.22962164296438456,0.0021603513955649875,-0.003177190740532616,-0.008930160037173963,7.373114603035043e-05,-0.007201106580635608
0.22970053623460027,0.0010010051700122828,-0.008660601219110857,-0.011256214614065575,-0.0033988212930126634,-0.006988734534059641
0.22977942950481597,0.0014888077153036084,-0.007739269336049218,-0.010119872044231844,-0.005818813079691358,-0.004630671740322763
0.22985832277503165,0.0019495538980184746,-0.0013548670515013434,-0.0058679921686541,-0.00407012582951511,-0.002268598437047339
0.22993721604524733,0.001839769969603391,-0.011977185900999695,-0.013232128898342991,-0.007699452241098408,-0.006000700825805371
0.23001610931546304,0.00290141269163561,-0.010285124892965016,-0.011047211815823072,-0.006935532068082806,-0.004706133353882652
0.23009500258567875,0.006987034540459599,-0.006129695782966705,-0.008463060741325037,-0.005116036028005303,-0.0037229946186482154
0.23017389585589443,0.013368122995032447,0.0036612040750296803,-0.0012249814664260438,0.00026668455289910546,-0.0011412390936058289
0.2302527891261101,0.018497550071277888,0.00845319799460695,0.002199931333363814,-0.0014361480807690045,0.0026220330720648265
0.23033168239632582,0.019350349397483434,0.01605916916857914,0.007427690864042614,-0.0030669012523364156,0.007787022151470163
0.23041057566654152,0.01615574242220378,0.012793479478260917,0.005556984279202362,-0.007816191269027611,0.009128269303846252
0.2304894689367572,0.011509702717756282,0.008050560407720475,0.0016512892438511509,-0.01598169325975656,0.01088258153551513
0.23056836220697288,0.00797151672782379,0.0021775026981066155,-0.004229738851499718,-0.018339769099841682,0.007579954689954885
0.2306472554771886,0.0066828842364663596,0.0011909667939468095,-0.006486928319585741,-0.011756002958379919,0.0018322962145329018
0.2307261487474043,0.007830344236433922,0.001061296973300834,-0.004948416547731823,-0.015487463659311865,0.00529754339696675
0.23080504201761998,0.011567628478766879,0.00017978928842632413,-0.004523761523664631,-0.014739844835340543,0.0051906787137511535
0.23088393528783566,0.01732199491403052,-0.0061509652190391536,-0.006804691923134219,-0.014227853042996062,0.0030561659848484133
0.23096282855805136,0.022270747376755575,-0.009383582623994807,-0.006079749291647934,-0.005969962061739253,-0.0013020585554760387
0.23104172182826707,0.02324675020698894,-0.0073189157245299435,-0.003882214792108113,-0.004004584632817624,-0.00071626858923939
0.23112061509848275,0.020339675236927174,-0.009058207242122444,-0.0063800558851825956,-0.008938623379698772,0.00023280075615859675
0.23119950836869843,0.015479915966697327,-0.013988064714801967,-0.010305176253037753,-0.008725982319103561,-0.003040537084442763
0.23127840163891414,0.010233542943700637,-0.01718300138599245,-0.014816519139829332,-0.016586492570426558,-0.001955830204667458
0.23135729490912985,0.006032043340558338,-0.01851635767866618,-0.01752480612974282,-0.008336046225237221,-0.009061350241860161
0.23143618817934553,0.0037433211468131805,-0.018658932061182517,-0.01727690923067318,-0.006735344757149814,-0.009819752434124446
0.2315150814495612,0.00328933799072546,-0.011890838799752217,-0.012302428744614952,-0.00458590027872524,-0.007117426635442577
0.2315939747197769,0.004696173300454671,-0.015157938906283723,-0.015081905598952207,-0.010093636217059655,-0.006051814183705427
0.23167286798999262,0.008540577387202566,-0.017529640822289274,-0.01591328995061565,-0.014725805496513686,-0.003948112546339908
0.2317517612602083,0.014931733751502528,-0.009275194465333633,-0.00923922526201182,-0.013373250835254537,0.0005934964529238885
0.23183065453042398,0.02325803378871321,0.0041665937131429446,0.0034367781219640818,-0.009599042697076185,0.008495503265367868
0.2319095478006397,0.032392426043093676,0.00700780495341971,0.006758959856906768,-0.011065868358362282,0.012035180772725852
0.2319884410708554,0.0390444981590574,0.010306697627045133,0.009403560221107285,-0.008411912214969171,0.012567146802651882
0.23206733434107107,0.03977932350729122,0.01003644807410561,0.009082594631565,-0.01056251562791335,0.01359617890977228
0.23214622761128675,0.03553425599197725,-0.0017435689270944466,0.000993785369399132,-0.011214166198745736,0.007503756159509581
0.23222512088150246,0.030252012676392062,-0.007265087252154799,-0.0026110515441460664,-0.01677907501008648,0.00794362472250316
0.23230401415171817,0.027063646863711453,-0.004130219611821823,-0.0013129391150857046,-0.01256550010547305,0.006463403145525828
0.23238290742193385,0.026231935011770503,0.002044865402569694,0.004166052626066287,-0.0028304967922608676,0.005031673316902017
0.23246180069214953,0.025644875155254595,-0.001071973297841677,0.0010262804097068976,-0.0031537448203183974,0.002708710313739959
0.23254069396236524,0.02303015039908778,-0.0003574509752433897,0.0007759277216227491,0.0048780851590399165,-0.0022956864589575563
0.23261958723258094,0.017969682182361894,-0.005690339713574485,-0.005172623520194253,0.003541705354226852,-0.0062637216549036616
0.23269848050279662,0.012808443849259879,-0.0013586682322678817,-0.003959522205264348,0.0037079904548843775,-0.005390968873460098
0.2327773737730123,0.010074653999836727,-0.0032280569333303895,-0.006980395434827781,-0.004335093107194623,-0.003001696931924739
0.232856267043228,0.009651708427470264,-0.012491976511788006,-0.013271559477472617,-0.007249269165545858,-0.006301529230368807
0.23293516031344372,0.010559254813737453,-0.01594190546045973,-0.016122658074838436,-0.011939310292795107,-0.005782455389944856
0.2330140535836594,0.013379854481894984,-0.007313425268451831,-0.010177213419737988,-0.008627875381345547,-0.002996640360141084
0.23309294685387508,0.0193111735758296,0.0011861329109302172,-0.004052857199971633,-0.006662802572956333,0.0007368366964701724
0.23317184012409078,0.027275425886257202,0.00940224802995641,0.0023100810680408814,-0.0044607889225162164,0.004519313984214776
0.2332507333943065,0.03298345083469694,0.011510101225406107,0.00603813662682874,-0.0045684417678675355,0.0075714267945866396
0.23332962666452217,0.03274569489351428,0.006941519837634213,0.00387255063456291,-0.008950648645284894,0.008456907643062506
0.23340851993473785,0.026754514842339157,0.004626017490809335,0.0022191616430832827,-0.007815202693639264,0.006452742146492384
0.23348741320495356,0.018389275673936254,0.00311014755124263,-0.0021423325028405026,-0.011170740505563258,0.004964384284290413
0.23356630647516927,0.011531593066933504,0.0038012923193786632,-0.003184697778973232,-0.011082646957509216,0.004076271377214923
0.23364519974538495,0.007893355822272278,-0.002895852155857975,-0.008108417938705913,-0.019796496932361487,0.005342439586923809
0.23372409301560063,0.006698688609938347,-0.0015089983199265567,-0.003949333704662171,-0.014185655497384722,0.005319568304053065
0.23380298628581633,0.007129272847526333,-0.01128761281121267,-0.01152153908640548,-0.010391981485248166,-0.00301917826853883
0.23388187955603204,0.009728413637645119,-0.006731274253832717,-0.008744685295485506,-0.007121050527050036,-0.002749586192662493
0.23396077282624772,0.014353482747008177,-0.0017917204585514923,-0.004973353161758905,-0.00908163988288097,0.001445816299240601
0.2340396660964634,0.018221173714079185,-0.0028649061750333224,-0.004739888187197056,-0.010437118759857863,0.0024436907469685566
0.2341185593666791,0.018283988314698393,-0.003498331990130711,-0.0034435064705883945,-0.009259954603730976,0.0027786143058043866
0.23419745263689482,0.014459218371434792,-0.01011772760896668,-0.009736865538302325,-0.011127755220461957,-0.0011485064791146762
0.2342763459071105,0.009153908614489205,-0.0004325157595952947,-0.003501161417631769,-0.005119804465584492,0.0002561329155336063
0.23435523917732617,0.0048726959779364885,-0.003616437442496366,-0.006324486048772029,0.003310154920847102,-0.007048366189949616
0.23443413244754188,0.0025348577568850466,-0.01458556101783485,-0.014415829470963563,-0.010603054029822959,-0.005213174322806559
0.2345130257177576,0.0023279412045578997,-0.019510495998852292,-0.017571074013753483,-0.008869952041293936,-0.00877919011129053
0.23459191898797327,0.005898275304221098,-0.017752134437504855,-0.016444436892666246,-0.016929913900026846,-0.0030557358527595452
0.23467081225818895,0.01569058155750928,-0.008282633100316749,-0.005865837176560981,-0.015488286126580864,0.004562692082966758
0.23474970552840466,0.031287701755874274,-0.0010174085105362782,0.002459838231941101,-0.018757331169631297,0.013191082190830292
0.23482859879862036,0.04720918676889022,0.01231905942826352,0.0165241785265729,-0.012638461136872366,0.020800859751859548
0.23490749206883604,0.05637966115005915,0.02077964679389419,0.02615561102209171,0.0006362159195229208,0.020584230254557998
0.23498638533905172,0.055770438618826405,0.008881734550156263,0.01481130569068492,-0.01302343147305775,0.019658556889886998
0.23506527860926743,0.04753318298959713,0.010625467080537116,0.014605381047902957,-0.007876001047525824,0.01641528812137587
0.23514417187948314,0.03657444931531424,-0.003406114774546156,0.0022391134419692004,-0.01599136339592667,0.011359442732093442
0.23522306514969882,0.027005082527471837,-0.004818445404965785,-0.00038264958296341245,-0.010920228495057676,0.006224827344331829
0.2353019584199145,0.019423957339242376,-0.007635200792202801,-0.004791876557232098,-0.012233572508543834,0.003476572780362009
0.2353808516901302,0.013539438512946984,-0.004320501027400429,-0.00536799319974435,-0.009236350303963903,0.0012220500663112366
0.2354597449603459,0.011096170485414756,0.0034223920729771133,0.00012403575971080237,-0.0012906420116638997,0.0008713224523160694
0.2355386382305616,0.013725992703168662,-0.006224147016871746,-0.005936555094885679,-0.004590172009056179,-0.002012521221704558
0.23561753150077727,0.02041977167728871,-0.006183714651474153,-0.0014509885982534095,-0.009624368572072798,0.004593502799851167
0.23569642477099298,0.027584756818699756,-0.009400810620489145,-0.0023009106302024494,-0.016278010957640823,0.007892436080114064
0.2357753180412087,0.03157801569958386,-0.007903739376506048,-0.002280043871158868,-0.021012766980892935,0.010741906562157235
0.23585421131142437,0.03213421132217963,-0.008874059306138021,-0.005492024312748572,-0.013154621357662292,0.003466337206661787
0.23593310458164005,0.03209909428030897,-0.0070626367575355445,-0.004589031384773023,-0.00950001018168924,0.002004084428656206
0.23601199785185575,0.03354639063061368,-0.0022600850926445867,-0.0015962579787773506,-0.011290890027796811,0.00547390602378531
0.23609089112207146,0.03400646676088335,-0.002024346691796993,-0.001642366721262897,-0.00970170660852037,0.0044863823800178615
0.23616978439228714,0.029231577349654286,-0.004058789129686821,-0.004306340046369043,-0.01176520374225998,0.0035855698585871582
0.23624867766250282,0.020093859222378784,-0.005434211235339562,-0.006641990557682645,-0.008192548675109738,-0.0004233761283640877
0.23632757093271853,0.011227301523278416,-0.011486404468395973,-0.013286765789667237,-0.011389008991521761,-0.003837975844544858
0.23640646420293424,0.005438327849724123,-0.014183490057248822,-0.014970007879203393,-0.01501933910559571,-0.0030162367714306622
0.23648535747314992,0.0027652286532440103,-0.014482801464656817,-0.015323429124748393,-0.018638746296729385,-0.0011347274840651919
0.2365642507433656,0.0021224539115646903,-0.014917543386046424,-0.01744538920996331,-0.01697950505387709,-0.0038287165482357986
0.2366431440135813,0.0029180048348805996,-0.004329625967703606,-0.009086163506637426,-0.00954125787009711,-0.0015758066369322525
0.236722037283797,0.0051840128522177,-0.008424045210420575,-0.011528106813647642,-0.010340509426004911,-0.0030552274750123842
0.2368009305540127,0.008131106009839554,-0.006735645891316643,-0.009241507711636182,-0.002640177387018369,-0.005827616540596078
0.23687982382422837,0.009550714763275254,-0.014382376841319088,-0.013640751863045288,-0.005460250250561326,-0.007667328964284446
0.23695871709444408,0.007612371751864043,-0.017564922345381626,-0.014626987706546047,-0.01597938653346153,-0.0021669927408971296
0.23703761036465978,0.003536989316546998,-0.015535268979725103,-0.014635625850336629,-0.01802677062058623,-0.0009492867479829646
0.23711650363487546,0.0005816892045989061,-0.01743506112357734,-0.015332133446452314,-0.016135611006719706,-0.0026389359335040213
0.23719539690509114,0.0003010619619076758,-0.018995025404322866,-0.016525580309139143,-0.011530331998264306,-0.006350082157147355
0.23727429017530685,0.0014121362422337088,-0.020307886409094828,-0.018387670036054227,-0.009181894373122248,-0.009247372090331142
0.23735318344552256,0.002265488679057354,-0.023181970305236194,-0.020646941492808636,-0.007266142152580846,-0.012204264169578184
0.23743207671573824,0.0032815211782329565,-0.021833006491944622,-0.01915284355874498,-0.010151873335653625,-0.00928088296306745
0.23751096998595392,0.006371360064252954,-0.020674013815328598,-0.01892192229515485,-0.01615678190739036,-0.0055048149981679565
0.23758986325616963,0.012207043181594697,-0.015374127952158452,-0.013778056255971515,-0.01889807269632865,0.0002595190133589157
0.23766875652638533,0.018300877678324248,-0.009488980529613196,-0.007104346877462813,-0.01912162212036781,0.005743554538502521
0.237747649796601,0.02042587432832811,-0.006803322072139131,-0.004960160085835121,-0.014161789695062061,0.004495107678547629
0.2378265430668167,0.01691306097471205,-0.009500098843946939,-0.006831534597884823,-0.012206851725950514,0.0018257556880519187
0.2379054363370324,0.01042748291157254,-0.015234860781398825,-0.013477551917614516,-0.010700146442074395,-0.004402907218576999
0.2379843296072481,0.0048363559268119445,-0.013490717619725062,-0.012821238788458405,-0.007928352710499098,-0.005534433777710019
0.2380632228774638,0.0018332305320656254,-0.019089689327181875,-0.017511772000952223,-0.010745420322816605,-0.007610160875401504
0.23814211614767947,0.0006989194241417066,-0.017073643824630072,-0.015036234914906809,-0.01790331964875501,-0.0013443482693327295
0.23822100941789517,0.0005612264040817033,-0.018943474664037792,-0.016532955432738795,-0.01989029589203804,-0.0013559843520016322
0.23829990268811088,0.0018824160498205783,-0.01571877993915786,-0.013793796970292678,-0.019077938753101497,0.00035449398123949026
0.23837879595832656,0.005444689362376143,-0.011604844492221426,-0.01026214869918797,-0.020279112928094856,0.0039046014628121377
0.23845768922854224,0.010618326882645747,-0.006705820411131632,-0.006699132821230796,-0.019380250247489864,0.0062231039677947695
0.23853658249875795,0.014739867299815653,-0.006946039692319557,-0.004767508977691068,-0.018299935301819656,0.0071250868713533776
0.23861547576897366,0.015123451554001766,-0.01502973790862476,-0.009549986813909981,-0.011388878163683693,-0.0008425249278714072
0.23869436903918934,0.01209610130680185,-0.01997370360947278,-0.015164477803779369,-0.012156012142388989,-0.004884638264824038
0.23877326230940502,0.008451591550906148,-0.023157677744497788,-0.01932770703222054,-0.009184363020988361,-0.009999600253483634
0.23885215557962072,0.006559268059030402,-0.022460083702194062,-0.020006793723469217,-0.013872925809454602,-0.0077405814330020655
0.23893104884983643,0.006728470028066809,-0.01501872918623194,-0.015700234490853587,-0.015547469942465239,-0.0032858546669810727
0.2390099421200521,0.007555095636727743,-0.01040411444065622,-0.012020219211859733,-0.014424113542318267,-0.0010073094271758282
0.2390888353902678,0.007487094049288916,-0.005528829825372064,-0.008317109732072867,-0.012579065397849384,0.0008576170251477428
0.2391677286604835,0.006118603865238345,-0.00529860352315531,-0.0072021179920344685,-0.011973006306413873,0.0013888419678206455
0.2392466219306992,0.004114471039680383,-0.014789624905964681,-0.01397957156431676,-0.01702833791349196,-0.001020485750692898
0.23932551520091488,0.002512685777056061,-0.012784656008504931,-0.013445861275182425,-0.015245521689643342,-0.001658954783802902
0.23940440847113056,0.002303710517485326,-0.007901879877362433,-0.01055076855387321,-0.015358261648015967,0.0007294714921203633
0.23948330174134627,0.003870550695658341,-0.004717644957579388,-0.00812561168394009,-0.01498837654002956,0.00245228280000774
0.23956219501156198,0.006406862472617786,-0.012460965877021201,-0.014124745181980116,-0.010477812926048144,-0.005054714697933931
0.23964108828177766,0.008267904787935623,-0.016542015262584902,-0.014037929301650069,-0.010391908052602792,-0.00503649077867623
0.23971998155199334,0.008178914247092729,-0.014848530097311864,-0.010151952526307777,-0.013528592149432894,-4.524455433254013e-05
0.23979887482220905,0.006343787632619244,-0.018495525909057474,-0.014963014813446989,-0.014994973279894413,-0.0030252030859392477
0.23987776809242475,0.004227263512542941,-0.01747362066409595,-0.014182244529124869,-0.018913663649850407,-5.523661241053065e-05
0.23995666136264043,0.003191465153175934,-0.01820741325573648,-0.01454277199795326,-0.010418906623009962,-0.005425070590049877
0.2400355546328561,0.0034288285970570024,-0.01865201167443711,-0.014648962282730953,-0.012240073962802715,-0.004421059285045381
0.24011444790307182,0.004074504820986041,-0.009402496669940226,-0.010006247994385011,-0.005024626427909535,-0.005014560064580133
0.24019334117328753,0.004212986299098915,-0.007930110112702848,-0.01189044624267207,-0.0021758618854137916,-0.008228436867227221
0.2402722344435032,0.0034821184717648093,-0.008347848382411224,-0.011343314064520375,0.0008769039524558753,-0.0096154962939463
0.2403511277137189,0.002212386640581702,-0.01266857009852566,-0.013213029223045888,-0.0047723649418036935,-0.00773582870271585
0.2404300209839346,0.0011525555391733026,-0.019878131675323898,-0.015672311269046706,-0.011119388728467298,-0.005911727396515539
0.2405089142541503,0.000575649361130277,-0.021243091934517244,-0.016954830625858383,-0.01010893963746124,-0.00754423413753419
0.24058780752436598,0.0002607607339453452,-0.022500276897903456,-0.017409658692617853,-0.018786689551043324,-0.0027191607495725663
0.24066670079458166,0.00013159378008079548,-0.022610954333389863,-0.01756750734110235,-0.014697069003087917,-0.005291699222447872
0.24074559406479737,0.0002991570049052588,-0.028770422120321937,-0.023214702182151596,-0.012961880045538828,-0.010857948755885166
0.24082448733501308,0.0009862302322346873,-0.02705965727740002,-0.021836104098978522,-0.0093074266983796,-0.01193732989522323
0.24090338060522876,0.0022290189545232505,-0.01893214919020766,-0.0167252290870816,-0.005929877229602739,-0.009859111248396455
0.24098227387544444,0.0036782597746532774,-0.011697220202899511,-0.01248476669309249,-0.0046275372403268384,-0.007238682436244417
0.24106116714566014,0.004636406811953768,-0.006313770903817873,-0.00792973060411031,-0.006085927049738841,-0.00271546240201994
0.24114006041587585,0.004340946302020883,-0.012810165429965048,-0.011438358645237776,-0.012518594066077166,-0.0016805828773337466
0.24121895368609153,0.0030003031297443973,-0.021680886952598007,-0.01796522278532276,-0.017621923349667605,-0.003861348484919783
0.2412978469563072,0.001848320218219423,-0.02017003466557299,-0.017328757032103254,-0.017790057147183243,-0.003250394307291895
0.24137674022652292,0.0018141598895332156,-0.02118809098398095,-0.018276197362449852,-0.015553136793663996,-0.005348009541766703
0.24145563349673863,0.0024441264223385704,-0.021782617633857707,-0.018800320547567213,-0.01034066583885198,-0.008885338754909988
0.2415345267669543,0.00236540514965631,-0.023167277392736156,-0.017988737019442442,-0.013360606109805306,-0.006428710293992067
0.24161342003716998,0.0011795821316051792,-0.02408404857734885,-0.019629619464649337,-0.011094502092470305,-0.009099532727854229
0.2416923133073857,0.00019876646179731243,-0.02239713132972784,-0.018640744952208202,-0.013976521219907237,-0.006583201677592419
0.2417712065776014,0.0014425526878512106,-0.017831814641297995,-0.01702287280038675,-0.011836121109291723,-0.006565932118141492
0.24185009984781708,0.0057193496414285425,-0.014872046035631433,-0.014777436640912568,-0.015009559148307575,-0.0028676869288025313
0.24192899311803276,0.01093852215633761,-0.004118652888999685,-0.0046640663145842845,-0.0132082610397082,0.004162043532139299
0.24200788638824847,0.014041931080062872,-0.0025370241909215847,-0.004137758724374187,-0.018067314919261616,0.00749067657280522
0.24208677965846417,0.014463087352991713,-0.002904380341754362,-0.003559715303387367,-0.019820199044611245,0.009002716961281399
0.24216567292867985,0.013929769039522758,-0.014962356316776964,-0.012018928120756594,-0.019423341380075447,0.0019841722316994923
0.24224456619889553,0.01426415787052125,-0.010374110148711785,-0.006098185068216701,-0.016218056686882542,0.004813014779993472
0.24232345946911124,0.015844040634775264,-0.015759283736404884,-0.01140833332712383,-0.014413168217814005,-0.0005233201734715483
0.24240235273932695,0.017470579619828355,-0.0059586809230945045,-0.005037656436420576,-0.014238371864064441,0.0044788038554860535
0.24248124600954263,0.017687612273081573,0.0063379822238699415,0.0020506551428663275,-0.006057322540478118,0.005266290834974044
0.2425601392797583,0.01626571078302743,-0.00029358427101746606,-0.0025158084591672585,-0.0061953708066876745,0.0016891451458417796
0.24263903254997402,0.014294867020384586,-0.0074521184628845855,-0.006600755886641805,-0.00611613633936083,-0.00163221612381787
0.24271792582018972,0.012744322821899056,-0.01608970880708695,-0.014035476300950641,-0.008837661647831053,-0.0059640172589177495
0.2427968190904054,0.011833718142562096,-0.014323847457466827,-0.01211696425337759,-0.009907164205526295,-0.0037864429132793364
0.24287571236062108,0.011871031382118936,-0.008615874036065396,-0.008224887327676518,-0.010390072564626256,-0.0003777610152484617
0.2429546056308368,0.013331153781908009,0.0001300442579891304,-0.0008252062762010743,-0.00921499946372463,0.004850171724405751
0.2430334989010525,0.01572543625042664,0.008401622098291595,0.0063007280526787175,-0.010596894118996936,0.011387464445441945
0.24311239217126818,0.017232156901840354,0.0016955306846696994,0.000528038559635273,-0.008547846258136404,0.00553565788268262
0.24319128544148386,0.016365155863000146,-0.00639694013607481,-0.005514192817276931,-0.010162563004222703,0.001658863631729648
0.24327017871169956,0.013425807608149829,-0.01615202577341445,-0.012639450068505583,-0.013041805283686208,-0.002330521539939682
0.24334907198191527,0.009797765672673217,-0.017194054047343945,-0.013794934052735668,-0.014560422216486287,-0.002348591427719696
0.24342796525213095,0.006835233784466205,-0.007933027012513114,-0.009880426913464772,-0.017925131467536087,0.0028023527177367044
0.24350685852234663,0.005322892475720231,-0.009404439854999575,-0.01216869905783495,-0.0186825425884718,0.0014209289679387618
0.24358575179256234,0.005442608187428704,-0.01673882536305704,-0.014855517072930296,-0.018901206674616915,-0.0006025370311220099
0.24366464506277805,0.007343660826151098,-0.01599675338450387,-0.014155653326536895,-0.012235852487071198,-0.004028088654796749
0.24374353833299373,0.011174306462533227,-0.006886876321325758,-0.007535510948448616,-0.009448984741008326,-0.00038807077635896796
0.2438224316032094,0.016067978954056837,0.010717816901414816,0.003687577109417794,-0.007558703965929931,0.007476125483106049
0.2439013248734251,0.01977812448930671,0.019430248811535114,0.010698164487716816,-0.008721415719060878,0.01378971171018715
0.24398021814364082,0.020086730320215695,0.00438755631473097,0.002996724013924138,-0.013254480306788545,0.010329364994865567
0.2440591114138565,0.016626979615172507,-0.013694538772813717,-0.009494362314517096,-0.014361079794713237,0.0009798497421320584
0.24413800468407218,0.011260992833948866,-0.017970514408209255,-0.015174730934760551,-0.01614218778429669,-0.0025087957198686598
0.2442168979542879,0.00653023115356218,-0.009985920587288142,-0.011330524376709993,-0.016796716349674175,0.0009648090005571429
0.2442957912245036,0.0035442096523604174,-0.007992630299609713,-0.01099915651799991,-0.01585448293320607,0.0006668379269649678
0.24437468449471927,0.0016561507090624874,-0.013540650563124363,-0.012365355054581435,-0.015414277868755984,-0.0006917473650964698
0.24445357776493495,0.00028979437407511963,-0.01867622852943097,-0.014131021662546055,-0.018426035195802565,-0.0003058588151823925
0.24453247103515066,0.0002547773236249272,-0.02346922928681284,-0.01756047898437602,-0.01978725900537984,-0.0022416243702330614
0.24461136430536637,0.002813199199537652,-0.02042299292865029,-0.01588211253266994,-0.01796130331812735,-0.0019879275064520895
0.24469025757558205,0.007859813279896242,-0.016296819863024937,-0.012118339220315522,-0.01886388406977057,0.001569786616614711
0.24476915084579773,0.013269428616600958,-0.017178694394467935,-0.012322803769630273,-0.018557075340792695,0.0012223195339502522
0.24484804411601344,0.01625720700511155,-0.01252832669260459,-0.008106476582922474,-0.020447807298924484,0.005733669542566129
0.24492693738622914,0.015817775471099728,-0.010932180719582294,-0.0071236712763351655,-0.019917552614754364,0.0062042576533755415
0.24500583065644482,0.013455694432047605,-0.013111909424709111,-0.009284380370367237,-0.01522330522840806,0.0016639336751316583
0.2450847239266605,0.011373036778727733,-0.01789311656862327,-0.012642608568676921,-0.015037691987758213,-0.0011392762433350754
0.2451636171968762,0.010798589492391956,-0.020252274536687622,-0.014693714790444666,-0.016998511835423943,-0.0016109208781896287
0.24524251046709192,0.012101107879616909,-0.015965537121796294,-0.012170644986287353,-0.017642411235883476,0.000797157544072728
0.2453214037373076,0.015243295083991614,-0.007665140727765153,-0.006652366707883973,-0.013118288309125105,0.0025145498410074677
0.24540029700752328,0.019129337243776426,-0.0039059540864743174,-0.003958130459804225,-0.009343799846186144,0.0024163067710169313
0.24547919027773898,0.021576328973667663,-0.0098363472997702,-0.00762388368916438,-0.003987129517863503,-0.00372555136694071
0.2455580835479547,0.021300126050456607,-0.011692693261722063,-0.007696160453053614,-0.00566284368021968,-0.0027812889425694273
0.24563697681817037,0.018786603397223857,-0.014125809912091204,-0.00964589807181935,-0.01330908765676586,0.0002291246805237459
0.24571587008838605,0.015256884837698945,-0.010724917624259405,-0.008642519717181336,-0.015243865360961773,0.002190758480309663
0.24579476335860176,0.012033157479192707,-0.007974673783944014,-0.007050581823578375,-0.015697881996764716,0.00373843223506881
0.24587365662881747,0.009926218577359354,-0.009852966848684327,-0.008982433775891694,-0.013848714558672044,0.0010837417151331723
0.24595254989903315,0.008709222882563816,-0.013886128406419762,-0.012654982045720006,-0.013179946568467351,-0.0022603505470174348
0.24603144316924883,0.007902923398726263,-0.016088131470079155,-0.0144173662868018,-0.01361520940838733,-0.003412950342790132
0.24611033643946453,0.007783477959080197,-0.01992727497474365,-0.017329911344640927,-0.012716398498310516,-0.006285694777811158
0.24618922970968024,0.008689499559560958,-0.02048007649308175,-0.01668055911440439,-0.00577970606446749,-0.009913096049289555
0.24626812297989592,0.009751651715007203,-0.01975772354383806,-0.014432808979799691,-0.0039763516877442855,-0.009189591857372002
0.2463470162501116,0.009819650639240708,-0.020568912882957008,-0.014487124867096426,-0.01110559310199993,-0.004969791518291086
0.2464259095203273,0.009029764629872301,-0.0222673582350338,-0.016322098770936082,-0.01417877552351602,-0.004603060487078043
0.24650480279054302,0.008515608915033198,-0.019617708795862405,-0.015460643127241162,-0.014022143234182832,-0.0040060287051150315
0.2465836960607587,0.009159697500569814,-0.015486152059877183,-0.013432611162580757,-0.014204629783676813,-0.0022709092647894284
0.24666258933097437,0.010608594838836598,-0.015069730118077539,-0.012553827763828388,-0.014023359398499571,-0.001674800736519729
0.24674148260119008,0.011451228917348448,-0.015136440655602572,-0.01264490127857536,-0.013470503486695077,-0.002078484852245716
0.2468203758714058,0.010432106775823628,-0.016895225617266068,-0.014392811428462451,-0.014279592772920794,-0.0029959018227319226
0.24689926914162147,0.007552879988982388,-0.02325296945930322,-0.01936778163314164,-0.013371193661148771,-0.007528185226253083
0.24697816241183715,0.004260376628089698,-0.022142633060145096,-0.01899806424689178,-0.012343608253807446,-0.007846200284053622
0.24705705568205286,0.002138136526254787,-0.02090021245599974,-0.018613985376789682,-0.011989888809791434,-0.007749747075166483
0.24713594895226856,0.0014754231389645961,-0.014623078516036428,-0.015385498680680764,-0.013705972693095194,-0.004134872850520217
0.24721484222248424,0.0014668504015554308,-0.006727741102369815,-0.011364062519828466,-0.014486250710475107,-0.0004441158572067729
0.24729373549269992,0.0013100612365216863,-0.015990140963893718,-0.01717724125319208,-0.016614999706029428,-0.0038317004524111363
0.24737262876291563,0.000836367426494347,-0.02486752081662282,-0.02195608335027,-0.017008472604498826,-0.007428863734461343
0.24745152203313134,0.0003025237869423844,-0.028293346554121485,-0.024147236682733966,-0.019335236799332616,-0.0077950683245869715
0.24753041530334702,1.4149514262835613e-05,-0.02720977893727896,-0.02252387203177814,-0.020702077918136722,-0.005675404025906195
0.2476093085735627,0.00021080835455377026,-0.023948236755487462,-0.02136880628850823,-0.019571119970366292,-0.005425274131993373
0.2476882018437784,0.0009090776968420387,-0.020362511254589884,-0.01884869228317683,-0.014504677468794516,-0.006434105109185413
0.2477670951139941,0.0018703465752347242,-0.015451628645126135,-0.017017534926489098,-0.006754884844631198,-0.009600130699143762
0.2478459883842098,0.0026768799698227374,-0.011641940961789643,-0.014279154596999046,-0.005098925177509012,-0.008395142666505843
0.24792488165442547,0.0029473215793993732,-0.008727835834238216,-0.01164839069930733,-0.007760287592051806,-0.004694783252787997
0.24800377492464118,0.0028656581258009613,-0.011525089814845936,-0.013491805959174433,-0.01646275235037564,-0.00096771693572197
0.2480826681948569,0.003143576574584205,-0.017429544939226844,-0.016253456925145262,-0.019916134725141522,-0.0011163950189392161
0.24816156146507257,0.004124926481927257,-0.01810819303975138,-0.01654077023818822,-0.01765008407739982,-0.0027022350619982432
0.24824045473528825,0.005203982307014111,-0.01541609452292267,-0.015478718331630942,-0.01378471795536026,-0.004162518587341689
0.24831934800550395,0.005339594818075853,-0.01665749782436262,-0.015865341608339568,-0.013456346606008905,-0.0046688917621214255
0.24839824127571966,0.004211455302193718,-0.013877795988015109,-0.015195967253005599,-0.015968001593043738,-0.0026300067525979512
0.24847713454593534,0.0026624652482363687,-0.011839385147881987,-0.012834529149951172,-0.011288449227204822,-0.0035355724439043224
0.24855602781615102,0.00170610748191043,-0.012171148931664346,-0.013951617513537054,-0.006126568180923713,-0.007518061362280794
0.24863492108636673,0.0014715738437271273,-0.01445246222223729,-0.016516630157786285,-0.0023778575616686367,-0.011815794537811742
0.24871381435658244,0.001492289014013651,-0.018871285326219227,-0.018673142078135165,-0.005124150182413057,-0.011902477994957597
0.24879270762679812,0.001545521618424894,-0.023716875630375958,-0.020175276570453725,-0.011749432533209472,-0.009145459701032144
0.2488716008970138,0.0018447102205554034,-0.02757190095351429,-0.02299476277087683,-0.011990053838305809,-0.011262600728520927
0.2489504941672295,0.002514089090908081,-0.024433932969545286,-0.020932985769007453,-0.007525645311333094,-0.012278461172179381
0.2490293874374452,0.0031060514996522678,-0.025484366457157532,-0.0208357405591079,-0.005168593225555081,-0.013609695600562926
0.2491082807076609,0.0029098759145207865,-0.03019036604300843,-0.024715010392867193,-0.005298403248329347,-0.016642460085524686
0.24918717397787657,0.001776104527365964,-0.028446194776440406,-0.02367630358238561,-0.009129527787828726,-0.013519330729059817
0.24926606724809228,0.000522223895698563,-0.025296740271345132,-0.022209812734544893,-0.010962875670803361,-0.011247245617169116
0.24934496051830798,0.00022129176962966477,-0.02210270445811741,-0.020588778139689158,-0.013908129954063382,-0.008186239763765724
0.24942385378852366,0.001147943340008386,-0.019818624639784784,-0.019784822478496618,-0.01292795266312152,-0.008127654731019208
0.24950274705873934,0.0027190041504990335,-0.021104597705908706,-0.019224511798813754,-0.010820134927646543,-0.008938761068681817
0.24958164032895505,0.004077791236816112,-0.022509427696319133,-0.019467633711915112,-0.013592195918710625,-0.007476098586531077
0.24966053359917076,0.004737101661663437,-0.017954296509888158,-0.01633947711997231,-0.013506024010975917,-0.005019338028707403
0.24973942686938644,0.004992049703322748,-0.021029299435732438,-0.018005952240810103,-0.01816443055519652,-0.00356953519981318
0.24981832013960212,0.00558271371658843,-0.0206305343236744,-0.016618020246673908,-0.014767196782376854,-0.004488421060211933
0.24989721340981783,0.007292031880147973,-0.014256660774049195,-0.011961923099807951,-0.012439697573154211,-0.002147488880614437
0.24997610668003353,0.010893878530382648,-0.005096400479244781,-0.005317672221159568,-0.009366762134740591,0.0013403845758049506
0.2500549999502492,0.016594269501542216,0.0023295682155031762,-0.0012941017780279545,-0.009572814076752542,0.004688402120146806
0.25013389322046486,0.022961933924686213,0.008057621010696514,0.0027591393216390824,-0.006576134157425002,0.006144384882260273
0.25021278649068057,0.027062142151736687,0.004615822301978336,0.0024360887721128766,-0.006081372593673367,0.005589568242612402
0.2502916797608963,0.02676519527367321,-0.004073661444242657,-0.002445886420360072,-0.006403110750381433,0.0018694349386491947
0.250370573031112,0.02265977974991519,-0.011598268372121122,-0.007278190709485174,-0.008460016654218295,-0.000773328169927846
0.2504494663013277,0.017024991978737573,-0.015300974096806516,-0.01079910460868244,-0.011407259474285916,-0.0018328309738856038
0.2505283595715434,0.011915061001159834,-0.01627629614793568,-0.01356452918134737,-0.016138086583149597,-0.0012202212146888369
0.2506072528417591,0.008280793758926586,-0.012118754997579162,-0.012319055264006304,-0.01628620590340996,-0.00013307979080832416
0.25068614611197476,0.006029479203942521,-0.006610638371821389,-0.009892134177866484,-0.012317541092463715,-0.0005613385745695925
0.2507650393821904,0.004857314211321767,-0.003973004530546262,-0.009545043758529187,-0.01446039418927709,0.0009986284853180784
0.2508439326524061,0.004887242753963329,0.001237407706536585,-0.00668798705051301,-0.017383240312658504,0.0050373008471996
0.25092282592262183,0.006134257992786388,0.002860499743009351,-0.005138794206218652,-0.014761303675127149,0.004710556199060035
0.25100171919283754,0.007543558939053341,-0.0027799490684440177,-0.007713403609618259,-0.01575597748277366,0.0032418796253928274
0.25108061246305324,0.007692547954889601,-0.008379314143548084,-0.009807268669548527,-0.016102468364481284,0.0017706694177432424
0.25115950573326895,0.0064289945075657745,-0.013880905649921315,-0.013762322910705766,-0.013170663352582844,-0.0031536601421936813
0.25123839900348466,0.004812060384380926,-0.014264663202731809,-0.014836052285609032,-0.004812363101659805,-0.00901291384605538
0.2513172922737003,0.003771384081176364,-0.010568952938134387,-0.013343664650406413,-0.0007609403266007329,-0.010239341245834381
0.25139618554391596,0.0033421948179231825,-0.014019635262755032,-0.014677316962930507,0.00042436016234830123,-0.012017066729255418
0.25147507881413167,0.002972957330763718,-0.017474282578716624,-0.016272657076684738,-0.008548432456605214,-0.007930480684415424
0.2515539720843474,0.0023286084747807466,-0.019009425691462488,-0.018257551706949843,-0.013834289281485777,-0.006360988445730211
0.2516328653545631,0.0016546753216955033,-0.018209155948005366,-0.01863163674786788,-0.01376566297508113,-0.0067019939351244265
0.2517117586247788,0.0014668833555198184,-0.019803509601840956,-0.020181762432801075,-0.014733079388800053,-0.007366532005238248
0.2517906518949945,0.0019013031603086368,-0.022022763993036886,-0.020671800168711695,-0.016105351925553093,-0.006938904764241246
0.2518695451652102,0.0024856204926074284,-0.02506754249613685,-0.021742617630519774,-0.012785860082190747,-0.009782613623960684
0.25194843843542586,0.002821065100164394,-0.024115850801431398,-0.02044483694821278,-0.012721818046426862,-0.00878017995765923
0.2520273317056415,0.003123462197651271,-0.02125670406206963,-0.018808708285552946,-0.007846445761826627,-0.010383460087763783
0.2521062249758572,0.003716408198542416,-0.02121393094956175,-0.018529671900336425,-0.003371401894481615,-0.012835434786362336
0.2521851182460729,0.004466577566940471,-0.02119249886270567,-0.018578289961609564,-0.0030138004695652457,-0.013088218407173103
0.25226401151628863,0.00512129048235486,-0.022227317472183098,-0.01989298960940471,-0.006811871323157319,-0.011871369852675756
0.25234290478650434,0.005975418601331437,-0.018460532248447802,-0.01736909318382815,-0.011864054947475262,-0.006826823238655264
0.25242179805672005,0.007846990707194773,-0.017592250406023656,-0.016032456857832555,-0.015297362028615926,-0.0037018232707962243
0.25250069132693576,0.011317750234327765,-0.012123015827793024,-0.012376264777065785,-0.015088015461129329,-0.0008956455688824204
0.2525795845971514,0.016157741057866805,-0.009885550310754287,-0.009030850321873018,-0.012390820946427216,0.0001728975545610841
0.25265847786736706,0.021623363377699715,-0.007035546382692107,-0.00521813495640527,-0.011564751081731788,0.0027348633540428924
0.25273737113758277,0.027440445684269777,-0.00043350234517320973,0.0004700428391472473,-0.011013692883282659,0.006964104612600389
0.2528162644077985,0.034044226299526734,0.005029850682788791,0.006563579983902442,-0.0071220074275471675,0.009519760572242169
0.2528951576780142,0.041280901768807485,0.014580845381600394,0.015469400362715307,-0.006633523653674035,0.016364737277819882
0.2529740509482299,0.04755809703910003,0.027158555948973647,0.02478373609669622,-0.0013366852815680362,0.020663625422899366
0.2530529442184456,0.05064474986441023,0.019411506834585868,0.01857160178949598,-0.004509087073506125,0.017580717917119872
0.2531318374886613,0.049139941204186015,0.011119908830503471,0.01273655703325394,-0.00837275888581723,0.01521471255690324
0.25321073075887696,0.04409967895749759,0.004456931495886386,0.008376207954854407,-0.014763081465785194,0.01554261124935806
0.2532896240290926,0.03880308027416543,-0.0011842037383326027,0.004642602698145493,-0.019915604915260666,0.01563321753984176
0.2533685172993083,0.03580181102445628,0.0008343065336200133,0.004761296739129688,-0.02495089888034692,0.018741241665593707
0.253447410569524,0.03545495928891535,0.004334155262573007,0.0061317945438723485,-0.02503344444500603,0.019888775972976325
0.25352630383973973,0.03697474784591708,0.007463158698692449,0.007542464568579014,-0.02172498107849321,0.019039405855510318
0.25360519710995544,0.03914028514466792,0.01693885358530104,0.013481254414325254,-0.014474092382242775,0.019460398099616177
0.25368409038017115,0.040563592784577426,0.02371942470544959,0.016937131407240485,-0.005536289243472248,0.016884928235861955
0.25376298365038685,0.04017082412093366,0.026461180561224713,0.019307879351401522,-0.0032727708635463646,0.017431670321318905
0.2538418769206025,0.03716575802840063,0.013894685070396234,0.01037289414762193,-0.00894324899272277,0.0136617200744481
0.25392077019081816,0.031106480512410568,0.0027338689410853416,0.004139329398912592,-0.010780634316853114,0.009765273398340954
0.25399966346103386,0.0229931672825678,-0.008865022160003176,-0.004376311682420631,-0.01323270610471523,0.0044073025213825535
0.25407855673124957,0.015542638876145601,-0.011987517171558363,-0.007837373300861119,-0.01030840189717362,-0.00011599701244621949
0.2541574500014653,0.010954896836139457,-0.009847305916371136,-0.008167310541633823,-0.010239852529373117,-0.0004214588340610464
0.254236343271681,0.009387624557791987,-0.013902291659556334,-0.01255070582573348,-0.011547134796204651,-0.0031533275143826333
0.2543152365418967,0.009899938408141832,-0.017462161228661933,-0.014881195232716011,-0.014426013495624978,-0.0032998948576726038
0.2543941298121124,0.011498494577363294,-0.011632101111909569,-0.011141757517226507,-0.013789943807186015,-0.0006823899249624088
0.25447302308232805,0.013135102167360076,-0.01068906810486177,-0.011678118917814955,-0.010358406341838306,-0.003164777107789868
0.2545519163525437,0.013699693408828185,-0.0057590500330340815,-0.008347996242655616,-0.010069699130162415,-0.0006680589930956161
0.2546308096227594,0.01247744196779337,-0.008898312698055128,-0.01037015393654265,-0.012957689811251854,-0.0005616376866391607
0.2547097028929751,0.009596347979084218,-0.01759215100327996,-0.01559482141721263,-0.015083570906388856,-0.0034787894519998316
0.25478859616319083,0.005975305714846667,-0.023948358121096924,-0.020204399408697744,-0.011596868118143151,-0.009260037552703448
0.25486748943340654,0.002917961359366934,-0.022210120333376472,-0.018056016315837864,-0.007952275184218673,-0.009716715029636891
0.25494638270362224,0.0013051881207575518,-0.020557923899427108,-0.017480858782067035,-0.003384325847694688,-0.011986936258204536
0.25502527597383795,0.0011496721522888478,-0.020072887932584802,-0.016929568137923127,-0.006343777944505749,-0.009775431471968184
0.2551041692440536,0.002326772069628401,-0.018943249478296707,-0.01689303851417904,-0.008721906488243655,-0.008324114320370848
0.25518306251426925,0.005268018799124385,-0.017560494341347523,-0.01749731469490777,-0.008829413597959855,-0.008744294823645615
0.25526195578448496,0.010241349013967307,-0.008229750390034467,-0.01115330741776587,-0.01055505351912929,-0.0026264657055437893
0.25534084905470067,0.016184461449689276,0.0024246685770327003,-0.0026046358005762243,-0.007957779807748666,0.0026720739937462885
0.2554197423249164,0.020883410216128263,0.005250164437016767,0.001294114525703959,-0.011318968852764974,0.007807132540787896
0.2554986355951321,0.022765159776409957,0.005693907903196571,0.005385335896023122,-0.012575109360134772,0.011837152790318741
0.2555775288653478,0.02229851481349215,0.004726761450607766,0.0053737867891339485,-0.017084836341611738,0.014525585656370351
0.2556564221355635,0.021122652541823782,0.000650254345542616,-1.0413536978647122e-05,-0.018258977710773165,0.010913276741602333
0.25573531540577915,0.020570931387442405,-0.002531301993191019,-0.0029411142728993675,-0.015359364621148133,0.006829767729522659
0.2558142086759948,0.021287316499824654,-0.0022918458930654894,-0.0010849746372130723,-0.01422153933106104,0.00763673092877983
0.2558931019462105,0.023775986920966333,0.0038492965976147926,0.0045405494623894215,-0.01702840057062174,0.013824120760828422
0.2559719952164262,0.028800877046955088,0.018281936693068886,0.014262363978663864,-0.013290855534322856,0.019378625575294656
0.2560508884866419,0.03675952937682609,0.028338898529568713,0.019600608748759282,-0.01407889463415308,0.02412732773919441
0.25612978175685763,0.04609663383572202,0.02987806174871338,0.022295238163505086,-0.01008503481798425,0.023898659383837662
0.25620867502707334,0.052880921223147165,0.017228311171406843,0.017528734813282043,-0.01169104601375596,0.021039276430736654
0.25628756829728905,0.05403724766429285,0.01097006841541167,0.01566602459454435,-0.014665269220308532,0.021325330918147825
0.2563664615675047,0.050249130545701175,0.011548447699054547,0.015775454266406058,-0.019017358334642298,0.02401596322219676
0.25644535483772035,0.04363768271182199,0.018323816077163057,0.017053948337350185,-0.0184626212112706,0.024708473328375096
0.25652424810793606,0.03577087581702269,0.01955889319213776,0.015107666717785925,-0.015389056371168025,0.0213108141493056
0.25660314137815177,0.028228051961816228,0.008716883936609604,0.005703235609268287,-0.012277943966018504,0.01191415444439284
0.2566820346483675,0.02252281397953196,0.00013341238124389435,-0.000978198385555404,-0.01422140556463795,0.007722225966315071
0.2567609279185832,0.019712389180149784,-0.0046777387931285575,-0.0033276843525845597,-0.01504885465242332,0.006334185721551681
0.2568398211887989,0.020019208549579517,-0.0022834150495145812,0.0021625437754694246,-0.015051447159686746,0.010735803301054104
0.2569187144590146,0.022321816220682772,0.0022459475855077377,0.007927177432228526,-0.010216301986398967,0.01246320561748493
0.25699760772923025,0.02442466247029519,-0.0002090461753900413,0.0043689556826648195,-0.00866672630935198,0.008684904451800505
0.2570765009994459,0.02447986892487257,0.0009534203231896563,0.0033524045943445283,-0.009396863243933313,0.008306956973704614
0.2571553942696616,0.022140945157113897,-0.0022418209379969473,-0.00040163743155814246,-0.01007018463907588,0.005701155757972999
0.2572342875398773,0.01805961756357416,-0.005135832367961756,-0.0024599574426542843,-0.010756184979886865,0.004461852622586067
0.257313180810093,0.013080945128976862,0.00084835727051214,6.293624534182281e-05,-0.01436354277353544,0.008641652782000029
0.25739207408030873,0.008160978736939018,0.013407930897817825,0.00715345786460028,-0.01588344486255679,0.015232984522893187
0.25747096735052444,0.0042177703603138075,0.021843386052817496,0.009504924480794978,-0.020571224688011043,0.019921528076774435
0.25754986062074015,0.002157269636548313,0.010554950411558356,-4.0732244191435284e-05,-0.01838896414099672,0.010966746985030374
0.2576287538909558,0.002530737479646519,-0.006043284103930002,-0.009688725293731486,-0.01557003357015099,0.0015472040374499565
0.25770764716117145,0.004773874149212178,-0.010936653857384761,-0.012250212382369886,-0.00878464193500364,-0.004564591532009057
0.25778654043138716,0.007340233264316524,-0.00716432482093594,-0.009145751866138706,-0.008072796804387484,-0.0025018396248464776
0.25786543370160286,0.008605477787804554,0.001173743063769275,-0.0036171460751662256,-0.00935362845441001,0.002695476290408657
0.25794432697181857,0.007958246999095961,0.001993808424237382,-0.004305334413392845,-0.015310711154812938,0.005707247815928368
0.2580232202420343,0.006191886165989823,-0.008267204479234009,-0.011819445013373424,-0.01398455175678129,-0.0011092679859041332
0.25810211351225,0.004440636263885742,-0.010796384993190983,-0.014212802462952798,-0.015377663731282989,-0.002194813224089421
0.2581810067824657,0.0032884983591828986,-0.0018956550262151576,-0.009323984781206763,-0.016004204851782274,0.002099308797611728
0.25825990005268135,0.002952863772804672,0.0019620340533545704,-0.008493756827428254,-0.016650106772996397,0.003151221125458143
0.258338793322897,0.0036675743992553526,0.009106331811533868,-0.0025773900343986065,-0.0169476528755521,0.008071455225840051
0.2584176865931127,0.005478854790942509,0.006930696468426566,-0.0016621627847880972,-0.012117207282174377,0.00591536092153461
0.2584965798633284,0.007660180847675991,-0.0022642177695092773,-0.008814697369768998,-0.008259189805882255,-0.002125004868707507
0.2585754731335441,0.009033817466404035,-0.012256035096486005,-0.013972278301716195,-0.010605265719759489,-0.004856261888971723
0.25865436640375983,0.009457679717940804,-0.011937686870238473,-0.011422419090050161,-0.01012269253503744,-0.003100777563631609
0.25873325967397554,0.01011114725315762,-0.0061767840535594636,-0.006064302709894138,-0.011951142291886959,0.002287765756834879
0.25881215294419124,0.011720429601689371,0.00645883168200064,0.0037401774895383932,-0.0059731829221621666,0.006569973559907319
0.2588910462144069,0.013792569258778682,0.017503661011294393,0.010480874827403975,-0.001400012501905464,0.009237107013723062
0.25896993948462255,0.015196330829284677,0.008414327724786192,0.0017786149020294186,-0.007505227809539019,0.005914280588023687
0.25904883275483825,0.014653037832221797,-0.0019526776474067368,-0.004857757131424171,-0.012883875579729746,0.003812759437123828
0.25912772602505396,0.011827696363344218,-0.009915530889775473,-0.010404173261318924,-0.018767828799419434,0.002886604456745512
0.25920661929526967,0.007967976102368306,-0.01746776035046789,-0.016816365914858473,-0.022410412722047076,-7.571663955265257e-05
0.2592855125654854,0.004632966907028224,-0.01751219390339795,-0.016781428630109164,-0.020322957098837465,-0.0012964321853518065
0.2593644058357011,0.0026528622582602797,-0.01688239862841938,-0.0171978858181129,-0.022644306692958124,-0.00024176544585203437
0.2594432991059168,0.0023433212094446814,-0.020991455334421972,-0.020620877648155796,-0.017721741351591158,-0.005931420842101142
0.25952219237613244,0.003778140510860293,-0.022013856270040637,-0.020217871631226004,-0.01362793655810913,-0.00805634710327821
0.2596010856463481,0.006587408436232798,-0.020355207454690046,-0.01883537093453056,-0.0040541841808188275,-0.012672267874673654
0.2596799789165638,0.009612770624195159,-0.02046921182682741,-0.01755024106233923,-0.002588024611964033,-0.012518677712027923
0.2597588721867795,0.01131832146860445,-0.018572819838384005,-0.013938210322694967,-0.0008990703818440278,-0.010633285033702295
0.2598377654569952,0.01076239227785443,-0.016197463777822458,-0.010611195313556478,-0.002687512532857095,-0.006897118627061841
0.2599166587272109,0.008305162029277575,-0.020917296150292888,-0.014032422980718056,-0.011145398696693265,-0.004581452154348252
0.25999555199742663,0.0051547923506237705,-0.021976119244738804,-0.017215676624212264,-0.01564810273806781,-0.004440804862059354
0.26007444526764234,0.002558219650694947,-0.020224966207816664,-0.018360593836883397,-0.015896936197859254,-0.005210076960442508
0.260153338537858,0.001230843382308881,-0.018204323814062725,-0.01667165724460352,-0.0167694418176699,-0.00333391510519579
0.26023223180807364,0.0011476936945452908,-0.019858533180245847,-0.01710006293650876,-0.017864398767095783,-0.0030225387581013547
0.26031112507828935,0.0018618292032571448,-0.017771270789484355,-0.01604625952170141,-0.017031558299944165,-0.0026756603121447405
0.26039001834850506,0.0028773065413246583,-0.010319208687854962,-0.011956356127629457,-0.011346638536150195,-0.0027967784168858195
0.26046891161872077,0.003749895764390465,-0.015609637635780473,-0.016989268557624924,-0.013388627429622098,-0.005610551622060558
0.2605478048889365,0.004378354519420019,-0.018633393405467026,-0.018055710899330807,-0.010549327007847517,-0.008163541528739252
0.2606266981591522,0.005214774058478597,-0.02059306389116155,-0.01759661632926938,-0.014014335952523509,-0.005723343374554826
0.2607055914293679,0.006957740740787342,-0.019594768907346655,-0.01738198870919336,-0.015622030571775915,-0.0045897576629871165
0.26078448469958354,0.01013139665772332,-0.007898873977016255,-0.008510077611315366,-0.016045131786124076,0.002776237689386747
0.2608633779697992,0.014866720402173314,0.000166287945788686,-0.0011463576643570522,-0.023281306531034295,0.01300793919921003
0.2609422712400149,0.020588743370610646,-0.0014890062414478935,-0.002623180739839352,-0.023754828765326842,0.012107671532838694
0.2610211645102306,0.026299934509486728,0.009734803768953937,0.005519129978643757,-0.015303331268384832,0.013576329756965183
0.2611000577804463,0.03123690127387498,0.019330782506735898,0.013402490929179766,-0.010802457922115104,0.01720140685932958
0.261178951050662,0.034243346587085825,0.02397518806889316,0.015513861909772437,0.0007385156351944381,0.011992236297908446
0.26125784432087773,0.033968494830594546,0.022591587470234646,0.01406142623181734,0.0027457893260016517,0.009627751938023179
0.26133673759109344,0.030051770148127387,0.020322472327216706,0.015894472218818796,0.0012871201384811477,0.011969280709306501
0.2614156308613091,0.022894032560028553,0.010250273512375632,0.0073540910529527855,-0.005866540554239604,0.00940240499293281
0.26149452413152474,0.014276151550476453,-0.005509789791370385,-0.0055576977681763,-0.01348443907255373,0.0036109873048679308
0.26157341740174045,0.007228586908814135,-0.005494188459857342,-0.0040774045401718835,-0.013209876892858019,0.004633220107479184
0.26165231067195616,0.003413685884741755,-0.018989393738688336,-0.017389700505059214,-0.016839549816576576,-0.0038677665397911887
0.26173120394217186,0.0022768296103347495,-0.017707228995334678,-0.017341321365023032,-0.017652848283627436,-0.003342536055301808
0.26181009721238757,0.002354471042151416,-0.005609326260965962,-0.010025797535559862,-0.01777953040549205,0.0025987115135192025
0.2618889904826033,0.0025388634127897925,-0.003777747076985559,-0.012291243798147998,-0.015071053089363509,-0.0008376297567158739
0.261967883752819,0.0024349300059977688,0.0004263738322939082,-0.007356888819695843,-0.0016323144022358188,-0.0049198823092264305
0.26204677702303464,0.002041972449374219,-0.007547166969629268,-0.012176241752576769,-0.002345649799755674,-0.008355974559442423
0.2621256702932503,0.0014406626558763171,-0.016256835154127677,-0.016449576209790817,-0.004608973383980552,-0.01042796787784421
0.262204563563466,0.0007423651595832544,-0.022221522880987797,-0.021328536980261856,-0.007300153213724654,-0.012730430082346395
0.2622834568336817,0.00028968860819789685,-0.021618875844630292,-0.020399550658075798,-0.010313495556653576,-0.010183890620197188
0.2623623501038974,0.000439106057845771,-0.02493087400140165,-0.02328247330506504,-0.010601209562427178,-0.012323677043717889
0.2624412433741131,0.0009900818010970048,-0.02331180202051774,-0.02245457171445587,-0.007555748834018307,-0.013480502780626305
0.2625201366443288,0.0012832291510096747,-0.02490445530882057,-0.021813534013955926,-0.004525185854377048,-0.014778294370508156
0.26259902991454454,0.0009537108532160609,-0.02404860706554606,-0.02024764151619495,-0.00372495323228148,-0.014001301419868602
0.2626779231847602,0.00033474306339734166,-0.024128675053585905,-0.019542727280639466,-0.007559178280687885,-0.01114372801154741
0.26275681645497584,6.257512043906344e-05,-0.022386446338873475,-0.01823294486034734,-0.012097335066331254,-0.0073799662418980935
0.26283570972519155,0.00038203015727192964,-0.014442344543216546,-0.012697000992548012,-0.009065157893817365,-0.004754985693825527
0.26291460299540725,0.0008364566654132213,-0.012846910088850012,-0.01078659815352539,-0.004258184514357256,-0.006098399005566208
0.26299349626562296,0.0009360274567872736,-0.020477264348527785,-0.017372616752174337,-0.003036624127481462,-0.01210806476765094
0.26307238953583867,0.0008486199213141964,-0.025102973364081595,-0.02087276856893544,-0.004153508600052705,-0.014246254849427209
0.2631512828060544,0.0009375779836541022,-0.02007769211822177,-0.016643786374273047,-0.0014383855286952752,-0.012479461884411768
0.2632301760762701,0.0013129895122249084,-0.013395016408067999,-0.013297187359908355,-0.0035911618889608293,-0.008509645498155414
0.26330906934648574,0.0019316043912129396,-0.013690650223997224,-0.013865186644144031,-0.007679017796653995,-0.006520398288471657
0.2633879626167014,0.0034103879290383375,-0.01542207676682838,-0.015505328990348137,-0.005161550212556194,-0.00934061290503173
0.2634668558869171,0.007269612567529195,-0.01812588065339548,-0.01608327654510663,-0.00928783490789714,-0.007336497382944847
0.2635457491571328,0.01407869971815887,-0.008504451096126688,-0.008008411988679829,-0.00917446629020927,-0.0009313101997019249
0.2636246424273485,0.022638439394327133,0.0034974357232992765,0.0012889223476524017,-0.01287272246211806,0.008732379221901905
0.2637035356975642,0.030335265549977366,0.008732049413350677,0.007201010670537419,-0.0158156514931911,0.015230535634755765
0.2637824289677799,0.03417410264148309,0.012404286850199538,0.01320762152813498,-0.015827270369646176,0.02005048678739361
0.26386132223799563,0.033561632555235865,0.0065645731782848545,0.01000602641365826,-0.010837555355763237,0.014500670161978509
0.2639402155082113,0.030168646917729268,0.005572855870821175,0.006769218591963292,0.0035953342807457794,0.003274870076432259
0.26401910877842694,0.02547301036100049,0.009499200509496193,0.010166116734866915,0.008852079652466675,0.0028536542462063836
0.26409800204864264,0.020357453691592708,0.013919268965222418,0.011426438027220584,0.005434536725593483,0.005907763232979789
0.26417689531885835,0.016147452292756263,0.010312005317452078,0.006263447728569054,0.00031925787134454283,0.0048288219093922825
0.26425578858907406,0.01435702345369266,0.007959241865378629,0.007386194743204127,-0.00882112837541095,0.011195223673601111
0.26433468185928977,0.01580203050199702,0.004474794124253554,0.006379315587749798,-0.013038630746779124,0.012910941490371133
0.2644135751295055,0.019502791956811306,-0.005340169016360403,-0.0016093031322789433,-0.013051499946773893,0.0065165984490930156
0.2644924683997212,0.022317664377581058,-0.0051849294271801745,-0.0010146416591381774,-0.019169063618825536,0.010652950240420563
0.26457136166993683,0.021369039513959364,-0.006076977558524281,-0.001896670541146902,-0.021952290289766033,0.011611335852440804
0.2646502549401525,0.016983223149229742,-0.006512887116747578,-0.003760971798719275,-0.016638411867047457,0.00693782537061418
0.2647291482103682,0.011407332600328057,-0.006744972433702996,-0.0060478741696889686,-0.009080904791206448,0.0005841483441872028
0.2648080414805839,0.00654239367667448,-0.0033905865658875878,-0.006794517407745242,0.001959729176959218,-0.006617420897994279
0.2648869347507996,0.003561662490986569,-0.008112828110836278,-0.011532327745257753,0.008237223529725174,-0.014168616464521977
0.2649658280210153,0.0029550137213304396,-0.009834150929747017,-0.010338723502962534,-0.0013549820571069654,-0.007475621185531747
0.265044721291231,0.004682285550761326,-0.01564656077222367,-0.011023248088569398,-0.00999032100140325,-0.0028599656786368996
0.26512361456144673,0.00812856216770269,-0.014286182867590227,-0.0096196256064777,-0.010236599590069282,-0.0015875327353429176
0.2652025078316624,0.011717125892291177,-0.007828022783439286,-0.0017600512539190387,-0.01323535550962851,0.006505760731215462
0.26528140110187803,0.01293394804825923,-0.01378408274391461,-0.008757469248849289,-0.016542083575721744,0.0028752032300035026
0.26536029437209374,0.010190687512914078,-0.020303491153536888,-0.017298397415261377,-0.010885071068134203,-0.007355572590295516
0.26543918764230945,0.0052339828537799815,-0.024215669168028857,-0.019589366227286645,-0.005387630883828099,-0.012479484009028135
0.26551808091252516,0.0012838421212924165,-0.02079909326993847,-0.01763002764697071,-0.004711227361954686,-0.011313132058985202
0.26559697418274086,0.00030546509228590666,-0.02064867267001537,-0.01819759565356231,-0.000490014450345616,-0.014292009817863533
0.26567586745295657,0.0022989089851950606,-0.022631490427531886,-0.020071119937831818,-0.0003648841747231973,-0.015868636199121173
0.2657547607231723,0.005737688473567825,-0.020666876506370124,-0.01739785895553353,-0.001355242739766411,-0.013133626809449295
0.26583365399338793,0.00957662225205132,-0.018119305689176066,-0.014156144455208164,0.0015919106667553371,-0.012297501295841418
0.2659125472636036,0.013338330016449173,-0.01757296621759183,-0.013935009452324362,-0.0034438520946977534,-0.009108991718937795
0.2659914405338193,0.016189925369705566,-0.009750505239809082,-0.006983241420190298,-0.0036156596246033693,-0.0034342491204554016
0.266070333804035,0.017396176022027823,-0.0027945187847669517,0.00020593003990693982,-0.0029293575762007564,0.00191705350254312
0.2661492270742507,0.015840690963167675,-0.005653890593528707,-0.0018489076007447063,-0.012678666459033577,0.006101544445105777
0.2662281203444664,0.01165959099876374,-0.010373091541612403,-0.006572800396778166,-0.018797737074108336,0.005975864900725028
0.2663070136146821,0.007463154876148327,-0.01361374239318658,-0.011720010495817454,-0.016772488226744542,0.0006380638457807974
0.2663859068848978,0.005196642582228489,-0.016134433310098457,-0.016025695714554953,-0.014944775837209235,-0.003907278470325811
0.2664648001551135,0.00495283656060308,-0.006607420865400721,-0.006152183006499296,-0.005345000893916598,-0.0017338935302841653
0.26654369342532913,0.005730825494459729,-0.008717595816848075,-0.007396819252688487,-0.01374651212404563,0.002293612636919249
0.26662258669554484,0.005990260537270888,-0.015671836080931825,-0.014799234721119475,-0.01706081644358831,-0.0016582602997194775
0.26670147996576055,0.005253479446661123,-0.006471671255156844,-0.006626034224407272,-0.004060668665967291,-0.0028818077616576264
0.26678037323597625,0.004334420091791516,-0.0040328154464002374,-0.0011367374985615131,0.000848346534002217,-0.001418401583429548
0.26685926650619196,0.004159323528191922,-0.015467488777583352,-0.010919968985804962,-0.0033448564987391973,-0.006751496865211259
0.26693815977640767,0.0052087279379430034,-0.018989551278864956,-0.016022983279249628,-0.0053285494864707805,-0.009655721941656663
0.2670170530466234,0.007501312129435132,-0.004637922520791907,-0.005232078288523935,-0.008645072221194284,0.0009773303705283203
0.26709594631683903,0.01063392243671503,-0.009351691171233165,-0.00964396671409331,-0.013854673478088232,0.0005570134963393951
0.2671748395870547,0.013839027043449541,-0.006932792753655164,-0.006991107087468936,-0.013905440620092413,0.0027138830812383045
0.2672537328572704,0.01578316708084624,-0.0006810669484040873,-0.0004327469081464014,-0.010915316415149964,0.00618173950336953
0.2673326261274861,0.015024264426468316,-0.008401294000438281,-0.006311338538441525,-0.01637299657315992,0.004734848882559014
0.2674115193977018,0.011475046571402275,-0.004473551519603103,-0.00038435979067194526,-0.01400888351841096,0.008071018994808422
0.2674904126679175,0.0066696415772531355,-0.015913017867481706,-0.011045479794115734,-0.02004693973978906,0.0031376906176868286
0.2675693059381332,0.0027450414859289847,-0.018791795157429014,-0.015368360223478044,-0.016387451322766262,-0.0025173528069462625
0.2676481992083489,0.0012664841121921243,0.000866265882369157,0.002482150699869248,-0.0018678588729866066,0.003106411635781643
0.2677270924785646,0.002294105129118312,0.010076233018275201,0.012039544889249132,-0.0023029569311454555,0.011026295127154672
0.26780598574878023,0.004890615080396012,-0.007142299289070148,-0.0051846288170000285,-0.010910358762192516,0.002370295684170079
0.26788487901899594,0.008016099788199763,-0.009509363224627851,-0.007083254761318654,-0.010784383957626827,0.0007731571985094848
0.26796377228921164,0.01066821507113153,-0.004260320753135499,0.0006691334494568775,-0.013233391248724293,0.008451419083199251
0.26804266555942735,0.011720375678636154,-0.012219189978126549,-0.007688242234786457,-0.014962584123996411,0.002787444287986211
0.26812155882964306,0.01001258883299386,-0.013651475463305432,-0.01027115271394875,-0.01037788465045491,-0.0020252875032686847
0.26820045209985877,0.006245819321618901,-0.008173924084680524,-0.006910566094178461,-0.002880313941823776,-0.003815786994370675
0.2682793453700745,0.0031050737278604163,-0.01750692644495368,-0.01684661759054458,-0.0051863070892705435,-0.010401039487948053
0.2683582386402901,0.002943066555398051,-0.022915745479952968,-0.020586076936652778,-6.27415156922426e-05,-0.016462068643726
0.2684371319105058,0.006377441443071799,-0.015584195677739755,-0.013803033847117526,0.001216566516006496,-0.01179003962137437
0.2685160251807215,0.011410665475654443,-0.01325045007151205,-0.01008560843695712,-0.001664708947019852,-0.007087525375264613
0.2685949184509372,0.015241461946103515,-0.009991913266639244,-0.006590368558800077,-0.00036167953898027594,-0.005065462308924544
0.2686738117211529,0.01711323615250467,0.0016740212719290497,0.004271302286819834,0.0036298308644612197,0.0012522402658191366
0.2687527049913686,0.01727554951212804,-0.013148688129148055,-0.006631779716067366,-0.005286372782430928,-0.0021533485721618706
0.2688315982615843,0.015866623220907046,-0.010962431245042622,-0.0070835701400699174,-0.00662259778829606,-0.0017162846547740126
0.2689104915318,0.01350308492464246,-0.006383201499587495,-0.004992010132274762,-0.013821756783114127,0.004266175252740198
0.2689893848020157,0.010889823139723207,2.3096028595088784e-05,-0.001087029073874525,-0.012676998336859981,0.006711153422878816
0.2690682780722313,0.008528637806671286,-0.0033756566358863,-0.003922653169320914,-0.02236351898513421,0.010233586954899333
0.26914717134244703,0.006998915301305064,-0.0065703911498525775,-0.005195112713367079,-0.02304353897569699,0.00962056283280852
0.26922606461266274,0.00613610264043361,0.0005390640324186965,0.00022407852553463266,-0.013626136958015699,0.00832968014485355
0.26930495788287845,0.004986634377739268,-0.013450097688767723,-0.012317820973432932,-0.015974249563544943,-0.0003186903240527193
0.26938385115309416,0.003174622720085259,-0.010082768795340426,-0.011357291111672996,-0.015501244495711847,0.00016843315800683158
0.26946274442330986,0.0013481260316877172,-0.0066861010496039215,-0.006271424666160343,-0.014774402012526548,0.003810547384139267
0.26954163769352557,0.0004511844200006621,-0.01555553743977997,-0.014648711264745993,-0.012011417097713516,-0.0045576081554665505
0.2696205309637412,0.0010172153203213397,-0.016042647129149573,-0.014524361967313925,-0.004930968972680931,-0.008692137097499261
0.2696994242339569,0.0030848582624149537,-0.023704582834493247,-0.019669922774550472,-0.013438169817922195,-0.007730418870105436
0.2697783175041726,0.006460875264618883,-0.019007208042863738,-0.013767315473925519,-0.020079893315315574,0.0009751105394925823
0.2698572107743883,0.010624113408552054,-0.012590719922358048,-0.007437767315342736,-0.017185017188104352,0.004317703930621294
0.269936104044604,0.014753567597541118,-1.3252577534306733e-05,0.0051350828798254426,-0.012332009413656352,0.011491197454141094
0.2700149973148197,0.01747380447647355,-0.004725503579909783,-0.002151422409065294,-0.018418129052845175,0.009292593020559339
0.2700938905850354,0.01673834785391128,-0.011613693958418768,-0.01024926570684967,-0.018832839917924032,0.003049684676138698
0.2701727838552511,0.012362317879638767,-0.004056737814762245,-0.00020370789805927787,-0.013285758283404506,0.007783229539234266
0.27025167712546677,0.006859718200817009,-0.01725461722799773,-0.013711666502483974,-0.017709528752176316,-0.0003982202384413657
0.2703305703956824,0.0029451381773108695,-0.0203369289146839,-0.01794700718224678,-0.014432352967565207,-0.005754315968154829
0.27040946366589813,0.002064002533465388,-0.003362351055126016,-0.0002455356329094376,-0.008212088987390646,0.004714868380307441
0.27048835693611384,0.004117700230433557,-0.010147512499583303,-0.005423482498705697,-0.018971900774651464,0.007001318505477366
0.27056725020632955,0.00814014838890618,-0.013009820896601708,-0.011082583797636313,-0.013056767914945954,-0.0010734864275344157
0.27064614347654525,0.0129856831013321,-0.010852703365505643,-0.00778439694927464,-0.01405577480154474,0.0021679331644903275
0.27072503674676096,0.017576519318548766,-0.004454446649323345,-0.0008693971148636928,-0.008824572824240226,0.004581228175913234
0.27080393001697667,0.021068700423638693,-0.0019844414120656555,0.0012208280420563328,-0.0054548959508406766,0.004240936650675729
0.2708828232871923,0.021859657417563856,0.00019775010375961888,0.005259385275782414,-0.008445339760666826,0.009266073179072676
0.27096171655740797,0.01876603676141693,-0.0049390955056144385,-0.0006331508492511212,-0.013293230051885332,0.007443529457409739
0.2710406098276237,0.013448365725856552,-0.017027287963637745,-0.01399395306689672,-0.008500054573939202,-0.006132627136832235
0.2711195030978394,0.008463009075257797,-0.012944924595175851,-0.010950580163305117,-0.004454995857079918,-0.006112136957497163
0.2711983963680551,0.00505467987124417,-0.020058382802844905,-0.017794091561898717,-0.005008041093961423,-0.0112671840876213
0.2712772896382708,0.0035020124651040617,-0.021905990912071478,-0.0178498922114387,-0.009118931234987653,-0.008853851833076833
0.2713561829084865,0.003412904991295488,-0.007257360540665427,-0.0011081035602264436,-0.006582200534634619,0.0030487094369753124
0.2714350761787022,0.004167910713126748,-0.010870926679048746,-0.006273863219359467,-0.010909833469036049,0.0014969447884350473
0.27151396944891787,0.005446394298999102,-0.020795390557274532,-0.017946526220266046,-0.01243824387461331,-0.0069464463011965575
0.2715928627191335,0.0071264281006522415,-0.022609468392363052,-0.019793489030243937,-0.01106066236581967,-0.009251165322521767
0.27167175598934923,0.009111658230376898,-0.015068105477200711,-0.012949402607465634,-0.011140088593091856,-0.00371639289453167
0.27175064925956494,0.0111889263044142,-0.0058178982574453204,-0.007926343140732478,-0.013179640927617002,0.0015300804624315107
0.27182954252978064,0.013043694072849247,0.005521067952389402,0.0008612059592991733,-0.012628937036091227,0.00824377516358336
0.27190843579999635,0.014583676635724234,0.008744756723707304,0.0027643970194732664,-0.013014581158996896,0.00999967865815185
0.27198732907021206,0.01482909679788417,0.0053232328201881125,0.00014929290688871428,-0.011744944390382372,0.007144454301089931
0.27206622234042777,0.0121897249039511,-0.0070942692024756615,-0.007543827769535669,-0.02250857352059492,0.007417723087823274
0.2721451156106434,0.0072120630456173574,-0.008680351423029661,-0.007954995121651723,-0.012225034969622723,0.0009361169421989732
0.27222400888085907,0.0023165534434799956,-0.016185782288118757,-0.013581797824000237,-0.01186481228132696,-0.0037899350444600584
0.2723029021510748,0.00010376886125010564,-0.013023653215713544,-0.011817444192443396,-0.012763530140122627,-0.0018379798227389824
0.2723817954212905,0.0020750398899869594,-0.006154840916859824,-0.007767130749666435,-0.008439146413796339,-0.0011777092187095707
0.2724606886915062,0.007096559258727721,-0.008573901521284233,-0.00799146763311107,-0.014157717886559885,0.002062928844331476
0.2725395819617219,0.012777518729925733,-0.014996768130807013,-0.011944202944925292,-0.015110663202408385,-0.0005357150221768845
0.2726184752319376,0.017044147004132496,-0.01640231865545943,-0.011547651955109211,-0.01573034651695114,0.00015286355319748933
0.2726973685021533,0.018763692313719462,-0.017110082080725186,-0.011517824983316013,-0.018318135691923653,0.0017247629806698527
0.27277626177236897,0.01811612394258192,-0.007028464050776177,-0.004203875862174564,-0.00805954704913603,0.001451206350202084
0.2728551550425846,0.01488783859843316,-0.006793737171007632,-0.004025447174633432,-0.00398032325018926,-0.000845573452122405
0.2729340483128003,0.00936298957568429,-0.00940816780513486,-0.0063534609972836255,0.002073103361075942,-0.0063317480021077
0.27301294158301603,0.003868812523600222,-0.023990887853158283,-0.022693628161267947,-8.699370368402403e-05,-0.018137056681379184
0.27309183485323174,0.001387460210273124,-0.014116688946355094,-0.013887511971506502,0.01574480405849837,-0.020545929344885878
0.27317072812344745,0.0034477325724259857,-0.005446025373609949,-0.004602964993737187,0.005870840450400437,-0.0072002089868918205
0.27324962139366316,0.008787736799397506,-0.004810424587112991,-0.0037681506326333936,-0.005576442418552813,0.00031526580009278837
0.27332851466387886,0.014630356183062807,0.0024390961554300703,0.005040408311650924,-0.00543521444635477,0.007290236372430501
0.2734074079340945,0.01892432455243208,0.004557252366259838,0.008975656578292336,-0.016285657185916257,0.016933716140709733
0.27348630120431017,0.020635746439387634,-0.0006666772035973196,0.0011557688078123673,-0.018622294566675485,0.012065232074347348
0.2735651944745259,0.020305127650552778,-0.0004630165225363586,0.0007191150678193234,-0.011736334519250342,0.007595971919695589
0.2736440877447416,0.019150699009298146,0.0022322177096751644,0.0040357117462430725,-0.014032629690544899,0.01162746127383296
0.2737229810149573,0.01768797853892428,-0.0015173988669290935,1.5714947256762804e-05,-0.013046525455143482,0.00781597518257199
0.273801874285173,0.01620431675411385,-0.009065499645286034,-0.005418315379842612,-0.01620085838317215,0.00534767283209846
0.2738807675553887,0.015527153326036719,-0.005132378310836542,0.0014120897487953476,-0.011254566483981439,0.007863156352735786
0.2739596608256044,0.01610442764228606,-0.01650459366620592,-0.009906174803309069,-0.015241060888722454,0.0011761039702043803
0.27403855409582006,0.016958256108905136,-0.01476880013756602,-0.008348214145489636,-0.010005910959636417,-0.0007063859700009946
0.2741174473660357,0.016495888760849797,-0.011829838350136988,-0.00520583875973229,-0.013538893591901344,0.003925583717599841
0.2741963406362514,0.01386777156955658,-0.018737588091830612,-0.013329150663468613,-0.02121779167605252,0.0020071799062095505
0.27427523390646713,0.010269303995485184,-0.018326201522814417,-0.01309087392385232,-0.012440075382423582,-0.0030523134068775114
0.27435412717668284,0.0075923602567454914,-0.018146018687890078,-0.012895451513114772,-0.012800774740372504,-0.002679914554904661
0.27443302044689855,0.005834449211627008,-0.020648304370429756,-0.018156704151457943,-0.009784080267154372,-0.008702109246428193
0.27451191371711425,0.005067791114115487,-0.016387676851675824,-0.014250118439299634,-0.00443384953901959,-0.008769573701514504
0.27459080698732996,0.006114505867297144,-0.011773095005075609,-0.009693792622105195,-0.007479355237098177,-0.0032960452968659668
0.2746697002575456,0.00914081659803282,-0.00717425823974871,-0.00779559458899664,-0.01063265364458208,0.00011143196656163521
0.27474859352776126,0.013597325649455115,0.002102422753449537,0.0006076349958385219,-0.011523907577485509,0.007379563555495502
0.27482748679797697,0.016463837283598445,0.009898441642338544,0.0074538487701650905,-0.009973059961052213,0.011938412191825095
0.2749063800681927,0.014668039932925982,-0.005203915487103317,-0.00496826609588095,-0.016246651524609308,0.005735796628298363
0.2749852733384084,0.009316083778435447,-0.012103142279911019,-0.010775365826897887,-0.022220823510322847,0.004654862019511112
0.2750641666086241,0.0036159724192272734,-0.0061752084905607445,-0.005019680101767393,-0.021043237869582093,0.008564284804182136
0.2751430598788398,0.00046399218573697787,-0.000483243319061196,-0.0015449072942166169,-0.010963428826988435,0.005319187527089575
0.2752219531490555,0.0006103280628394365,-0.011767474932536421,-0.012831052764506252,-0.01745122545929018,0.00015331577173489057
0.27530084641927116,0.002432879338338112,-0.011992533824756388,-0.012161490434456697,-0.011372718020880893,-0.0029456261692594045
0.2753797396894868,0.0045819580934076285,-0.014903989905244056,-0.013944459610759961,-0.007814572661409419,-0.006502882415137302
0.2754586329597025,0.006597854625122795,-0.01614396306710136,-0.015086346042271105,-0.0014953580771801072,-0.011197003574197258
0.27553752622991823,0.008571852365015594,-0.014317632036282044,-0.013319514533509578,0.00017860414868121048,-0.010781817824642251
0.27561641950013394,0.009861576727220597,-0.01436888470466145,-0.012620959959684689,-0.001152108874461165,-0.009426165120686843
0.27569531277034964,0.008887742991352181,-0.012428939568402169,-0.009332993681811723,0.00039510534449367776,-0.007716157725110745
0.27577420604056535,0.00591972602250354,-0.0006512891513301162,0.0026021594015031174,0.018070997911000364,-0.008723658149692665
0.27585309931078106,0.0028609554195069024,0.0011373103848353158,0.0035434276299232325,0.0215497908551112,-0.010050639370357384
0.2759319925809967,0.001172423886402876,-0.010450421308717083,-0.009254610851306749,0.005659100401854493,-0.01080142884331105
0.27601088585121236,0.0011380652207062206,0.0019193369589347107,0.0012401416263388555,0.01572280008308442,-0.008410451722902654
0.27608977912142807,0.001757770743939322,0.0409134113653488,0.037702609724068234,0.03599225948891251,0.008716374944414938
0.2761686723916438,0.002099604199807465,0.011613945405195931,0.012467263387481055,-0.0017210852866700618,0.011021137659078747
0.2762475656618595,0.0022928124283294617,-0.013871607015209687,-0.01193055286835967,-0.021634733972102693,0.0033780197890786257
0.2763264589320752,0.003086561079409997,-0.012149125370863533,-0.010228567596723942,-0.01114251495650526,-0.0015338263110776919
0.2764053522022909,0.005078896487951914,-0.0011564304874699027,-0.002453813042222115,-0.009269037278314733,0.0035772507011899803
0.2764842454725066,0.0083705175560951,-0.008725424981590261,-0.008763058096024248,-0.01841954310939833,0.003993871540430197
0.27656313874272226,0.012608194261534767,-0.0049904301480989755,-0.00596156046203542,-0.017362984597106747,0.005607462121033133
0.2766420320129379,0.017458728801638776,-0.005293309215945687,-0.0017652910491736688,-0.0073151646274255975,0.002960407604130358
0.2767209252831536,0.02190478001365274,-0.001593806653110256,0.00341346133524455,-0.0018734900417895688,0.003856158583973188
0.2767998185533693,0.023154807442328777,-0.0008562268276726212,0.005040542100817988,-0.008346163092170046,0.009031375743841037
0.27687871182358503,0.01962381420975874,-0.011171038277585057,-0.006576878323655559,-0.016319066520838647,0.0044897398711789185
0.27695760509380074,0.012739774892387604,0.002129743454900778,0.005819170398804679,0.005323340884495236,0.0014799441892760024
0.27703649836401645,0.0052410997346335215,0.039185360194789624,0.04092643827633999,0.02490977651383816,0.01793170848536732
0.27711539163423216,0.0005399731446617801,0.010464036230452655,0.012141200094343248,-0.004325704923829039,0.012317383334923278
0.2771942849044478,0.000819180973800586,-0.010158519319003438,-0.009476659047669578,-0.015993560809259896,0.0019705525454881993
0.27727317817466346,0.005191138914769259,0.00333181672394759,0.004770485395741419,-0.0008178197773878606,0.004312348614161817
0.27735207144487917,0.011557501512005774,0.006228126703106604,0.00840113757245783,-0.0012911058591858946,0.0075051608924989075
0.2774309647150949,0.017869650195964423,-0.009532006894374648,-0.005818062177339391,-0.006736767284925385,-0.0006336992570253876
0.2775098579853106,0.023224143153795382,-0.003913921502671311,-0.002276552023606565,-0.00676590149845126,0.0022221366343814146
0.2775887512555263,0.026703564375533704,0.00649367011559356,0.006814833034640297,-0.012605139339949136,0.013000648913537128
0.277667644525742,0.026464253200804554,0.002642320413365768,0.0028852718351042314,-0.021257424310816044,0.015027840089684382
0.2777465377959577,0.022421086775230525,-0.005416256460432936,-0.003263263666148618,-0.02589228883463654,0.012873789095260553
0.27782543106617336,0.01695224423678232,-0.006900467097864766,-0.0036668280209522877,-0.020826071831533514,0.009518700600379515
0.277904324336389,0.013180683965220966,-0.007238150713178525,-0.004739374032651261,-0.016818318038277824,0.006261250727393427
0.2779832176066047,0.013182113296679569,0.0040075599608026076,0.006555958852706629,-0.005570146314533072,0.008585511469367332
0.2780621108768204,0.016685285195601675,0.0020093646466767825,0.0033973877652305026,-0.004866980744920967,0.005633642902824134
0.27814100414703613,0.021524402202704438,-0.0057211170109483555,-0.004047002836800887,-0.007525087595344786,0.0012572683934841957
0.27821989741725184,0.025610540843825958,0.0013277363941622269,0.0034687293257355113,0.00010219504129153897,0.0027188336336120265
0.27829879068746755,0.028528387252709776,0.009485208377371362,0.011977007216971673,0.013968535887174284,0.0012451617032629941
0.27837768395768325,0.03048051076074785,0.005668237349637915,0.008694624707941497,0.008104083686997225,0.0021215279380577506
0.2784565772278989,0.03126740871983301,0.0026146638062163083,0.005634239785410146,-0.004415789938027886,0.00715644014473996
0.27853547049811456,0.031075383113411747,0.004370750990784218,0.008103833272802041,-0.011812950309855998,0.013559748085616044
0.27861436376833026,0.03053542774650056,0.011366596136724262,0.01637950057864145,-0.015755023639846273,0.02254874261785311
0.27869325703854597,0.03045876267690006,0.005070209809222911,0.012456645617009744,-0.02055163344421442,0.022274758753978507
0.2787721503087617,0.031276289983519404,0.0028442788224197187,0.010279356133815143,-0.021075882924999966,0.02084394168143628
0.2788510435789774,0.032459159957077925,0.00023575152534813752,0.005686419199940342,-0.016448049473187603,0.014395164916724615
0.2789299368491931,0.03311496597449372,-0.00244076613837737,0.0016001590689069878,-0.009896517666966123,0.0072015614900341075
0.2790088301194088,0.033585448891160025,0.004133815487427853,0.008676775342952837,0.003028706158668602,0.005142628110641642
0.27908772338962445,0.034386356850305895,-0.0015877224760366701,0.0066491852787886,-0.005912640379727271,0.008865061946096493
0.2791666166598401,0.03331816142213146,-0.006245708892793113,0.0027999031920995995,-0.010859027631285557,0.008738761321992904
0.2792455099300558,0.02853011566820648,-0.003654215459470139,0.0031187442887933106,0.0050422330448683045,-0.0005162277405148604
0.2793244032002715,0.02129973252021336,-0.006724995529274191,-0.0033193985933313336,0.0012130951588336474,-0.003385804017878937
0.27940329647048723,0.013372882107953754,-0.0064153444059656855,-0.0065511921240207945,-0.006132184030478253,-0.001582893106159807
0.27948218974070294,0.006607795478860456,-0.008244618719075798,-0.008392099688778066,-0.004849428169084523,-0.003825566847829795
0.27956108301091864,0.002537659242006036,-0.007714153284018222,-0.00649873631922016,-0.009862381340382144,0.0006901921403774753
0.27963997628113435,0.0009327493394978756,-0.019204406270348955,-0.017745642146730668,-0.015524603608649004,-0.004939628905724983
0.27971886955135,0.0013104804995951748,-0.019698978457927833,-0.016561973239902338,-0.011709638602282638,-0.006272032207612254
0.27979776282156565,0.004062865663832374,-0.016891262764048603,-0.01244498470541348,-0.006917580085145736,-0.005837300513367182
0.27987665609178136,0.00953606907834094,-0.02039397407390158,-0.01755870933122022,-0.006088452958569913,-0.01043247245523947
0.27995554936199707,0.016308108870559418,-0.006195372525317616,-0.0043052147470578166,0.006456223929507703,-0.007311705109929118
0.2800344426322128,0.021696016111818577,0.001258508674030823,0.006138783643168642,-0.004604890540943552,0.007673885905053627
0.2801133359024285,0.024146180318768442,-0.00295498590105969,0.003027896567119661,-0.012457351613468077,0.009877524144281235
0.2801922291726442,0.023366375260761008,-0.0024678635629856783,0.002849924879919439,0.003270850781907664,0.00032777759815815784
0.2802711224428599,0.02028414064315571,-0.0008999319863873172,0.002625730755632806,0.0019738953807336653,0.000923790909868849
0.28035001571307555,0.01727725291779067,0.000567237851126652,0.0023178756554169304,-0.006896869463002162,0.005982584811340801
0.2804289089832912,0.016530691954152372,-0.00633983101882945,-0.004363833645720372,-0.014600945397558282,0.005235772201385507
0.2805078022535069,0.019435738394365697,-0.0028446115500442297,0.0006343454296945,-0.013146884845657418,0.008371792445456785
0.2805866955237226,0.026555397843099578,0.0024361555338712447,0.006051218397149688,-0.012881986298013121,0.012554322833439118
0.2806655887939383,0.03620734055126934,0.005015951394972462,0.009500527925503096,-0.010085931294188409,0.01364605010643941
0.28074448206415403,0.04453166551165527,0.007461648683357812,0.01343532650043137,-0.010496758855806143,0.0170448990788102
0.28082337533436974,0.04888894144013591,0.008052014960251758,0.01424523969165593,-0.014117683467827342,0.01985940215385869
0.28090226860458545,0.048965070483522485,0.012261117048630088,0.018555339311624057,-0.005205410190871501,0.017984013124255856
0.2809811618748011,0.04538725913017429,0.006697106607453553,0.01308330852756145,-0.0107358469639842,0.016905797252677185
0.28106005514501675,0.04018005931462359,0.0031318796588097574,0.008609950268770868,-0.009931605297120066,0.012840076340608271
0.28113894841523246,0.03687213294538771,0.004748737870240862,0.009701253628731405,-0.0063421237153268705,0.011567853619878296
0.28121784168544817,0.038973811026208664,0.011921208911588405,0.016773710842739122,-0.010055104411164651,0.01945599458098886
0.2812967349556639,0.04908609613070091,0.02142737890543513,0.0265937038617699,-0.016531949108631244,0.031197181610415715
0.2813756282258796,0.06785260630853149,0.030258880667135675,0.036579809866356554,-0.02687390455556451,0.04537837913699137
0.2814545214960953,0.09092619297462567,0.03542328944489313,0.04503129094169532,-0.03231629584079992,0.05539786186352607
0.281533414766311,0.10958216417964091,0.0456282109056457,0.05749584644038881,-0.03423643227544931,0.06652308557190781
0.28161230803652665,0.11821345869298902,0.05051854437008258,0.0633035000228402,-0.031088959256491914,0.06929586314769334
0.2816912013067423,0.11479184353730665,0.04687538082679772,0.05738106656798823,-0.023363565786992647,0.05994472047727294
0.281770094576958,0.09915726538957419,0.04142466313846622,0.050099136460304096,-0.013576374515616557,0.04826947471429534
0.2818489878471737,0.07738052761075137,0.0292606578162604,0.03672886734375105,-0.011737680270733207,0.0364539589207611
0.2819278811173894,0.05727795302005031,0.012309443519438126,0.020558016938720253,-0.009908733771863505,0.022401082018364233
0.28200677438760513,0.041610080224873856,0.002099813470290426,0.010237473983643313,-0.00875607754532988,0.013441257710612182
0.28208566765782084,0.0304124371435287,-0.011197133728516185,-0.0033321564771715247,-0.014101744800513136,0.005764034862953405
0.28216456092803655,0.02457939421173317,-0.006344492337073301,-0.0010898029414142779,-0.006056844780867887,0.002749155991203115
0.2822434541982522,0.024528266512186543,0.0017970514874206095,0.002238088110064779,-0.004183192178827679,0.00429558832419051
0.28232234746846785,0.028248290503571444,0.0129805233358127,0.009798753816340213,-0.009902838156614475,0.013775530349763093
0.28240124073868356,0.032081366663150375,0.007819853748043884,0.006066062918293329,-0.012883872978166757,0.012567347055181392
0.28248013400889926,0.03280339503557067,0.0024929401360244937,0.004083746289779699,-0.005801761567982647,0.00674278664149479
0.28255902727911497,0.0293831817264394,-0.0009626478760381074,0.0022658870894608713,-0.004767284033905051,0.004667209327479239
0.2826379205493307,0.02419350683812547,-0.01110545469422303,-0.005571654193783596,-0.0006943440459719626,-0.004050057457181323
0.2827168138195464,0.01967310318018903,-0.010802371067252564,-0.0055789774483132595,0.00475879033803645,-0.007317293531764727
0.2827957070897621,0.015683979397955253,-0.022309009195984792,-0.015931013839622227,-0.008585263077526752,-0.007634561138594986
0.28287460035997775,0.01206437829303392,-0.025483355829152798,-0.01970367018914294,-0.011067113320396924,-0.009175286999731115
0.2829534936301934,0.009815350735916665,-0.016984242414691358,-0.01360607949725983,-0.0032320177202626523,-0.008972006910186243
0.2830323869004091,0.009780352387793368,-0.011977855651068042,-0.011357750002900598,-0.006804838964931667,-0.005033212777598634
0.2831112801706248,0.011897396724172496,-0.00301248739394993,-0.004423269909783412,0.004046397297629208,-0.005965021271662167
0.2831901734408405,0.015299111444562318,0.0017713363867222058,0.00017621580737138453,0.007905498513186485,-0.0045870442635793105
0.2832690667110562,0.018723101320149906,0.0022992883041304656,0.002020974281818292,-0.003922115427412755,0.003965440128642017
0.28334795998127194,0.02144099188965088,-0.005418301681055669,-0.0041459152832248715,-0.0025689319195006384,-0.0017862539173833846
0.28342685325148764,0.023800994607480194,-0.0022771519935934907,-0.001561158952345928,0.0030474116923793993,-0.003073779622376843
0.2835057465217033,0.02488284245304367,0.006545033928395601,0.006097186009914201,0.0007159613181636538,0.004458316724175627
0.28358463979191895,0.022603147417793068,-0.0031356572599912265,-0.0016288143170481591,-0.006813610104060717,0.002769799119132628
0.28366353306213465,0.017773266121412442,-0.005702057182607699,-0.002616957888953192,-0.006332131220860066,0.0016898760728726512
0.28374242633235036,0.013830626971144554,-0.010444482435282135,-0.006415692314311606,-0.012949652810562796,0.0026033826584373008
0.28382131960256607,0.013920735816928102,-0.013834769489304068,-0.010725596592421774,-0.008029612492744372,-0.00379401390506783
0.2839002128727818,0.019305557338639565,-0.009479141280592662,-0.004751813977893086,-0.006600010038096675,0.00013908598772568363
0.2839791061429975,0.029236101674151534,-0.007804802578158845,-0.00182069793000446,-0.012065024023317038,0.005757088024404008
0.2840579994132132,0.04173355435503839,-0.0026167329585252436,0.005184313869566139,-0.0012751713858093656,0.0049175352008797215
0.28413689268342884,0.05540781325191097,0.00948855642401517,0.01770583057317572,-0.006179698651730847,0.017885708655874275
0.2842157859536445,0.07021960517710137,0.028040276942050454,0.03337797909709026,-0.012722984574695829,0.03435700822886052
0.2842946792238602,0.08279748118220989,0.03780336793903603,0.04167610341194564,-0.023348437760863323,0.04735371408688504
0.2843735724940759,0.08589321309729964,0.04035499260486591,0.043796186911679504,-0.028975562342031733,0.052413144574331764
0.2844524657642916,0.07767549454075395,0.04434146750583928,0.04809263993830161,-0.023624577797163957,0.052658703056714065
0.2845313590345073,0.06295616207940574,0.03624403427307582,0.03830550736004571,-0.02172783916507707,0.04368549335465925
0.28461025230472303,0.04732948777753745,0.019177216468913256,0.019760152050987714,-0.023832513367073396,0.03008833016622973
0.28468914557493874,0.03600657085916966,0.0181604777589129,0.016784342447708375,-0.021470404362186446,0.026291529270367642
0.2847680388451544,0.031444484641814464,0.006072537038191236,0.006961561377501534,-0.018415489480757104,0.016593938621472484
0.28484693211537004,0.03264257638857449,0.0005115750298052872,0.005395849364144757,-0.015770202821864122,0.013756824461998936
0.28492582538558575,0.03763270215546704,0.006378610534622405,0.011683639278899547,-0.010464817541209554,0.015622091837973985
0.28500471865580146,0.04404133923989694,0.01004729308585883,0.016165976539107084,-0.014121283735887896,0.02140059880007867
0.28508361192601717,0.047807907199005066,0.01925335565450267,0.021077406297705943,-0.01200713871694147,0.024071917009981507
0.2851625051962329,0.0454286682859005,0.02805591945880209,0.025076310947433313,-0.0050483660038173,0.02311674003586093
0.2852413984664486,0.03734111372165517,0.02197064202494594,0.018027175464586223,-0.012081247296281303,0.021672016773689483
0.2853202917366643,0.02656604896954151,0.009797687686379895,0.006624930122749424,-0.012650632952536604,0.01287568243544908
0.28539918500687994,0.016629344659006437,0.008384605170242676,0.0071399551571805515,0.004731791788334703,0.0028923280255153043
0.2854780782770956,0.0104821619352424,0.007403827494779834,0.008230690194230384,0.010560089619504859,0.0002807224137596226
0.2855569715473113,0.008659061741994495,-0.01736016039531731,-0.014098091871261624,-0.01213130203949547,-0.004044469199606208
0.285635864817527,0.00969208720110349,-0.01956186634551043,-0.015376305889762795,-0.018119615748809298,-0.001487650871609282
0.2857147580877427,0.012040193464639037,-0.012597040987145005,-0.008298290135021846,-0.009927615753001138,-0.0007131982509409645
0.2857936513579584,0.014579993115464833,-0.011473725899193338,-0.00926577921890006,-0.01722090299526584,0.002873803715107131
0.28587254462817413,0.015574122098062956,-0.0014159648682877156,-0.0030266043325103383,-0.005452580833547027,0.0008355018540948796
0.28595143789838984,0.013575685522931029,-0.0030374300212679165,-0.005914368641320891,-0.01321086549933122,0.0031614605632079395
0.2860303311686055,0.009253068809888682,0.002919891385618796,-0.00253134092008784,-0.010892722900049001,0.004486311965936466
0.28610922443882114,0.004574686710153701,-0.0005623163178107017,-0.006880187628609639,-0.007732756346216774,-0.0008892955959115807
0.28618811770903685,0.001563607214557077,-0.01040599696407967,-0.01170423819892523,-0.015660197464236244,-1.4630946455258717e-05
0.28626701097925256,0.0011579588959743394,-0.0071759065870035795,-0.0067900585478785315,0.0002773581913811783,-0.005607687585069706
0.28634590424946826,0.002628546682277107,-0.0014703294208897929,-0.0018067290079264206,0.012789527266655963,-0.00909758627731964
0.28642479751968397,0.004798127696429967,0.003202793692708206,0.0022970466812061254,0.015275161829970239,-0.0072955991296083
0.2865036907898997,0.00736017929930028,-0.010863748120766271,-0.009419837662666214,-0.00048381168091790215,-0.007260136368066801
0.2865825840601154,0.011005249386540367,-0.0024833729028525815,-0.0009698828859435557,0.00986498014280128,-0.006677585069788957
0.28666147733033104,0.015065820662899838,1.32681771983733e-05,0.002182296678680375,0.005837102152290909,-0.0017421554467752776
0.2867403706005467,0.017034664656588355,-0.0037415204456029564,-0.0015605623642536597,-0.00468368844766311,0.0015505820960169628
0.2868192638707624,0.01598328496877693,-0.010928446422003071,-0.007102956850168512,-0.0018439637124787517,-0.004589785103357827
0.2868981571409781,0.012694584796856551,-0.01896434504414913,-0.013942124403105334,-0.00381889538758015,-0.008890424465340668
0.2869770504111938,0.008600855592207036,-0.015267947607831433,-0.012078966836940513,-0.0018293231543969576,-0.008586772855348012
0.2870559436814095,0.005527586898855542,-0.01601250228674623,-0.01644607974515786,-0.014611524760394597,-0.00444365771088759
0.2871348369516252,0.004060504059083776,-0.011949856770133145,-0.015470389537540652,-0.019588142789230364,-0.0006846613939214402
0.28721373022184093,0.00390822515811459,-0.007095936693041803,-0.01193508638321198,-0.014414745009068697,-0.0009446632641862202
0.2872926234920566,0.005304062135350538,-0.004749959821109924,-0.009466443864354995,-0.008711188882512301,-0.0023770815710890437
0.28737151676227224,0.008551529311345181,-0.007558267517348622,-0.009178422988387119,-0.006149474133937796,-0.00367831139635854
0.28745041003248795,0.012963797953571709,-0.010914192259649215,-0.009978674165520701,-0.012534447230211403,-0.000500972810385436
0.28752930330270365,0.016856281480758267,-0.0075501293542820595,-0.006486082702149413,-0.009280116127093159,0.0003520704034939987
0.28760819657291936,0.018442381281656886,-0.011346230948804487,-0.009697775586585479,-0.004503928761163679,-0.0050787127481295045
0.28768708984313507,0.016754177062127312,-0.012994769290151033,-0.009059718200725908,-0.0002910279309111766,-0.007086802612446898
0.2877659831133508,0.013080682686563833,-0.01859572734467071,-0.012900083626834232,-1.1255280845196904e-05,-0.01033210867789968
0.2878448763835665,0.009580642716117745,-0.016511534889563792,-0.014341457749907659,-0.006775018668896282,-0.007442791751967625
0.28792376965378214,0.006506469083011557,-0.004482357698490437,-0.007420315926342214,-0.006782415658537826,-0.0018906046250649097
0.2880026629239978,0.004101325466810814,0.0017575731009977817,-0.0042030113713526236,-0.014913565714870498,0.005551683340214244
0.2880815561942135,0.0037942762390461033,-0.00234019473624849,-0.008098045073798476,-0.015226093187207282,0.002616579178004962
0.2881604494644292,0.006312817672268866,-0.006408511293989774,-0.010889066218415549,-0.02041536996951886,0.0034835110049894437
0.2882393427346449,0.010270527741431546,-0.002638324340418017,-0.0051825012577307586,-0.017421936105920018,0.0062671828003118294
0.2883182360048606,0.01326836937000782,-0.010102650476394541,-0.009971176696216251,-0.01440763786185801,0.0006254714163680393
0.2883971292750763,0.013494787435869593,-0.014283124221831167,-0.011377506675577832,-0.014908325457491335,-0.00020243112906710129
0.28847602254529203,0.010457443127005348,-0.013583524672912562,-0.009284225484747456,-0.011988710844081913,-0.0002707202415725849
0.2885549158155077,0.00590317871547369,-0.018307197250485595,-0.01612606835323822,-0.01739087155729358,-0.0025247411980855025
0.28863380908572334,0.0023601518063695653,-0.009685994170212646,-0.01093501460031859,-0.01035324752414297,-0.0025721765771410604
0.28871270235593904,0.0008983406302210401,-0.006411995005913108,-0.011373913510901973,-0.015594313227347698,0.0002107774317415438
0.28879159562615475,0.0021259817395431852,0.004883447629817722,-0.0022002047485795754,-0.01269747371093394,0.005831244629555896
0.28887048889637046,0.006967189183441868,0.0014016383885541391,-0.005377192104450774,-0.018574708906097838,0.006800791012810575
0.28894938216658617,0.01545862267450865,0.002868583815433117,-9.117972242518477e-06,-0.01903799591587265,0.011380391697266862
0.2890282754368019,0.024705397709606843,0.004682955150982304,0.004640814565694966,-0.013408151413062282,0.01173881873232877
0.2891071687070176,0.030851216222714615,0.003149622789918705,0.0057294406566921995,-0.015131651943804161,0.013642161964820742
0.28918606197723323,0.03200929241840666,0.003269815785021468,0.007226076289245607,-0.010049669390405599,0.011801703666370116
0.2892649552474489,0.02780417766137095,0.00031093466849939333,0.003994768919597661,-0.0012482883091652422,0.003948115641671742
0.2893438485176646,0.01989447964986758,0.004075769554668071,0.0034170754665081193,0.01401222897393194,-0.005642425468414832
0.2894227417878803,0.012302336381772493,0.003111412394351522,-0.0011845083198074257,0.00485043654021499,-0.0038503014415339734
0.289501635058096,0.007800788390919556,0.0029985995495507953,-0.002863510471396569,-0.00741826321869547,0.0021419026084704943
0.2895805283283117,0.0068707124745696485,0.002839688283636793,-0.002982200535373549,-0.00689803439023488,0.001735622128285773
0.2896594215985274,0.009491484927235207,0.0011378575251383962,-0.0022810319746753654,-0.009369013608184294,0.0037755265657944447
0.28973831486874313,0.015019814000471766,0.0050548081599945775,0.005217065089255686,-0.008879539340443507,0.009491858042625064
0.2898172081389588,0.02099274874510151,-0.005529978665329841,-0.0004691628405850072,-0.009979583001658193,0.0055928457307579706
0.28989610140917443,0.024214974440991074,-0.009314390181140046,-0.003353583948525705,-0.016011205563347706,0.006889127381630693
0.28997499467939014,0.023099504169025283,-0.009505983863252576,-0.005174201052106923,-0.003711754664312308,-0.001926880819196068
0.29005388794960585,0.017864646514366197,-0.01309889276634017,-0.010368850522911453,-0.0008674569491465323,-0.007791320592376501
0.29013278121982156,0.010967175375316399,-0.017373682989634032,-0.01460778464771672,0.0034750661607450338,-0.013785550166307288
0.29021167449003726,0.005728079697692812,-0.021177265213334025,-0.018260764687864743,0.009340235280106229,-0.0202202085122882
0.29029056776025297,0.0027421516408573337,-0.02522992139739535,-0.022403576086907687,0.0018618261740881918,-0.019069534442095575
0.2903694610304687,0.001024278661955959,-0.027320629664003306,-0.024437292077681465,-0.005030408995868161,-0.01657997197996948
0.29044835430068433,0.00044582877772588527,-0.02309380988410803,-0.02025375640071902,-0.0009564489190698057,-0.015661372443314944
0.2905272475709,0.0014629478303070755,-0.02370666828772586,-0.020400936612251532,0.00630521703010861,-0.020120746553298666
0.2906061408411157,0.003714604043475511,-0.025625536781905236,-0.020030314491700223,-0.0012827718419315313,-0.015287160507720733
0.2906850341113314,0.005489908413683546,-0.022481992758077555,-0.01629887606080927,-0.0021282775336937867,-0.011790478180546217
0.2907639273815471,0.005453769780381639,-0.023902955158727684,-0.018832023539054943,-0.010815274981230513,-0.008626961796179146
0.2908428206517628,0.003801851779227168,-0.016149256763753717,-0.014603887677041915,-0.010282733956884354,-0.005555502640220939
0.2909217139219785,0.002087126623363518,-0.017964262676828394,-0.018319103813577202,-0.014695984071616972,-0.0058950288789043825
0.2910006071921942,0.00141369458859203,-0.011072497120487496,-0.012252797745875761,-0.01277931516549295,-0.002177546865131403
0.2910795004624099,0.0010584366605928622,-0.014257127354680401,-0.015049107803871128,-0.013461359880616187,-0.0040114628149688835
0.29115839373262553,0.00032718276306332273,-0.013916555697137473,-0.013151386034232913,-0.014017301832179785,-0.0021574889401167236
0.29123728700284124,0.00012548685453385005,-0.017528520027218834,-0.016451874291004562,-0.006107984174481138,-0.009533472703849922
0.29131618027305695,0.0022289923561109835,-0.017494394373682786,-0.015753889443881817,-0.016448979143296117,-0.002789677812743945
0.29139507354327265,0.00690272599108949,-0.016697609388626335,-0.015860352819831745,-0.012268978834780175,-0.005374996112046876
0.29147396681348836,0.01237331410313943,-0.014608594103277145,-0.013856349068963773,-0.011022068493521378,-0.004514053728559038
0.29155286008370407,0.01668594394619462,-0.010985178284656784,-0.010690819213811204,-0.009091743120199138,-0.0031309102074530307
0.2916317533539198,0.01846947387091627,-0.008009643285751204,-0.008939604371385386,-0.01370962645719429,0.0010348773372996082
0.29171064662413543,0.018435359682359927,0.001721618218899034,-0.0017758502763385892,-0.015248355984515636,0.007697282511420173
0.2917895398943511,0.018519717309902862,0.004083722020283692,-0.0007254049386442857,-0.022653264131916793,0.012969492680097092
0.2918684331645668,0.017935921469681315,0.004672917298466046,-0.00010162716319638606,-0.02508640308488963,0.014925433568720902
0.2919473264347825,0.015446009748514986,0.005929275218892951,0.0025340094400286913,-0.014272884578479559,0.010567750932340827
0.2920262197049982,0.012728058923451262,-0.003921773728785046,-0.0055868547531092334,-0.01039514150179827,0.0017397374939846302
0.2921051129752139,0.012249766876832258,0.004519859944228375,0.0019257247106464087,-0.006517038034263968,0.005441128246384119
0.2921840062454296,0.014700932921634333,0.014282792695535926,0.009322250607033667,-0.001430401317205768,0.008326692544230255
0.2922628995156453,0.019108154567545554,0.013480308526593494,0.006689838524246593,-0.0077552516259028785,0.00999968045533163
0.292341792785861,0.024102622524421725,0.01768984082439837,0.009891649283261679,-0.010436354192401659,0.01416906031102662
0.29242068605607663,0.02862509363026009,0.017122626122661543,0.010145797971535614,-0.013931509406830016,0.016463197010082822
0.29249957932629234,0.03277175617465685,0.020231929259603085,0.01283859484018782,-0.01703783829775426,0.020478883811001252
0.29257847259650804,0.03688004985271499,0.020050242924861413,0.015150995035015886,-0.021826194507479347,0.025195837236072632
0.29265736586672375,0.03841962532417807,0.024334437115526603,0.021668165959807917,-0.018785375896573468,0.028598257123916993
0.29273625913693946,0.03474744520169503,0.011433000311931592,0.011727228305885308,-0.014321920963362418,0.017963909800803476
0.29281515240715517,0.02786523209315384,0.004895974785859902,0.007224646157019639,-0.016545968677919274,0.015686351378446185
0.2928940456773709,0.021618221104350355,0.018088115849074906,0.020932524682518047,0.019092089509347845,0.005361832343526654
0.2929729389475865,0.0179701901186076,-0.01080326633493215,-0.006670432627010225,0.003180361229166355,-0.0072479910363002125
0.2930518322178022,0.016340633483296653,-0.007145597900125622,-0.0021812786941831663,-0.006505946609780559,0.002143011715286829
0.2931307254880179,0.01540630300165146,-0.008086515034935763,-0.002102636472271474,-0.0011095321370979154,-0.0010215261292287386
0.2932096187582336,0.014835854075286273,-0.013776737387181118,-0.009154128417966274,-0.015063014154327557,0.0016724639065577001
0.2932885120284493,0.014849053947016574,-0.006741758392628319,-0.0054544211669775855,-0.011762058707054756,0.0026634973030086194
0.293367405298665,0.014788743888859462,-0.0022364597106294755,-0.003525542000663605,-0.011012153089273167,0.0037609270354569766
0.2934462985688807,0.013071070441529034,-0.008419002582304054,-0.009903112998021251,-0.015145104310479473,0.001121159890531842
0.2935251918390964,0.009210713285224933,-0.005776940889320333,-0.0037271976965313394,-0.0072425091462982715,0.0013445690861559182
0.2936040851093121,0.0049790835013853495,0.01438570672333094,0.015451843558473843,0.01958379283724692,0.0006723919794639852
0.2936829783795277,0.0031491519524604644,-0.013088314040167073,-0.008893357724039541,-0.008957496464347146,-0.0017704057558806784
0.29376187164974343,0.004863307333391843,-0.012152432244203664,-0.009113956903382566,-0.010735789474502455,-0.0008836311634840806
0.29384076491995914,0.008354258045399581,-0.005127062179505179,-0.003677293998130054,-0.003912547009047946,-0.0006070805792982823
0.29391965819017485,0.011191715897286767,-0.01408187022461184,-0.011621681648127886,-0.012915773630706636,-0.0015899864371174738
0.29399855146039056,0.012523705800378041,-0.010652566592987961,-0.008944782987788091,-0.006296234996173152,-0.003403269260177517
0.29407744473060626,0.013619514352355483,-0.01536574861050664,-0.012838394655116263,-0.012736401085568887,-0.0026726743604583506
0.29415633800082197,0.015162101251833732,-0.011820813993536076,-0.01080176859081226,-0.014684921048806433,0.00012548937686645398
0.2942352312710376,0.015450491472720328,-0.010039907251347522,-0.008991453940561943,-0.01050373270895536,-0.0009242314709568248
0.2943141245412533,0.013204669504778705,-0.00389409329830739,-0.0015955759370929004,-0.0036040832860912628,0.0008768136681580268
0.294393017811469,0.009157140624304106,-0.013638245249540248,-0.00884149885092513,-0.008740635720428788,-0.0018585406016956385
0.2944719110816847,0.005032300811403935,-0.02017465880540048,-0.01614421151825526,-0.012996879980847193,-0.0051672692856954555
0.2945508043519004,0.0024841368583064646,-0.004608860291695342,-0.004782446903041205,-0.009058973045218719,0.0015852682309223684
0.2946296976221161,0.001796308242673359,-0.004422705639416913,-0.008824506888202027,-0.017595443468795543,0.0034516038106062194
0.2947085908923318,0.0022466345513249136,-0.004874935782280535,-0.01228870223507629,-0.017699459403563007,0.0007366326627210248
0.2947874841625475,0.003712706056534236,-0.009663215879756496,-0.014793165041732493,-0.005275472402449224,-0.008701605163514233
0.29486637743276317,0.006844400087081806,-0.014730238695844475,-0.016039637554590605,-0.008217446578259024,-0.007941593983510279
0.2949452707029788,0.01120232768001866,-0.01609217271628645,-0.014297065006201058,-0.006993956190442325,-0.00727628011095785
0.29502416397319453,0.014698005727808397,-0.008744864797968621,-0.007036276198482063,-0.0072154710337757515,-0.0013237875207878383
0.29510305724341024,0.01572358783085601,-0.003908986835067741,-0.00239067430409802,-0.003287200275213445,5.006443554475773e-05
0.29518195051362595,0.014081513991374183,-0.008604614992400202,-0.0095050872818302,-0.006186740014965133,-0.003917856695865158
0.29526084378384165,0.01092217510933958,0.0021089264691954825,-0.0015489333877683129,-0.005568506004576979,0.0020891123169221185
0.29533973705405736,0.008258459522645143,0.004294800039642213,-0.005225589141189458,-0.01029768714660048,0.0019710029335291094
0.29541863032427307,0.007470740262097219,0.01302673816376265,-4.287199205204737e-05,-0.020488125029272237,0.012220970226618397
0.2954975235944887,0.009125261799152929,0.01116491645796104,-0.0007970571486218999,-0.020360730225380267,0.011540320483030234
0.29557641686470437,0.013402246225231769,0.009447383508655776,0.004428144305950473,-0.021389239051333626,0.016343065725300237
0.2956553101349201,0.019234040529694768,0.0009160505016703042,0.0020799417288412726,-0.018418908371761175,0.012684170962910237
0.2957342034051358,0.02434417518855887,-0.00634897302604921,-0.002212367842983585,-0.020475702060672053,0.010474802622860997
0.2958130966753515,0.026878843525556494,-0.001241820579816144,0.0039032361002056593,-0.014032401410817361,0.011521162955212293
0.2958919899455672,0.02554163406483804,-0.014014744498580287,-0.0052810971502312565,-0.015783421190084385,0.005207937611036718
0.2959708832157829,0.020056159472532697,-0.013172478364568767,-0.0035904456127982434,-0.011612299883265849,0.004067889287454098
0.2960497764859986,0.013131827535750986,-0.013748558375358788,-0.0085751211493446,-0.01148734220498811,-2.1964247939392523e-06
0.29612866975621427,0.00784785485771364,-0.008004291515888199,-0.010590296564806248,-0.02020092999870344,0.003594747535108224
0.2962075630264299,0.003970200057348753,-0.0028797986793566975,-0.011264201652557225,-0.02008713113699306,0.0029863794113065925
0.29628645629664563,0.0010272651527353494,-0.0007901845631015104,-0.011071836892296898,-0.015652249530315493,0.00048760184009318853
0.29636534956686134,0.00013785605642337493,-0.0016266557499104231,-0.009449491177288664,-0.011080070392786467,-0.0009466708561388304
0.29644424283707704,0.0027091487010055607,-0.01255949852296168,-0.013439096382417302,-0.010590560829432934,-0.004437616869183907
0.29652313610729275,0.008134839808104997,-0.016652029357406752,-0.01324877131524462,-0.006781525756353386,-0.0065629815131986
0.29660202937750846,0.013471449604725865,-0.01516113742766704,-0.009978383688667344,-0.009556303070839543,-0.002281987560242517
0.29668092264772417,0.01589845772694653,-0.01572685607918453,-0.011602496589934294,-0.008850464915368502,-0.004006009312334927
0.2967598159179398,0.01401043831531125,-0.017894560428178677,-0.013712717529569768,-0.006415086196817212,-0.007154021160670177
0.29683870918815547,0.009209555710351484,-0.02195891715532588,-0.016632824240876583,-0.0063243440493705,-0.009549160230620754
0.2969176024583712,0.005074259253052251,-0.01839424619681694,-0.01578794220859597,-0.013618844814072696,-0.00450965064919621
0.2969964957285869,0.002642022695561438,-0.01206318916807668,-0.01523700454404677,-0.017661905788026917,-0.0016497339292692187
0.2970753889988026,0.001030001147576251,-0.007716259313572514,-0.012688635415866189,-0.02205209009648677,0.0030198948984539705
0.2971542822690183,0.0003502025989162691,-0.009139142736460505,-0.01269536455300325,-0.017302179761784265,0.00017294741768807096
0.297233175539234,0.0014464300858753893,-0.018520141183578556,-0.017540296676334995,-0.0184883959067021,-0.0030023413884487328
0.2973120688094497,0.004007702722387665,-0.01963430388116068,-0.014204467614733242,-0.013219850605471579,-0.003478719578942359
0.29739096207966537,0.006264361530524548,-0.018351376999055573,-0.0137006214108121,-0.01066738438231174,-0.004601329906750822
0.297469855349881,0.0067682325602934894,-0.010825975516308727,-0.008679841283818572,-0.005139235248839996,-0.003882872430234893
0.2975487486200967,0.005168591834073652,-0.004951209974191075,-0.0064967511540308534,0.006379365470703245,-0.009022040431025549
0.29762764189031243,0.0026771493570416326,-0.013840171687779053,-0.013524088555301007,0.005094650402602194,-0.01388550436697066
0.29770653516052814,0.0011650444753059507,-0.01912159082429974,-0.017757107054494403,0.0076696771080924705,-0.01881769990085801
0.29778542843074385,0.0006972531193104591,-0.02101975013931092,-0.018171567822342475,0.003335100907787583,-0.016558170722264575
0.29786432170095956,0.000370808593181509,-0.018724835645850257,-0.016723925690979257,0.000846745712524262,-0.013910039660028076
0.29794321497117526,0.0002938296172028022,-0.022309980651846015,-0.020885832325343773,-0.007102039373131814,-0.012493917031114493
0.2980221082413909,0.00148012898795481,-0.016442022369485616,-0.014054529292054432,-0.005545895520710421,-0.00794779755892549
0.29810100151160657,0.003929895453729957,-0.011908850596544646,-0.013592160214780224,-0.004742572182361738,-0.00805754913921232
0.2981798947818223,0.0061647333086930324,-0.0005339949316069312,-0.004664447095183419,-0.0031844722470142565,-0.001833690326437372
0.298258788052038,0.007268754451941934,-0.0019533127015212556,-0.008715863239647632,0.0018242292061811957,-0.008076228813336516
0.2983376813222537,0.008407943003999673,-0.0050634451517660994,-0.010154867307850497,-0.003204330059175443,-0.006222292806703381
0.2984165745924694,0.01248169028967054,-0.007555766141035119,-0.010049430887888284,-0.0024621282672507997,-0.006581646793023855
0.2984954678626851,0.019247082452553733,-0.0075408837978535636,-0.0068897715443038705,-0.004076572450845274,-0.003083676927176793
0.2985743611329008,0.024426976130005492,-0.003947775255966956,-0.0015979827093457117,-0.01084744040728397,0.005207271265609602
0.29865325440311646,0.025297517293609073,-0.007201784553041963,-0.002392893389505356,-0.014534070459398644,0.006775450094931347
0.2987321476733321,0.021388968703463702,-0.009797757768364458,-0.0032535468722409765,-0.014154585340701574,0.005858648307178876
0.2988110409435478,0.014683980908484998,-0.014863604845648729,-0.0061035728967731954,-0.018343841419565375,0.006080433733531219
0.29888993421376353,0.009313087507353515,-0.00905564579361256,-0.00402213788193114,-0.014108039888469613,0.005214786584896856
0.29896882748397924,0.0062590382540676495,-0.002232278210709883,-0.0018986257321533012,-0.017526831454579103,0.008961961796190885
0.29904772075419495,0.0035793324599646677,-0.0031508629091994036,-0.005933148319951612,-0.017399317943369876,0.005651972368309795
0.29912661402441065,0.0009769987715188948,-0.0019417275624208962,-0.005421402674829257,-0.007140176813791441,-7.450257276474165e-05
0.29920550729462636,0.00010010701612512976,-0.008570751185822064,-0.010361983355408297,-0.0035003969121226277,-0.0062112413894088725
0.299284400564842,0.00247876072299915,-0.012986427206164532,-0.012459958084153056,-0.005618530370356291,-0.006626166789573175
0.29936329383505766,0.006746349989208255,-0.013566157022419183,-0.010767662765658749,-0.008369362481724762,-0.003624541055864784
0.29944218710527337,0.009741927374271387,-0.010706219989043279,-0.006358939204097717,-0.009409476061833738,0.0005313502691463078
0.2995210803754891,0.009592805562940381,-0.007249775981079182,-0.0029089823214414347,-0.0063618115770257945,0.0014735840361719214
0.2995999736457048,0.006880936202770456,-0.01420740105114734,-0.010239184924855618,-0.00699697609243323,-0.0040217011581068305
0.2996788669159205,0.004195643421070899,-0.009551431925491434,-0.005419070902311926,-0.007678538729339655,0.0002493626458748707
0.2997577601861362,0.002900863801477232,-0.014942100811115144,-0.013295718559164726,-0.007959266126477169,-0.005896300220413006
0.2998366534563519,0.0021541632895135444,-0.014313838715293428,-0.015248347515603394,-0.010592785179547587,-0.005886748403395944
0.29991554672656756,0.0013439239801350002,0.0012541768796718565,-0.003440145222460754,-0.0009890189515121255,-0.002165533396740738
0.2999944399967832,0.0009508656670325836,-0.012423728842582662,-0.01713819255981834,-0.015013336287796004,-0.004758307110015278
0.3000733332669989,0.0014719913098826542,-0.010771373821164233,-0.012007633127442017,-0.01641490808513093,0.00019357787403029313
0.30015222653721463,0.002334177868836245,-0.011670389784285785,-0.010991036321184705,-0.0067823979045877275,-0.0047526864326309605
0.30023111980743034,0.0023655667077840422,-0.018122994190018366,-0.015315248306720826,-0.009453714709994319,-0.006621569017765118
0.30031001307764604,0.0012765663466924682,-0.018499652032893728,-0.015274380638293089,-0.005529700922970759,-0.008935334770539998
0.30038890634786175,0.00034358741755701757,-0.011604474581929976,-0.0108615992797995,-0.006418466829244059,-0.004866582287263111
0.30046779961807746,0.0006531354628062368,-0.014465695317382727,-0.01614039318650817,-0.0025343655552440025,-0.011420623742087754
0.3005466928882931,0.0014459235211454397,-0.010575870754306403,-0.010026484911194435,0.003732031535222898,-0.010267552261143198
0.30062558615850876,0.001543053300259946,-0.006062304902325614,-0.00656102237016141,0.007791506460042693,-0.009918132364839993
0.30070447942872447,0.0011235844681036031,-0.010933996221094386,-0.010236276811585267,-0.0027532746733255004,-0.006557289755096627
0.3007833726989402,0.0021579453295024033,-0.004237123555879567,-0.00552934721444554,-0.0038468624772871637,-0.0021307133599603777
0.3008622659691559,0.005735102392978701,-0.0010949813954345368,-0.004937161591032963,0.00037000309647915755,-0.0041781021064697796
0.3009411592393716,0.010058767212739853,0.0011702998509121735,-0.00346334921179652,0.0016667863431489012,-0.003772514552870108
0.3010200525095873,0.01293936884354323,0.0007115918108340745,-0.0035487212193623667,0.00530107731247695,-0.0060145542834334435
0.301098945779803,0.013367730916794801,-0.0051482279706735225,-0.008032105322332457,0.009272231642959582,-0.011982642568903872
0.30117783905001866,0.012693538568083853,-0.01043457894305514,-0.012562307250581,0.006960808939107319,-0.014230692787140222
0.3012567323202343,0.014318014329269331,-0.008683193255776774,-0.008810139629937132,0.003250365131952039,-0.009004679039178962
0.30133562559045,0.0182287692286144,-0.006998895301042317,-0.007524516257104561,-0.005737352419494742,-0.0025991534202721538
0.3014145188606657,0.02051171934157784,-0.0056049349967314315,-0.005753664885601127,-0.014246613707714758,0.0039098342924717535
0.30149341213088143,0.018798070473974016,-0.0015768909813915048,-0.0020662308626245877,-0.017028852898128364,0.00852971241303078
0.30157230540109714,0.0137532183968652,-0.0029672381367536168,-0.004580124823152184,-0.01841161272161704,0.007342094478444842
0.30165119867131285,0.008153885602918702,-0.0028046058330885837,-0.0069207056550771775,-0.015537431444224004,0.0037465547768275
0.30173009194152856,0.004409654035556748,-0.0038361508463255942,-0.006597631553535548,-0.01629635833922979,0.004459520268091353
0.3018089852117442,0.0027733469996916874,-0.011465676697498251,-0.013274622306584041,-0.014881092275395687,-0.0017396416397330854
0.30188787848195986,0.0026647460007321816,-0.015256486044448793,-0.014703782740192678,-0.015389106961686851,-0.00258162247173477
0.30196677175217557,0.0036959642493505306,-0.02455981196955352,-0.02132144124180586,-0.014896417214854844,-0.008182840925200198
0.3020456650223913,0.005528371221293181,-0.020924121175627627,-0.01827441010644659,-0.015061492028077831,-0.0056406023746128344
0.302124558292607,0.007937288725064934,-0.017352850526160767,-0.015211688782195285,-0.016511981625365563,-0.002317247061722926
0.3022034515628227,0.010563120390036323,-0.01003571434307632,-0.007780706744575783,-0.01331827439474851,0.0017297434012110736
0.3022823448330384,0.012094831870801591,-0.009076906803585473,-0.008873789342381647,-0.015040761111417408,0.0018838769196009328
0.3023612381032541,0.011714906033763824,-0.004891067945483456,-0.00617655503252976,-0.010384034482960762,0.001260441281997884
0.30244013137346976,0.010577188392353892,-0.001857205171944247,-0.0056543445802386605,-0.008626003526989692,0.0006274803081232097
0.3025190246436854,0.010315083019798107,-0.010190906805504555,-0.012558572730777137,-0.011755875309019823,-0.003034790031919722
0.3025979179139011,0.01152487942963481,-0.009951519643361965,-0.009474778811572732,-0.011797061257729316,-0.0005380968110244808
0.3026768111841168,0.014703894599098691,-0.015315495752707709,-0.013056889542538917,-0.010986209268829152,-0.003894591890682907
0.30275570445433253,0.01948503550382832,-0.011560667527102088,-0.010014526240249722,-0.01760360848281182,0.0025025074115009823
0.30283459772454824,0.022927751353498622,0.0022551550506670374,-0.0002795592366587845,-0.015944599669438946,0.009312986594529737
0.30291349099476395,0.022301599240248667,-0.001199124295656611,-0.00494408704380929,-0.017845922398934122,0.00671193295656178
0.30299238426497965,0.017612369795770955,-0.0022659164901373753,-0.0036520689706407536,-0.015108504262704714,0.006109877728796572
0.3030712775351953,0.010510388141872407,-0.018112048480004438,-0.015290117376418092,-0.007445486161300071,-0.007802344178912284
0.30315017080541096,0.0038114976103198234,-0.024609676759258813,-0.02114268460877672,-0.00877254005628054,-0.011701107881497384
0.30322906407562666,0.0003560738378401455,-0.02434023619181832,-0.020802678252144467,-0.00834137117268218,-0.0116862719944283
0.30330795734584237,0.00027906145308775654,-0.013771381627484133,-0.014055500985580534,-0.00824314412263377,-0.006335604738795759
0.3033868506160581,0.0018241168866367325,-0.01335051197776275,-0.015236310694929464,-0.008675755411982181,-0.0070235113090623595
0.3034657438862738,0.004175306255481358,-0.005803291316075121,-0.009570558543369086,-0.005441980737999621,-0.004415742671982457
0.3035446371564895,0.008367517762065239,0.005508258363944461,-0.003291947921763656,-0.005248784815907978,0.0005009510036704519
0.3036235304267052,0.014766809984896653,0.008581697695402547,-0.0028925440557195786,-0.007779019265501824,0.0023344075616067456
0.30370242369692085,0.020501285205030268,0.02382856385179961,0.00801497959132073,-0.004825051811476488,0.009309166908351894
0.3037813169671365,0.022837340924830505,0.02294329787900251,0.009359875555045274,-0.0024066179254019137,0.008940661230701601
0.3038602102373522,0.021452847915929732,0.010056197604738247,0.001669145965873067,-0.00048406031481083986,0.0016272158832525772
0.3039391035075679,0.017420671704384858,-0.004196522081810307,-0.008142618413634936,0.00032441043931707574,-0.006719840278638396
0.30401799677778363,0.012763548150729987,-0.011990577022001687,-0.014602899270345157,-0.0035862166783600983,-0.009559225328226577
0.30409689004799934,0.009566306434449326,-0.009477351517156842,-0.011612883879378573,-0.010532726219269737,-0.0030082259695785487
0.30417578331821504,0.008812820014287459,-0.002566309171771784,-0.007292993156093071,-0.014010605154694052,0.002534809378911092
0.30425467658843075,0.010409251935777296,0.003357629187240626,-0.005177577519791973,-0.012732505173278185,0.0034658744136095124
0.3043335698586464,0.013282141076802121,0.013597407747659808,-0.0003733259131726463,-0.010976978839121871,0.006266245197181162
0.30441246312886205,0.01544835659464285,0.021915647133711302,0.005075572235483828,-0.01144873262992733,0.01091517576133933
0.30449135639907776,0.015208634673869112,0.028473504506497153,0.00994688446689058,-0.01739046825013726,0.01837282560168495
0.30457024966929347,0.012066406026020628,0.02186727426750496,0.005897220678416048,-0.013084014683833228,0.012551761449958577
0.3046491429395092,0.007179219290274479,0.0037532768618682585,-0.005860057959196162,-0.01245698598150986,0.0027540468975294405
0.3047280362097249,0.0029843076420194956,-0.007166357683031653,-0.011642395407938776,-0.011820894350894276,-0.002261444882075518
0.3048069294799406,0.0008455402505751306,-0.016797003486664307,-0.016029162621696128,-0.0160173032374803,-0.003268588896699258
0.3048858227501563,0.0002711549048598914,-0.02094413905232723,-0.02045868524352577,-0.01727419508275508,-0.006068990602943926
0.30496471602037195,0.0011538405832140373,-0.01536602481276722,-0.017037315117973576,-0.0152955824965017,-0.004508616807083608
0.3050436092905876,0.005260783630292929,-0.005336079242037728,-0.008763818984978347,-0.006699324890193179,-0.0030171454696291894
0.3051225025608033,0.014077027289911115,0.004120642211444445,-0.0034708341584772737,-0.008760781276906623,0.0024581421885472364
0.305201395831019,0.024952026198760312,0.028991408498952726,0.016631805220880983,-0.004216460158045801,0.01585105237690193
0.3052802891012347,0.033400171969298134,0.03103258008596714,0.017551326376404174,-0.008592950460489808,0.019204846869075497
0.30535918237145043,0.036511056597864716,0.02601891624708032,0.01498743618897054,-0.011247764103085558,0.01873778462811145
0.30543807564166614,0.034077235581536046,0.0180189370810326,0.012142600363784945,-0.007138403904537703,0.01400054747571588
0.30551696891188185,0.02961173697648098,-0.00038530660222550614,0.0014595349866522145,-0.007465260178133343,0.0056346592460747935
0.3055958621820975,0.026411595788415544,-0.005732026146443527,-0.0011764661617208066,-0.0026884349364186396,0.0006650620954103456
0.30567475545231315,0.02270789655168703,0.00015137854723149577,0.0018141187558018042,-0.001170427081086106,0.0021539074753776015
0.30575364872252886,0.01589553115755282,-0.002315091157447766,-0.003839050682708599,0.00455502525231872,-0.00580102116990883
0.30583254199274457,0.007177073388662689,-0.013989262922748628,-0.014489774941969964,0.003333028250479509,-0.013606035314701413
0.3059114352629603,0.0009934908047862536,-0.02394165847852318,-0.02138752627347243,0.004065373654915552,-0.019572413798694503
0.305990328533176,0.0014316166698522179,-0.024283843433652013,-0.02116557074323798,0.0005514322906710828,-0.01729377317134374
0.3060692218033917,0.006835506023112096,-0.017161915276247615,-0.016932598040525215,-0.009284476350731706,-0.008019426138362401
0.3061481150736074,0.012682579272206541,-0.006027213370507816,-0.009715171341186353,-0.010570111310770847,-0.0014646469448093811
0.30622700834382305,0.016057224695018194,-0.0026974507912590146,-0.006808202425438934,-0.014106249186818702,0.0029806109546748082
0.3063059016140387,0.016490369643363215,-0.00616575863817591,-0.007915718063855628,-0.013180278128791178,0.0015389783895886026
0.3063847948842544,0.015968619466755683,-0.00622112992943366,-0.008901675586561705,-0.014778562355446775,0.0017046816850386697
0.3064636881544701,0.015841991320926348,-0.0027038001501448142,-0.00827463717565028,-0.013320753199715915,0.0013353027839016003
0.3065425814246858,0.015093581534550647,0.002706272478783642,-0.005865569829285401,-0.014737125529573136,0.0041135592524526934
0.30662147469490153,0.0142469349291121,0.006007155184792702,-0.003807600346290935,-0.009859887236071776,0.0028456424684466467
0.30670036796511724,0.017009366455839416,-0.0006016765256824064,-0.004074563016894329,-0.013094712171205536,0.004566608338216168
0.30677926123533295,0.024880277527894446,-0.007254612157779542,-0.006245732997065935,-0.010023374564831114,0.0009892730150009323
0.3068581545055486,0.03315158210384415,-0.005066842399707415,-0.003105539380571883,-0.009815262437612979,0.003381633513484416
0.30693704777576425,0.035639337780552095,0.0012950688473855646,0.0019830093178172274,-0.013287866406373867,0.009536954338447704
0.30701594104597996,0.031414532894633584,0.004188231874423851,0.0036794096712273318,-0.015424363608285516,0.012174468099545328
0.30709483431619566,0.02519710921722836,0.005517597405340726,0.0019709661720536563,-0.013182646603567213,0.009464362193330167
0.30717372758641137,0.019868746007091275,0.008228731715871154,0.002181274363089114,-0.011930044414654322,0.008883629205296574
0.3072526208566271,0.014581134402692408,0.008425897661549735,-0.0015298795643747462,-0.011219485144065997,0.0054843934335157074
0.3073315141268428,0.008726208186355418,0.00709299369535863,-0.005566732255053305,-0.01813403579460908,0.006385223763012179
0.3074104073970585,0.004125084486380988,0.0029993284500040044,-0.010037099687566496,-0.017119366045180176,0.00219473102434104
0.30748930066727415,0.004751474170361658,-0.003529098876582794,-0.013109614048480515,-0.017104057889000164,-0.0002776886119110369
0.3075681939374898,0.013111180937207412,0.0019995155286551287,-0.004547138908284111,-0.01421570101570006,0.004858398900234137
0.3076470872077055,0.025437534294054064,0.005315204761275083,0.0004906450961940725,-0.01583544845089567,0.009864947559915693
0.3077259804779212,0.034678702641215566,0.009205501068203666,0.006203223786213162,-0.014543198852081864,0.013669816951089372
0.3078048737481369,0.03692151713063273,0.011303189032756285,0.008802529279707504,-0.013400074380684619,0.015068945432162079
0.3078837670183526,0.035357837307904226,0.007083801873353739,0.004891413240910074,-0.0135020067097287,0.011995780784884122
0.30796266028856834,0.034729106198814114,0.010389229727293219,0.0069886717138711,-0.01348964324528888,0.013669021259996871
0.30804155355878404,0.03381539806693798,0.015192067458975582,0.007306157534143137,-0.01693232422973145,0.01598278892791197
0.3081204468289997,0.029353737916651374,0.01949455728067467,0.010082166560286184,-0.0161646500231656,0.017747961784899288
0.30819934009921535,0.020904121610993535,0.009020316770311133,0.0023615375724279444,-0.010438235475454215,0.008135760036844393
0.30827823336943105,0.010434355516789057,-0.001536095052831271,-0.005188513179681025,-0.005598699301519798,-0.0008097975791824091
0.30835712663964676,0.0025877551708744775,-0.013265320414106175,-0.012665655022166798,-0.0025950588957062565,-0.008599107971430745
0.30843601990986247,0.0006963345469493452,-0.017180818304917005,-0.017432558832935117,0.006008033266357976,-0.017564054997244352
0.3085149131800782,0.002334713672568238,-0.008669410955817816,-0.011789782814554903,0.012659170691661394,-0.01701953932446045
0.3085938064502939,0.003710071102194117,-0.005072958127519353,-0.010456829349565546,0.016681185748021403,-0.01835714644562694
0.3086726997205096,0.0037235246790053673,-0.013018380610696021,-0.016653073368974747,0.01566630051192553,-0.022714879284110215
0.30875159299072524,0.004094901443362126,-0.01704915639012769,-0.018586526764030564,0.010984444004480582,-0.021464398581344753
0.3088304862609409,0.006213919483351524,-0.016527711443648806,-0.016850110238941875,0.00455368759214963,-0.016227655674312936
0.3089093795311566,0.008683575556096983,-0.015561072017379919,-0.013995970295611636,-0.007370333176383615,-0.0068098365375962085
0.3089882728013723,0.009593472064357397,-0.019538873030697308,-0.016409646266455833,-0.01469207770077331,-0.004366268451400948
0.309067166071588,0.008845738237467649,-0.02274854287860355,-0.017210075784611846,-0.01718013029701523,-0.0035200265356778683
0.3091460593418037,0.007807269440487052,-0.023401825823656967,-0.016815997118860827,-0.015947621032990317,-0.003941182728331624
0.30922495261201943,0.007615125471546826,-0.01919417395742623,-0.015248868952877493,-0.00971561745191122,-0.006411731403189194
0.30930384588223514,0.008339412116402115,-0.012932066920778595,-0.013494838305358647,-0.011915639086958873,-0.0036898222383936687
0.3093827391524508,0.010215120435507964,-0.005658562868095758,-0.00937556961467358,-0.008732215998855408,-0.0022916642382990703
0.30946163242266644,0.014338059903765963,0.0028251058450686527,-0.003400791675880062,-0.00872404990749056,0.002492309075178567
0.30954052569288215,0.020583497900745113,0.010705183427179882,0.004163420810967345,-0.012398325432179417,0.01075220419328654
0.30961941896309786,0.026029637864261265,0.004254131908497613,0.002796595947527984,-0.017514730408711363,0.012717539345285247
0.30969831223331357,0.027179553668898373,-0.0030518613477118163,-0.0019783773288725515,-0.013859457591606004,0.006704114731295015
0.3097772055035293,0.02251801079200495,-0.01033846613943856,-0.007962988436518596,-0.016110629287672703,0.0032539683337556523
0.309856098773745,0.013986625623271895,-0.012308954037570818,-0.00892365316324869,-0.013766319277567659,0.0010815750439734431
0.3099349920439607,0.006887291027816918,-0.02130199486729934,-0.01659239380710549,-0.019708385031713068,-0.0015124632402727719
0.31001388531417634,0.004638660219342868,-0.021375625230930485,-0.016197578656839594,-0.017103984840119973,-0.002753676011074685
0.310092778584392,0.006700737716573256,-0.016978229378857363,-0.013262192548143556,-0.013424909426795337,-0.0026006366772587954
0.3101716718546077,0.012087226507337779,-0.008246128539229621,-0.009089037400716631,-0.016574883856464565,0.0026290303285266495
0.3102505651248234,0.021303713601746602,0.008195099213564294,0.0027732678031990483,-0.018614712717808582,0.013356928588136828
0.3103294583950391,0.03401776510578062,0.026233787176264796,0.016648029180234742,-0.018822085421689838,0.02459825583095014
0.3104083516652548,0.0473019285846375,0.03368837988033264,0.02461778976053221,-0.021032641090298683,0.03230507372556209
0.31048724493547053,0.05747527546143204,0.04042146632483658,0.0322469427832648,-0.016462965219471458,0.035685535800711383
0.31056613820568624,0.06045913766960647,0.03143635485070073,0.02710114620447269,-0.019018038202125356,0.03308998313220393
0.3106450314759019,0.052960928426385376,0.023513478918836497,0.021799225767768736,-0.011174501785357128,0.02415251800732232
0.31072392474611754,0.03779555180762935,0.009255781261138699,0.009627525155477391,-0.010094852446722235,0.01375315578658772
0.31080281801633325,0.02353894858979673,-0.012225645412555221,-0.008411654707661673,-0.01637076436583098,0.0030499297445143615
0.31088171128654896,0.014631781798606294,-0.017030001821344166,-0.012686996176568925,-0.019914752305479427,0.0017425178284495842
0.31096060455676466,0.010243664131730832,-0.015494437173353817,-0.015118285846750274,-0.019493892656625267,-0.0004587010802684671
0.31103949782698037,0.008493665896254334,-0.007217120238752248,-0.008725997242915142,-0.016605168538576517,0.0029381699456250705
0.3111183910971961,0.00800597154447349,-0.00806457026259895,-0.010185101474322354,-0.01793426751547101,0.0025635688811634395
0.3111972843674118,0.008941712085897176,-0.002391110623216352,-0.0045726716405561614,-0.017297276187442746,0.006681401749672286
0.31127617763762744,0.012759567056783452,-0.0035730613623884636,-0.004491825312370981,-0.01114206155285729,0.0030641694409608298
0.3113550709078431,0.018442793305080803,-0.0013827582271527955,-0.0026990534737937138,-0.000690166457566038,-0.0017503322730751008
0.3114339641780588,0.022291838759637153,0.004133424594680365,0.002595149730948285,0.005455385156729043,-0.0011829690822746958
0.3115128574482745,0.023354896872380425,0.006588593368956987,0.004770220674579166,0.006106557657635074,0.0001707997672807151
0.3115917507184902,0.02425979226727845,0.004766541066699689,0.00355981727668464,0.0009814210816284574,0.0022659875735927494
0.3116706439887059,0.026534429085741457,0.003299559835585283,0.004953980823999748,-0.0028295299255879035,0.005662560578369428
0.3117495372589216,0.030480382304648904,-0.0039447503549351485,0.0007173947758373,-0.005447466447625893,0.003833029132988012
0.31182843052913733,0.03607630949071494,-0.003009005171748849,0.004219845134332853,-0.011472307863786247,0.010243518536293721
0.311907323799353,0.03992438246669617,0.0065239333956917216,0.015104263061572724,-0.016169117297670163,0.021774629535582325
0.31198621706956864,0.03797767024427189,0.008248391495636453,0.01639713751101786,-0.016735643436609583,0.02314935168054919
0.31206511033978435,0.03070334065912569,0.0004302306712974439,0.007773027610223862,-0.014536857619926253,0.014923953334339247
0.31214400361000005,0.021162526751581062,-0.0004973188182989194,0.001330356207229298,-0.009050021343943592,0.00647901748391705
0.31222289688021576,0.012234390880218124,8.762564520489407e-05,-0.006168857387660157,-0.0049370261217129025,-0.001991260134393086
0.31230179015043147,0.005947265384148469,0.010888705065765211,-0.006568547532359033,-0.0032831256142459553,-0.003300759342561837
0.3123806834206472,0.0032619441914398923,0.028549469869303058,0.0010635353769183184,-0.0017554204708550097,0.0019022443262568418
0.3124595766908629,0.0035269085145158553,0.033337704670194805,0.00544239219248117,-0.004717806758084388,0.007183320754165741
0.31253846996107854,0.006348681810435616,0.024109329555904793,0.003161433640264322,-0.004692838855994467,0.005340392185574466
0.3126173632312942,0.0127085361171242,0.013060590160082802,0.002345732289104048,-0.002827251331062717,0.003570881696898809
0.3126962565015099,0.02218580149794519,0.00351473938344054,-0.00012271776779976395,-0.002010419688557526,0.0011040571046251589
0.3127751497717256,0.03064971184197872,-0.0006451183337815977,-0.0001535519709881561,-0.0031940681296769467,0.0017872747814824737
0.3128540430419413,0.03379740808842075,-0.0003919134596937519,0.0024714463933211733,-0.0045924533255844915,0.004727383277257414
0.312932936312157,0.030718692099075028,-0.008146564160131126,-0.0020607472580330527,-0.010902255255395852,0.004869175298148274
0.3130118295823727,0.02454062600375576,-0.008445236867377953,-0.005487164746539761,-0.014194612883995938,0.00409233609056036
0.31309072285258843,0.01947516394207884,0.007035232581025885,0.0014694542711542764,-0.015850878249644682,0.010658602201937222
0.3131696161228041,0.017709200132213554,0.030550156674641754,0.014149206880023664,-0.016621895470598915,0.021280209675477
0.31324850939301974,0.019418797190001176,0.053994202805328795,0.03022576488651959,-0.01696372978656557,0.03436536860188556
0.31332740266323544,0.023845511545444485,0.05889413017993998,0.03697703090182771,-0.019493724771818585,0.04128639054915731
0.31340629593345115,0.02969242520386785,0.04595177292109616,0.031597470304712987,-0.016396864246220687,0.03512563768542645
0.31348518920366686,0.03514109845381067,0.0235416321281348,0.018193743048487004,-0.015809825595975498,0.024035156928120263
0.31356408247388257,0.037672075428537406,0.015132673051055366,0.01636210999021707,-0.013724373933777572,0.021320391252891605
0.3136429757440983,0.03474334634854046,0.008117578007621208,0.011084624952279357,-0.010349356949619533,0.015073020046247707
0.313721869014314,0.02667813525428866,-0.005508506509765819,-0.0015835381907384934,-0.014631726526471975,0.007482534827515968
0.31380076228452963,0.017443384501034994,-0.011490481646835743,-0.010991646858511232,-0.014853642296622666,7.419247148184034e-05
0.3138796555547453,0.010108610812808961,-0.0071410706921673,-0.011102696335434602,-0.01677330318489154,0.0011334519636982108
0.313958548824961,0.005279730134821678,0.0037160860361461364,-0.0036926490209886133,-0.02036714826435443,0.009223417955932792
0.3140374420951767,0.004316571530941145,0.0106375817097641,0.001608250663781815,-0.021818940053224302,0.01434046300101499
0.3141163353653924,0.010616618588224238,0.010160631434729969,0.003194098384593644,-0.020552895301291077,0.014853777437265563
0.3141952286356081,0.026724473276795203,0.013879077983617127,0.00620340324157718,-0.012186959385940293,0.01226054565362384
0.3142741219058238,0.04946201773036699,0.030027700424553612,0.018650699371729754,-0.003937885016797458,0.01730259614319141
0.31435301517603953,0.07076069799408007,0.044499918193148184,0.034631234207619196,-0.0045974170657390595,0.030506986182998453
0.3144319084462552,0.08261033888218337,0.04436580359523146,0.03806209537877684,-0.005789758330464455,0.033970007296536174
0.31451080171647083,0.08122573526653444,0.03717408306577889,0.035839711811745806,-0.004019058292167935,0.031130435630532912
0.31458969498668654,0.07028492278169661,0.020781808509261906,0.024855464392091457,-0.0009709335379842595,0.020502506255087562
0.31466858825690225,0.056561031448949146,0.008484642961386787,0.014161948192345737,-0.006095482822952587,0.014995187742130666
0.31474748152711796,0.04247330070417569,0.0006407118560209817,0.006857976772508376,-0.01243091320135835,0.01293100955770404
0.31482637479733366,0.02803277090709267,-0.010183334426443058,-0.005165435160730884,-0.016325505777428737,0.005624932714251242
0.31490526806754937,0.017145575125608017,-0.013502131818327608,-0.009910683837754616,-0.013188627291073694,-5.5184213477580427e-05
0.3149841613377651,0.016693276632422975,-0.003914867686417,-0.006263781095138344,-0.006482088345679411,-0.0011432610592699117
0.31506305460798073,0.029302930593746446,0.0246114183037957,0.00868692145662537,0.00473240236871745,0.004131857698273317
0.3151419478781964,0.047490851173423505,0.059622492312012394,0.027736302784098256,0.010951210540431156,0.015686534322776044
0.3152208411484121,0.05996867504598469,0.08816580617242266,0.04419593041150608,0.017030732928059844,0.0252643902585132
0.3152997344186278,0.06138416072904447,0.09596280257116367,0.04974246597274907,0.023444010679864204,0.025891466374445827
0.3153786276888435,0.05519933903657181,0.07402158186802003,0.03994476500063419,0.0177867229349597,0.02139903867109475
0.3154575209590592,0.04765197746081308,0.0477547011057327,0.026068291988435535,0.011778779071479416,0.013853948395448238
0.3155364142292749,0.04109090894563148,0.01907996679580647,0.008581983440171614,0.0073399680719248,0.0024882454589906853
0.3156153074994906,0.033911987914026366,0.01123751237502965,0.0033300544894669564,0.0027973669511695766,0.0009957601248817653
0.3156942007697063,0.0255420028304045,0.01339255405310375,0.003855335765477997,-0.0009500117273345517,0.0036579765527693206
0.31577309403992193,0.019013114269356382,0.007186239437928329,0.001139727115674467,-0.003575429000477032,0.003051835711119945
0.31585198731013764,0.018255545920073928,0.010160036077386435,0.003174176989559879,-0.0036595800254231826,0.004732622863755872
0.31593088058035335,0.022035990084174624,0.034327736267750396,0.017245705553469996,-0.001265495993008454,0.014578643545300954
0.31600977385056905,0.02433563161968308,0.06072729071614138,0.030599567544277007,-0.0033039300719770745,0.026501811963368704
0.31608866712078476,0.02271497925184131,0.07556584795091217,0.03668204028785099,-0.006606140606398578,0.0333511456435468
0.31616756039100047,0.020868669157499947,0.07162115976678012,0.03445291209932598,-0.008736538218442454,0.03283679044066202
0.3162464536612162,0.021224478157523943,0.045525619214373016,0.020434860143327842,-0.011306734510510808,0.023138249567293753
0.31632534693143183,0.02093311222523694,0.02469941345018174,0.011052403008401043,-0.01326039395318166,0.01678825948164836
0.3164042402016475,0.01704146369840627,0.012503120600282776,0.00639923722955543,-0.014243441676867617,0.01364758180531919
0.3164831334718632,0.009882745185759373,0.00019659969043493329,-0.00206046935287985,-0.013706559338870442,0.006546858237139195
0.3165620267420789,0.002794714680500184,-0.01526019989816388,-0.015771436105813417,-0.013309787832812075,-0.004681251086054586
0.3166409200122946,0.00011471274565562094,-0.015794969346230852,-0.018825123046763127,-0.01098991985064694,-0.008516997705412706
0.3167198132825103,0.0027162959145772604,-0.0013828280362234995,-0.011047001933702165,-0.0063112573493258085,-0.005079310131843198
0.316798706552726,0.007442501894850985,0.012379201703510825,-0.003948276221644319,-0.0065613282618178,0.0007599627251618267
0.3168775998229417,0.012034347509753063,0.023639095530999805,0.004439820289276901,-0.009865755463136948,0.009458861254712509
0.3169564930931574,0.018524533308423744,0.018349893135368178,0.004071935294658057,-0.011105659279375625,0.00990567643441107
0.31703538636337303,0.02984533085726305,0.015723117856808307,0.007786220377205762,-0.01442111090538226,0.014865289221476882
0.31711427963358874,0.04203430571188827,0.022395430539703973,0.016528313373187765,-0.013463809316239379,0.021297743495629406
0.31719317290380444,0.04796583987980836,0.022663436072535903,0.019162014850918584,-0.011410818441401988,0.022180505548351163
0.31727206617402015,0.04484603993568226,0.015272903682851299,0.01570193330841473,-0.011983766854020823,0.01975047091847658
0.31735095944423586,0.03402862720449004,0.0050988655505856675,0.007227480481279206,-0.007613894002028792,0.010345996173739911
0.31742985271445157,0.020069835854870502,-0.00454362875855611,-0.0008947316644537912,-0.010003266945010825,0.005265945765168045
0.3175087459846673,0.008988759034852068,-0.009926533534409594,-0.009228004840814324,-0.012720187296993472,0.00021186550622501792
0.3175876392548829,0.003934225667979717,-0.0050611271141910484,-0.010098635906621923,-0.009953727898461367,-0.0021406843813419688
0.3176665325250986,0.005119419341881173,0.00035812170464080895,-0.0047825831485383925,-0.014044858982772036,0.004567491255324595
0.3177454257953143,0.013106503395144114,0.001456310069579833,-0.00124424357874243,-0.01347341409495104,0.007061559028147477
0.31782431906553,0.028350284282665603,0.011488688537527216,0.010048066395672366,-0.008151397557774167,0.012927834143650537
0.3179032123357457,0.046384047126711306,0.022663363592344794,0.016481311709487013,-0.0012729586903416036,0.013970421854296686
0.3179821056059614,0.05902999810530294,0.04596948539916099,0.028400995376536484,0.010835763693265863,0.01628870188631808
0.3180609988761771,0.0619736199779964,0.06117222351217762,0.03563414134719309,0.014501582883141146,0.019901413023544683
0.3181398921463928,0.055968916837547636,0.05956539347650966,0.03161962017675999,0.014899554530524458,0.016442008572903427
0.3182187854166085,0.04472254360477866,0.04184463852026718,0.01865029698057186,0.010654968943614947,0.008577108445047065
0.3182976786868241,0.03351209819754088,0.023373672878374302,0.008173070950746295,0.004647902323267737,0.0037705391608400885
0.31837657195703983,0.026771466799698367,0.009405066044035001,0.0020377708204150037,-0.001631977082219095,0.002609195313643574
0.31845546522725554,0.02607118283232371,-0.00416744093667489,-0.005431552524094966,-0.0077658524306241684,0.00029158164715306097
0.31853435849747125,0.030909369077970417,-0.0029326227771815316,-0.0021613853390461814,-0.010944587808149327,0.004813839667907205
0.31861325176768696,0.03885993551476957,0.008058278343817315,0.0074939046955383335,-0.007030692907219593,0.010210703304229967
0.31869214503790266,0.045103989137670726,0.012157126090934625,0.011015521124246367,-0.0059798963564488,0.012404483924721016
0.31877103830811837,0.04494272874100361,0.021571241005980426,0.016692186033886076,-0.0033167792368765684,0.015361498861228479
0.318849931578334,0.03686161723555953,0.026925121250478842,0.015044553783940661,0.00025553784234741737,0.011904864751576323
0.3189288248485497,0.023497683729522992,0.02694460324857755,0.007091141428389184,-0.00344952102439522,0.007746132542310922
0.3190077181187654,0.01069410721450048,0.035434560979619736,0.00873389101397162,-0.006565466753851617,0.010926183145613921
0.3190866113889811,0.0032018793290683883,0.03167665077709062,0.006971106792572184,-0.015722903084403803,0.014990828185048564
0.3191655046591968,0.0011651926998404259,0.017827328515628595,0.0005933825225714508,-0.020864718094631533,0.012956200381890891
0.3192443979294125,0.0022183946879427885,0.007541937986812139,-0.002804706050664397,-0.021869057455815754,0.010833760960517382
0.3193232911996282,0.00499958569697507,-0.0029534701895557744,-0.00732341716804449,-0.02038966857293859,0.00632660608641865
0.3194021844698439,0.009550307644323554,0.003965003375331766,-0.0017608007608388382,-0.012481812052797402,0.006054404186762234
0.31948107774005957,0.014946806308247846,0.008013180154959047,0.002502415127741353,-0.00958982363202562,0.007741190867636242
0.3195599710102752,0.018613209786360618,0.007132894892577909,0.001880686634196899,-0.004940160739258549,0.0044618987068424446
0.31963886428049093,0.018099666135602877,0.0032887442961520414,-0.003254957775221383,-0.002446013288261634,-0.0011457135344255802
0.31971775755070664,0.01299017379679725,0.002530319655262447,-0.007367250532534919,-0.0014466272912034548,-0.005039238468881847
0.31979665082092235,0.0062258292741468645,0.009481118825478531,-0.0021669769070748906,-0.0015698001805848581,-0.0007978113303661605
0.31987554409113805,0.0017397458523796825,0.0030367010722782157,-0.006362146480471458,-0.009406670350428697,0.000527101442209767
0.31995443736135376,0.00020072193731661723,-0.008527706245046415,-0.013963792185623209,-0.011210447085854761,-0.004487528858097109
0.32003333063156947,4.68830462668241e-06,-0.009033957093787374,-0.012448197877280427,-0.010702353116266484,-0.0035763953168653283
0.3201122239017851,1.6189591256338083e-05,-0.012709127988825895,-0.013580635372845295,-0.010708043242413718,-0.004480823780910665
0.32019111717200077,0.00020982353720712103,-0.013090648577793967,-0.013502497312755057,-0.008570467026035913,-0.005696545184738523
0.3202700104422165,0.0008075099776863275,-0.012926517275367476,-0.013131964634226643,-0.007061879638274796,-0.0063016910327871566
0.3203489037124322,0.001399459239076472,-0.011774898862752708,-0.01348819765932756,-0.010016035534832777,-0.004820575474614411
0.3204277969826479,0.0015251991269983297,-0.006405858994071935,-0.012868316040500274,-0.009744605175910031,-0.004485974404978075
0.3205066902528636,0.001136130717076767,-0.00873097319128619,-0.015320608403968655,-0.01354581495900078,-0.004178631432859932
0.3205855835230793,0.0005873634350851735,-0.01345876840714947,-0.01705833568475225,-0.01900817628030892,-0.0023049461773881406
0.320664476793295,0.0004888674287958475,-0.019922521961939676,-0.02034482330451437,-0.01690073267698241,-0.006201016662759043
0.32074337006351067,0.0015540164623578786,-0.023716450117617967,-0.02166489009803357,-0.01633410623399333,-0.007598580048455406
0.3208222633337263,0.004628945552255083,-0.013090463351551342,-0.012916199406488624,-0.01255858649405684,-0.0028413989661362983
0.32090115660394203,0.009760950251867722,-0.005719753248711721,-0.010738846143034117,-0.007495837268560747,-0.004123864030423074
0.32098004987415774,0.01640836014874657,0.002509414009253978,-0.006517073026904935,-0.005297872170087273,-0.002054534843012469
0.32105894314437344,0.02330685746563111,0.009982284090186736,9.094483613383557e-05,-0.006771262066852648,0.004122747767363834
0.32113783641458915,0.02717623058831946,0.012453120127811992,0.003979747821846565,-0.008393991704834533,0.0082098678711503
0.32121672968480486,0.025672984925582194,0.009614260874529105,0.0037035159787618625,-0.009050946171915361,0.00838143424563307
0.32129562295502057,0.02131203392899466,-0.0007384049997595713,-0.0032309965406251344,-0.012962571473095826,0.005163672028355019
0.3213745162252362,0.017312855874169388,-0.01497426952391551,-0.013681531115940823,-0.013636550436303277,-0.0028102442212683816
0.32145340949545187,0.013632768647008249,-0.01613803728883269,-0.015229798224573552,-0.014503305515129497,-0.003533168052670785
0.3215323027656676,0.009998617520231692,-0.01885817058481131,-0.016085174009684164,-0.013092694443360831,-0.0050626325734251035
0.3216111960358833,0.007835771306458158,-0.025632584627615022,-0.02103224533654039,-0.0086306499797607,-0.011697388069122275
0.321690089306099,0.008534780866926668,-0.02148117707768501,-0.01729266594719318,-0.005514946603283189,-0.010562112179189535
0.3217689825763147,0.01246889506973446,-0.0028828741503789798,-0.004281059807907425,-0.008771511372424285,0.0018151847224255847
0.3218478758465304,0.018546703924511722,0.015028579040939304,0.0035221893565489646,-0.0095869011133798,0.00855668917961242
0.3219267691167461,0.022760316107901735,0.025292266545338025,0.007949684802400117,-0.012101724725197943,0.013608945695839328
0.32200566238696177,0.021228344678189216,0.026002937019335363,0.009192340526354254,-0.01576365136831161,0.0167950904170549
0.3220845556571774,0.015405924392914718,0.019397124038314256,0.0064501719963231015,-0.017727730621436993,0.01577271538412545
0.3221634489273931,0.00962978555728097,0.00967717978264428,-0.00021187099081595976,-0.018395885312022263,0.010833733078193592
0.32224234219760883,0.00603077794840533,-0.0023870130048589196,-0.007520052393153688,-0.023884255569254206,0.008259955623622996
0.32232123546782454,0.005195122623399417,-0.009729869148562205,-0.013049202531303145,-0.017125826350918916,-0.00021623216837577023
0.32240012873804025,0.007955288362387347,-0.01599204499975665,-0.01555752479908312,-0.014003325540822597,-0.004094960825353089
0.32247902200825596,0.014744116189529033,-0.015696100148077364,-0.01233137249307459,-0.00935742366995492,-0.004287097078733123
0.32255791527847166,0.02451384709019827,-0.005730859424066062,-0.003217804910657761,-0.0030755795428160293,-0.0007394029690232859
0.3226368085486873,0.034053373074173235,0.007126283239333114,0.004894230060164238,0.004150898528592941,0.0014398498363268563
0.32271570181890297,0.03772333221160136,0.019351358533349943,0.010883030961586406,0.010444197116897863,0.002476110184305004
0.3227945950891187,0.03164084947762138,0.01704970705922486,0.00736746995339071,0.01059753770918357,-0.00043358969962763644
0.3228734883593344,0.01946500971584722,0.008303669091930853,0.0005348729999309339,0.010103439454974793,-0.005614267475366358
0.3229523816295501,0.008918462020575097,-0.0028131230922924084,-0.0065386009862056765,0.00517959831131725,-0.008338023085015772
0.3230312748997658,0.0035133995347554434,-0.012209312732203338,-0.01344025075015158,-0.0029210881940872225,-0.009025018126648143
0.3231101681699815,0.0028287732167382312,-0.017313628814413694,-0.01822181521429263,-0.008993925792256958,-0.00922679152637393
0.3231890614401972,0.00660846815108743,-0.01947723704049131,-0.0181828650470717,-0.012104525971845066,-0.0073355109517611265
0.32326795471041286,0.015371004746774419,-0.014806378588592125,-0.0144844368643511,-0.01203045145344867,-0.004414522396994935
0.3233468479806285,0.027146899285566125,0.0008846010133710745,-0.003497576462228018,-0.004706182180317333,1.1620828303074213e-05
0.3234257412508442,0.03593976735556395,0.007362871932984574,0.00133135940588041,-0.001985144775981959,0.002254281656382303
0.32350463452105993,0.03559359610838251,0.012737056043930934,0.005858806543860698,-0.001622816640451246,0.005666013528208308
0.32358352779127564,0.025589483498077572,0.005671242684610038,0.0024900725960382525,-0.005000888796092285,0.004986594216928778
0.32366242106149135,0.013257601628732525,-0.014964340600256221,-0.011878041501901257,-0.00843861722119973,-0.0044731957308578214
0.32374131433170705,0.0066735357969121036,-0.018425441803021293,-0.017133316347163124,-0.004175066660353266,-0.011235529355473067
0.32382020760192276,0.006468585924781722,-0.0038760469333759934,-0.011337635593084943,-0.0038665970725621614,-0.006774255358986951
0.3238991008721384,0.007952516237318992,0.006952935763949401,-0.004494893053658481,-0.010399761021029937,0.0026177074277668566
0.32397799414235406,0.007453592330781654,0.011344856446030643,0.0006096703900061337,-0.014092799269403154,0.008917856848650218
0.32405688741256977,0.005751275689939405,-0.004001394958139778,-0.01015149752242083,-0.014940821550094992,0.0007998490386056752
0.3241357806827855,0.0056342237515888145,-0.008159411663728055,-0.01288561490853603,-0.004842618148631627,-0.007431369362053547
0.3242146739530012,0.006429001663884195,0.0031956016495535713,-0.00428942237945402,-0.00216939312784282,-0.0021402240280138005
0.3242935672232169,0.005245674162802006,0.007385687656511131,-0.0008692517244583372,-0.00263750755769353,0.0008808152419297523
0.3243724604934326,0.0020717274568293797,-0.0054473186862949476,-0.009525091236470178,-0.0034666088043722354,-0.005560667682925615
0.3244513537636483,0.00108859468469239,-0.020863740070806908,-0.018852751255548143,-0.004803855562183788,-0.012237974053121799
0.32453024703386396,0.006579916085731194,-0.01724212241185809,-0.01610076330298505,-0.003904515439611856,-0.010569580530149046
0.3246091403040796,0.0164901149578921,-0.003035484028344693,-0.005465633456987675,-4.0892481708869056e-05,-0.004355896886261526
0.3246880335742953,0.02330896464061851,0.01674612904013826,0.00620665663567332,0.001720727547186138,0.003945135815546131
0.32476692684451103,0.02188491262227577,0.03261181631915041,0.011021401394440333,0.005208701586512056,0.00571816176680272
0.32484582011472674,0.014244070461359101,0.025525227780774103,0.005522477453754952,0.0042356419996180126,0.0018926862372575075
0.32492471338494244,0.006542170000872747,0.018534287934586578,0.0019742989405584816,-0.002734602744950191,0.003217793250448898
0.32500360665515815,0.00225015199395338,0.013230241520003315,-0.0018792984120002533,-0.008459461029424853,0.003553465088680205
0.32508249992537386,0.0008023236446830231,0.0018618839781972631,-0.00930978785551417,-0.012807987948538513,0.00019882516298349822
0.3251613931955895,0.001472343839732999,-0.0018685763853141875,-0.009939618465146996,-0.014003397295233665,0.00040897126639170595
0.32524028646580516,0.006119718138348411,-0.006493637218373495,-0.010448605762303184,-0.014886106403968704,0.0005289443859827632
0.32531917973602087,0.016747314991951236,-0.008671523763673793,-0.006944090746952638,-0.01199265496260067,0.001607415523400484
0.3253980730062366,0.029430242979137097,-0.005138278447144168,-0.002033420313333042,-0.004904508110460081,0.0013036858093191015
0.3254769662764523,0.03567977754172601,0.0013734241064749294,0.0015944930386030305,0.006037754791197205,-0.00233325908590057
0.325555859546668,0.03125831772319814,0.010818016546660727,0.005674793129202785,0.013775705453829288,-0.0036913618957039513
0.3256347528168837,0.0197110929197083,0.013431468443098612,0.005673843084878935,0.012494760948235983,-0.002925898124003172
0.3257136460870994,0.008156208322153718,0.0016546970899776775,-0.0054827444018384405,0.007173167430079834,-0.008684181802343947
0.32579253935731506,0.0023665273902823457,-0.012764960067384392,-0.014655919655785728,0.0005601482371887625,-0.012081112635979979
0.3258714326275307,0.0038605099164267624,-0.01166984678366475,-0.010367488805626122,-0.005604378901358504,-0.0049573892545534985
0.3259503258977464,0.010525257868040951,-0.004509737090964779,-0.0022062259584894753,-0.015312272278095332,0.0073905891213221
0.3260292191679621,0.020990241726188335,-0.005777723968348221,-0.002226163567140724,-0.016931427218230644,0.008343246497302843
0.32610811243817783,0.03509208795076622,-0.004808670788328728,-0.0006041948525453605,-0.013041125853596253,0.007315930390438206
0.32618700570839354,0.04808400217504143,0.0036348240948496312,0.005509865243774633,-0.005308173257368729,0.0075904822571569545
0.32626589897860925,0.051355750960704695,0.01556634144634653,0.011192921863700765,0.0038630652932373196,0.0066603742339951
0.32634479224882496,0.04148862680914641,0.018501033607173405,0.011472881374284094,0.003841111992585152,0.006897900589478029
0.3264236855190406,0.02386216477440476,0.008503638892244748,0.00016953680479952536,0.002871544590404926,-0.0015815652529192618
0.32650257878925626,0.007966498794757,-0.01203767197876471,-0.01469380631637057,-0.0016312680586970936,-0.01080109302423284
0.32658147205947197,0.0005072229063729672,-0.020215119949535915,-0.019147991476276164,-0.010144057988917153,-0.009281665670367267
0.3266603653296877,0.001276630477467533,-0.018081068799349554,-0.017582227742560002,-0.014678383527381818,-0.0053146776713082254
0.3267392585999034,0.005007370169395959,-0.007644721583050471,-0.011794598151457438,-0.017844076753075436,0.0012192810815018005
0.3268181518701191,0.00782882129729593,1.987322484033495e-05,-0.009758737945011897,-0.014517915319439958,0.0008617325378585684
0.3268970451403348,0.009934012176981177,-0.004700462736795378,-0.01213744142587175,-0.013327302345298254,-0.0017573128884421647
0.3269759384105505,0.011533219692599732,-0.011570930285588652,-0.013071010212733335,-0.012045823933248814,-0.0032721844133642834
0.32705483168076616,0.010544598254917473,-0.017110392120589554,-0.01619545487870854,-0.008083573931128036,-0.008146565142116785
0.3271337249509818,0.006099963465953695,-0.017312532745172016,-0.01752273890098934,-0.004808265383530293,-0.011169101342139751
0.3272126182211975,0.0011072993712531697,-0.022783389951282804,-0.021566063688112442,-0.007518911770055799,-0.012790094007144481
0.3272915114914132,0.0007560690493383422,-0.022048277992125654,-0.018553630608376996,-0.007502284768486746,-0.010384736315811145
0.32737040476162893,0.007935298802576584,-0.015047280694877027,-0.011732022831192337,-0.009903320437880921,-0.003480162779943705
0.32744929803184464,0.01876525519177974,-0.001115017618069205,-0.0039005734607917373,-0.008488579106198628,0.0019509077622741615
0.32752819130206035,0.02540002588382064,0.011089347805249216,0.0009373888865389557,-0.005223432726597019,0.003875342941917032
0.32760708457227605,0.023936038928934547,0.02129464943957524,0.006046293542582646,-0.0013497751474659007,0.005652975285919168
0.3276859778424917,0.017251750414372626,0.018406679699191617,0.0036971549786503975,0.00010556948826948636,0.002899884286427036
0.32776487111270736,0.01035696479240661,0.01186929973201202,-0.0037178983132189754,-0.00014192341330997608,-0.0028947662638531594
0.32784376438292306,0.0055667376360425975,0.009758385663859254,-0.00808740877360618,0.002566478651549565,-0.008016460681242678
0.32792265765313877,0.002731831577746437,0.011471664970244128,-0.0061090955950307314,0.002269620439720659,-0.006253435914267906
0.3280015509233545,0.001996308889905364,0.003275542423886354,-0.008110533132206632,-0.00905670798306717,-0.0010835959601243942
0.3280804441935702,0.004739741039043006,-0.0044481156491458914,-0.011411420388028117,-0.016339570099797467,0.0006264985543086736
0.3281593374637859,0.011098858619749906,-0.0004627342150442978,-0.007915204082124386,-0.019492195284164328,0.005315267403914285
0.3282382307340016,0.017373021967873617,0.02195958355591524,0.006622381542178372,-0.011380650400958642,0.012114012640568472
0.32831712400421725,0.018941262050410287,0.04346129628359975,0.021595403763861574,-0.0028681496680557934,0.019023308393474787
0.3283960172744329,0.015227364770121543,0.025128663754942642,0.010586899154001067,-0.0063967267540385375,0.01231026511033092
0.3284749105446486,0.00943859822011638,0.005357155877825454,-0.0039019703357224714,-0.009265050665275585,0.0024142156130761453
0.3285538038148643,0.005051366930517088,-0.006762920130524828,-0.012142739094945055,-0.010018040778095186,-0.0037407932902807557
0.32863269708508,0.0035974378313512125,-0.007177033867871418,-0.011848923975010466,-0.01087143930522159,-0.0029948654415185368
0.32871159035529574,0.004494760032938087,-0.0028306111497868585,-0.008490895049635204,-0.011116367891136954,-0.000156571970361451
0.32879048362551144,0.0069048630174957755,-0.0007650034851636698,-0.006435152043453874,-0.015069691616782123,0.0038559529375616227
0.32886937689572715,0.010769086189926471,-0.0037969998186609204,-0.007525365866794425,-0.017359015210734494,0.004351576852343806
0.3289482701659428,0.015239606417495763,0.000422485585550402,-0.005975173111531328,-0.014158630995715935,0.003679657213574651
0.32902716343615845,0.01802593566879071,0.00952113437233476,-0.0007549433787845791,-0.007176321765773599,0.003687097505077562
0.32910605670637416,0.017553620134895483,0.012227089568840784,-7.332437604305563e-05,-0.0018262789510116396,0.001033509992796101
0.32918494997658987,0.014226476291999147,0.010026803320174695,-0.003971093777023389,-0.002941046970937857,-0.0014235875998419077
0.3292638432468056,0.009796130360978351,0.009841987234198673,-0.0047198429931762835,-0.004227126435611681,-0.001254494134486456
0.3293427365170213,0.0066943986793845155,0.0024462968451465224,-0.007532685550292462,-0.010101136334192327,4.254530158717788e-06
0.329421629787237,0.005852779775051744,-0.013699046122801588,-0.015189297691032288,-0.018243251435973527,-0.0012637459638281563
0.3295005230574527,0.005670878372555909,-0.015619669875982577,-0.015299133917491915,-0.0168575357037702,-0.002180676476841326
0.32957941632766835,0.004983599593441281,-0.009384765827909296,-0.011180400785539949,-0.016650864779248063,0.00099791591460053
0.329658309597884,0.004383872858139872,0.0156648607009628,0.0037900324901169943,-0.013831971319863185,0.011310550282611104
0.3297372028680997,0.004230165517695927,0.035499757402350035,0.015870210310857176,-0.011029564201029757,0.01931469391543189
0.3298160961383154,0.003732878120305492,0.00987072556333608,-0.001040449521265638,-0.013427236515840303,0.007197265598121756
0.3298949894085311,0.002290645327863774,-0.012882733942625992,-0.016093636531583314,-0.01403258258771698,-0.0045073116317717295
0.32997388267874683,0.00061793854695938,-0.019702237723053687,-0.02046605823423175,-0.014451918472827566,-0.007762652577005638
0.33005277594896254,0.0001034993820295133,-0.012698344439741077,-0.015656439223022452,-0.012547251161820292,-0.005045087498827578
0.33013166921917825,0.0013655776275680108,-0.00019002526466724954,-0.00579591117436826,-0.014726219956558638,0.004162869670436392
0.3302105624893939,0.003409063029469126,-0.0043494642227235305,-0.0069878628248216034,-0.0166049233062809,0.004331312341658189
0.33028945575960955,0.005376696817949589,-0.011192254935159822,-0.010792970671763016,-0.0164419614105465,0.0011835497604908113
0.33036834902982526,0.008125272607424017,-0.008265417310341732,-0.01061665011498649,-0.011435937674717461,-0.0016694196829907919
0.33044724230004097,0.011815731946596268,0.002588409981433339,-0.005810346699613836,-0.00726634381666414,-0.00031077673808404025
0.3305261355702567,0.01511506241519518,0.009247801372262485,-0.001679955644879665,-0.004717253546710467,0.001474970704884942
0.3306050288404724,0.017528739285471606,0.008349952662528816,-0.0020203669293449218,-0.0029881255012179863,0.00016797035951382995
0.3306839221106881,0.019786520454451575,0.007507413722197878,-0.0026085920425573408,-0.0040055222929156215,0.00030503774558319005
0.3307628153809038,0.022832229173445573,0.007945868417119174,-0.0012289822481629706,-0.0004358546174157378,-0.0007242666523716027
0.33084170865111945,0.026274574150563508,0.012177237691152728,0.002883888187014446,0.0017688291931091424,0.001253335671209006
0.3309206019213351,0.027202365824231068,0.019349637765612816,0.008286014072802092,0.0009836289289530307,0.006052496088868492
0.3309994951915508,0.022530753827307907,0.016975979802619945,0.005455626254514376,-0.0022348687958802416,0.005708941692249325
0.3310783884617665,0.014237427890195123,0.009327968296325064,0.0010891755721652342,-0.009088127625960906,0.006308523851581441
0.3311572817319822,0.009436983064319416,0.005565145912756315,-0.0037579865285658426,-0.01253708498110424,0.004486782600220583
0.33123617500219793,0.012321684136831485,-0.0029880603093062484,-0.008367163566822175,-0.013833709707676275,0.001567964857993942
0.33131506827241364,0.02066631195904427,0.0015075244417087122,-0.0032582846554283233,-0.012516522451014355,0.004874985066873509
0.33139396154262935,0.029903014906433024,0.013213650740162142,0.006870789376725123,-0.014014003238442013,0.01388821030611169
0.331472854812845,0.036351757059367495,0.019591555731150477,0.010397346237876469,-0.014612055407076644,0.017071821300139404
0.33155174808306065,0.03904521137559415,0.02853954942402907,0.01610189990047349,-0.011250887958091158,0.01963270601657541
0.33163064135327636,0.038670719076953755,0.031039239299082668,0.017405961909808004,-0.006303229879238235,0.0177192453997618
0.33170953462349206,0.03427151597317719,0.030097157758944126,0.016200472238964946,-0.006121247605931361,0.016644313646283465
0.33178842789370777,0.024702249622796168,0.018549482719070184,0.0063508253438454955,-0.009674633760459942,0.010875989377193878
0.3318673211639235,0.013470747631214829,0.014162700352435326,0.0007345733471720677,-0.014499296111745656,0.009261123816209024
0.3319462144341392,0.007934923150135964,-0.004173256535041969,-0.01032542047521166,-0.013754061481302824,-4.943938388125276e-05
0.3320251077043549,0.012122965907435121,-0.005267001392026885,-0.007589862371186672,-0.008660873874269238,-0.0009030083340835431
0.33210400097457055,0.02350393590011332,0.0032223535792559373,0.00213686460344415,-0.011066349912965024,0.008331412676071313
0.3321828942447862,0.03533084676623139,0.013616463114054471,0.011372868972615573,-0.010595320637113428,0.015451107083033244
0.3322617875150019,0.04046665323717811,0.019536486812702123,0.014525758200751667,-0.010681048060562547,0.018028917767418016
0.3323406807852176,0.036933673546448664,0.011173959256339797,0.007517308051989702,-0.012707831558449893,0.01362499795942825
0.3324195740554333,0.02877265412018899,0.00828902494737264,0.002890262518570167,-0.011551522903054882,0.009225392635711226
0.332498467325649,0.02017920129938181,0.00016162066176150398,-0.00488947711650988,-0.012017794398005622,0.003269275320735214
0.33257736059586473,0.012556482273124359,-0.001409073817531676,-0.009911389324127762,-0.010915798862678298,-0.0014151764033431711
0.33265625386608044,0.006895428512938312,-0.0008971830400521403,-0.0114514921462257,-0.006819112302592416,-0.00509981810932677
0.3327351471362961,0.00547679808483157,-0.01096804028480988,-0.01501450078423303,-0.012073725194246945,-0.004813608107813951
0.33281404040651175,0.009420577315593495,-0.015030036900470927,-0.014175139440481207,-0.011985713259727622,-0.004193310577499122
0.33289293367672745,0.01600862524883316,-0.009194375004745185,-0.008101003454818938,-0.009121295788549238,-0.0010373275026856626
0.33297182694694316,0.01954780671033393,-0.0017612556587300583,-0.005246961698178646,-0.006207449665043683,-0.000492553433762923
0.33305072021715887,0.016121792015972004,0.007105580260062967,-0.0007195825949182236,-0.0022616901635684624,0.000775992507613939
0.3331296134873746,0.009110468494052148,-0.0004598181679634217,-0.0056575083991813185,-0.0045598421866311755,-0.0018070117493538666
0.3332085067575903,0.006253679870990088,-0.004471199677100314,-0.009632260798464963,-0.008569152735690885,-0.0025949436422077502
0.333287400027806,0.010517735346944992,0.002118227868865917,-0.006337739527067175,-0.008512914508649707,1.2096770836926638e-05
0.33336629329802164,0.017556837026464496,0.013036778072904955,0.000185235980481013,-0.002820976436479402,0.0018356468165918272
0.3334451865682373,0.021477167152991153,0.019028746002744665,0.004766274547546388,0.0023983006958384367,0.0023854934220712875
0.333524079838453,0.02169657458242247,0.014234797080265368,0.004325598838479386,0.003500164922236505,0.0013733077647632263
0.3336029731086687,0.02186353220886468,0.009971749093856813,0.0006126737862599725,0.007381359749437113,-0.00392375421058522
0.3336818663788844,0.022624473587742673,0.014089802992777355,0.001064748559901137,0.01903196788794743,-0.010530768319001703
0.3337607596491001,0.019779010727809687,0.02481893862614285,0.006140362205142896,0.025866411096648133,-0.010552129959423513
0.33383965291931583,0.010892304338865847,0.021783318756835788,0.0042988670809632834,0.021952512011322783,-0.00968610816320697
0.33391854618953154,0.0017406369875480937,0.0013193397995719554,-0.007544793101851156,0.009961432737965657,-0.012004337605041137
0.3339974394597472,0.0017033816078637152,-0.016097155067518958,-0.018130899713973473,9.524790357822622e-05,-0.014588474399623352
0.33407633272996284,0.013863437969655949,-0.008572812800977074,-0.01015221614203483,-0.0034871378391206744,-0.006051038680837437
0.33415522600017855,0.03151686795024062,0.00580475259153208,0.0033904307288815366,-0.005946902489405404,0.006273964263759179
0.33423411927039426,0.043360671639177915,0.01845183225332091,0.014379208320355047,-0.00565878410051735,0.014908165601756502
0.33431301254060997,0.04405084801408726,0.017114865633055584,0.01232874430233874,-0.0015760983003695569,0.010823416228971275
0.3343919058108257,0.03720355567566644,0.01096986715701847,0.0054310537047366015,0.0017120053925128525,0.0033287395915385007
0.3344707990810414,0.027810155848000548,0.013944032716543826,0.00399183065507911,0.010519693952975116,-0.0030926423529643154
0.3345496923512571,0.017536781973079105,0.009046619969558562,-0.0015649133475617136,0.015710367662375553,-0.010651045556305947
0.33462858562147274,0.007323947240350448,0.005561735040038893,-0.005781727002262804,0.01561701703378144,-0.013974405703303185
0.3347074788916884,0.0010880046086422215,-0.00420631934066591,-0.012739157838074439,0.007104734908805601,-0.014458490471144593
0.3347863721619041,0.004321400595229437,-0.013269842187624769,-0.014363358950768975,-0.006321975870271813,-0.007731267159459016
0.3348652654321198,0.018518898072160023,-0.012287728017368786,-0.009492537469025005,-0.010993111678979225,-0.0010331871945019034
0.3349441587023355,0.036594569813836804,-0.003283484009744331,-0.000596835817752597,-0.01125729507981725,0.0062547901982295115
0.3350230519725512,0.046255403376388685,0.014282564143754546,0.011621982673747035,-0.009990435001573855,0.01528897327597764
0.33510194524276693,0.04184129899018074,0.01692353899905919,0.010135256450408046,-0.011197229998076402,0.014819346258820327
0.33518083851298264,0.029048091033326038,0.0055261777248583385,0.001560469196430917,-0.011282878625040509,0.007999004143876354
0.3352597317831983,0.016751499896651995,-0.0037322642663252456,-0.005960184307106658,-0.010787238933625605,0.0016750365469286983
0.33533862505341394,0.009977529993798664,-0.014818661103289294,-0.015639599685524124,-0.012058786252931547,-0.00532370990727708
0.33541751832362965,0.010293985859942421,-0.012469926617128908,-0.013837986276073817,-0.012138796453826805,-0.0038314587158992347
0.33549641159384536,0.01872677979631181,-0.0038577291232148167,-0.005189090188531544,-0.012657575164700572,0.00341182611308708
0.33557530486406106,0.0358084105521338,0.0055487319130090255,0.006605374889473496,-0.011276390160259308,0.012038022894033704
0.33565419813427677,0.057802511377906596,0.015136238587815758,0.017805943544864197,-0.012181226654255252,0.021554525445026028
0.3357330914044925,0.07364854565720305,0.026283743127152762,0.026299505539953635,-0.006913344202595264,0.02521190705723134
0.3358119846747082,0.0708813759201052,0.04045372780520435,0.033875016225444726,-0.0012348063610473049,0.02789177733599202
0.33589087794492384,0.049605670472083654,0.02330583079842549,0.017702607650603212,-0.0059656939402195725,0.017755167739699162
0.3359697712151395,0.02361175927063298,0.001803963650130188,-0.0019243014061105337,-0.012398302881626546,0.005873412700063498
0.3360486644853552,0.005850934070911575,-0.01240685660113121,-0.01451915549755219,-0.014312327350725374,-0.003077620193928088
0.3361275577555709,0.00011517890470439782,-0.010842286830183914,-0.0145648668530866,-0.015654012465830265,-0.002311798652053886
0.3362064510257866,0.0033341842549893135,-0.0004427328431324987,-0.006791894630464765,-0.013412874347801144,0.0025789232125517977
0.3362853442960023,0.011798725708811611,0.003907728349512689,-0.001410120460066992,-0.014939936589394609,0.007805895909515474
0.336364237566218,0.024633826585940176,0.0007645838782597982,-0.0021508738437882057,-0.00995298439537495,0.004229138201758941
0.33644313083643373,0.0402540092647502,0.013988626926790218,0.010775709100315696,-0.0018124602965824998,0.009720057865295163
0.3365220241066494,0.05201869754476845,0.0348277633435279,0.02420467131043623,0.01056476418102205,0.013085031782005369
0.33660091737686504,0.05136465667502364,0.03390256897307731,0.019934896690875958,0.01350228459786463,0.007904562634474551
0.33667981064708075,0.037307526644377864,0.03382801862437679,0.01528796030162596,0.01576927976389315,0.0028226249700025363
0.33675870391729645,0.018373664447759046,0.017609107402730643,0.0006039275902339396,0.010810562663668003,-0.005981890424524671
0.33683759718751216,0.0045324737895680945,-0.00487082003005636,-0.011771971481501308,-0.0032594151414332352,-0.007485497809620978
0.33691649045772787,0.00039174629180602964,-0.019339064193562912,-0.019809478481677426,-0.011565675886245881,-0.008962014900301555
0.3369953837279436,0.003122431676937421,-0.024546658550740102,-0.020508051367865848,-0.012992793080666927,-0.008668841181003029
0.3370742769981593,0.007001678513623453,-0.021990546432201906,-0.019591266064805657,-0.004256443174726755,-0.013157326801843575
0.33715317026837494,0.00987460753748513,-0.012162946950683654,-0.013872049054155271,0.002994915559493143,-0.012908766520771962
0.3372320635385906,0.012594316307059188,-0.006477130036853488,-0.009879675906006084,0.010134292586536973,-0.013978806756111961
0.3373109568088063,0.01499009449475362,-0.0005772775014443327,-0.008669328537993425,0.015622384230822762,-0.016291500133454952
0.337389850079022,0.015075792915819355,0.011658161807415487,-0.005648903892130368,0.022565454045217904,-0.01802504202088419
0.3374687433492377,0.011744587426613426,0.0258929029414884,0.0006777854306317017,0.025261805892149956,-0.014568656701369288
0.3375476366194534,0.0065089992988421,0.023502270769793727,-0.0011562772455419885,0.017036336936616665,-0.011116811638412296
0.3376265298896691,0.002177531758690042,0.016333378695005018,-0.0025095559830119163,0.004525800914278123,-0.004718060636144826
0.33770542315988483,0.00028496310627691143,-0.003304605280665058,-0.010701959507544252,-0.011154229417373604,-0.0019062952268116935
0.3377843164301005,3.5862981711811144e-05,-0.0142235220882946,-0.01648056563784748,-0.015171301021778086,-0.00413652243172091
0.33786320970031614,0.00078186662803728,-0.01805433508661548,-0.017988628777750412,-0.013755182718606897,-0.006192658619847939
0.33794210297053184,0.003403190593675271,-0.023204071131441805,-0.020587301483561127,-0.01366051850700291,-0.008333119432273932
0.33802099624074755,0.008411967781620266,-0.018815345632289513,-0.016931634890421182,-0.01187188260368516,-0.006471393242101382
0.33809988951096326,0.014976076377329565,-0.019703563121630525,-0.015956371220273047,-0.008610524302200068,-0.0076397840806188685
0.33817878278117897,0.021311454593829465,-0.009292972213123616,-0.006447600360067039,-0.005843893293575389,-0.0016722874711171108
0.3382576760513947,0.026372686801954863,-0.008355300464713136,-0.004351988177998952,-0.0058508510889708175,1.1463999724653622e-05
0.3383365693216104,0.030880688990770455,-0.006767655823055988,-0.001390363406834835,-0.010304874060322895,0.005049130648979654
0.33841546259182603,0.03507989052561131,-0.0038734761308277725,0.00014305799543924325,-0.010313530514806185,0.006283247451953176
0.3384943558620417,0.0367122219432409,0.001567280156854023,0.003527501619072143,-0.008986643104744478,0.008201915643344049
0.3385732491322574,0.033053600872947876,0.0035970739640823826,0.005220336132075624,-0.005783693818590242,0.007642853419799783
0.3386521424024731,0.025995537874512184,-0.004370976694536234,-0.00043888540148767917,-0.011980456134534375,0.006813946579342616
0.3387310356726888,0.02079299241519262,-0.011945969941133812,-0.006935011490627188,-0.013926898416900526,0.0027716825094593407
0.3388099289429045,0.020658669868126037,-0.011719512331795717,-0.008787276273345685,-0.01473850394868092,0.0017724232805924297
0.3388888222131202,0.02647490243491218,-0.002446645898293272,-0.0002643644238669179,-0.01687695542433976,0.009882938754143557
0.33896771548333593,0.03619540830349896,0.005183315640245926,0.006685686952444741,-0.015519785114194001,0.014640611182022416
0.3390466087535516,0.04512644064818182,0.014422639070816572,0.014828582290279316,-0.01645187663866575,0.021722860886704158
0.33912550202376723,0.050622528980320436,0.013059276017345203,0.015615784005395471,-0.01826843593204162,0.02344008564646734
0.33920439529398294,0.053289800402213025,0.01975984547802926,0.019670786790304578,-0.01861639026623262,0.02689698128311519
0.33928328856419865,0.05502935665482307,0.020145572586659798,0.01999241628155008,-0.012373050075357831,0.02342127663724681
0.33936218183441436,0.058277394948507255,0.024001060158624007,0.022166249297622283,-0.010855597069080408,0.02425597307864969
0.33944107510463006,0.0646319327516302,0.03740901362566212,0.028820574319853305,-0.006573465017848181,0.027029518121347382
0.33951996837484577,0.07087048397200552,0.045954917399006964,0.031402811710492355,-0.0010581870315395806,0.02580392344009443
0.3395988616450615,0.07095014303010874,0.05764763896966114,0.0364789185308357,-0.0034612100563403796,0.031309754267765104
0.33967775491527713,0.06467087347854975,0.05597292007909943,0.03458451199603736,-0.004497733864570282,0.03040997529826323
0.3397566481854928,0.05625285553522094,0.04501958428641795,0.028455869055667694,-0.007507137409238353,0.027295179998164436
0.3398355414557085,0.0471859282254667,0.02955327335314919,0.019562321676189605,-0.010599304083906764,0.022016061626398784
0.3399144347259242,0.03763362453199391,0.01565158461470509,0.009200048423764942,-0.011683366899188904,0.014360685719725685
0.3399933279961399,0.02977975015274384,0.011836007516810784,0.0038249941943037514,-0.010454407950001837,0.009318240447875036
0.3400722212663556,0.02708937891998311,0.012649698472399854,0.0030142373627708116,-0.009617934105637639,0.00816817975320067
0.3401511145365713,0.03286268029112938,0.020106958976252275,0.0054184177672455406,-0.0027789261542561644,0.006004507545239255
0.340230007806787,0.048610100046238745,0.04967503777402428,0.021809609261978214,0.005628968646589728,0.014115268802707897
0.3403089010770027,0.07070953102353,0.08696012285675322,0.04311852566446489,0.01395961950249402,0.026233169335242158
0.34038779434721833,0.09013926296784855,0.12723635235845032,0.06842233547863372,0.022843417432275536,0.041277841522975416
0.34046668761743404,0.09837584980233958,0.1420156340764479,0.07804938085592249,0.02954177616658633,0.04504797564943672
0.34054558088764975,0.09225339966054479,0.1327794481174751,0.07567818676010656,0.0215610804485939,0.04788605094363531
0.34062447415786545,0.07474981406287907,0.09363869280292368,0.05367780458672882,0.01348717628760053,0.03499641831073335
0.34070336742808116,0.05358685741806348,0.05404385437123488,0.029757759033863178,0.005333895180215495,0.020665115526390474
0.34078226069829687,0.03656981123350643,0.028704754636125405,0.014724815531410498,0.002407032500487375,0.010362067806338573
0.3408611539685126,0.02546250126564022,0.00835925671473771,-0.000787290341008311,0.0008052319083384103,-0.0011125575825980684
0.3409400472387282,0.016190928558773087,-0.0018015317838984146,-0.0070043424168023906,-0.0006741248447616443,-0.005210382651800097
0.3410189405089439,0.0071276029155672715,-0.01663582226089354,-0.017640139798133943,-0.004869685115907457,-0.011226492619527113
0.3410978337791596,0.001280790196209531,-0.015193161455885357,-0.018432209300150965,-0.005375858224437769,-0.011558825639577462
0.3411767270493753,0.0004165253662413212,-0.0034145195360522585,-0.014015207470679775,0.0023678283889324568,-0.012648520416812295
0.341255620319591,0.00206753831198312,0.009801668191324492,-0.007052485060661193,0.004866677649760929,-0.00856270621585489
0.3413345135898067,0.002895218603480227,0.01684400256790137,-0.002018475694196454,0.00463041665457553,-0.004387068752843016
0.3414134068600224,0.003903601886508095,0.016903601587783465,-0.00014876287344643325,-0.0019329633834251705,0.0010368579699028368
0.3414923001302381,0.009304260177095453,0.012338230046697577,-0.0015523328159477864,-0.004798771259056329,0.0016260084738367504
0.3415711934004538,0.020599888341111965,0.013316278125390102,0.0036291476518550926,-0.0034787922333934353,0.0049891195756323415
0.34165008667066943,0.03298112140089077,0.01026319828105828,0.0048168426307471915,-0.006465452160157162,0.007727245696640187
0.34172897994088514,0.03787610104533656,0.011107942124210166,0.007514810863564827,-0.009384113060617191,0.011635013700758359
0.34180787321110084,0.032437307146238006,0.013037515806905544,0.008597182577276274,-0.009557718819545013,0.012606225545747975
0.34188676648131655,0.022771984892273667,0.013992977328414428,0.004850219243582843,-0.008611706753252332,0.009037677389966792
0.34196565975153226,0.016264036371545162,0.014605880922744539,0.004726880153537954,-0.003215930274849013,0.005711654004305535
0.34204455302174797,0.016577979328895733,0.009222629939323495,0.00012948752367642608,-0.000401151787069162,0.0003436989457140228
0.3421234462919637,0.025010630243093336,0.017948466305760063,0.006577902679310499,0.00021906310373407813,0.0051407649657428086
0.3422023395621793,0.0423859407880434,0.037322438368148025,0.02309209908155162,-0.0006249415632107159,0.018882074585868644
0.342281232832395,0.06794744909326283,0.06877518616844547,0.04705634686678059,0.0031699440197290327,0.0358355013755516
0.3423601261026107,0.09636491074974536,0.10127921300261922,0.0722462695784545,0.008182918054349484,0.05308485593908609
0.3424390193728264,0.11477591658398413,0.11224067206565842,0.08237250776835775,0.00836140389011203,0.06112779287073849
0.3425179126430421,0.1087490502881072,0.10127571070670514,0.0711958955289961,0.0058061691018424086,0.053654700462633084
0.3425968059132578,0.07905711205002558,0.07207140686320582,0.04740468271748555,-0.00113397132949555,0.038683620743152056
0.3426756991834735,0.0433692773158769,0.03876993925014801,0.022913691709874482,-0.005371103510580349,0.021576246977133045
0.3427545924536892,0.020113249532940778,0.021543075988859815,0.01073201323610614,-0.013620441247189984,0.016746877767474917
0.3428334857239049,0.016433525623120858,0.017279759144740187,0.005206839426817019,-0.013579030808065027,0.012294623920051722
0.3429123789941205,0.03036054785986982,0.026662757568073892,0.00966450092866195,-0.01509995536261299,0.016776430943147222
0.34299127226433623,0.05925361863620388,0.060804915106789016,0.03501895141749709,-0.008092175613610007,0.032905582114653525
0.34307016553455194,0.1013580877325109,0.11338831895774462,0.07337871294935384,0.0064284642033644625,0.055039769230756666
0.34314905880476765,0.15194841186970792,0.18808916183160707,0.12453348979502436,0.02701584965120023,0.08416142997568608
0.34322795207498336,0.19586943307924587,0.25330648971901176,0.16265366072377932,0.047910651835989165,0.10302810867294343
0.34330684534519906,0.2068310432178993,0.28557801891006734,0.17596149962057858,0.0531860182281129,0.11091577226561306
0.34338573861541477,0.173150863947522,0.2477261778823503,0.14663007493559882,0.04801016595161668,0.08982317184588624
0.3434646318856304,0.11537497684618957,0.17057398380647337,0.0971611625127074,0.032593940715908064,0.058674138648663166
0.3435435251558461,0.061772204307507086,0.09175290500516527,0.046661387997128066,0.01406596405101988,0.029014660752358704
0.3436224184260618,0.027095643627496984,0.038848889037739316,0.013988449222355693,0.00048305677088746437,0.010922318682090646
0.3437013116962775,0.011661474295714094,0.01680858662458824,-0.0005853208025341252,-0.007024695033653922,0.0037323487188182063
0.3437802049664932,0.01023716454910941,0.007649937147998557,-0.005583282581274848,-0.008045883670740083,0.00033745999174941276
0.3438590982367089,0.018934422375894055,0.002849907621471673,-0.004475131738710374,-0.004747783096832181,-0.0007469687722000576
0.3439379915069246,0.0345830625089229,0.01827312752273422,0.006926556209778166,0.003842903235134696,0.0032529097355512094
0.3440168847771403,0.05011560561421482,0.05105732185273685,0.0271639486806816,0.0192597916772361,0.01026041308711507
0.34409577804735597,0.05346376007091,0.07406390423126893,0.03621872912777788,0.03039628910771921,0.010870645247370041
0.3441746713175716,0.039646664995793564,0.0815816053119473,0.037237400695319944,0.027142652793917955,0.013634027516193999
0.34425356458778733,0.01953529705757679,0.058212569648143316,0.01980330846917095,0.012183292857007703,0.00858775979966576
0.34433245785800304,0.005505770261882638,0.02842406077332773,0.003421621487057402,-0.0012402132467898425,0.003483947466987595
0.34441135112821875,0.0005466936611635796,0.0024162560750200755,-0.009496581947352324,-0.012288470322220049,-0.0002616500072996253
0.34449024439843445,0.0004577090391405582,-0.011070741027141567,-0.014386311744710011,-0.013269548464266487,-0.003594786551468579
0.34456913766865016,0.0006214046537011225,-0.012769553186926576,-0.013266478656265962,-0.013553790731573666,-0.002526988885185823
0.34464803093886587,0.0006875646920948273,-0.01018744450281042,-0.010652841961708117,-0.013892395934659177,-0.00022916997190434177
0.3447269242090815,0.0024198884775202285,0.0022201947373596425,-0.0028875493780838673,-0.011343923264217747,0.004470711131136872
0.34480581747929717,0.00552809321931007,0.009980605684890027,1.2002770125778717e-06,-0.004075750886110901,0.0024386276186419012
0.3448847107495129,0.007883117000568481,0.012791688528998306,0.0007870293475498439,0.007566040675723133,-0.0038944805609383293
0.3449636040197286,0.010125272784991706,0.018857483214520947,0.004092311552579656,0.00750079422651776,-0.001206424579358862
0.3450424972899443,0.015916043633402432,0.01847690874689365,0.004710126737772269,0.0013797253016709663,0.0029496796593331685
0.34512139056016,0.02682911950863412,0.0260323800978444,0.013798962117435865,-0.005167575574788054,0.014149404846907888
0.3452002838303757,0.03886632785054043,0.03236370767356189,0.020540762010577328,-0.006244558466780803,0.020196545995321433
0.3452791771005914,0.04249057496209965,0.026898363532327173,0.01723837715086257,-0.005622163512756513,0.017177707351457384
0.34535807037080707,0.032087330025491426,0.014680621145728549,0.008746676637116027,-0.0077920156553194,0.011669990095661517
0.3454369636410227,0.014515424335277407,-0.00658015707730881,-0.009405106767755838,-0.009701486048479946,-0.0017356294886458447
0.34551585691123843,0.0018758549117556971,-0.016283521664963323,-0.019349892941599695,-0.012694737587914263,-0.007918350177285009
0.34559475018145414,0.0013853032510164457,-0.017511938924995123,-0.021079215247525502,-0.012618162344599431,-0.009350878183106042
0.34567364345166984,0.011459835689393974,-0.004067650535856924,-0.01190640891587299,-0.008311797883335751,-0.00457177968700716
0.34575253672188555,0.026924634738802883,0.017941826183644427,0.005074268704432521,-0.008825899667540538,0.00934534010187432
0.34583142999210126,0.045185110246507974,0.0382559579077611,0.019059754366627737,-0.008916510334211963,0.020607149420232895
0.34591032326231697,0.06440333974581086,0.06680742539511053,0.03821887322988151,-0.0017392601081053167,0.031676570332126515
0.3459892165325326,0.08149189981771686,0.09612251941228729,0.0563336922295329,0.011136796576933485,0.03853237935463945
0.34606810980274827,0.09032290540083014,0.131516546047116,0.07485634572355637,0.025486083813906428,0.04488743051872843
0.346147003072964,0.08419584680811802,0.14305369381842312,0.07476778474390705,0.02647128675474209,0.04422950158499798
0.3462258963431797,0.06476321845691606,0.1226412396238243,0.05528195781293054,0.017599249357336418,0.03383253472786228
0.3463047896133954,0.0418632946224531,0.08312919018594815,0.031945581493148516,0.002676744183422346,0.024007503742599745
0.3463836828836111,0.025450659522962965,0.042279667743018355,0.012232550911353456,-0.006923599702158979,0.013944175191855859
0.3464625761538268,0.01965107269803991,0.015377926754416574,0.0030196715717195313,-0.015718049123420747,0.011821462103048685
0.3465414694240425,0.021782147982498473,0.004378765158299899,0.003294863617970735,-0.019785049447461983,0.01447511461726214
0.34662036269425817,0.026829032922843506,0.0021046426040525015,0.0017978600162992175,-0.01733291627573788,0.011808402293855812
0.3466992559644738,0.03139236890869402,0.0032338480151691018,0.0009349260851847146,-0.012335007195840627,0.008127033910337743
0.3467781492346895,0.033684789333880714,0.006716515087576394,0.0011639799124516846,-0.002082082236064651,0.0021781160210669953
0.34685704250490523,0.032605711484160194,0.018930205012241668,0.0059067629593171425,0.004392558652912421,0.002106832071054471
0.34693593577512094,0.028827038994930103,0.027175458371128183,0.005790242100481259,0.007735236318079665,1.4217303805062597e-05
0.34701482904533665,0.024970880120723318,0.030250994172268265,0.004566619819034053,0.004638796337335475,0.0008854769445948425
0.34709372231555236,0.02339837634005567,0.028499292661916257,0.006380347768973094,-0.008143170118164903,0.009983670588702687
0.34717261558576806,0.025373032571788297,0.01978343560677452,0.00780886777695597,-0.021154097725209438,0.0189112982427585
0.3472515088559837,0.028819394896774316,0.01665583258518752,0.011912017669475796,-0.028244184444224846,0.026441119357890463
0.34733040212619937,0.02898363580407258,0.010152032630494818,0.010250752636861876,-0.026402206501308336,0.024007966284406556
0.3474092953964151,0.02401962492457413,-0.004661878293548182,-0.0007446127246867527,-0.020299720231607764,0.011545847572656072
0.3474881886666308,0.016218941333909706,-0.017120089096309788,-0.011743110626934223,-0.01683649220395712,0.0006578302613539097
0.3475670819368465,0.00890149456092067,-0.019732625989273774,-0.01691932948681743,-0.0167091865417857,-0.0035685545101339852
0.3476459752070622,0.0035570704235146915,-0.01505967178190675,-0.016956147507027435,-0.013174727943379025,-0.0057119143354099925
0.3477248684772779,0.0014395350013170305,-0.008685135483397154,-0.013651135104789634,-0.00797163098457959,-0.006173818745000404
0.3478037617474936,0.004903830292548103,-0.013330153872229057,-0.014680091562978698,-0.008560004493952899,-0.006646824876637551
0.34788265501770926,0.015601879091590052,-0.011919704228064659,-0.008566353639169128,-0.013285311140779167,0.0010802671892160129
0.3479615482879249,0.03193257625329219,-0.006603020167295501,-0.00010947256968022031,-0.01761883253667882,0.01045090739774949
0.3480404415581406,0.04569204693104826,0.00121967319807964,0.008712148376897046,-0.01973969305095459,0.01878884738569289
0.34811933482835633,0.04691836537639341,0.004005903302255363,0.010953481461518226,-0.01866939236762433,0.019944415546445014
0.34819822809857204,0.03631881461651582,-0.008813389689855395,-0.0008027571328389938,-0.013595628053143799,0.007488492463377493
0.34827712136878775,0.022371716547677847,-0.01746388511082607,-0.009292292985175624,-0.015064433781678748,0.0015625574150693045
0.34835601463900345,0.011456506989616236,-0.024894577982872142,-0.017890552306819078,-0.01712369658395318,-0.004099455019534326
0.34843490790921916,0.005214358901878652,-0.02490459498788966,-0.02053061855434052,-0.017048279800488217,-0.00626178698941374
0.3485138011794348,0.0023256113320332472,-0.01652061926303692,-0.015368823562035696,-0.018209664206296716,-0.0014277880811134132
0.34859269444965046,0.0012194103505209857,-0.016379696482430064,-0.015613584108216033,-0.014900317269696586,-0.0036034354646078165
0.34867158771986617,0.0014046644650366645,-0.013784391304099902,-0.014426376747774805,-0.01452267368468069,-0.0028774265526029987
0.3487504809900819,0.002660749815884034,-0.010948107204240689,-0.011723371132113544,-0.013872108653952104,-0.0010995034312851165
0.3488293742602976,0.003900019836945426,-0.01294290501191707,-0.014642369780447377,-0.013836412755568264,-0.0034610476388770416
0.3489082675305133,0.0046293594191136956,-0.008162017039729717,-0.015405009500696966,-0.010735194441306226,-0.005927182543290788
0.348987160800729,0.00686103954168189,0.009159018773072567,-0.006778700724675739,-0.00907475358210818,-5.298309961996712e-06
0.3490660540709447,0.010989944994702464,0.03152261152275067,0.0051640973671899,-0.008601294750947924,0.009282988726778529
0.34914494734116036,0.013709100553431263,0.03616250692843077,0.006779928917056617,-0.005483998615140311,0.008713479749428285
0.349223840611376,0.013089608050303316,0.02400260737594361,0.0022767552799442866,-0.00995517886655,0.0077788786759672365
0.3493027338815917,0.009965298860965414,0.005541084798537314,-0.005544807043134783,-0.012667595552399697,0.0031327067337824153
0.34938162715180743,0.005972735114864921,-0.009241469222399504,-0.01368460784394451,-0.01130108726738237,-0.0042095016344065265
0.34946052042202314,0.002709508648629762,-0.01358108385227304,-0.015827175958603213,-0.010695684876880105,-0.006289271866445018
0.34953941369223884,0.0007077588578478147,-0.018573193557882815,-0.019802108952289708,-0.010773608625492623,-0.009429718705685443
0.34961830696245455,6.745037630774171e-05,-0.02415474404251816,-0.022596928249345154,-0.011358232314565777,-0.011321308541884215
0.34969720023267026,0.0029316950613922916,-0.021670278741538554,-0.019305266389993293,-0.010314848512037183,-0.00930564747581085
0.3497760935028859,0.01189747244350739,-0.01342916150971885,-0.014234290739126987,-0.011112535003575275,-0.004762942720581707
0.34985498677310156,0.025843137876106224,0.005414588137173638,-0.0013962625097888959,-0.011736547171021513,0.005900767613452357
0.34993388004331727,0.038182209872891316,0.02587591703825652,0.013722488737951871,-0.013639517898668045,0.019154550833951307
0.350012773313533,0.040901699170904325,0.026260902278084104,0.015072894565787157,-0.009865698531323804,0.017979774817241067
0.3500916665837487,0.032082812536392176,0.014159502213386143,0.008538883299807726,-0.009087482002073233,0.012278262473975345
0.3501705598539644,0.017421348035184307,-0.0036142561441985534,-0.004430154010699595,-0.008892152640879458,0.001767846789494603
0.3502494531241801,0.005292924119241327,-0.01428090967684977,-0.013373392746700265,-0.00532066548373168,-0.007536487855884351
0.3503283463943958,0.001210461312473637,-0.019796489610379314,-0.019233634040568104,-0.0065575536290222005,-0.01149479097549125
0.3504072396646114,0.004934136810557242,-0.020615205802503502,-0.01983108255274644,-0.010372885004925185,-0.00969255837493117
0.3504861329348271,0.014178796110873198,-0.01356939097133822,-0.011216287923829263,-0.014929521998451965,-6.050750787016899e-05
0.3505650262050428,0.027432936973952337,-0.007414174615233755,-0.0013757063347660838,-0.018025793747826424,0.009679572787288995
0.3506439194752585,0.04262943079041458,0.0038166900643358073,0.010995202131764442,-0.01756034812847614,0.01931441945169606
0.35072281274547423,0.055733631539987595,0.01193063804111781,0.016861055581610922,-0.011645414290060982,0.020476962505251713
0.35080170601568994,0.060605843087609905,0.016288538378670864,0.018098289668185656,-0.005224382801083905,0.017629047677368254
0.35088059928590565,0.05529145125240595,0.012178660541962455,0.014486841727474185,-0.011714334827346245,0.01861566749771287
0.35095949255612136,0.04553165474645639,0.0014854528985573689,0.006224281817361136,-0.016211595538217303,0.01468471848091503
0.35103838582633695,0.03835491963720221,-0.0033455028993196723,0.0031046380121733676,-0.016070034620569794,0.012100118027227961
0.35111727909655266,0.0368573635664619,-0.0030923046436782827,0.0018752878648072794,-0.009657689472163746,0.007279200049889161
0.35119617236676837,0.04054055046010207,0.0017617661401134325,0.005530605245736178,-0.012463577206309988,0.011886852338441735
0.3512750656369841,0.04716969834593729,0.007066780461582625,0.0125742109473496,-0.017927370263698526,0.020799129595005066
0.3513539589071998,0.05403093015644449,0.011049759059735821,0.014637829833667055,-0.016277711376480906,0.02146585402246642
0.3514328521774155,0.05846796768350125,0.01624673595306649,0.017073426995769983,-0.007039734307508013,0.017893124850191774
0.3515117454476312,0.056296525014595526,0.008767132375579476,0.011541148737865705,0.003091144654813285,0.007401114476364175
0.3515906387178469,0.04251256871797099,-0.004012478813674778,0.0009018471802981817,0.005455498556979052,-0.0025401222039744737
0.3516695319880625,0.021538277703338347,-0.018030925683442715,-0.01100397715529823,-0.0025801715052785243,-0.007276131477924374
0.3517484252582782,0.006986249814768151,-0.021968820368931132,-0.01622900528303403,-0.012276225422889978,-0.005666234903611393
0.3518273185284939,0.006776014961351862,-0.010476268269913814,-0.011710214839737675,-0.022038740212583858,0.0037963967398556737
0.3519062117987096,0.017770505849548573,0.014268384868761542,0.004381427333901997,-0.019909543854393738,0.0154203048923758
0.35198510506892533,0.030409400104799412,0.03558465997262094,0.021101731895319525,-0.016006950706098613,0.02648300386437158
0.35206399833914104,0.03752352035210819,0.04375177924226612,0.027450466248337378,-0.017251527096409,0.03231379528798249
0.35214289160935675,0.03808563503333501,0.037661790775054015,0.02297174802721117,-0.017690776745055776,0.02898810932450883
0.35222178487957245,0.0343252540352624,0.02545996419521482,0.01346672956215683,-0.011556782281940585,0.017704004006854162
0.35230067814978805,0.02880767671636971,0.01302978132343165,0.0037989765228626407,-0.003516937199863912,0.005148038098242017
0.35237957142000376,0.019800538182413438,-0.001359209638743017,-0.006531927995800418,-0.0011153368955253463,-0.00456789053369108
0.35245846469021946,0.008206413142946888,-0.016927136140719314,-0.017648530310187732,-0.005334376510226021,-0.010955367202894828
0.35253735796043517,0.0021682167470174415,-0.02491627036125535,-0.02255135836862182,-0.009829810057250206,-0.012198565560966932
0.3526162512306509,0.006883797435989502,-0.012842061871634138,-0.013198183999919249,-0.015158674609281018,-0.0015123291987346418
0.3526951445008666,0.02022410418554451,0.004715430538193878,-0.0004520895368749275,-0.009373140407262809,0.005243790746017548
0.3527740377710823,0.03225726294833248,0.018801558063604208,0.006703905609981197,-0.0009792739748341337,0.005958428786784111
0.352852931041298,0.03206961616109833,0.028061258461443462,0.010160777868089456,0.00486858710376195,0.005231739248404144
0.3529318243115136,0.020604772802208213,0.015531054359050726,-4.7016268872907064e-05,0.008000580309818692,-0.00482281980017587
0.3530107175817293,0.00771272923828352,0.004518848899340456,-0.007292820881863937,0.01023882272166531,-0.011968325282286599
0.353089610851945,0.0019471589523039408,-0.002533871471843448,-0.014150137391526213,0.011680831175632055,-0.018325822297825894
0.3531685041221607,0.0037544868630116834,-0.0008290994008709725,-0.014489455099871753,0.011471724433889672,-0.018472672537783688
0.3532473973923764,0.008114268566292503,0.00671883962184111,-0.008669231944203897,0.0033198793647507925,-0.008933324078475628
0.35332629066259214,0.01270093650437058,0.004739992198690533,-0.004383502959419365,-0.006000538566076634,7.573360939302576e-05
0.35340518393280784,0.0174552758678519,-0.0031059441441029343,-0.0035420435053502004,-0.016590252465352395,0.007084485197817608
0.35348407720302355,0.02167513159896341,-0.005049604864929676,-0.0021422067706194205,-0.020024247056022463,0.010260918856820882
0.35356297047323915,0.022251867140996872,-0.0018275961778846405,-0.0006886258919898362,-0.01572085833606863,0.008851297980405431
0.35364186374345485,0.0165954472375054,-0.0016958536017666764,-0.003626750587371931,-0.013900635868405828,0.00540761904183807
0.35372075701367056,0.011150082905243382,-0.009996205917930443,-0.011048570618124198,-0.015661938756353654,0.0005120496450900378
0.35379965028388627,0.015194571614915947,-0.009127958664110706,-0.009505794365397856,-0.011664729147176553,-0.0006421092778531943
0.353878543554102,0.02823571875707342,0.0018852209675549723,0.0013671213362060099,-0.011213729169211883,0.0078026910501720285
0.3539574368243177,0.04285973238165959,0.014808353639245684,0.012646202754770191,-0.008294513169222759,0.015095511632394466
0.3540363300945334,0.05422164184939385,0.02716747711989303,0.022441046630384574,-0.010658447435393828,0.02435831971400802
0.3541152233647491,0.06040114422098767,0.028480095871071216,0.025409060788757896,-0.007083572413475194,0.024599956295256152
0.3541941166349647,0.060087510719384486,0.021601801863920734,0.021493502745029227,-0.005970836961967045,0.020796498003745795
0.3542730099051804,0.05375097696486404,0.014854878948654943,0.013711458183843474,-0.003706289020829482,0.01320544720506995
0.3543519031753961,0.0418946845589216,0.005047833997708989,0.0033198921134812488,0.0006884347247553056,0.0022489314458482754
0.3544307964456118,0.02477839855191303,-0.005219708221585287,-0.007203027204460763,0.0032645028231991593,-0.007725148205135763
0.3545096897158275,0.010283342805385216,-0.021703854417041007,-0.02122690157196394,-0.004396080312786353,-0.01438515136145819
0.35458858298604323,0.008811688337826017,-0.021180028719432642,-0.01689336440452172,-0.018781670483647362,-0.0023081366385851094
0.35466747625625894,0.021444042560575406,-0.005585450286478654,-0.002854483087334672,-0.026789297095982493,0.013738276983530633
0.35474636952647465,0.03894592244476738,0.02117939756097826,0.017178717806584233,-0.019213462679317176,0.025257516450083332
0.35482526279669024,0.05019209092607291,0.037092124358189565,0.026968541904590915,-0.01502962866153757,0.030599443440720606
0.35490415606690595,0.05092720672753256,0.04210102624200185,0.030553378276311716,-0.011226192836347577,0.031198881775783026
0.35498304933712166,0.04258663112735771,0.03306129363095343,0.023558256741544412,-0.012470825139421245,0.026337112277659083
0.35506194260733737,0.029698179004388682,0.015953832423226247,0.009412040638070385,-0.00962169673196086,0.013297487902715798
0.3551408358775531,0.017185031546163448,0.00381061061411046,-0.0030015401053633496,-0.008894905953012006,0.0029144892831289614
0.3552197291477688,0.006356924119043091,-0.005828873103416718,-0.013202774716335172,-0.0013730372695989416,-0.009760388806099796
0.3552986224179845,0.000379159298088782,-0.0123192995954798,-0.015074891551388973,-0.003021605668744875,-0.010275185853066677
0.3553775156882002,0.003978523722446138,-0.01396867382846362,-0.010840055334111224,-0.018177369567521685,0.002183929132964359
0.3554564089584158,0.01652136152860232,-0.006906380876973936,-0.003857891408111055,-0.021426901968775523,0.009725061292788701
0.3555353022286315,0.030267497374090253,0.007804787656330582,0.003957282235060729,-0.017501446496070105,0.013639718796347584
0.3556141954988472,0.03571815309980831,0.024266389167506515,0.012173107534196254,-0.007889897249583791,0.014474410217216665
0.3556930887690629,0.03059754210918891,0.02963569800588269,0.012031315968736064,0.0003842776934683402,0.009412724097524352
0.3557719820392786,0.01962881034861233,0.020430657999875028,0.0019480111134652946,0.000598085742108869,0.001203492324784711
0.35585087530949433,0.008978469398767251,0.009167461064808707,-0.006034017039332741,-0.0009497499371579712,-0.004267868678261343
0.35592976857971004,0.00282899369841959,0.00027059524045550647,-0.012705439651747528,-0.0019361034245332796,-0.009025051199333634
0.35600866184992574,0.001533968751962297,-0.003372164251815772,-0.015514196519212478,0.00012776097707034833,-0.012510493250421893
0.35608755512014134,0.0034190440727530935,-0.0019424021004947815,-0.012102102604507855,-0.0012110805017576428,-0.008975028699611498
0.35616644839035705,0.007438963082644329,-0.0004942253149142949,-0.008088334278538832,-0.00607611968453028,-0.0028484509955505914
0.35624534166057276,0.012303680165996528,-0.007631010862471987,-0.008867696293482608,-0.01539555134307363,0.0021009906102327247
0.35632423493078846,0.01491588913358524,-0.013392240721817508,-0.010059888425841351,-0.01628529741797404,0.001677522995840424
0.35640312820100417,0.012363913549068559,-0.020745819202103593,-0.014560593148405972,-0.01585539272847999,-0.0021879223152337325
0.3564820214712199,0.006798879791305104,-0.025510764072049403,-0.0186453325362238,-0.012467981100570026,-0.007488989838301648
0.3565609147414356,0.004069634045877431,-0.027186674503468414,-0.022160329243048043,-0.014084394054290305,-0.009341174401497449
0.3566398080116513,0.00815093910649231,-0.018382602382312672,-0.015186262865021026,-0.012286030706812424,-0.004824346488580885
0.3567187012818669,0.017310464155078028,-0.01393215937278317,-0.010004245460683675,-0.01081912479173489,-0.00154743059373434
0.3567975945520826,0.025428197177671932,-0.007305076225873191,-0.0030898654285240966,-0.01312691072378087,0.0053750902337966954
0.3568764878222983,0.028697766599921744,-0.007192971945815167,-0.00408330891893439,-0.012533890712962768,0.0042241292352088785
0.356955381092514,0.027070526678966967,-0.004453893422890768,-0.0025069179960646214,-0.01337863843444735,0.005992886363296196
0.3570342743627297,0.022691525717845246,-0.00941641656413587,-0.0062913259086195,-0.01244172816890873,0.002399246150910309
0.3571131676329454,0.017792617125607996,-0.013699287015804348,-0.009527273157615075,-0.009922358628284098,-0.0017014518889743062
0.35719206090316113,0.01325769641421341,-0.013056962907553931,-0.01047369637129674,-0.013523736605644595,-0.00030606917671700606
0.35727095417337684,0.010877797380700932,-0.0156480101863074,-0.015366605212874591,-0.012532607675607729,-0.004821469325442056
0.35734984744359244,0.012367526853379482,-0.00891228376086729,-0.0095992540657172,-0.013485863219051857,0.0003722525056577135
0.35742874071380815,0.017683001483551432,-0.005516419694628668,-0.004494310481994951,-0.01684291701713005,0.006472390650943569
0.35750763398402385,0.024636496251247208,0.000754108779249816,0.0035970926182223324,-0.01492439592451935,0.011809416983632132
0.35758652725423956,0.028333883640980047,0.008759255381761779,0.008297390347733212,-0.01574071756803432,0.016064249941337823
0.35766542052445527,0.02559359045465303,0.0017107436156230573,0.0003798823178546962,-0.018520112120122327,0.011382298554771395
0.357744313794671,0.018281818896101257,-0.001166120602126357,-0.0015403624894106775,-0.01752222234889269,0.009246337403334828
0.3578232070648867,0.010500319993285363,-0.010190782409317109,-0.009851112317155141,-0.019828658424391254,0.003964633146303071
0.3579021003351024,0.005151582146823256,-0.01923761504575701,-0.01720348575137546,-0.0181868675380198,-0.00291259816970527
0.357980993605318,0.002371742542375326,-0.020909726233378254,-0.01878221594804809,-0.01386883328217466,-0.006761042628120826
0.3580598868755337,0.0016643909107197973,-0.020101479662199117,-0.018896600430342265,-0.015613039216590081,-0.00580969065078863
0.3581387801457494,0.00328532033223886,-0.019832863173438745,-0.0186523853721803,-0.014259108578428874,-0.006423543946757245
0.3582176734159651,0.007163463417529094,-0.01417043098240442,-0.012859683285636189,-0.015618036893468178,-0.0009661818696534598
0.3582965666861808,0.011240849487715154,-0.011833324592748086,-0.007583720423232359,-0.01682120579484189,0.00398306644474043
0.3583754599563965,0.011763981980675792,-0.01007912269122109,-0.007673887115591261,-0.017390206978716863,0.004251182300420068
0.35845435322661223,0.008882442290152044,-0.009305565741988708,-0.010300699448243002,-0.013593035393558571,-0.00012593854680934574
0.35853324649682794,0.007612691702818741,-0.0031100701807079832,-0.009928407168617773,-0.016925310484857875,0.0021657803859383615
0.35861213976704354,0.010053871996499411,0.00554123874139989,-0.006009007497035448,-0.012316624031513642,0.0025507010694007255
0.35869103303725924,0.013471817491746235,0.012535756035108597,0.0024632122802859175,-0.01493721703050454,0.010908421416119226
0.35876992630747495,0.015564696188498034,0.012528121278862785,0.0032759530534432505,-0.021904381807710753,0.015728014909159968
0.35884881957769066,0.016099587097408625,0.014014801839802006,0.0052906276309263485,-0.018153557603302478,0.0150983039482241
0.35892771284790637,0.015661661740184518,0.015836840225213398,0.006259840285752409,-0.01120044626193446,0.01171570011259565
0.3590066061181221,0.014552412012179786,0.018821884793310355,0.007796755511235763,-0.009606699474167946,0.01199408480725445
0.3590854993883378,0.011906072462833556,0.017856826239544068,0.00938705529225626,-0.005675042499481434,0.010917104937428685
0.3591643926585535,0.007764401976032103,0.004171629604336453,0.004295770703217646,-0.014156470163574183,0.011909943363610835
0.3592432859287691,0.005658128888253475,-0.008522539993881228,-0.0026293860924208306,-0.022659478404724345,0.011447243742292437
0.3593221791989848,0.009615444939143004,-0.017467713542073725,-0.01065225872976582,-0.020054175289409084,0.003457272955529849
0.3594010724692005,0.018661358752411098,-0.01249590362367517,-0.006641808524158678,-0.01967569238504836,0.006445814177047956
0.3594799657394162,0.026695539281657923,0.00150443496458515,0.0062675708428240025,-0.020295906561927174,0.017162847066522574
0.3595588590096319,0.02871941577142341,0.005375537368997198,0.010577289593135782,-0.0170273027289005,0.01866070615902743
0.3596377522798476,0.02448699768932561,-0.0015850364595205802,0.004126162010732231,-0.015182319961183776,0.012387685748208099
0.35971664555006333,0.01668057590649373,-0.01219935487286294,-0.0057316859442547675,-0.013439401387365765,0.0034445905056583567
0.35979553882027904,0.009017944082087882,-0.01868559641048165,-0.015857997647206575,-0.008417929417351934,-0.007676088497183493
0.35987443209049463,0.0044160668983739566,-0.020109689213740685,-0.016966817877474408,-0.001972277435994025,-0.012419170753343737
0.35995332536071034,0.004626225470013335,-0.02057570833272345,-0.017402467292557313,-0.007420888423815515,-0.00951049188389709
0.36003221863092605,0.012217275215865896,-0.01232386430768821,-0.009890496913732475,-0.0042937709586170535,-0.005358866929825019
0.36011111190114176,0.0285680224899521,-0.006968741391418889,-0.005171185800792407,-0.0074458815316927884,0.00030888590882705924
0.36019000517135746,0.04900366061970066,0.014637998993244396,0.011569316279162285,-0.004629435969450068,0.012040693935647847
0.36026889844157317,0.06121982429852963,0.02913619800906811,0.02282513256730885,0.0010146717077577742,0.01768792373510275
0.3603477917117889,0.057276662477950935,0.026434051308017514,0.02194518688723663,0.0018542865784814608,0.01648056289461975
0.3604266849820046,0.04224361748744482,0.021154357301883114,0.019221426761271657,-0.00027817256516538485,0.015571984212353224
0.3605055782522202,0.025185772654028733,0.007240755206683319,0.00791571533607101,-0.014727127809098938,0.0151521052843005
0.3605844715224359,0.012649716212246835,-0.002932370135503674,0.0007377320139876057,-0.01687873471752163,0.010687101793239935
0.3606633647926516,0.007192895113970624,-0.010704036438508969,-0.006993445743374279,-0.018488002594883136,0.005453376954309623
0.3607422580628673,0.008099355579938843,-0.010372418834054249,-0.007918367612067479,-0.014894210452717507,0.002562078934570434
0.360821151333083,0.013995636405646548,-0.009144833595862885,-0.006067226044048552,-0.015111304741030295,0.004175757116864779
0.3609000446032987,0.023338753659791822,0.00802980399365316,0.00935581503425701,-0.012957756108948296,0.015247741643689907
0.3609789378735144,0.03242169179118908,0.009903187960549535,0.009140355178884698,-0.008882438918812664,0.012637631742579966
0.36105783114373013,0.03435481912466764,0.01003505944126603,0.007664446584458281,-0.001934490716223509,0.00729952072307397
0.36113672441394573,0.025793486534711394,0.0034148287093397566,0.0026625054756763853,0.0013770628065432103,0.0013102200102782379
0.36121561768416144,0.012417439196091173,-0.008278861750872989,-0.0060159709078318,-0.004354879870928107,-0.0022168945168323313
0.36129451095437715,0.002725961688599698,-0.017282472202580706,-0.015863453864335315,-0.011166286431674772,-0.00603692751012854
0.36137340422459285,0.0014143396793883712,-0.009258304661123075,-0.012619852107312753,-0.01687123799691474,-2.4289904934319364e-05
0.36145229749480856,0.006714825963409149,0.0047116322961993,-0.004522210200993732,-0.01721511598499955,0.006672695271765891
0.36153119076502427,0.013006743618954446,0.012125900489020567,0.0007257145698684386,-0.018577102596830465,0.011693548338235491
0.36161008403524,0.017227987161818656,0.017635121857989107,0.005679637227892364,-0.01630098615230915,0.014301754507973684
0.3616889773054557,0.019162441380036192,0.01994190076380694,0.0063654356366235265,-0.017071382858654064,0.015312167541077969
0.3617678705756713,0.0196880381980827,0.02395950213486226,0.0081623125669418,-0.005728687289364759,0.00996767157742605
0.361846763845887,0.017225022161876352,0.020301649675602423,0.003327395020000276,-0.00030151395119635286,0.002847013559644489
0.3619256571161027,0.009420289469134932,0.01751544951296254,0.0005298346698058853,0.010725877507347329,-0.005990616348961423
0.3620045503863184,0.0014951514725918549,-0.004440585175665503,-0.013330735623115314,-0.005262328751768221,-0.0075371800069164935
0.3620834436565341,0.0009435260187441255,-0.016269990635361987,-0.015650235929372692,-0.009892468229500479,-0.006627750495037398
0.3621623369267498,0.009063630055724997,-0.01768933155624569,-0.013895574359497521,-0.016534932781514036,-0.0012482694660793017
0.3622412301969655,0.01922788190554433,-0.0009937163994303679,0.0014879589874910624,-0.005614303798059153,0.004550363728134344
0.36232012346718123,0.022697004887002572,0.0027782603762238176,0.0011936404977591997,-0.008282694782373552,0.005910491262266097
0.36239901673739683,0.017916593620861492,0.006347518864684628,0.003836870993323235,0.000776275113451067,0.0026107233718183093
0.36247791000761254,0.009669390316203192,-0.011154202031290117,-0.010393643029248719,-0.01087955636215347,-0.0018234275676846318
0.36255680327782824,0.004154091122199403,-0.013977111053233798,-0.01404257086159101,-0.0027595216297908163,-0.009604426577840245
0.36263569654804395,0.0038333990705090573,-0.009827717628419053,-0.013182528321466661,0.010453120588993146,-0.016816223446249636
0.36271458981825966,0.00613823966721796,-0.01007584260896789,-0.01551288892953726,0.009827363253774962,-0.018309442287770268
0.36279348308847537,0.010992777130636818,7.715241823843771e-06,-0.0035216354881816994,0.006532346048552777,-0.006729267554059583
0.3628723763586911,0.02010798770319507,0.0041064401134498175,0.0025036118802397,0.0003738148549961412,0.0017829029239435766
0.3629512696289068,0.03318048227332917,0.006391796000340601,0.007790002984721863,-0.00970672418256379,0.012048498435675813
0.3630301628991224,0.04596912721540237,0.014089210083267027,0.013142771263049934,-0.006203589558346285,0.01424305280952333
0.3631090561693381,0.04807141558521272,0.019621687144511624,0.012853670173234055,-0.0023653367577530825,0.011716090590455952
0.3631879494395538,0.035870314106177206,0.013206704917051983,0.0046849682912621935,0.0002899632591640409,0.0035812756909947216
0.3632668427097695,0.020202126068307825,0.0017906523070128806,-0.0028689606220603705,-0.0104088641070422,0.00392630187016767
0.3633457359799852,0.012552062981326353,-0.0018243088003652942,-0.0040673280455222165,-0.011771104210847138,0.0037806653958787633
0.3634246292502009,0.015597963511967563,-0.009091027353463187,-0.008278564014415155,-0.009220284155077368,-0.0011204451187939984
0.3635035225204166,0.0251042097935322,-0.0055844411956244835,-0.002516400461396898,-0.008134440934240376,0.0028484555564316895
0.36358241579063233,0.03649603818580501,0.0010103783498149705,0.00437644479264263,-0.013141498242780233,0.011367457047570254
0.3636613090608479,0.04656222776434099,0.011863523459407613,0.013317874347398471,-0.009920666340165935,0.01660625514726752
0.36374020233106363,0.05391134030198598,0.022710058206913342,0.020623947367925527,-0.004843648622630916,0.019425678255033555
0.36381909560127934,0.056609393710549634,0.025049115609977878,0.018500980009241667,0.004355834786367851,0.012223839189347966
0.36389798887149505,0.05008112446487878,0.017022418387081552,0.011574955819210118,0.007367654647352274,0.004870731695601185
0.36397688214171076,0.03539241987325571,0.00916578739008433,0.0051128659312577075,0.006764440657764745,5.19433714498561e-05
0.36405577541192646,0.022733816450753168,-0.003958579950588996,-0.0049047316784639056,-0.0025885335724234303,-0.0023826865801312293
0.36413466868214217,0.020863269595866436,-0.007707767896425587,-0.005681129076202264,-0.009039391557606353,0.0008532665789478938
0.3642135619523579,0.029093230350465633,0.0038601412692169314,0.006305001990933814,-0.01586927091833625,0.014544620738478035
0.3642924552225735,0.040443395233616064,0.017892575277188356,0.01812058032143756,-0.01761994254362019,0.025059060348488562
0.3643713484927892,0.049182288969317346,0.029740846918658335,0.02655847970264831,-0.012347460831086591,0.028667561078663566
0.3644502417630049,0.0524553269600994,0.033398139688442983,0.02949303222529114,-0.013180564305080996,0.031517122716054724
0.3645291350332206,0.050424017844400884,0.03628914530228612,0.03033540095998285,-0.015531155363652854,0.033596991146962255
0.3646080283034363,0.044865354873668994,0.036208349590996475,0.026369006607807877,-0.01146736401312015,0.02798964918560401
0.364686921573652,0.03457139732232705,0.025428591055251942,0.012133900859639607,-0.0074539338383435875,0.014182271302054083
0.3647658148438677,0.02024529026759002,0.01250973073436654,-0.0008076489199570446,-0.00799869892436283,0.004136737549050879
0.3648447081140834,0.010541322142277912,9.478011282885757e-06,-0.0073939657060469845,-0.013727998653538636,0.002284825742226051
0.364923601384299,0.013870833452178311,-0.010603687060062029,-0.009966294937904983,-0.02043439881097867,0.004234691832345648
0.36500249465451473,0.027990922802887792,-0.0081124749475212,-0.000899991043724984,-0.021277146751670386,0.012006151375920038
0.36508138792473044,0.041548578063668434,-0.002600977736036102,0.005345967949278697,-0.018515268990135884,0.015359046227314821
0.36516028119494615,0.047556075653732675,0.004264658003863839,0.009361761129927353,-0.010496098438533125,0.013780165906328213
0.36523917446516185,0.04596889419506885,0.006062781054318451,0.0072678242514536,-0.007477209408733311,0.010296578082003042
0.36531806773537756,0.03985794206507387,0.006341019771800698,0.007277803056720306,-0.0077045632729286235,0.010440552206375204
0.36539696100559327,0.0341793090641887,0.004302861152913675,0.0022558072960241855,-0.0027451569878730606,0.0034497138415573807
0.365475854275809,0.028829127702803936,0.009740801027060797,0.0024909151091897937,0.007286649686139892,-0.0023618012092284707
0.36555474754602457,0.02025890332161227,0.005187405311341732,-0.005482489920560812,0.0061242915624586045,-0.008056652719288364
0.3656336408162403,0.010306922107166792,0.0039007097037046254,-0.006719158118014598,0.009741494314562841,-0.011211151777811781
0.365712534086456,0.003274274214638119,-0.011956681166459534,-0.017995510395670718,-0.005004571805471776,-0.011430730211773647
0.3657914273566717,0.00042538185589567515,-0.01847033200309062,-0.018584834281983202,-0.010232936527506443,-0.008776979382132283
0.3658703206268874,3.2083786887576126e-05,-0.026725840487955708,-0.023041405563315683,-0.01439002937579446,-0.009865064003151533
0.3659492138971031,0.0002089064403738782,-0.02616311274724717,-0.022938775802295742,-0.01155645922951442,-0.011476937934970578
0.3660281071673188,0.0015153596553834025,-0.019426861831905676,-0.018651073294232164,-0.00987076751478744,-0.009046650563777875
0.3661070004375345,0.006021886236631124,-0.017270535090815033,-0.018138178789136022,-0.015111309712188567,-0.005501567557344043
0.3661858937077501,0.01348853263292475,-0.0017663993216435272,-0.003308873809429963,-0.006449156396286777,0.0012053295567662008
0.36626478697796583,0.019638474022911075,-0.002966337942161157,-0.0023660414701000055,-0.014833066040432753,0.006975833134466172
0.36634368024818154,0.02142715311570505,-0.003459345158220637,-0.0016711927999468372,-0.007596483133816457,0.00320408386820121
0.36642257351839724,0.019569641664373087,-0.008508648683759654,-0.00604217696777027,-0.00970431030972236,0.000961585950969597
0.36650146678861295,0.016091894866485792,-0.013764258307158706,-0.010445226163297289,-0.009079101538660872,-0.002941606475979149
0.36658036005882866,0.013276611003283093,-0.013801772662566023,-0.01137090677839631,-0.009284880576605195,-0.0035605571298045363
0.36665925332904437,0.012859175997334665,-0.015380965611409713,-0.014764106342331081,-0.012787951901857305,-0.004185708353627195
0.3667381465992601,0.016688354288832072,-0.004400574520381774,-0.004498255537268069,-0.008104644689564108,0.001242241083185058
0.36681703986947567,0.027176731106754358,-0.00240413409998235,-0.0009293779048601843,-0.011236433181920049,0.005975799652923603
0.3668959331396914,0.04458053593905239,0.005026634709299643,0.008549499599469266,-0.012346754867605076,0.014236160617083797
0.3669748264099071,0.06322936619840559,0.021679074972922412,0.025246115417662075,-0.013661167151219476,0.02840123266442195
0.3670537196801228,0.07408656314683809,0.03390494313923685,0.03838254520768383,-0.012658912582670396,0.03832967342004684
0.3671326129503385,0.07360709027785363,0.030346788205399978,0.03489736230610281,-0.013087554938469395,0.03579249781839397
0.3672115062205542,0.06403907530004486,0.022947643413152884,0.026221914693711906,-0.010177077327883683,0.02710051520134761
0.3672903994907699,0.04950382427757145,0.014800890117756932,0.016187510784239,-0.01385654879679704,0.021259532826053487
0.3673692927609856,0.03558941445975272,0.012968005179248135,0.012814476285086408,-0.012952263044771166,0.018015930599215524
0.3674481860312012,0.02639472313579926,0.007684459016356894,0.004128698845909611,-0.01887809042972332,0.014600678695542813
0.3675270793014169,0.023675101702378572,0.013656298313632007,0.005183490668391251,-0.015832372675206662,0.013623843606652366
0.36760597257163263,0.029160433743389894,0.018347700935803436,0.008863631569744458,-0.023005585297961206,0.02086418795194017
0.36768486584184834,0.04416340114966755,0.03176593492217918,0.022591396227926108,-0.022293027922101385,0.03143551290243275
0.36776375911206405,0.06565824317196493,0.03296179037349874,0.028653368250372346,-0.02282608500259042,0.03661010593346567
0.36784265238227976,0.08374061994653624,0.03795716120386338,0.0387060671017459,-0.02038881599350096,0.043206404277054064
0.36792154565249546,0.08959541822725921,0.03452260718094256,0.03826679273345933,-0.01306443879380221,0.038479122479737046
0.36800043892271117,0.08430384675690852,0.02617370127144089,0.03198845141434548,-0.013293468606778925,0.033584335378574845
0.36807933219292677,0.07299453467732378,0.02101326325078388,0.024856114185985725,-0.015599273572078859,0.029247387902193535
0.3681582254631425,0.06070979912700565,0.020905874833019034,0.021582431663352525,-0.01281364254938017,0.024958809506844943
0.3682371187333582,0.05235048039621326,0.01698799397751506,0.014802270890663088,-0.012121476184890912,0.01911191134351802
0.3683160120035739,0.05014873581193788,0.02493599054008662,0.016715531425927164,-0.005581029028459585,0.016734079692674122
0.3683949052737896,0.052776090865551774,0.04201154205793665,0.02622076331395827,0.00294437363465585,0.019256890613541536
0.3684737985440053,0.05556455870337688,0.047578872814036784,0.024761594815677003,0.009189894466672642,0.014353578137580468
0.368552691814221,0.05250038214985065,0.04850704609880787,0.024342713539010213,0.016187354426915903,0.009834167196532467
0.3686315850844367,0.041793611639540755,0.03189146705461188,0.013515715730479218,0.009221674263713434,0.00531769744328484
0.3687104783546523,0.027268475484655313,0.014233881266110401,0.0041143135149206865,0.006057201025934257,-0.00032536997096439953
0.368789371624868,0.013738453323628759,-0.005070718331073381,-0.009416120105694778,-0.005519757212218531,-0.004245441130485255
0.36886826489508373,0.0046847979155731755,-0.014791845217912967,-0.01655672871162615,-0.007084096464271429,-0.00903385428642439
0.36894715816529944,0.0008988699292393203,-0.017456984961541622,-0.020403505439871534,-0.00939051829935711,-0.010738923285373908
0.36902605143551515,0.0001297841145095747,-0.016676625505466485,-0.018977329180221957,-0.012967964422269211,-0.0074562178622567905
0.36910494470573085,0.0006512131529307269,-0.02058055857302804,-0.01932130769017172,-0.018242949880720158,-0.0045774398222223345
0.36918383797594656,0.002869713489749124,-0.02477738208551736,-0.021866565185964998,-0.014534824304159368,-0.008836244522458726
0.36926273124616227,0.007110509021287938,-0.01893647601934814,-0.017142797768206812,-0.005923490657297386,-0.010197682095636495
0.36934162451637786,0.010932656576767329,-0.0089175297734044,-0.009376225433543791,0.0033941750069441303,-0.009544362780464092
0.36942051778659357,0.011753157033374782,-0.01295352073426165,-0.012159499877099696,-0.0009247129938992517,-0.009192281901345689
0.3694994110568093,0.011324266643931434,-0.012825385079397143,-0.01181952625691932,-0.007123300536025449,-0.005212910315416143
0.369578304327025,0.013060579355182633,-0.012383343498755098,-0.012226650764441262,-0.011356644192428954,-0.0030074755233172085
0.3696571975972407,0.019397816420418556,-0.006415794451414473,-0.00724308702255129,-0.010112042375588047,0.0002429018302675601
0.3697360908674564,0.028564654598860477,-0.001159597019476532,-0.003290296175779733,-0.002035621864198625,-0.001419483807652707
0.3698149841376721,0.032906546074608065,-0.00030783384231956103,-0.0006897661028845802,-0.005832102272323068,0.002935340160204998
0.3698938774078878,0.028587830497559835,-0.0026462992782645025,-0.0008432938164857631,-0.008622008717815485,0.00448098855462856
0.3699727706781034,0.019272183418882247,-0.013176193225211028,-0.009603299176098517,-0.014294084551885933,0.0008524496190268215
0.3700516639483191,0.01013249451885104,-0.022605569698993543,-0.018774022530396953,-0.013983335683235487,-0.006685998854158702
0.37013055721853483,0.0046899029439837776,-0.020234521454521946,-0.019215730348945217,-0.012698549581621029,-0.0078084898831985204
0.37020945048875054,0.003832259558916238,-0.012745753066980664,-0.014742772504125522,-0.012651482117786756,-0.0042502221102302
0.37028834375896624,0.006670679383315446,-0.004349972178822146,-0.009625661245719501,-0.01669906758917045,0.0022731383132016158
0.37036723702918195,0.01239248380331701,0.010356453907831435,2.469273340508288e-05,-0.019307135691438916,0.011568514246889478
0.37044613029939766,0.02015312817558082,0.025747625805445144,0.01055354789656346,-0.01780270676451138,0.01910551909940098
0.37052502356961337,0.028248737160117537,0.030523646809861193,0.012250004590164591,-0.015262870983299745,0.01894560188941706
0.37060391683982896,0.03445843663449613,0.023313272248030207,0.009334607056330449,-0.012377459508006283,0.014883658950386132
0.37068281011004467,0.037985027283256353,0.014638819491115724,0.006432527585898868,-0.01318539014681322,0.013041367975296446
0.3707617033802604,0.03943415730349063,0.006652556773968677,0.0033755346458764807,-0.016742100825950786,0.012719257571494906
0.3708405966504761,0.04132933910078245,0.00334079946761718,0.0025360905208019163,-0.019851815840685554,0.013907013214054811
0.3709194899206918,0.046971031700316856,0.010111805264666,0.009365164707179277,-0.01976247819309864,0.019325707554735803
0.3709983831909075,0.057175303294026175,0.024054075543106908,0.019555612292739877,-0.016547749024351573,0.025567609255879597
0.3710772764611232,0.0689920889535577,0.03801043481911055,0.02905056005038336,-0.010819770250361686,0.02975158775972527
0.3711561697313389,0.07779469378171776,0.05777205154580997,0.04150838710529329,-0.007305133468018308,0.037638238358227195
0.3712350630015545,0.08216657889759933,0.0762300620885553,0.048583585427476025,0.006483550919191637,0.03508384226688645
0.3713139562717702,0.07878027827066143,0.07806905700088579,0.0428592813598533,0.018584132760801966,0.023263160890302847
0.3713928495419859,0.06134213974785348,0.07300959892725088,0.034143620571001856,0.03021023221292963,0.009315239876533108
0.37147174281220163,0.035389249970751296,0.05174081150733527,0.019098587114382816,0.024598014829767645,0.0005974323125285532
0.37155063608241734,0.014154538840865585,0.017318662358264944,-0.0029308828647849365,0.0124944272649513,-0.009821956061385678
0.37162952935263305,0.005923992436542121,-0.005539475951855791,-0.013237601496722816,-0.0023814534785608138,-0.009185281297191013
0.37170842262284876,0.011028293359621539,-0.0074684163362516215,-0.007004495323624501,-0.015536382694091272,0.0036787641405374733
0.37178731589306446,0.02209230131847653,-0.0058006691114169655,-0.0006815373529868551,-0.012781770797840894,0.0070988035009334855
0.37186620916328006,0.03167219703583953,0.0007016607250155321,0.006884937008520825,-0.014397386584751,0.0141288757168825
0.37194510243349577,0.036503628962981226,0.0033991691710436797,0.007325338058457572,-0.01276541074642275,0.013505605052113854
0.3720239957037115,0.037363253134096754,-0.00011204650754742987,0.002717263611665195,-0.004704257450466831,0.004991255489966899
0.3721028889739272,0.036438839458521055,0.0021646262928859314,0.0008929473217547525,0.004680099078633767,-0.0020834873601775464
0.3721817822441429,0.030220640528741603,0.007767658515772159,0.0008246583046377251,0.01558643347952327,-0.008661859666034302
0.3722606755143586,0.017424038621306103,0.0003326619398916716,-0.008680516458383263,0.0172164301284804,-0.017254008067230237
0.3723395687845743,0.004997087450221723,-0.006321761399783776,-0.013813661025015734,0.012159409486996462,-0.018342409272241414
0.37241846205479,6.71582242841573e-05,-0.010088514975196992,-0.013355373918780607,-0.006530561421916568,-0.006798515599249652
0.3724973553250056,0.005020472558357096,-0.01586527823675613,-0.014960926632176474,-0.01291651068206485,-0.004266620779064074
0.3725762485952213,0.014529670663197075,-0.013219412994720858,-0.011633508585906274,-0.01703701462213812,0.0008656487975504322
0.372655141865437,0.01970934550291287,-0.0078192313544861,-0.006310338755597358,-0.016207261374319576,0.004636503694443607
0.37273403513565273,0.01824134393706029,-0.016630990186807554,-0.01170867617780558,-0.015929891025832206,0.0001431316920021069
0.37281292840586844,0.012985169431814863,-0.02291898532435011,-0.01667324768230013,-0.01872579815786955,-0.0021650436955838385
0.37289182167608415,0.007650191147787117,-0.024904587490609528,-0.019099625086778795,-0.019110875143085657,-0.003880549099885547
0.37297071494629985,0.004540981830875813,-0.02105993146625548,-0.018466246545121443,-0.015982568888537493,-0.005243587675818636
0.37304960821651556,0.003630719915600231,-0.010351846250125687,-0.012562475159207203,-0.01342663419749844,-0.0020386433088959138
0.37312850148673116,0.0048064223624499315,0.0002642133162602983,-0.0030293046623621365,-0.018059424928770326,0.008374384325268831
0.37320739475694686,0.008039027153414187,0.003943860657113432,0.0012382669421169999,-0.024334941127148582,0.015549518193435459
0.37328628802716257,0.011021138297704281,0.010095485012338375,0.00536828531800909,-0.01604146215888049,0.013897006631875332
0.3733651812973783,0.010043693756627971,0.006974487532877692,0.0009898473997574722,-0.018062225987763504,0.011597185577012666
0.373444074567594,0.0053180710579986785,-0.003829601170270249,-0.007350271634338392,-0.014387727924784186,0.002714483373303196
0.3735229678378097,0.0012227543835998439,-0.016503090532730743,-0.01504943418889141,-0.01341779451758301,-0.004037779727036744
0.3736018611080254,0.002520203298914894,-0.02363697856057769,-0.020223070502330742,-0.013993488859666774,-0.007841924211195667
0.3736807543782411,0.009901000563084713,-0.019830200749589612,-0.0167882982394154,-0.01671534764205999,-0.0034597995155512796
0.3737596476484567,0.018025701776818184,-0.008718412465370515,-0.010201215583028904,-0.011838156608420065,-0.0010958307662095185
0.3738385409186724,0.022656925895272736,0.004070962113973672,-0.0012363575603235634,-0.01009984631456615,0.00504992114900353
0.3739174341888881,0.023521046320012277,0.007023692400855517,0.0003018116308449865,-0.008330548412787638,0.005224382079797673
0.37399632745910383,0.021615835943728,0.011574010536327426,0.003036563854670193,-0.009426769592263733,0.008071730567381122
0.37407522072931954,0.01933599070388899,0.015206688223002278,0.0025398462969710126,-0.007397897361575284,0.006460145528110608
0.37415411399953524,0.015621208233708175,0.015022215008487622,-0.0006783670866397883,0.0014259369785957325,-0.0013964988760389963
0.37423300726975095,0.00813826431568599,0.015997852288733735,-0.0025909632679749343,0.012123085324345657,-0.009327422799059393
0.37431190053996666,0.0011407047279718132,0.005576875489492035,-0.010401546679950004,0.017480018438145624,-0.018790697578617413
0.37439079381018225,0.001601500829586837,-0.007173760213255749,-0.0139969847472812,0.002288524659257197,-0.012586493662176877
0.37446968708039796,0.01243069638215098,-0.007859386330539422,-0.00800351056783562,-0.0052208569458197735,-0.0032919713412219356
0.37454858035061367,0.02723434964030515,-0.0048459020046681565,-0.0017064575520576704,-0.0036021024337646815,0.0007867640831933109
0.3746274736208294,0.035860582854205986,-0.0064853813806955395,-0.0007342584954734954,-0.011718491471153052,0.006420525277138138
0.3747063668910451,0.03589130838054239,-0.004896528926633666,0.0007044947529456727,-0.009793066399585982,0.006421883289008128
0.3747852601612608,0.029469302742574807,-0.008400463255802371,-0.0033671656301733823,-0.008383390846663064,0.0023155028861751134
0.3748641534314765,0.020119606872413903,-0.008100317856950225,-0.0058155902267932125,-0.004334800960481288,-0.002068303089428089
0.3749430467016922,0.012087597568882077,-0.01161919840691273,-0.01182891089073895,0.0011041534090085248,-0.010140587699864154
0.3750219399719078,0.006215306149737401,-0.014040359238406137,-0.015523888390111708,0.0013085896175120998,-0.013224335264577655
0.3751008332421235,0.0025458819129153694,-0.01905200492874611,-0.020934153306753328,-0.0006468726573476984,-0.016391879113201648
0.3751797265123392,0.003066241030445814,-0.01652590148334943,-0.01759011866150094,-0.002589039619905354,-0.012550037358700727
0.3752586197825549,0.008462111090531148,-0.013306790641017177,-0.010989101228880256,-0.00903862672743789,-0.0034017783423104984
0.37533751305277063,0.016854302000337284,-0.012779266859842538,-0.0070769650165768486,-0.017509243320328275,0.004800883697502758
0.37541640632298634,0.02539965297032442,-0.012627768768275264,-0.005144576122343831,-0.01807808824080528,0.006690129807140161
0.37549529959320205,0.030933242454874502,-0.008007636103596508,-0.0016204057882198398,-0.011669848315517392,0.005681231333562539
0.37557419286341776,0.03225455545960931,-0.011406236623703103,-0.004762410634595061,-0.01310538604165888,0.004021682346132447
0.37565308613363335,0.03189174843273724,-0.008342343849212052,-0.0023538349083349376,-0.013283310553029488,0.0060585532932693606
0.37573197940384906,0.03341619976816633,-0.004978558903779297,0.0010025116871687292,-0.02021277630476244,0.012894001228444753
0.37581087267406477,0.0389525242301642,0.0034561029739046288,0.008895544673290214,-0.024673291654094955,0.021887639943295494
0.3758897659442805,0.04858938273514228,0.010046979032242125,0.014613554120782097,-0.029489795130055757,0.02935058781931313
0.3759686592144962,0.061445270405461765,0.022702258534893948,0.02580025771108287,-0.028260253567922895,0.037574569575301635
0.3760475524847119,0.07259372871874714,0.02926864064927579,0.03147214972648751,-0.023147595674056918,0.03906018180188098
0.3761264457549276,0.07211282092659115,0.02840444328431993,0.030936836617859252,-0.02181821567408565,0.03783671079952597
0.3762053390251433,0.05790459677272214,0.02023609083449871,0.022135123697656897,-0.01932065601372459,0.02929245328630095
0.3762842322953589,0.03761026703670933,0.00885736944895856,0.009847322622749724,-0.015658216639719096,0.017256853821042722
0.3763631255655746,0.018432845094035952,-0.009075804600856198,-0.007739880020524052,-0.01081492300426081,0.0002651094992444574
0.3764420188357903,0.005526809254898212,-0.019886966432591774,-0.015886025006928563,-0.009585413903159031,-0.007000406222091215
0.376520912106006,0.0012958737643672961,-0.029484697219360218,-0.024421250105401124,-0.015369598660189355,-0.010386107571801913
0.37659980537622173,0.003166878646333734,-0.030484012664132126,-0.0243743860863573,-0.01777353423552769,-0.00891114086361487
0.37667869864643744,0.007963101242058434,-0.02477805048946876,-0.020346461356824407,-0.02169865515477482,-0.003332756020380224
0.37675759191665315,0.014360270947159677,-0.01993325216976285,-0.014253363161302303,-0.018481975390588726,-0.0003704910130745075
0.37683648518686885,0.022002000928519217,-0.019119937641506313,-0.011262989020826345,-0.01526788990765375,0.0001044499622021449
0.37691537845708445,0.027628245049510645,-0.013529817330059795,-0.005108358169139517,-0.015933989444715115,0.005436466271486644
0.37699427172730016,0.026628050970472758,-0.008298102468636223,-0.002450561194150887,-0.01287935505269334,0.005739390876346342
0.37707316499751586,0.01984760853707894,-0.006177581888149529,-0.004155007289703188,-0.005757997184667745,0.00011380194322408163
0.37715205826773157,0.011383463162305579,-0.013200777711301577,-0.013495545227687368,-0.010730640255460762,-0.004399094940410302
0.3772309515379473,0.0048453861788821774,-0.014857361529639028,-0.01524775658747111,-0.009158632062321448,-0.00674392386259508
0.377309844808163,0.0024723174083991443,-0.02019229514774489,-0.01807416415163154,-0.005843865165608793,-0.010991953611334357
0.3773887380783787,0.00327010608810587,-0.016937562936573072,-0.014190147634015857,-0.006111207189567639,-0.007718456462127097
0.3774676313485944,0.00406441959921335,-0.019566561704513225,-0.01793135180642886,-0.004662095299244666,-0.011584069555898687
0.37754652461881,0.003478907571617851,-0.01729290685311427,-0.016353856180390133,-0.00600594900699299,-0.009515908267474156
0.3776254178890257,0.0021799565458407574,-0.019572395380711424,-0.018261461861038584,-0.012824641295902816,-0.00696790466959258
0.3777043111592414,0.00106665024028428,-0.019036791638653672,-0.017180493646032854,-0.016865706380007735,-0.0036843620800272097
0.3777832044294571,0.0005046930462151982,-0.017642556235373863,-0.01673362263045683,-0.01193628900363351,-0.006274114848774269
0.3778620976996728,0.0004630531480411563,-0.01614430101566581,-0.014712413133133349,-0.005573357194242733,-0.008458743077882051
0.37794099096988854,0.0006169150725907122,-0.017317950023449616,-0.014939333998886587,-0.007214927875838631,-0.007659008803739346
0.37801988424010424,0.0004719686224004032,-0.01521156926729784,-0.013369932353241788,-0.005874539316897039,-0.007202494051570181
0.37809877751031995,0.00014028867684176828,-0.023640051531568545,-0.020490707377470253,-0.00784607939046342,-0.011732261358271802
0.37817767078053555,0.0016062865515283462,-0.02832086332638818,-0.022983623254698098,-0.006373551413573555,-0.014611463428387116
0.37825656405075125,0.008321699968643726,-0.023213062815602124,-0.017780779381822858,-0.0028180153619858715,-0.012565967258048543
0.37833545732096696,0.021717281617230116,-0.004011406028627132,-0.0021523223567633852,-0.005544763803411923,0.0015913296911490207
0.37841435059118267,0.03810033791789336,0.018352755357395258,0.014796767048062235,0.0003456493697260023,0.011652372707853364
0.3784932438613984,0.05270929434693533,0.032777109020242626,0.026746934335381663,0.001111427874414249,0.02077430181843644
0.3785721371316141,0.0639865316481781,0.03504529090247639,0.03243257024120341,-0.01029464908619591,0.032148331984566576
0.3786510304018298,0.07043231905598842,0.038230029628049424,0.03752115260448906,-0.01761210385597212,0.04059818765868795
0.3787299236720455,0.07105050985627162,0.03878287005933685,0.037257964031161536,-0.015885880364199013,0.03935603747121813
0.3788088169422611,0.06921342279325894,0.03184354554898604,0.03322657244147218,-0.012478952161611111,0.03408985497374366
0.3788877102124768,0.06623347020893003,0.026290408320765738,0.02631229711775948,-0.0186256549930891,0.032223411549511034
0.3789666034826925,0.05784946624364843,0.022916842768479623,0.021345095798453905,-0.015740408564552156,0.02651861461976696
0.3790454967529082,0.04326941355083725,0.009348465780173036,0.0079825162728385,-0.013779246806701423,0.014638649068869887
0.3791243900231239,0.029269934626615944,0.006767407707904165,0.00372483425271355,-0.013119991733000037,0.010832409936519693
0.37920328329333963,0.02236929732236049,0.004276097930215735,-0.00012286955713986151,-0.010231460232969043,0.006021035487779579
0.37928217656355534,0.023098335057532147,0.00928158687074386,0.005630310793577358,-0.007297694964646394,0.008876920549319543
0.37936106983377105,0.027635415409630465,0.014096602292209734,0.012408697518423608,-0.007752403709844242,0.014580983032590884
0.37943996310398664,0.03215504034741618,0.01340124521110172,0.013152528417635428,-0.0073718457701218605,0.014949499401439524
0.37951885637420235,0.03484703819935563,0.0024512894661074527,0.004813995915095721,-0.008993424951633218,0.009236959934834362
0.37959774964441806,0.036544117470322206,0.0031902931439372843,0.005815036518496804,-0.00541463179718445,0.00789872040980833
0.37967664291463377,0.03859552675497094,-0.0021597814611075475,0.0021994315220195196,-0.0033694013609732684,0.0037778865053668107
0.3797555361848495,0.03892102840417638,-0.0031918218491189163,0.002785797030059561,-0.006904212672692107,0.006361974880674828
0.3798344294550652,0.034783249720201734,-3.5792934753927906e-05,0.003252652720810221,-0.015152931946785894,0.011670104962175814
0.3799133227252809,0.028500297862856228,0.0060647193153476565,0.004959957914753011,-0.015369837613517866,0.013168024981657575
0.3799922159954966,0.023190576433506395,0.0036683498741219367,0.001234210888510193,-0.01633877387546223,0.010761953904628297
0.3800711092657122,0.018242202311134506,0.0064818269757131895,0.002680632477425448,-0.016548193780553177,0.012046381862709973
0.3801500025359279,0.012374917579628313,0.003531176292945299,-0.0016426692845033725,-0.014083609859773647,0.0071072576531827514
0.3802288958061436,0.006514415683543374,-0.004662717797797585,-0.008780319145867917,-0.013268273457876529,0.0008985631861642177
0.3803077890763593,0.002814072759311341,-0.011378872717938264,-0.014257789294727501,-0.014329831074871008,-0.002857600398938495
0.380386682346575,0.0013202437272744495,-0.012917666497710928,-0.015294306579905374,-0.010694420838984281,-0.005862813623127925
0.38046557561679073,0.0005798448896977531,-0.015470870868554554,-0.018081428985529894,-0.00684036196647713,-0.010401944156564756
0.38054446888700644,0.0008048288343022339,-0.014974203725164802,-0.01542345215599123,-0.009593422362669923,-0.006624769159865065
0.38062336215722214,0.0036400205397554603,-0.0174486878042266,-0.014589995392133591,-0.011631801290353527,-0.004737565404146524
0.38070225542743774,0.010264730689815283,-0.015825320688545193,-0.012609915303899788,-0.013882386454749897,-0.0018040843547528155
0.38078114869765345,0.018397230584721477,-0.013157900626466414,-0.010145833758772621,-0.015187989324179824,0.0009522370126619196
0.38086004196786916,0.022001304482349222,0.0004623755058966497,0.0014750945759628433,-0.005661482497830155,0.004568271646468771
0.38093893523808486,0.019667656037075227,-0.005905182402428078,-0.004214289774905722,-0.00068404134612275,-0.002968365499061343
0.38101782850830057,0.015429461926188843,-0.016174844101601388,-0.012898945767069767,-0.008328883076638642,-0.00535719388438222
0.3810967217785163,0.013718531456762613,-0.013565758306061763,-0.013262824646311105,-0.008802714938442324,-0.005365521839526041
0.381175615048732,0.018273258295385817,0.0034712285114642458,-0.0012546207607286456,0.0091532744507639,-0.006480080953941217
0.3812545083189477,0.025619101423412345,0.010623076884324083,0.0018021044156652849,0.007567013488477133,-0.0030815389061494653
0.3813334015891633,0.02835554824653816,0.02034162543666957,0.009937870187859675,0.003954676776874033,0.005599630242455415
0.381412294859379,0.026131875716484974,0.01909314292334008,0.008902272258658443,0.004317823199428897,0.004552405190879581
0.3814911881295947,0.021558671006286594,0.004042235164990228,-0.001507398616693579,-0.004666580432323535,0.0015829573723803339
0.3815700813998104,0.016588124615574483,-0.0030276251776481414,-0.005091603269510083,-0.012569602394703274,0.003437340714474153
0.3816489746700261,0.013076662638964254,-0.008261987398716596,-0.010133258587097179,-0.010643434166680562,-0.001755927760081465
0.3817278679402418,0.010903422397465747,-0.016172648456071897,-0.015782965720163585,-0.007711330569681809,-0.008038473860208796
0.38180676121045753,0.00918209529375922,-0.008432798264820884,-0.008754839105944443,-0.009778109060136665,-0.0011685689041332223
0.38188565448067324,0.00906074435509417,-0.005555818367365093,-0.006823824743816825,-0.013642433653523732,0.0026906452656588558
0.38196454775088884,0.012441640927095396,-0.0020374133807337428,-0.007316299449431986,-0.012987974478737592,0.0019044241360508323
0.38204344102110455,0.018065537315491317,0.014317970142414876,0.004146908963882853,3.7565662393186136e-05,0.0033010059412064193
0.38212233429132025,0.021844389194978324,0.03313945314866219,0.019637307326511987,0.02495468463102961,0.0008161763937389553
0.38220122756153596,0.02199838616440676,0.016616841815256272,0.006016049679236415,0.01232691969732254,-0.00255121499684874
0.38228012083175167,0.019645948091110373,0.005872533433936043,-7.551837082484321e-05,-0.0004318789400025003,0.0001977783035402196
0.3823590141019674,0.01662900882118271,-6.939510846910594e-06,-0.0027042021833032573,0.005876988302121646,-0.0056821956831175245
0.3824379073721831,0.014719468993132125,-0.011026074074080478,-0.011688379005396538,0.0008285874984327356,-0.009863164193901016
0.3825168006423988,0.015147970341672722,-0.01324519607323007,-0.01165060578234144,-0.006822432797177572,-0.005257437463068622
0.3825956939126144,0.018192489128728374,-0.010975673724172163,-0.008318217103763506,4.056255561420864e-05,-0.006690820821969295
0.3826745871828301,0.02324871577441438,-0.003961295379085454,-0.0023400525251394987,-0.002497119126699029,-0.0003819038569673698
0.3827534804530458,0.028463952269971865,0.00195917240630601,0.0016918723227244523,-0.011482106650551188,0.008223481577370703
0.3828323737232615,0.029922597011398544,0.013268966910801669,0.009593556397934085,-0.012324190003398672,0.015059301651868699
0.3829112669934772,0.024978877104408274,0.010390628007569172,0.003915875032287024,-0.008501445725464324,0.008222950446863827
0.3829901602636929,0.01575185488527565,0.004445123621151064,-0.002436603753050699,-0.004413790147016893,0.0006870595686861774
0.38306905353390863,0.0068100235848765015,0.004964750898681794,-0.000824044276260047,0.0035119874470185535,-0.002760894871558523
0.38314794680412434,0.0026331466296055073,-0.007441975867677656,-0.010383742534887476,0.0008776367650635878,-0.008846865647124254
0.38322684007433994,0.0029219699048723398,-0.018899056070823945,-0.017903405077885032,-0.0008688368475151281,-0.013829692979336398
0.38330573334455564,0.004896336389062262,-0.016621201052742358,-0.013912781546182322,-0.0033532953945619717,-0.009145326020307938
0.38338462661477135,0.008854805507130657,-0.012467106607127777,-0.008550607069342521,0.0016774553527714045,-0.007856007608627697
0.38346351988498706,0.016048858723888434,-0.014070057802960063,-0.008105499538125824,-0.004941952573279305,-0.003540519486092651
0.38354241315520277,0.027142524323695495,-0.0075133616492903425,-0.0013606009060381217,-0.01097792283799058,0.005475569025541038
0.3836213064254185,0.03804072351955179,0.006254447618045708,0.00845435092195547,-0.00898924293393685,0.01215176505344632
0.3837001996956342,0.040168511484192114,0.00691056625860803,0.007431883177873383,-0.008854422326634049,0.011251750333019603
0.3837790929658499,0.03205236424797894,0.0029145170735302697,0.0024610222198243313,-0.013703673101330053,0.010168761012071157
0.3838579862360655,0.019465611238586717,-0.003901126194233235,-0.003876001291397155,-0.013711031186781802,0.005094426802198152
0.3839368795062812,0.008239654356634585,-0.01333776073445831,-0.010869923475876172,-0.008962261895843133,-0.003351917744784073
0.3840157727764969,0.0027419105131392114,-0.016216605720904834,-0.014553591415410287,-0.0030112275703749847,-0.00986352943391893
0.3840946660467126,0.0024184421713135044,-0.019449023685866994,-0.019215318411478367,0.002757903739136413,-0.017049654441003495
0.3841735593169283,0.0030001896630567648,-0.01777639626113993,-0.019492429602781584,0.0037663257941014613,-0.017874673146641425
0.384252452587144,0.0026739067478606044,-0.018613959977021376,-0.019956417841776476,-0.00394033686006168,-0.013639058552025806
0.38433134585735973,0.0020149260676966835,-0.015144773286987547,-0.014429592835899788,0.0019516383249252734,-0.012731773542377508
0.38441023912757544,0.001894090806253638,-0.021434438021334663,-0.019263539451306086,-0.0008894996808581525,-0.014907620925479382
0.38448913239779103,0.0021683488248863785,-0.023721794335413278,-0.02104395666386637,-0.013446252213080982,-0.008827450930298457
0.38456802566800674,0.002007087858778547,-0.01591230521265831,-0.015124798629598028,-0.014629001282425313,-0.0033738042926512463
0.38464691893822245,0.0020048941731139565,-0.012237618678448551,-0.013414897856956464,-0.011126554229557621,-0.00409766168315278
0.38472581220843816,0.0035749174609196526,-0.009197805495905214,-0.010355012808644261,-0.02099983658843941,0.004261348514124489
0.38480470547865386,0.006035734473482745,-0.0017204378250128864,-0.0048328141193494465,-0.016308627241995423,0.005881440643162032
0.38488359874886957,0.007424527775850441,-0.0023931862735159593,-0.005159638756398468,-0.0018121082427434616,-0.003051344168651778
0.3849624920190853,0.00738204956251157,-0.010326526932852912,-0.013745212207793282,-0.002101403838630003,-0.009759619700695095
0.385041385289301,0.0064597513966846674,-0.013398531416122817,-0.016377550721358547,0.003290291438140724,-0.015093485257714772
0.3851202785595166,0.005351707439991248,-0.013930569324790072,-0.01455443427691074,0.0015471966232806825,-0.01258999060479854
0.3851991718297323,0.005040475277641982,-0.019902667440186726,-0.018317416457113184,-0.007602622124195956,-0.010135359937028555
0.385278065099948,0.006515613559990839,-0.016100041145483846,-0.014206717139705642,0.0011250185082861163,-0.012058847190292774
0.3853569583701637,0.010890013976709214,-0.01472318884970469,-0.012286454795948597,0.0015824106190411322,-0.0107932970532936
0.3854358516403794,0.019490915267871816,-0.007855567219977294,-0.004765822090001632,-0.0019773239556936046,-0.002636907328240151
0.3855147449105951,0.031202251421371185,-0.006641819214325495,-0.0031763409407134895,-0.0034957334251032733,-0.00045488289366437973
0.3855936381808108,0.0392774490586247,0.0013754616718301012,0.004297476161959977,0.00030447085715878567,0.003262046754881557
0.38567253145102653,0.038506819706041744,0.0034223462076431294,0.006384231300227969,-0.004989062625802634,0.008100354808693665
0.38575142472124213,0.0311903667364405,0.0024642864784411153,0.004600325834717311,-0.00329980498514466,0.0056603942179653125
0.38583031799145784,0.021150354744835276,-0.00161213755956787,0.0009677087725833124,0.001596737784805385,-0.0001794354504757836
0.38590921126167355,0.011826570451909017,-0.019796182967801033,-0.0149690930235413,-0.006788453612526798,-0.007937893345230417
0.38598810453188925,0.006583499720510488,-0.02415630836201752,-0.02110703249079442,-0.013351785899741876,-0.008934520328672984
0.38606699780210496,0.00478860425300463,-0.024685193903086395,-0.020683352247398774,-0.015022744315592014,-0.0075955673036502405
0.38614589107232067,0.003634906972078721,-0.02536780112423713,-0.021153826316188055,-0.013166569370343916,-0.009082795911582335
0.3862247843425364,0.003145913069066634,-0.022344487134789964,-0.018690181423352985,-0.006042934946576784,-0.011366788093136002
0.3863036776127521,0.004406064098960315,-0.021870333320814676,-0.01827839807154952,-0.00255236131192829,-0.013123707971053765
0.3863825708829677,0.007916113858059971,-0.016163161598756574,-0.012972136591036302,-0.002936834959364207,-0.008640384434229115
0.3864614641531834,0.012097903787618446,-0.011420953950175807,-0.010217729471879716,-0.007939822545536249,-0.003440621561132057
0.3865403574233991,0.013665011203928842,-0.0043244125993870735,-0.00614019024609358,-0.011255813434758545,0.0018110310763827422
0.3866192506936148,0.011208487261034537,-0.0018140009428113954,-0.007098218581654649,-0.008506201473750023,-0.000601453361056293
0.3866981439638305,0.006558486058445418,-0.005624785095101658,-0.009975240955255605,-0.008426344982484353,-0.0029552752345752063
0.3867770372340462,0.002482875104631433,-0.006794676294417921,-0.008709728591788604,-0.010189768923736164,-0.0008861940635319891
0.3868559305042619,0.0004386554216313687,-0.014194045077410594,-0.011382583910376812,-0.011028581851147735,-0.002527047414555632
0.38693482377447763,2.5429387816789777e-05,-0.02391991290360465,-0.020188724962292282,-0.011374029858523167,-0.009380712862336722
0.38701371704469323,0.0001228041478638407,-0.03059070387341589,-0.02615546264037587,-0.011362956903060013,-0.014172438997345615
0.38709261031490894,0.00011696856088075022,-0.026836493152267483,-0.023487484956944273,-0.008475873112414574,-0.013758685452266578
0.38717150358512464,2.697428909889449e-05,-0.02178577437692924,-0.01973793580796533,-0.009880577026571481,-0.00991223741938525
0.38725039685534035,3.1605949079535387e-05,-0.013242549570012932,-0.011511860949170298,-0.007346417095828522,-0.004832856832517017
0.38732929012555606,0.0003324606840778441,-0.01578189787932381,-0.014869273536471108,-0.006801126020405272,-0.007850295808362787
0.38740818339577177,0.0010299319818106423,-0.018868857875070793,-0.019170987675767703,-0.017480841464061824,-0.004912686220012244
0.3874870766659875,0.0019022964928465211,-0.0030817510578454894,-0.004763409104183796,-0.019407839143329702,0.007791214095197499
0.3875659699362032,0.002440826759386721,-0.003209741284150023,-0.004872920155721605,-0.012997735627241125,0.0038687141774069824
0.3876448632064188,0.002065962177131589,-0.011864976556130941,-0.010838239137780443,-0.01565495108709746,0.0006764869497128751
0.3877237564766345,0.0012481018345858698,-0.013829417958471946,-0.012087376147068979,-0.015133614944202987,-0.000636767943520705
0.3878026497468502,0.0016784746469791555,-0.016729133867632424,-0.013780845252869111,-0.0037309770378344998,-0.008813721368982678
0.3878815430170659,0.00435233708063158,-0.021974047897960928,-0.018086412464485273,-0.00530447875829095,-0.011324284028053097
0.3879604362872816,0.008569874681755853,-0.019454700943604554,-0.01599826632053422,-0.004351977642818169,-0.010219856170340097
0.3880393295574973,0.01352994108035984,-0.009737592078653653,-0.006946954728835055,0.006260449780685677,-0.009311712633049064
0.388118222827713,0.01918542548669958,-0.011227446809841056,-0.00879017833892739,-0.0043906981287218805,-0.00441897771743926
0.38819711609792873,0.025984250105632874,6.218376854832521e-05,0.00032705398090627195,-0.001550893119995899,0.001189680571982961
0.3882760093681443,0.03522674584956353,0.01349158287507133,0.012129195322475987,0.007222580755074661,0.005401764677354359
0.38835490263836003,0.045786092719537375,0.016575047309115482,0.015023385272606025,0.0037594231525838505,0.009792709387479157
0.38843379590857574,0.0514259114361611,0.013792356494343632,0.015066338114727209,-0.00582959852482789,0.015560992294479662
0.38851268917879145,0.04780701073766702,0.003924165949986456,0.008520088036756465,-0.0074238089994223206,0.011268190583336097
0.38859158244900716,0.03769325232110832,9.823191794142177e-05,0.005091327128127311,-0.010065281641926969,0.010100310287671482
0.38867047571922286,0.025905849557505092,-0.00857891920876765,-0.0030648018331977376,-0.019411215201859996,0.009154692454570802
0.38874936898943857,0.015669123203590332,-0.015006101198740678,-0.009354001571841752,-0.015483435541990645,0.0017637284598334658
0.3888282622596543,0.00873249315543593,-0.024691795912733062,-0.01774363907078503,-0.02062838518247385,-0.0018853813916764697
0.3889071555298699,0.005170647969226725,-0.022561406180494997,-0.01753936054433903,-0.014734823852896579,-0.005246550310027726
0.3889860488000856,0.003930464638731502,-0.017359738025010105,-0.014248587272940661,-0.0032714077525508854,-0.009463465135982275
0.3890649420703013,0.00410519962379048,-0.022197797517042164,-0.020427857816898556,-0.010060785272100511,-0.010357688802711278
0.389143835340517,0.005445059709235602,-0.01753315684796597,-0.018650264196376113,-0.0015557333368122254,-0.014017682738658017
0.3892227286107327,0.007804098960997943,-0.013262501883300954,-0.014097062686065566,0.0066532406191626235,-0.015276721219437645
0.3893016218809484,0.01005286850395017,-0.005896604834717143,-0.006514597449643719,0.0038362114699783153,-0.0075153438364015755
0.3893805151511641,0.010919941539637606,-0.008056593551003712,-0.008950352272435184,-0.005558310216384566,-0.003849059439072164
0.3894594084213798,0.010829353334746506,-0.003345392675274925,-0.006336637965410189,-0.008209104415580247,-0.000168731267985867
0.3895383016915954,0.010468230939029727,0.009553403883040917,0.005041702845997021,-0.0027484699414530205,0.005684383236226144
0.38961719496181113,0.009561499042253336,0.0005777042026823823,-0.0005544945208461892,-2.3486289325202632e-05,-0.00043034248524789005
0.38969608823202684,0.008030161805081617,-0.011789284097618678,-0.009716100947029732,-0.0030688311394178377,-0.005951650841228372
0.38977498150224255,0.006864242318408682,-0.012172397476615457,-0.009367400179601602,-0.005766885432330572,-0.004058593815395371
0.38985387477245825,0.006702598631711963,-0.017817644104500874,-0.013551570719471754,-0.00869368568835147,-0.0056621959204314004
0.38993276804267396,0.006329417994454251,-0.020753164190720205,-0.0170748623781699,-0.011739363776476868,-0.006665478484040574
0.39001166131288967,0.004660819528271047,-0.01751986373039613,-0.01536985931359234,-0.012284731125709705,-0.004972320998399703
0.3900905545831054,0.0025078599956086895,-0.012425514807213734,-0.013393458250040449,-0.011135358266745136,-0.0040752086718338024
0.39016944785332097,0.0012976495942797024,-4.734243529911206e-05,-0.003968681156449938,-0.007744042339513673,0.0014510006688576195
0.3902483411235367,0.001851918722182926,0.014485926400076773,0.01090350060049036,0.0019572413344352254,0.0075681243574779984
0.3903272343937524,0.0035523365621291467,-0.0031707207886919383,-0.00733725857905084,-0.007221273335717661,-0.0015615581611662566
0.3904061276639681,0.0049978309389977545,-0.001524692395574645,-0.005639894265112126,-0.008712897318118721,0.0006910346681113763
0.3904850209341838,0.006215774119035078,0.02259668916658567,0.019788006692326703,0.019572199493609055,0.004156721596085305
0.3905639142043995,0.009003678369010962,0.020106391041375755,0.01966819562770024,0.037175408224600866,-0.006472700099365256
0.3906428074746152,0.015683708832648028,-0.012172004731161862,-0.008558826041618098,0.004662931423358251,-0.009648056208283273
0.3907217007448309,0.0247309303769,-0.011441088866147071,-0.006627469415888601,-0.008949797598304755,4.1178719120377515e-05
0.3908005940150465,0.030444777070997117,0.004764096105514893,0.008076070257435293,0.01378206778646295,-0.0017704107347868083
0.39087948728526223,0.03115615292708253,-0.001990441450629002,0.0005599049215133783,0.0025112656745216876,-0.001053232077445819
0.39095838055547794,0.029067853283931428,-0.0012776071887030745,0.0003560396973623852,-0.011751184168006228,0.007313878547003242
0.39103727382569364,0.026041900777884992,0.004279590509786098,0.0033257916294238896,-0.006781531321823656,0.0067213553170614145
0.39111616709590935,0.02416405863508159,0.010127097535651868,0.006886631264477739,0.0029410919315318394,0.0037602546206663514
0.39119506036612506,0.02495290727404677,0.021634046387847914,0.017892275464368616,0.010551584984104231,0.008031151126842835
0.39127395363634077,0.02704968252170172,0.015809950475336,0.012502910211874226,-0.002867791767250064,0.011735435949296321
0.3913528469065565,0.027688357529257943,0.01846728088452177,0.01830025393328305,-0.00017168553052632028,0.014769925581780733
0.39143174017677207,0.026515845155646815,0.04215846194572036,0.04127220562158608,0.029874461363450035,0.015242560329655352
0.3915106334469878,0.02530355074818385,0.04465554135739755,0.04320587316933525,0.03638528961922113,0.012904817188691877
0.3915895267172035,0.024408528389416685,0.019196276940012198,0.022230548319800904,-0.0009692883392338658,0.01839727549707637
0.3916684199874192,0.022678984457377625,0.01350327580024893,0.017886086055263605,-0.009400080621858086,0.01995573463675524
0.3917473132576349,0.019569019664610405,0.014205540083929904,0.016040798218415284,0.005858955607887686,0.009352840514014605
0.3918262065278506,0.01629048389165243,-0.0047139293497742195,-0.004106062279731062,-0.008471860346367866,0.0017762137153974383
0.3919050997980663,0.0144131959919545,-0.007741948123271119,-0.009468661301059353,-0.013540823868600779,0.000509811998809364
0.391983993068282,0.014359294937081473,0.005245860853252587,0.002365316554201535,-0.0018172861847413483,0.002982530635686636
0.3920628863384976,0.015992043513501343,-0.001044655913832705,-0.003044775988666046,-0.0015797740432918618,-0.0014953485015492254
0.3921417796087133,0.018800074103140565,-0.011261124852789923,-0.010259214674388653,-0.007401623973943051,-0.0037957523200412026
0.39222067287892903,0.021904110110411948,-0.012276669098849993,-0.007511486600082593,-0.008991995732759816,-0.0006421428878252598
0.39229956614914474,0.024722089473912995,-0.0032540011485735682,0.0022682008663078446,-0.0068377290768646916,0.00590740227982473
0.39237845941936045,0.026308447135305467,0.00994536869173147,0.015145173184953417,-0.002893969460136792,0.013868777929587137
0.39245735268957616,0.0253201354045211,0.026120349614777206,0.029656252168021948,0.0026053469999650827,0.022214277664088528
0.39253624595979186,0.02126811733131163,-0.003614890782910224,0.002125405584469983,-0.0027606021909018764,0.0033544440779420407
0.39261513923000757,0.01575932498370696,-0.015701385340667912,-0.009402560572699286,-0.007376559626598104,-0.0031240870341085357
0.39269403250022317,0.011179694325903896,-0.004476101515522883,0.0003682096948825774,-0.007213281663793247,0.004609334085039596
0.3927729257704389,0.007698670317979847,-0.005508485046548696,-0.001733385607585217,-0.007042097629428042,0.0028226524933832576
0.3928518190406546,0.0052509875917350415,-0.020879895164008795,-0.01871205240095587,-0.010288172036098636,-0.008845954145360754
0.3929307123108703,0.005797781298563594,-0.014304414073737151,-0.012624876082165339,-0.005326582204316412,-0.006932951383744663
0.393009605581086,0.011093003163905248,-0.0030021586705889056,0.0013877844226588036,-0.002841540344761745,0.002811702940625436
0.3930884988513017,0.01971344143725628,-0.0031250028607786927,0.0024605727933497573,-0.011564054121570518,0.008888537133412262
0.3931673921215174,0.02765730570117397,-0.006780618810576684,0.0004191729213268675,-0.01693997400575953,0.010468441217108852
0.3932462853917331,0.03232623653371196,-0.007898180943805231,-0.0007078456390592111,-0.012428568228195517,0.0068664408565948225
0.3933251786619487,0.03338238061619495,-0.012773551928812608,-0.0050719608725979986,-0.013162689156959404,0.0038078517325144017
0.3934040719321644,0.031944070043884075,0.0013597162990870543,0.00992636396445784,-0.0077633127621279125,0.012598205722772938
0.39348296520238013,0.03136828737795081,-0.005145626577970102,0.0031919170064545663,-0.0044106586129462454,0.005196052357420005
0.39356185847259584,0.03284605451861014,-0.013251488570490636,-0.00627538699833055,-0.008161081560565725,-0.0001483609843945409
0.39364075174281155,0.03231121102477711,-0.005057473280052528,0.0006515359714633357,-0.008775505541913881,0.005770801334606037
0.39371964501302725,0.027493046947388973,0.0005831110277851659,0.005258213472665347,0.005449362133392547,0.0009549777675538224
0.39379853828324296,0.020857100754161254,-0.011366194843168994,-0.0071223144493336756,0.0017059218655489105,-0.006728337689896357
0.39387743155345867,0.014993813134594582,-0.008423064258241355,-0.005801288625987829,-0.00143462880827387,-0.003791356991282578
0.39395632482367426,0.010834146086679602,-0.00592463538275786,-0.0056560505180264795,0.0007630616618051819,-0.004989325176399591
0.39403521809388997,0.008614149626921926,-0.014970772896387208,-0.014460465504132311,-0.012806241108500066,-0.00393133097670548
0.3941141113641057,0.008647273014410681,-0.006642354454868692,-0.006771760733988553,-0.013076880952625028,0.002394081490000993
0.3941930046343214,0.011037890281479782,-0.0014269047388480516,-0.002420689796239516,-0.007100651162320029,0.002306835133570253
0.3942718979045371,0.014696466922999947,-0.0026385241074655683,-0.003373508552890695,-0.011934893313246646,0.004434723102180801
0.3943507911747528,0.017606621764715107,0.0136977437244831,0.013571914393439723,-0.0037744855086592655,0.013134389980983721
0.3944296844449685,0.01857264284367588,0.011306639561389715,0.013132015082709655,0.0007342712692470571,0.010085648025603302
0.3945085777151842,0.01738661328847061,0.0026786076231900607,0.004581866397464921,-0.004095756208650304,0.006121644178371728
0.3945874709853998,0.014537084975903124,-0.0014509061849417807,0.00010706593708845816,-0.012114319556562812,0.007331561193064557
0.3946663642556155,0.011190713355993243,0.008449650487879929,0.007752216820219258,0.005093053932981902,0.003166993357031357
0.39474525752583123,0.008916438230873333,-0.00300573116983791,-0.0039007194335412693,-0.0013083688148340376,-0.0023436601405145484
0.39482415079604694,0.0087331762858197,-0.013984701835278366,-0.014289673311879966,-0.012671780084535568,-0.003874819698425371
0.39490304406626264,0.010917693568880076,-0.014526730073869225,-0.013600724563740218,-0.013216893419804874,-0.002996454618616561
0.39498193733647835,0.01504947917264121,-0.014238191903422315,-0.010452181543868096,-0.01261534442920845,-0.0008321589852214267
0.39506083060669406,0.0190231377985067,-0.009425395469108455,-0.005344554899008988,-0.004024216272138108,-0.0018765364401994316
0.39513972387690977,0.020045571951088487,-0.008108021801665052,-0.003944418937208594,-0.0003447735185194736,-0.0029549884025884808
0.39521861714712536,0.01761693445576719,-0.012425398042820933,-0.007317828800311131,-0.010051928123283982,0.00014703813935773566
0.39529751041734107,0.012985394915373668,-0.004656686340666746,-0.00043358076194914097,-0.0055735030268986635,0.0029859862289597933
0.3953764036875568,0.007568817582502761,-0.0027680739131418592,0.0005279255629596285,-0.007255457524552166,0.004762560645152968
0.3954552969577725,0.0030697374243154065,-0.017796100612622694,-0.015351576531547666,-0.016969657714543507,-0.0021556624627602225
0.3955341902279882,0.0007208940161154432,-0.016072935449014347,-0.014749425776685372,-0.014899797073760745,-0.0029108775929682714
0.3956130834982039,0.00018441968994328145,-0.00741882391491495,-0.006595068728632463,-0.01045000784399882,0.0009644538099321801
0.3956919767684196,0.001296987175642941,-0.004300395366458585,-0.002344645263806029,-0.012093151682796852,0.005353991386007579
0.3957708700386353,0.005139118809851217,-0.00166734004668813,0.0027144243894966086,-0.004669516507713817,0.004968201718419722
0.3958497633088509,0.012654677872906656,-0.012120477215189206,-0.008067099454727554,-0.0037224504145739108,-0.004239079778614122
0.3959286565790666,0.021653632363434663,-0.0033551729425943654,0.0025134496837143448,-0.0001327592029028351,0.0020937607018580817
0.3960075498492823,0.027538010625242932,0.005503774507861302,0.01321819654982314,-0.006196715904793826,0.01429938897333618
0.39608644311949803,0.028539368007858352,0.01309019752270239,0.02227636927251485,-0.011730472525782777,0.024867271738563023
0.39616533638971374,0.025691857969750757,0.012828689459836916,0.02133587821870293,-0.013631897022349649,0.025250485769413574
0.39624422965992945,0.020519079053611278,-0.004864957306593833,0.00043603065718662067,-0.01201284441509805,0.0075345017759902745
0.39632312293014516,0.01516207894499042,-0.003382678880126775,0.0006593440706514081,-0.01025856406372856,0.006664133246846523
0.39640201620036086,0.011683624570247974,0.0029988901114051084,0.008388106305915046,-0.008974579751543758,0.012089908579278096
0.39648090947057646,0.010055904959140115,0.0015883805315115506,0.00582102935735086,-0.0001013998387148817,0.004725827642289944
0.39655980274079217,0.009073137780426146,0.0030451637753425957,0.003939171498802971,0.010278828278111826,-0.002990775759769126
0.3966386960110079,0.008199494809714441,-0.007551640324441033,-0.005723157560851199,0.010021419973953512,-0.010580410796535223
0.3967175892812236,0.00724015646866058,-0.011819505501423177,-0.008365087044025278,0.011510529291595888,-0.013588218526068192
0.3967964825514393,0.005919034436579532,-0.011641040030860915,-0.007412685215534491,-0.0033996890276072464,-0.0039076053093291836
0.396875375821655,0.004290070506400646,-0.011969554824845765,-0.008843527176936036,-0.01582759121398313,0.0023788069867208346
0.3969542690918707,0.0026975707509035874,-0.019364143865190135,-0.017153394192154305,-0.015398160489473178,-0.004540346359763424
0.3970331623620864,0.001524195720922434,-0.017632890052093852,-0.015712236473815977,-0.015210928032141732,-0.003496762008615261
0.397112055632302,0.0011708483397633856,-0.008423781232269719,-0.005599264591657898,-0.015020567630817274,0.004496568018059244
0.3971909489025177,0.001710592028539905,-0.011996407047929898,-0.0112235231594717,-0.013009077366013566,-0.0012149948458208706
0.3972698421727334,0.00267375850296144,-0.015475217913404954,-0.013707342721226758,-0.006563681348300984,-0.007060851564115317
0.39734873544294913,0.003351753296049555,-0.00815377786030558,-0.0036805626135732144,0.005188944821034387,-0.006053148096753272
0.39742762871316484,0.0032211087836688523,-0.009303400556828965,-0.0031562361751563506,0.0031776450019417968,-0.004430005561504913
0.39750652198338055,0.0024569016963084246,-0.008746523948135134,-0.003495161866010956,-0.0064226843338229655,0.0010401939856086186
0.39758541525359625,0.0018055014022833298,-0.0018772119458583074,0.0005268065537491274,-0.0035394686080225733,0.002539116409626027
0.39766430852381196,0.002273149633733925,0.00373579988770406,0.0024560299475026625,0.010502372065547043,-0.004313182178849368
0.39774320179402756,0.004586791647344539,0.004460000320727434,0.004037262838525546,-0.001620465458062073,0.004204762698024277
0.39782209506424326,0.008074420639076678,0.00764082867464404,0.011140285696560746,-0.0070686793164021905,0.013155602040164116
0.39790098833445897,0.010849653866790283,-0.002865774125908565,0.0024658102126378654,-0.005999355010079918,0.005564332474080552
0.3979798816046747,0.011640945654397657,-0.007977497076088781,-0.0034377987043369006,-0.0007368693053563494,-0.0023144586050716006
0.3980587748748904,0.01052512862054596,-0.01792893672344538,-0.014803091025856295,-0.012481675938862966,-0.004400136323911698
0.3981376681451061,0.008542042303546285,-0.016776239392064757,-0.01346947621553159,-0.018697880755902854,0.00038718277546689433
0.3982165614153218,0.007535467512748143,-0.00310073528701301,-0.0008164833139438556,-0.015777960516429098,0.008782988428593158
0.3982954546855375,0.008563023229131494,0.0004970045872574425,0.0027989080891607635,-0.013763520057841941,0.01047533822539929
0.3983743479557531,0.00993952961076336,-0.003791806163101522,-0.0011353443769493922,-0.015799358036142283,0.008540240366843664
0.3984532412259688,0.009389864280041241,-0.009929841298573735,-0.008002007929806446,-0.015206983302894246,0.002682130598615646
0.3985321344961845,0.007007011549444705,-0.012277017451997248,-0.010476425020457729,-0.01498193227562623,0.0005639623563978654
0.3986110277664002,0.004139316472120541,-0.008650688129350798,-0.0077214524155125785,-0.010593307899770678,0.00014732699205132914
0.39868992103661594,0.0020300843112004935,-0.01234916337729265,-0.009941274075426757,-0.007988782060626377,-0.003189743202588164
0.39876881430683164,0.001420739169149349,-0.025632359873419018,-0.021513497726879,-0.007898233390646022,-0.012521163057424671
0.39884770757704735,0.0018499851317968113,-0.0232953633933834,-0.020823936683071448,-0.006505707736585567,-0.012800819748493201
0.39892660084726306,0.0021974645949664074,-0.014752669740535056,-0.014354501865607635,-0.0005918469501112307,-0.011150666134315423
0.39900549411747865,0.002001759801510681,-0.016641877342404573,-0.017741952701872832,-0.009325229155943434,-0.008643952379510308
0.39908438738769436,0.0014800109039080018,-0.007980145544061968,-0.010301326361126052,-0.006949510695628119,-0.004099898182871958
0.39916328065791007,0.0011507073424774944,-0.007695396974633915,-0.008674620138279689,-0.008920103401379468,-0.0016174405812940207
0.3992421739281258,0.0012562355850888138,-0.011735745263446602,-0.01150071601914501,-0.01050763999923796,-0.0029333129149864256
0.3993210671983415,0.0014655948189874147,-0.011062310487190165,-0.009762053071233562,-0.008666018375788637,-0.0026410472792922227
0.3993999604685572,0.0014714493173443384,-0.011742959006371245,-0.011733193624768226,0.0002033711706629581,-0.009525198274915422
0.3994788537387729,0.0014463419525818245,-0.014546930166737596,-0.014921749338546519,0.0009540031952363104,-0.012529688120497927
0.3995577470089886,0.00193471076749422,-0.011222205583229306,-0.010232868500016838,-0.001578702632431601,-0.00725698786487269
0.3996366402792042,0.003372438028118138,0.006020140066989912,0.00696676460206002,0.013725790757052768,-0.002625933050513616
0.3997155335494199,0.005372919276894889,0.0054040907552174635,0.00876422545341363,0.011863561667422817,-7.124940848305268e-05
0.3997944268196356,0.006625012269366051,0.007175617889814095,0.014084216013384323,-0.004838073098631025,0.014180979399864726
0.3998733200898513,0.006096729260039406,0.010222466105646547,0.01588843462554975,0.005673360628686542,0.009341678030289622
0.39995221336006703,0.004120219591642448,-0.015694750852331237,-0.012986252015098827,-0.0039153627019967024,-0.008066540004597996
0.40003110663028274,0.0018968618141562959,-0.00787190731831277,-0.00564785159247373,0.0018203761553914747,-0.005615101224355932
0.40010999990049845,0.0005109984516385311,0.01944178499684338,0.02384050185441293,0.0161578550525321,0.009448970253528454
0.40018889317071416,0.00035505444663527466,0.014638618113185625,0.021110503143626645,0.012696786415589838,0.009328956422758295
0.40026778644092975,0.0011562223960972192,-0.0069220446722158295,-0.0002811872519966787,0.0006836033644664302,-0.0006342064370333452
0.40034667971114546,0.0027431468388311943,-0.017879522185434565,-0.013108326808095535,-0.002331324783051368,-0.009111638805327914
0.40042557298136117,0.005855628370272725,-0.009799907463479656,-0.008098881476767798,0.003037818492790217,-0.008307541130102597
0.4005044662515769,0.01216668946777625,0.009552775410336726,0.009314174832457608,-0.001720138992364784,0.008493494140434741
0.4005833595217926,0.022877322549528605,0.006770393037065937,0.007538215669701841,-0.01031794869260879,0.012212301998851972
0.4006622527920083,0.03563770927094531,0.0008858235586172909,0.004781194314955271,-0.013142246541514224,0.011692257147464198
0.400741146062224,0.04503775116675422,0.012261206146198795,0.01963003353423305,-0.006421156978546975,0.01957221909762811
0.4008200393324397,0.04840424514782179,0.024827439896446646,0.0305687001464892,0.010243779051989043,0.018381359006694187
0.4008989326026553,0.04660852354913802,0.01576362778229834,0.021631284018349368,0.0019055978687157612,0.016198237616658062
0.400977825872871,0.04142587417506606,0.004519449609998819,0.011774409176008794,-0.013831662092205458,0.017708486004220685
0.4010567191430867,0.03585070635334422,0.015704248192408204,0.0214830949950126,-0.004707321122252619,0.02003278795605104
0.4011356124133024,0.03270730199433992,0.020938771436570885,0.02583788006080579,-0.0003642854534179724,0.020927494248093613
0.40121450568351813,0.03181013991417923,0.008045404588769775,0.013207953796721416,-0.01612003697462279,0.020225862840290144
0.40129339895373384,0.030865603775359983,-0.0005691128684226471,0.003503080817463542,-0.012772338821918236,0.01044674496905751
0.40137229222394954,0.028787273533704028,-0.002920762194663593,0.000544032189702032,-0.005895483538904462,0.0039620529729612304
0.40145118549416525,0.0261084284346421,0.018939617996098643,0.023180658537120157,0.011631714366204464,0.011625926237917455
0.40153007876438085,0.023268711670378247,0.04537483118536656,0.05210068906172361,0.025586663419438875,0.026508231678753505
0.40160897203459656,0.02018595193721798,0.030043846238499226,0.03919787601872065,0.011000202127005714,0.024853317967658002
0.40168786530481226,0.017088967144911243,0.004019719153431748,0.01082059349658469,-0.0029855671151978046,0.010457573564352765
0.40176675857502797,0.015009603874886406,-0.0012883327877820355,-0.0007718060438230964,-0.005635657089622393,0.0027520954690737087
0.4018456518452437,0.015060440000027675,0.011001705288497619,0.007375079168928224,-0.007934674865160675,0.010656134897396396
0.4019245451154594,0.01772362547917342,0.021922830359751466,0.01823144621928794,-0.011042222173959396,0.021214406801363404
0.4020034383856751,0.022644954234377002,0.01989311843223291,0.01763526435905521,-0.012765218940460083,0.021766976168008812
0.4020823316558908,0.02804964366058001,0.004948728359853849,0.005227297343132831,-0.00938454392805399,0.009802109511794665
0.4021612249261064,0.03107504146786301,-0.0011490015404847795,0.00040322138033169024,-0.005581237963525023,0.0036612513452765286
0.4022401181963221,0.0304999913542305,0.009153592572009563,0.012368660908637067,0.0026085160034609468,0.008353009094356333
0.4023190114665378,0.027167275487063696,0.018028308311242348,0.02344506172977122,0.002204543448493824,0.017473639779319625
0.4023979047367535,0.02255631913947802,0.005713437251782538,0.01044969036025477,-0.00012483028770212374,0.008449524559802267
0.4024767980069692,0.018536218449997907,-0.01372746840738125,-0.01003600076514564,-0.0029600937183316195,-0.006273081954878546
0.40255569127718493,0.016385546641714127,-0.01787443428951614,-0.01254998110970788,-0.006291342502047141,-0.006295971653667239
0.40263458454740064,0.015052556160513944,-0.015156854810492022,-0.011733100250324986,-0.008296296869495698,-0.004442125427193734
0.40271347781761635,0.012258543390461205,-0.008777699838833544,-0.008642002717398154,-0.012139780825835113,0.0003344363074515478
0.40279237108783195,0.007841679739294234,-0.010303853023622671,-0.009808692470438527,-0.015825414267020544,0.001603797767961395
0.40287126435804765,0.003912472223578218,-0.011307740238191831,-0.010819666238971137,-0.006038400353201222,-0.005060267491029178
0.40295015762826336,0.0025463687111402416,0.005469532733258604,0.0065224463130062246,0.008481416141164518,0.0001547869814461537
0.40302905089847907,0.004365916257720771,0.009924651883688063,0.011389643964521641,0.01292927964926199,0.0013958941606054558
0.4031079441686948,0.008673900677222903,-0.0056703872959154265,-0.0016691843450417983,0.005474103390724885,-0.0046117473973539495
0.4031868374389105,0.014354989083359696,0.0006565348944912485,0.004482940622569174,0.01076945275915146,-0.0028484155439325244
0.4032657307091262,0.020736719853354492,0.00531100327986842,0.009090345287440262,0.004440964153890966,0.00462950291651364
0.4033446239793419,0.028466114385498,0.00944968645071746,0.012084377170163713,-0.001506321106338154,0.010585835559933513
0.4034235172495575,0.03949931576214919,0.028607629953087858,0.030326788150995876,0.0073901653125988285,0.019892669533512014
0.4035024105197732,0.05258605423871592,0.032468644455464137,0.03638574413448973,0.005262730780546736,0.026023972727392587
0.4035813037899889,0.06156430633419984,0.027944958615252098,0.03197751614316559,0.0009194428359568089,0.025083106777626294
0.4036601970602046,0.06295128549443704,0.026526871271283833,0.032541132001647155,-0.005121346399709678,0.02914430916112509
0.4037390903304203,0.058408701042034286,0.032703853635803845,0.04147483147358464,-0.00864803669501154,0.03841319745633413
0.40381798360063603,0.05025958410400897,0.028673440468948576,0.03637559802964316,-0.004421737915987774,0.03180065316002808
0.40389687687085174,0.04091957238641813,0.013875192879237287,0.02081126932420601,-0.012848066022049109,0.024361454257801465
0.40397577014106745,0.03354124942327588,0.00720396391189209,0.011732687276055963,-0.016256795510210597,0.019125594006218608
0.40405466341128304,0.030058213250615265,0.0075087747579347915,0.009968171337434736,-0.012390497806277639,0.015399150891456086
0.40413355668149875,0.030330402250344324,0.015085248073142269,0.016332587987512574,-0.0005599859255162656,0.013424906650048588
0.40421244995171446,0.033132352781656084,0.01882052393379559,0.020545449442677513,-0.0005847281705926155,0.01681658643510948
0.40429134322193017,0.03641581851387792,0.007210723273708886,0.010410492073621005,-0.008004933147269477,0.013130680158682271
0.4043702364921459,0.038284819705372806,0.008795437424157785,0.011073059770557524,0.004522486180607858,0.006169947915233091
0.4044491297623616,0.038658294653160806,0.017412872848510955,0.020197449681350083,0.015975513106658287,0.006636129870325308
0.4045280230325773,0.03843871938985433,0.005244467406996536,0.011299754330089886,0.00026798811867792045,0.008895923790669032
0.404606916302793,0.038086771608343416,0.0062542470398159,0.011668018989631407,-0.011826585863501939,0.016424010573101725
0.4046858095730086,0.038032829064479384,0.011934400338244916,0.012776781751602052,-0.020708392472760358,0.022625024932326192
0.4047647028432243,0.03979915776602308,0.012219271394877449,0.008394363977269203,-0.016875059337958763,0.016820508707182578
0.40484359611344,0.044899981991358265,0.03492673700477049,0.031153533727895245,0.005646615784935244,0.021597682788846117
0.4049224893836557,0.052178873241120895,0.03268503650767426,0.032703842048116896,0.003115142049075747,0.02435367963905705
0.4050013826538714,0.05766914110233646,0.018854804092717378,0.022709254556008956,-0.008268497727744267,0.0231444725479091
0.40508027592408713,0.0576952881978208,0.007094064232681612,0.013106047376766971,-0.012600792351164196,0.018039363244684095
0.40515916919430284,0.05148769362465552,0.0032502837959937467,0.012073073361493668,-0.007184304356923381,0.013972278723751452
0.40523806246451854,0.04042897115060804,0.01976739883545992,0.029864706803839944,0.0034765278376382093,0.021860834573550085
0.40531695573473414,0.02793708058507672,0.013645962700888683,0.022842396027004535,-0.006826106066739523,0.02238890224340556
0.40539584900494985,0.01808082994877949,-0.008411651504391883,-0.002349783847855245,-0.01671018896306861,0.008111813008653464
0.40547474227516556,0.011760393317448522,-0.012217535441569654,-0.00968207361327674,-0.017772468604080317,0.002870038686734121
0.40555363554538126,0.007105765202507421,0.003426755180359658,0.0036479501085300513,-0.0058089780151191605,0.006397850945291344
0.40563252881559697,0.003037392429950488,0.027318181477546496,0.027649978342646528,0.004376233189420831,0.01954711981493807
0.4057114220858127,0.0005733158620193012,0.021340855783794913,0.022003865929075297,-0.010695361085808215,0.02403004651261446
0.4057903153560284,0.0017519969047152975,-0.002315757879149626,-0.0034395785318063533,-0.012629987188745142,0.0047975532789906235
0.4058692086262441,0.007405127099103282,-0.008475777776954565,-0.008161526860452704,-0.0079726091872767,-0.0017728628897007682
0.4059481018964597,0.015084507623205042,-0.0040339583969770864,-0.0011895267975087732,-0.01236526462942249,0.00644253526390363
0.4060269951666754,0.021440433458224377,0.004167315458593855,0.01029246859121464,-0.013312143893038203,0.016210267481943767
0.4061058884368911,0.02513374645422902,-0.004017916193300249,0.002715835421594012,-0.010459995185094896,0.008432709908521126
0.4061847817071068,0.026627383879003156,-0.007202166577524527,-0.0034357433246753727,-0.009356668741265797,0.002842684037689677
0.4062636749773225,0.028029810282214934,0.01194303577170409,0.013244541193809805,0.0008005515483475451,0.010136204930332267
0.4063425682475382,0.03106556596600358,0.017367282272427245,0.017796850505222214,-0.0071099670814209525,0.018514884322978136
0.40642146151775393,0.03360868994647464,0.017117252174010812,0.01731764819693035,-0.013193061588224165,0.021768319050410607
0.40650035478796964,0.0320094040082528,0.011871743484749375,0.010618354158063217,-0.009280822260809158,0.014060314332868761
0.40657924805818524,0.026333322132464504,-0.0005323451763898588,0.0001298185034321271,-0.005468354978233144,0.0033746226166774243
0.40665814132840095,0.019353712963638272,0.00827281869238338,0.012741114271147247,-0.009015427498090436,0.015602699923084072
0.40673703459861665,0.013382596100036294,0.00016574547097584908,0.005455757401730234,-0.013320706077998295,0.012339573528277718
0.40681592786883236,0.009302996191562158,-0.01643543042017216,-0.01270985791673925,-0.0177639579546078,0.00043755571069295496
0.40689482113904807,0.007190731747722467,-0.013400839026229327,-0.011472313945237159,-0.014859145772202589,-0.00030785272614934807
0.4069737144092638,0.0069604125044049345,0.0012412307123449476,0.003203224485457358,-0.0025039820788736317,0.00406475542440407
0.4070526076794795,0.008497043263116667,0.024735279233135978,0.027688727765269806,0.004701285947279512,0.019383920601418296
0.4071315009496952,0.01183507701356475,0.02043443481211862,0.020756357979490547,-0.009358373344608723,0.022230978148227467
0.4072103942199108,0.016894014227653378,-0.0012321725173361547,-0.0011809505618027856,-0.01637695816564513,0.008849230833047865
0.4072892874901265,0.022560586403699918,-0.0058060586721539725,-0.005516544473931338,-0.011503950285720575,0.0024593167592961767
0.4073681807603422,0.02723600433737963,-0.005264832049586313,-0.003069229009729523,-0.016253054221235377,0.007261716469955355
0.4074470740305579,0.030479463181727805,-0.0021458600508723648,0.0019149899106602952,-0.017293451290891187,0.011878658517751758
0.4075259673007736,0.03277685716984632,-0.0002431111471634336,0.002796625313735359,-0.02007167718682329,0.01424734079923151
0.4076048605709893,0.03496747269958685,0.00195621372155775,0.002404835821222513,-0.02234186206422982,0.015291717705979377
0.40768375384120503,0.03869343655680686,0.014643772911582054,0.01287194951582174,-0.01231521586655734,0.01768098303740302
0.40776264711142074,0.044841020589739225,0.020930379519212512,0.02073566682914291,-0.007378316169753395,0.02103058093070874
0.40784154038163634,0.050158849995384044,0.021304456847422288,0.022351475931614257,-0.004449422434384076,0.020574638163877803
0.40792043365185204,0.049914958773847294,0.01868195092374281,0.024056025065038192,0.0036748527936262356,0.01708457423421297
0.40799932692206775,0.04359764154206386,0.008413680591801124,0.015500565693583778,0.006847206159268881,0.008328814979735609
0.40807822019228346,0.033551283420060786,-0.008378348517941881,0.0006828245115368299,-0.010038868144516547,0.006551540840051823
0.40815711346249917,0.022689336588944422,-0.011841924339808425,-0.005314939377090602,-0.009191064519399213,0.001237486161614587
0.4082360067327149,0.014308917939722126,-0.009590301149505927,-0.006045957161789128,-0.005502851983015909,-0.0015543469040340428
0.4083149000029306,0.009617533650771892,-0.007162573262532831,-0.004738570577197278,-0.00543055127769775,-0.0005497488389276675
0.4083937932731463,0.006663955571758621,-0.004734120243934222,-0.003109883381852499,-0.008181834678809365,0.0024011504023358303
0.4084726865433619,0.003763018577005558,-0.0007916235203434047,0.0007892590808788096,-0.013834797963621553,0.008907445907232798
0.4085515798135776,0.001347871109715802,0.003129884631464117,0.0028536649053486217,-0.015146087870401713,0.011346271770061263
0.4086304730837933,0.0008635335815587551,-0.0029633541256326164,-0.001055557454401971,-0.015220048715080123,0.00825762740918331
0.408709366354009,0.0031650527087021384,-0.006462210380167395,-0.0028310571881057173,-0.01486062393691172,0.006619621400058065
0.4087882596242247,0.006980424582585079,-0.011433600432161111,-0.00788255155069067,-0.01038071962933626,-0.00010895506277508637
0.4088671528944404,0.009633301021083016,-0.014765617046391094,-0.010168429403117308,-0.01349101148726366,-8.093140641807479e-05
0.40894604616465613,0.009580834541247916,-0.013171389064427589,-0.009400803278261392,-0.009779139956543656,-0.0016857354509507154
0.40902493943487184,0.007424304849512128,-0.020488927553463366,-0.016715963179307795,-0.016227938892755537,-0.003693314729426346
0.40910383270508743,0.005110972652898046,-0.01567259204982828,-0.014281637734779825,-0.012204817631876997,-0.004147653053536076
0.40918272597530314,0.004163913418950378,-0.0031284523421500096,-0.003201410436699484,0.006367729938386394,-0.006374178611555527
0.40926161924551885,0.004306137150793563,2.9594562024459095e-05,0.0015970089504963557,0.00768232321267573,-0.003314880789675688
0.40934051251573456,0.004259139875880676,0.0018433103857199637,0.005605394462359832,0.005771181681802627,0.0010407588284557258
0.40941940578595026,0.0033322715890341074,-0.003886876430541736,0.0017478606780563987,-0.00026829503098728413,0.0015612543537951804
0.40949829905616597,0.0017640443318870421,-0.024243447859013088,-0.02044346670121171,-0.008721151737723037,-0.011171182327844864
0.4095771923263817,0.00043570247884846863,-0.019730701882614103,-0.01595340508695918,0.006943833778973098,-0.016938179608352213
0.4096560855965974,0.00019216022135482634,-0.009225219781125765,-0.0035088550049233126,0.010740434448151278,-0.009235974262690695
0.409734978866813,0.0008897868191071858,-0.007306347869964523,-0.0008669195859734915,-0.0011766152735492173,8.941232358866902e-06
0.4098138721370287,0.0015939391624782248,-0.006943412139780452,-0.0020560701388062106,-0.010595105127479045,0.004689201272896526
0.4098927654072444,0.0015975103928016227,-0.01446835479178733,-0.012882629947000051,-0.015066429610760431,-0.0013145163068779143
0.4099716586774601,0.001243229659248669,-0.000378619447304041,0.0008225492625730299,0.0026743637352407874,-0.0009402875164799323
0.4100505519476758,0.0019704123148021934,0.016501700687825735,0.01837790113382886,0.0040109005071763265,0.012331409115862332
0.4101294452178915,0.005130866513850055,0.009314946276441635,0.013316767389035132,-0.009728747240646462,0.016490594219556926
0.4102083384881072,0.010376806589361676,0.0019933776214502387,0.004017562686501784,-0.012983334605681213,0.010985250412869187
0.41028723175832293,0.015738400013060636,-0.006563203140799633,-0.005128542470856297,-0.009813359103579224,0.0017590934144451537
0.41036612502853853,0.019794045049525998,0.003222344727966503,0.004108951228692695,0.011145790429853733,-0.003373269967195918
0.41044501829875424,0.022720386547541837,0.006414340600945095,0.00801056802154991,0.0029588235446085884,0.004650463236928718
0.41052391156896995,0.02644702795680025,0.003467073207898077,0.0045906820992558574,-0.004947776472072237,0.006638289973138062
0.41060280483918565,0.0327652719637141,0.019417500290163345,0.0190756691491119,0.006379079840195182,0.01147485633227484
0.41068169810940136,0.039745774079230384,0.014057823760275841,0.01698515467844333,0.006006927008616417,0.010021413522981946
0.41076059137961707,0.04348910080960359,0.01913445704238033,0.026089469142189906,0.013735007500022534,0.012701485496706555
0.4108394846498328,0.042056947645045195,0.017592888612604274,0.02687836632422982,0.011061788740410443,0.01493229015432316
0.4109183779200485,0.035702477379294086,-0.007133901822907249,0.0016050237416744932,-0.010044673114637869,0.007294078035350564
0.4109972711902641,0.0265397238839946,-0.01079473201350212,-0.004210594036969392,-0.007576149056578575,0.0011566949257489213
0.4110761644604798,0.01845881632401476,-0.0052042448649468045,0.0006923952829226751,-0.009153725166381126,0.006029772334780633
0.4111550577306955,0.013523363342978809,-0.002841671004037383,0.0029249395806993646,-0.013239887388235914,0.01026310884312848
0.4112339510009112,0.010213556502990441,-0.0024097305595457935,0.00137824048822072,-0.016606316870409032,0.011037434293304343
0.4113128442711269,0.0068904636622576804,-0.016146690166879675,-0.014577958566357848,-0.019749888663314348,0.0001276972509532304
0.4113917375413426,0.0036693990281235424,-0.019036554954762377,-0.016238307028707936,-0.013271906595658214,-0.005078234593594092
0.4114706308115583,0.0013025708639544866,-0.013784451816583708,-0.009848837297174713,-0.01721545847899996,0.0024031372514094706
0.41154952408177403,0.0002302622704429053,-0.015435580768652516,-0.012324854370808968,-0.014777269950019989,-0.0010402984412284592
0.41162841735198963,0.0003069820106034633,-0.014435090346106752,-0.012279677501211152,-0.013225210275290519,-0.001932402782311412
0.41170731062220534,0.0007303497645676207,-0.012739706315322561,-0.01365275297625674,-0.008994978175270058,-0.0055631257767304
0.41178620389242104,0.0008024211336859761,0.00015336523512221175,-0.0022639618829427793,-0.002706606845918208,-0.00019562966268263753
0.41186509716263675,0.0005759522086822139,-0.0060378539414414276,-0.006181268307014564,-0.013871467768643661,0.0033426873845904138
0.41194399043285246,0.0005980185293654805,-0.017400076687788358,-0.016979269855528473,-0.02001925016335543,-0.0016367583979664587
0.41202288370306817,0.0014077864238414139,-0.01857700803510167,-0.016496519732565103,-0.013051175845878534,-0.005417273789743377
0.4121017769732839,0.002958312787564499,-0.020109179311410173,-0.016752880271203814,-0.013654228210250639,-0.0052621725321306805
0.4121806702434996,0.004523992937421938,-0.013531432940003309,-0.0067164929977174504,-0.010111617446296768,0.0006647289302989706
0.4122595635137152,0.005302385228878469,-0.002551048907689169,0.0037609689804432075,0.0028247816915502127,0.0013247193565736981
0.4123384567839309,0.005275353122498951,-0.013268375687550042,-0.0071026198220372335,0.005013387410852948,-0.008690627504278447
0.4124173500541466,0.005693661093264594,-0.022591374545708552,-0.0159848371577117,-0.0022849245820976472,-0.011445083747161893
0.4124962433243623,0.008326635881436536,-0.016996676374160375,-0.00906364562438294,-0.011876531149092456,-0.0001610034031643175
0.412575136594578,0.013143311715680913,0.00011109573143004719,0.008255692610520017,-0.01215204783453234,0.013884262271444068
0.4126540298647937,0.017283012169553774,0.022691376684295717,0.027679315769935372,-0.0015891866705037517,0.02313588046237791
0.4127329231350094,0.01804618743776665,0.0231539424753548,0.026147176034292074,0.006097386481205184,0.017313293970284294
0.41281181640522513,0.01530433031702631,0.005486038909590772,0.009363890250714862,-0.006066235769029126,0.01113249457758633
0.4128907096754407,0.011265559934581748,-0.012109854880606626,-0.007736549558261561,-0.015587759015955648,0.0031226976192497606
0.41296960294565643,0.009293205178946039,-0.014069438975179139,-0.010998032386869338,-0.017847206471066163,0.0018597699155441893
0.41304849621587214,0.010782692328613253,-0.019164102669909,-0.014959616142975403,-0.01474571456850614,-0.003171559297491045
0.41312738948608785,0.013838515292927319,-0.01467187898209024,-0.011092108599512585,-0.0026322011398063954,-0.007315655446207015
0.41320628275630356,0.016405678398896797,-0.014324599777669818,-0.010198227816501393,-0.0014831669798134562,-0.00728635663960017
0.41328517602651926,0.018204814970165916,-0.01720584841017585,-0.013232239577849624,-0.00649266016683383,-0.0067224758833886065
0.41336406929673497,0.020563853401864632,-0.008799201255547652,-0.0060477840834660375,-0.010337318884845355,0.0013357113822469713
0.4134429625669507,0.02522599560461303,-0.006221300963674992,-0.005301586572238739,-0.015749488849518902,0.005171215714322769
0.4135218558371663,0.03103761782152691,-0.0006839328116681889,0.0004094616561038324,-0.009474289358502396,0.00599476388218838
0.413600749107382,0.03385528144819467,0.003540097868797455,0.006986653972532347,0.006142114604211117,0.0019259755150036705
0.4136796423775977,0.031440654914037525,0.024646450600493093,0.029787766999463547,0.031314737089458575,0.00515697954245688
0.4137585356478134,0.025202883972151115,0.028682938215459138,0.03696059872197745,0.03045471163978997,0.011431632016736788
0.4138374289180291,0.01804381754733695,0.00032040452393047197,0.01095641256534822,-0.006490447181765594,0.012662441717503848
0.4139163221882448,0.012248337984720066,-0.010053078174382075,-0.0037268619916226643,-0.01876086184710548,0.008234948593650052
0.4139952154584605,0.008651608755357006,0.004035037684303893,0.009580098094745531,0.000998038042946424,0.007081056000376627
0.4140741087286762,0.006804223882243775,0.06381256398458546,0.06458052709532969,0.05411636979987937,0.0195237359575383
0.4141530019988918,0.005599172449376162,0.10859450812031535,0.10419930219678897,0.07913848463697873,0.03672444911903
0.41423189526910753,0.0043237276715339616,0.06400473254447979,0.06292401370595721,0.02825604333149177,0.03362425443891462
0.41431078853932324,0.003294154551881759,0.013641823090077887,0.0120811558217231,-0.009904130289538446,0.015605318013625339
0.41438968180953895,0.002973303938153172,-0.00963900520479534,-0.011006443486134507,-0.014750392796785255,5.715555790073346e-07
0.41446857507975465,0.003091603150420048,-0.0018382120885738647,-0.0042627759298722746,0.0022303118885627768,-0.004750231581439002
0.41454746834997036,0.0035258046509387053,0.024679693516228472,0.02049594867510759,0.021477325889749876,0.0035850466685825675
0.41462636162018607,0.004328069885442145,0.019996533822698986,0.013659258057892129,0.00021929001090318604,0.010816192118900671
0.4147052548904018,0.005053235833394804,-7.489191157331511e-05,-0.0038995239660031857,-0.016567070948015288,0.006784096352909273
0.41478414816061737,0.005711975631207568,-0.006765791175470127,-0.010752207842227014,-0.017920958889238406,0.0021009664835227966
0.4148630414308331,0.007219348790317126,-0.003809880489587941,-0.009630454376719057,-0.011968171059105227,-0.0005605413534045073
0.4149419347010488,0.009848112948685017,-0.006046567744342768,-0.005345652224973718,0.001662274299494371,-0.005278352547454811
0.4150208279712645,0.012077754981283155,-0.007763543071221474,-0.004406884773238633,0.008748519474376097,-0.008764222466549468
0.4150997212414802,0.012307818229794027,0.0033573106800950394,0.007198318244256392,0.022981919400628173,-0.007977927775013587
0.4151786145116959,0.010780585222439864,0.006581559588136186,0.012677605863481448,0.016344778326449177,0.0003855032605937006
0.4152575077819116,0.009574457319949239,-0.007386302710514224,-0.0030305609936088747,-0.008582726229064034,0.002704506955629484
0.4153364010521273,0.01140284829803569,-0.0004379485712137232,0.00016961577982533012,0.0007506094902007145,-0.0003129942706315304
0.4154152943223429,0.016770803665309166,0.02981081878844622,0.030124534986743893,0.028451186338626165,0.007140139417920177
0.41549418759255863,0.022878171647104338,0.09396847171571521,0.0942505249825685,0.07152923422211314,0.033159124586984695
0.41557308086277434,0.02655158181508249,0.139475540055792,0.13761553910947938,0.080297999229991,0.06340097018963035
0.41565197413299004,0.02647547739277905,0.08281020641815538,0.08527609306062355,0.030863720396652417,0.05009453219234128
0.41573086740320575,0.02376831598425091,0.01879564090125816,0.022316287469093195,-0.006541506448182625,0.021797102723262476
0.41580976067342146,0.021372547676757784,-0.0007242418665092513,0.003369999057779594,-0.003529332829844865,0.0048116597828060485
0.41588865394363717,0.020800161238762393,0.017281055342468453,0.0220050866980902,0.018373323839659703,0.006651971648024322
0.4159675472138529,0.020253470517508615,0.043416677535724035,0.048305384552464886,0.031579968458790374,0.019877123145738404
0.41604644048406847,0.01757417347901707,0.027831740917036645,0.03137707576181505,0.01319040354285152,0.01726888142766484
0.4161253337542842,0.012930822949936879,0.0012149691987487995,0.0041538112325634705,-0.002725096927868691,0.0049588251444473075
0.4162042270244999,0.00830475618167276,-0.009790397108652085,-0.009776575687523404,-0.008183156264418857,-0.00294147706624803
0.4162831202947156,0.005760456185741899,-0.0027744139242266573,-0.005891521697696944,-0.004791259228783978,-0.0018561615278636465
0.4163620135649313,0.005826319044690137,0.0006262005958235903,-0.0008648670928236737,-0.002881968818501206,0.001030539283064907
0.416440906835147,0.007168542910227674,-0.007306024586977613,-0.00814262451227128,-0.011510408324603524,0.00035827567770284997
0.4165198001053627,0.00808700873956563,-0.016213409927494794,-0.015351443265286696,-0.011987641143677952,-0.005135229696626841
0.4165986933755784,0.007672599247590082,-0.02006524860951313,-0.016339153495033207,-0.01372779688717244,-0.004886446665665919
0.416677586645794,0.005827499177979532,-0.019972487217632968,-0.016585792937250307,-0.01447182088886643,-0.004639234512833643
0.4167564799160097,0.003386511414036579,-0.012602888968382941,-0.008135143703031995,-0.009489528541296385,-0.0008444512631518671
0.41683537318622543,0.0015396122105793646,-0.008994882050691043,-0.006305567344911703,-0.007146422200302414,-0.0007794189611015422
0.41691426645644114,0.0006752369681969945,0.006069324921615499,0.007302180015071462,0.00637157579170587,0.0020416340742666415
0.41699315972665685,0.00032076448104314945,0.03166395102254804,0.0276432893384813,0.022006452112815232,0.009002715898397011
0.41707205299687256,3.5924014244035906e-05,0.02725352496786362,0.019519389440318672,0.018803067515807355,0.0044013013376093275
0.41715094626708826,0.0002573903344714405,0.0018684207315207435,-0.0032326171937771915,0.00024046056962634898,-0.0027345404561592485
0.41722983953730397,0.002264981963792045,-0.006114208351538406,-0.01067665398336612,-0.01193596754095858,-0.0014184483721933455
0.41730873280751957,0.006823419048637552,-0.0032577934686808673,-0.004127869887960521,-0.013279264051481297,0.00463427843327754
0.4173876260777353,0.012510671870671007,0.013102365073334796,0.01269478636871255,0.0009108384282645851,0.009629616833797934
0.417466519347951,0.016533839303796524,0.021894407796395465,0.021155389823985887,0.013521023102971451,0.008872104887308548
0.4175454126181667,0.017370479294351406,0.007582781813964088,0.008321838086913044,0.004012175247892333,0.004269979442978611
0.4176243058883824,0.015855387782170573,-0.00621379741452628,-0.004113295641695344,-0.011363408178317524,0.0034999566235157336
0.4177031991585981,0.014137020263897467,-0.01532937673864901,-0.011532778829133132,-0.016592944710136687,0.0006807689432070071
0.4177820924288138,0.013481558275598384,-0.019311246129733374,-0.013618671966372734,-0.016585299727185938,-0.000996131224167525
0.4178609856990295,0.01297708970718504,-0.01083421282643815,-0.004745339038272213,-0.003246797881613216,-0.0018612460530545653
0.4179398789692451,0.011020929142316931,-0.007676934459969509,-0.0015516454177241835,-0.006308573416650474,0.0025295777423214403
0.4180187722394608,0.007850971391063045,-0.019570657330078085,-0.013015228785974987,-0.015572294711375893,-0.0011182475106740677
0.41809766550967653,0.006222967685369011,-0.021441586874263327,-0.0167133036050163,-0.01877043782315189,-0.002170463527118681
0.41817655877989224,0.009177836142632534,-0.016122722080776565,-0.01150607933754882,-0.017903438229858994,0.0014861028321784986
0.41825545205010795,0.017030210493269735,-0.00721851418382357,-0.00341717552769583,-0.01205098044921872,0.004469164245878295
0.41833434532032365,0.026322319229540023,-0.012146636862913684,-0.005901647144281014,-0.008838241510030887,0.0005562094978957587
0.41841323859053936,0.032040144066609766,-0.006045242589790467,-6.728998572544053e-05,0.005422516052083956,-0.0032970939579873115
0.41849213186075507,0.032043812513901156,0.0053225283787509065,0.01232575945780353,0.021583035573761903,-0.0030302193748496173
0.41857102513097066,0.028639273129429498,-0.0019640527334976133,0.006120472734263141,0.006054054101454795,0.0012844034638626175
0.41864991840118637,0.025382180621801684,-0.006737523909706162,0.0012154961614871157,-0.006165755300603108,0.0046618320740956605
0.4187288116714021,0.02413167205045226,-0.009933705462029506,-0.003128886844538433,-0.014410206911006493,0.00611147422481349
0.4188077049416178,0.024740355714922148,-0.006566748324858212,-0.0007986214974365677,-0.0012578473015074237,0.0001122614019961724
0.4188865982118335,0.025323859041028237,0.0065523524430398635,0.011618805335007393,0.02257237856405485,-0.004188968004671365
0.4189654914820492,0.0231457955013198,-0.001172272738468067,0.004648119000129288,0.0138235981136598,-0.004542909769136513
0.4190443847522649,0.01730624605698245,-0.010767016968265129,-0.005643524317348715,-0.0012921363390268614,-0.0037501364850382538
0.4191232780224806,0.010140016187625077,-0.008707594452342197,-0.00473390921482821,-0.006751898983733099,0.00024428121201184623
0.4192021712926962,0.0043656387175935625,-0.018321069734706905,-0.013318612583858382,-0.006924454411086453,-0.0065334931955136144
0.4192810645629119,0.0010299747296780445,-0.009725127251929679,-0.004633607031003884,0.004132287897258406,-0.006184959049172279
0.41935995783312763,2.488122367796545e-05,-0.0073912636323943915,-0.0033411927215075813,-0.007394469701263814,0.0017448279733358264
0.41943885110334334,0.0002666681741614716,-0.012814681350316711,-0.011830747216033638,-0.007961932363923981,-0.0047203660340802
0.41951774437355904,0.0008561934733094475,-0.01400448549423141,-0.011701197363998656,0.0003700536991393952,-0.009599231106459358
0.41959663764377475,0.0023315644174987686,-0.006352988394735525,-0.003670863000879125,-0.0034153838529599025,-0.000899273523932855
0.41967553091399046,0.00559951967132116,-0.001911476799981122,0.003996992068732952,-0.006134577175288128,0.006872316823118392
0.41975442418420617,0.009734967049276887,-0.012010300590669412,-0.006671658038663347,-0.021689422439489868,0.0076267339887078995
0.41983331745442176,0.012263298984135048,-0.018161810924205705,-0.01473073497895221,-0.009731975889717666,-0.005986564219036802
0.41991221072463747,0.012059305530898064,-0.0035551903846201298,-0.0013368709307118327,0.01589578365871682,-0.0105792137691911
0.4199911039948532,0.01078203086233246,-0.0005771568990788665,0.0016515536544013222,0.003053398922630177,-0.0005025910834932962
0.4200699972650689,0.0113536333444569,0.002671053566937485,0.006325698711681908,-0.00863926730568982,0.010236591851492978
0.4201488905352846,0.014960393745381306,-0.005191713479593743,-0.0018573639177864112,-0.014805166125138523,0.007366829245971783
0.4202277838055003,0.019711978216588977,-0.009981742448142494,-0.005871263672602326,0.0006239703721753214,-0.005078619824325669
0.420306677075716,0.02241461593990183,0.006409158472510228,0.010491758895736381,0.027105954954986945,-0.0078054559068217785
0.4203855703459317,0.02098056580917332,0.007672577240470974,0.01161720228233054,0.01967905480881561,-0.0024592325889511305
0.4204644636161473,0.016342563105025687,0.0026127062747109313,0.0073650969492683755,0.0016569624243798439,0.004911719924536206
0.420543356886363,0.011812477681012484,0.0033328826170762067,0.006910061602738741,-0.01242349975530887,0.012968313359980192
0.4206222501565787,0.009372713458355502,-0.015361255602729922,-0.012133031225379537,-0.01791703862463166,0.000991594947660707
0.42070114342679443,0.00828124826398055,-0.02683604656981757,-0.02076518233379816,-0.010434717601926715,-0.010404594054945156
0.42078003669701014,0.006837440680406709,-0.028788865576828988,-0.02150709882414659,-0.011516154462767854,-0.010352923252969954
0.42085892996722585,0.004578797275055472,-0.02735134914785636,-0.020337334863616597,-0.01254018948255269,-0.008802579313205362
0.42093782323744156,0.0028524528979228373,-0.020430437333402624,-0.01678161584448082,-0.008138557445546429,-0.008583611888883817
0.42101671650765726,0.0031424642929277595,-0.020986650528285824,-0.016653780497848696,-0.007172271594788644,-0.009058933678052904
0.42109560977787286,0.005727288258149563,-0.015417057241015135,-0.011766423020090878,-0.0011158576243246675,-0.008762922513112881
0.42117450304808857,0.009705651299141154,-0.010432533402751331,-0.0070904928485343455,-0.0029184993980708117,-0.0039371565257367664
0.4212533963183043,0.013990600922333408,-0.011377437632232227,-0.005346854096973715,-0.001624342492059315,-0.0033136862092972316
0.42133228958852,0.017974354075155404,-0.007020407330990897,-4.5419720870633484e-05,0.005475393682414278,-0.0033111927833849
0.4214111828587357,0.020905874495232065,-0.010589152655133716,-0.0017540489848270988,-0.007881882605516739,0.0033083823372062047
0.4214900761289514,0.022263731727600006,-0.013465155518049221,-0.003802389812662781,-0.014899286745209465,0.005864239913338939
0.4215689693991671,0.02286426247521995,-0.010289047343514952,-0.0026434315312930624,-0.018373099143493107,0.008871319595396235
0.4216478626693828,0.023713600283168376,-0.010706607475221647,-0.005739479844987927,-0.013009456634899797,0.0031811621122160723
0.4217267559395984,0.02444351749100849,0.001493580230711922,0.006765435454082523,-0.0006785835404328782,0.005827910402725422
0.4218056492098141,0.023435994462162112,0.00877756451410718,0.0108434789036265,0.00811809847740604,0.0038355858465497074
0.4218845424800298,0.01894319715280169,0.004206514922214754,0.005185228395917234,0.010212134279004975,-0.001952179974777006
0.42196343575024553,0.011175074170585967,-0.0011254549725478273,0.0012587939884538206,0.012020126799508384,-0.0061805694870323245
0.42204232902046124,0.003915583717536325,-0.0078117897116571485,-0.0046800173859140246,-0.00017262395354990053,-0.003647485442089985
0.42212122229067695,0.0014855115368721836,-0.025104690187054416,-0.0205333864715374,-0.013847282581649365,-0.00817820410944589
0.42220011556089265,0.004084879752007729,-0.025868876738631835,-0.021102184055376727,-0.011956885332559715,-0.009764696303471453
0.42227900883110836,0.008703263862291852,-0.02004602078013922,-0.0158576846495551,-0.011421512081885932,-0.005879670570910588
0.42235790210132396,0.013331366932129347,-0.013563540261738234,-0.011964338255806747,-0.01974427612666556,0.0022199353933149667
0.42243679537153966,0.018264078742555763,-0.015234257326568516,-0.011802505094087246,-0.02245937618204557,0.003974070239724054
0.42251568864175537,0.02384281211578449,-0.012740050280128664,-0.009412098273156845,-0.02311956630873733,0.006285577831259814
0.4225945819119711,0.02865401898529552,-0.005186862668686145,-0.002605349230704483,-0.010757489605508637,0.004346106975276171
0.4226734751821868,0.02971238246588314,-0.003684166520484011,0.0012707917611849075,-0.005155804666734224,0.004102091745089947
0.4227523684524025,0.024797090449932346,-0.011734949330553043,-0.007369203430496574,-0.005392051579740711,-0.0026811856995934617
0.4228312617226182,0.016745745891373873,-0.019603284718831594,-0.014992468731134623,-0.00441431963825759,-0.00937631815147127
0.4229101549928339,0.011568808811456032,-0.019050099709379854,-0.01564211188688861,-0.004522474564851921,-0.009832405897533696
0.4229890482630495,0.011796412489236591,-0.011915407900954411,-0.009440544016610377,0.0005996139761839614,-0.007924658927965459
0.4230679415332652,0.01547573134881081,-0.014701332582517417,-0.01136229404347481,0.00027349867854655445,-0.00926986456217394
0.4231468348034809,0.018266754564373718,-0.017013622484835976,-0.01152084307631812,0.000984203726075424,-0.009821947887782661
0.4232257280736966,0.01713326736107155,-0.00681782086889567,-0.002047489881863308,0.012752559919945755,-0.009268418972296195
0.42330462134391234,0.013516703248004145,-0.0023408237670545593,0.00012438631958078714,0.009662263466391695,-0.005679358356417809
0.42338351461412804,0.010276876046723627,0.00033955342714551414,0.0017296385877968092,0.009356234986646582,-0.004209798635538943
0.42346240788434375,0.008533210484998367,0.0018917535555916013,0.0026951020992815895,-0.002468680864698722,0.00363641957091755
0.42354130115455946,0.008107594208413239,-0.01750592348213759,-0.014911666678211925,-0.01654112682857322,-0.0020592544085852637
0.42362019442477505,0.008466166480262263,-0.019195064791377933,-0.014873242005627785,-0.008545011406363365,-0.006810633581946348
0.42369908769499076,0.008691747996870756,-0.019041318164974147,-0.014383552929970313,-0.0015254211855706403,-0.010615702859750085
0.42377798096520647,0.007638126268334518,-0.01926360962996515,-0.014273638903767896,-0.005120073506255221,-0.008378074813955827
0.4238568742354222,0.005360101714476438,-0.018721301427556663,-0.015011141516524024,-0.00520902107798109,-0.008916075124655679
0.4239357675056379,0.002937516362294399,-0.023654900981995148,-0.020510585808020336,-0.005091951876258648,-0.01339482805160426
0.4240146607758536,0.0013459392382849224,-0.014715198235349232,-0.013580937163994205,0.008111090703080246,-0.01573489822595329
0.4240935540460693,0.001440710490309561,-0.006695948946197664,-0.006105270874709813,0.004577930321115799,-0.007630904036210332
0.424172447316285,0.0029726622375591074,-0.017219347272969168,-0.01632549553726189,-0.01381909607675449,-0.0048208937339014575
0.4242513405865006,0.004400026462050482,-0.019831063162297585,-0.018756768127769493,-0.01637815830373151,-0.005239978250158116
0.4243302338567163,0.004686860917528476,-0.01670257171104737,-0.014409600851184128,-0.015262604276004024,-0.0024214183419092004
0.424409127126932,0.004376584406774894,-0.008038966598347174,-0.0054412336454502,-0.005540366340782916,-0.0010472355128131588
0.4244880203971477,0.004642622163603399,-0.006828931661967331,-0.006073992538135934,-0.012107804159927842,0.002373706897004239
0.42456691366736343,0.005546889313973379,-0.0098586754226143,-0.012210279558462597,-0.011645856440385753,-0.0028213779240795663
0.42464580693757914,0.005785841010090592,-0.007319261949811188,-0.00902132704264042,0.009152282664888569,-0.012703634656977896
0.42472470020779485,0.003933383091387007,-0.005007841062333772,-0.007746011032162502,0.021283548167044797,-0.01893838444914905
0.42480359347801055,0.0009427870338230954,-0.0077094303017346206,-0.008195697283928672,0.022196831010631083,-0.01984512177033877
0.42488248674822615,0.0003346621551075728,-0.003299912666126469,-0.00329751495886251,0.0070340721422895505,-0.006849740491554785
0.42496138001844186,0.003725857553081163,-0.019932990349205988,-0.017353518488757175,-0.018928279806621838,-0.0025894499680682442
0.42504027328865757,0.009152321161941174,-0.021564910484536157,-0.01698805174178685,-0.017052403510150926,-0.0034183824991485556
0.4251191665588733,0.013496016746993723,-0.017384594151101142,-0.01293925659679922,-0.012567758631376895,-0.0028543978167813525
0.425198059829089,0.015237110651085907,-0.012723201962762477,-0.009322850259542948,-0.014223851931616887,0.0010352525643287096
0.4252769530993047,0.015538797834763744,-0.0009607433272525134,-0.0015863110087441686,-0.009696121963860996,0.004527967703930917
0.4253558463695204,0.015876435577769552,-0.008034881850456792,-0.0092977787499286,-0.015506841897676604,0.001822799560217788
0.4254347396397361,0.016207785464955275,-0.0111931343621813,-0.011963475784616885,-0.006562594181942502,-0.00566362120406995
0.4255136329099517,0.015206457520189546,-0.00829638636935294,-0.007577228299969738,-0.002790071059626327,-0.004404072532178076
0.4255925261801674,0.011614642372656794,-0.015332505733678961,-0.012259935657281961,-0.005660017173375457,-0.006441023535932814
0.4256714194503831,0.007068348330644109,-0.022247403751175718,-0.017875171497610722,-0.005655941498754617,-0.010944787876608967
0.4257503127205988,0.0047733517688313375,-0.02079465478622954,-0.016975995066825355,-0.008051498162704538,-0.008791506244546343
0.42582920599081453,0.006121024310787769,-0.010724164447823698,-0.007382627276872691,-0.007269690501043225,-0.0015689640630993876
0.42590809926103024,0.010276081566597968,-0.009400628539274652,-0.007096107920308008,-0.014957612488931635,0.0032591108256976955
0.42598699253124594,0.015158667366511424,-0.011572085495609211,-0.009725644676634768,-0.014414084259136874,0.0008261533610526467
0.42606588580146165,0.01884567587911787,-0.0034056616818571904,-0.0033210141409655623,-0.002506442746755802,-0.001162512166812624
0.42614477907167725,0.020657908273758126,0.0011755309126155146,-0.0001651252493937472,-0.002166560549986197,0.0011634565861687565
0.42622367234189296,0.021190194341033048,0.006401216874874164,0.00489318174731829,-0.000907372561092658,0.004464241103998489
0.42630256561210866,0.021724230504744948,0.011092637873863217,0.01012671148608116,-0.00165493293210279,0.009105708728767313
0.42638145888232437,0.022962605879588333,0.004276941577740436,0.0065182466042739,-0.004509533019845532,0.007920962265509243
0.4264603521525401,0.024785326359456596,-0.0039754876961097104,0.0009886043337234392,-0.002740060638107632,0.002431094852127698
0.4265392454227558,0.026481091801196743,-0.010064126377541626,-0.003067468462423119,-0.005492471053290798,0.0008266094730357092
0.4266181386929715,0.02641043457615577,-0.006502201175324505,0.0005982677876923283,-0.002938442488545159,0.002236918281943249
0.4266970319631872,0.02268180439481462,0.005667772483460265,0.012205028812287964,0.0017256698164767417,0.008749799195227398
0.4267759252334028,0.015933512981155893,0.007501859225602689,0.011234435978013291,-0.0031470993233518245,0.0108858448171468
0.4268548185036185,0.009856535162203943,-0.006679120400211036,-0.005346188960356423,-0.012095157708558528,0.00294949200966454
0.4269337117738342,0.006982633975639314,-0.007291467558885726,-0.009785023461485555,-0.009398371420417745,-0.002221451111094282
0.4270126050440499,0.006940946071866822,0.001811559386262701,-0.0032974100703666207,-0.0061863357239298426,0.0010573229914958204
0.4270914983142656,0.008614208224338957,-0.00171394106732181,-0.005646212032885002,-0.010693160755187257,0.0018704181295283275
0.42717039158448133,0.011540877545754806,-0.004466257138388157,-0.005156372709624228,-0.0175643704436228,0.006373337604221308
0.42724928485469704,0.015558532924759486,-0.006745642966645603,-0.004700980757146759,-0.014460187100446695,0.004881343771691616
0.42732817812491275,0.02017706690834423,-0.006039586621678269,-0.0022471502648730986,-0.012625280278977231,0.0057504350986572915
0.42740707139512835,0.02363202665077087,0.000124120194012004,0.002408833187722531,-0.011160309700607173,0.008605570903179798
0.42748596466534405,0.02259916933813117,-0.0008689942958600981,0.0011078637952786359,-0.018457721677173886,0.011928379962628055
0.42756485793555976,0.01614201145482473,0.0021235041319985046,0.0012951491144401399,-0.018091531196803914,0.011859386439550324
0.42764375120577547,0.00849020950033726,0.0040667538781256705,-0.0015666280899338369,-0.009093777730498132,0.004183458093982697
0.4277226444759912,0.0033516683146606846,0.014412077213589534,0.006452777348220593,0.010724531061828073,-0.0012427048633838894
0.4278015377462069,0.0011631729168878984,0.01628417261129585,0.00980831308727089,0.02176569297771302,-0.005157858483322084
0.4278804310164226,0.0007524971463816935,0.0016282931375501796,-0.0006658778489234055,-0.002240039982700788,0.0008060845287276755
0.4279593242866383,0.0006805494476266365,-0.0088702662713415,-0.009079763066856367,-0.008446006324396755,-0.00222573604874083
0.4280382175568539,0.0004500569561291306,-0.005375472464058517,-0.0035479592138458645,0.004044077527003698,-0.005262143091999805
0.4281171108270696,0.0004996157859627389,0.018101752090481288,0.019530017199017934,0.03012758047746998,-0.0023650201887070086
0.4281960040972853,0.001233294121692936,0.03197162171350915,0.03254281012093686,0.04252881811100283,0.000659322668485846
0.428274897367501,0.002527660676149393,0.008548265030286772,0.010026026700243766,0.009568097645156861,0.0023131231514971176
0.4283537906377167,0.0039825985120158685,-0.008227510352160657,-0.006546466188414636,-0.013366924576794904,0.0027481601681434375
0.42843268390793243,0.005343913440959386,-0.010137348953946843,-0.008871785928001788,-0.019568119568009402,0.004593857276051401
0.42851157717814814,0.006082960850247796,-0.0043862413947305945,-0.005055106258944826,-0.011187356823517946,0.0026397936616125452
0.42859047044836385,0.006213558611032262,0.009118920014218707,0.005661766311859748,0.0008851310298620695,0.004008173994963531
0.42866936371857944,0.0074636390011855545,0.007519183037140325,0.0022269409503564114,-0.009085016043904244,0.0072184824537332454
0.42874825698879515,0.011718193325836977,-0.005514990060228983,-0.007820947338928337,-0.012670420117534078,0.0013099705164614846
0.42882715025901086,0.019695291645659536,-0.002971186641984879,-0.00410854042966551,-0.009572418827822452,0.002432500375170925
0.42890604352922657,0.029048245710774395,0.0009596468291444653,0.0021974126961103067,-0.009631290792816188,0.007521563374308239
0.4289849367994423,0.03446233674639587,0.008110186290511997,0.010231959723477749,0.00567948641072691,0.004803839015762826
0.429063830069658,0.03471693150010649,0.01248825038022852,0.012000435002106884,0.002415065898773071,0.008173549319328482
0.4291427233398737,0.032737583259868724,0.006952747085689484,0.006742525220503365,0.002852533876757284,0.003697720958952408
0.4292216166100894,0.030201495648694787,0.005446726623534374,0.0064417940023213886,0.0022141708917140877,0.003838477638369092
0.429300509880305,0.02683873969322513,0.005441967323541315,0.005983108237093581,-0.007951929684115153,0.009550946634046528
0.4293794031505207,0.022431595873144534,0.006941791353625307,0.008146838292457182,0.005106166280578507,0.0034754421703855143
0.4294582964207364,0.01754340663782627,0.002927013400604205,0.004816226052975145,0.021571412418651025,-0.009043391567244373
0.4295371896909521,0.014769556217020615,0.010307283495856485,0.01090722145671776,0.035939109311538174,-0.012760001405826985
0.4296160829611678,0.018722199315557218,0.022922882022580138,0.023022970033552664,0.030181678155839928,0.00040514435369064065
0.42969497623138353,0.029482848516870414,0.011471931880078157,0.014226259554498976,-0.0028086017418592303,0.0130812441663643
0.42977386950159924,0.040760205147556856,0.004780749935652447,0.00837281279935474,-0.010507590221173061,0.01299454079267609
0.42985276277181494,0.04833029290507995,0.01534207977894234,0.01725902906360754,-0.0063853511219233005,0.017650591407880237
0.42993165604203054,0.053291578279556294,0.021147253942679377,0.022000112741192297,-0.0023060318268140864,0.01901166954115206
0.43001054931224625,0.05656007198465974,0.037634905806607874,0.034123856575392464,0.003660411657534415,0.025166816184087695
0.43008944258246196,0.05743848013187646,0.03195460270004559,0.028011549771827446,-0.009371129973007318,0.028053082965725184
0.43016833585267766,0.05525020505681706,0.016853281530448305,0.016348043093630308,-0.006841233997019959,0.0171930976874546
0.43024722912289337,0.048590478431670324,0.012501272664123295,0.012956656777100454,-0.008007698293230121,0.01517278084165012
0.4303261223931091,0.03678314753397105,0.007199429965952523,0.00687441122819966,-0.013465529551572888,0.013563036068785365
0.4304050156633248,0.02442887698757678,0.009760584710733638,0.0070435819668137195,-0.014071781573566698,0.014061235927348906
0.4304839089335405,0.01618676190356562,0.011464313541697276,0.004886777455013252,-0.021228938927095407,0.01661466201505194
0.4305628022037561,0.011843051986223076,0.006853566885140516,-0.0007232461230975338,-0.019661209768504957,0.011180939599638312
0.4306416954739718,0.009471089017312403,-0.0036186642490436665,-0.007911021057048467,-0.011641029926955369,0.0006220492596099569
0.4307205887441875,0.0078671345939765,-0.011112713503955908,-0.012069168732309031,-0.010265919246696025,-0.0035335684966098057
0.4307994820144032,0.0064718254743757215,-0.012582581854697093,-0.011595939240646218,-0.008684862505664897,-0.004099793005647789
0.4308783752846189,0.005019228584417714,-0.01535173127628999,-0.012350742293366928,-0.009841061418775054,-0.0040133805769223905
0.4309572685548346,0.0032738588124861428,-0.025764488237163485,-0.022458655225952678,-0.005788100756297009,-0.014540531255485411
0.43103616182505033,0.001348673174862494,-0.022781368427204518,-0.020161179974568108,-0.0008571718033250738,-0.015646513701798273
0.43111505509526604,0.0007303067633464372,-0.01766600997487243,-0.015579556858611383,-0.010734872554909614,-0.006067313656005302
0.43119394836548164,0.003156232959914585,-0.014925257941421289,-0.012724418008030742,-0.020427669414790735,0.002019362800498848
0.43127284163569735,0.00822575091032485,-0.007699426578566191,-0.007709873022003518,-0.023973142319266883,0.00816097530896135
0.43135173490591305,0.013136450443689796,-0.004550145703772927,-0.005707637080975016,-0.019762571539092152,0.007246603718305337
0.43143062817612876,0.015327370152511396,-0.0001397305399194653,-0.0019708785462204744,-0.014872237463432823,0.007315974862844601
0.43150952144634447,0.015488382763249297,0.0007246574313869095,-0.0015289432127856238,-0.011895717931163906,0.005889641613628943
0.4315884147165602,0.015894057424798307,-0.010086710606322226,-0.009759039571575496,-0.015503251405795252,0.0014508895920189132
0.4316673079867759,0.017894138017609907,-0.007022866287787046,-0.005066309374745269,-0.0077862730876373945,0.0005965335833504162
0.4317462012569916,0.02143588991630226,-0.0022481894013598636,-0.001598836972140974,0.004002480889433631,-0.0036751951969583715
0.4318250945272072,0.0227672696059267,-0.0062000880349494785,-0.005286403105421973,0.007393797232040517,-0.008658792777633727
0.4319039877974229,0.01845862151997242,-0.0030579213269496847,-0.0014400165171736272,0.007911753240567934,-0.005886072773094369
0.4319828810676386,0.011343291993590363,-0.0010795956538389648,0.000383284340411915,-0.003509934929478277,0.002406429604890606
0.4320617743378543,0.005290109614401401,-0.004285273408550631,-0.005842057544482728,-0.010882402237141054,0.0018266379033594336
0.43214066760807,0.0016944399531546447,-0.01659781845319996,-0.016526157985508515,-0.00833154689943305,-0.008263406921952139
0.4322195608782857,0.0003990821092249817,-0.01803785988472433,-0.01778802795707265,-0.009118648891535472,-0.008804420825125446
0.43229845414850143,0.00183687115310511,-0.013683108082234823,-0.013620944994488416,-0.010548606103329587,-0.004608490939083932
0.43237734741871714,0.00804266991709013,-0.01129952961203606,-0.00987474196849565,-0.014728551262632577,0.0008947346020085935
0.43245624068893274,0.020408108879157037,-0.010849573094092289,-0.007767854473657653,-0.018558926951693196,0.004875040386774933
0.43253513395914844,0.038282366235545456,-0.0016720986735714407,0.0016280936618277262,-0.005894706732273652,0.004830380708408681
0.43261402722936415,0.056454583812183434,0.008768119582253524,0.011661162312081337,-0.007015040329989543,0.01354095103340972
0.43269292049957986,0.06645622492496017,0.02244873598125689,0.02241260282819231,-0.00856857521149012,0.023086120429122767
0.43277181376979557,0.06691097729689062,0.03130333387665798,0.02734248630665629,-0.016357545464737628,0.03169286689381821
0.4328507070400113,0.060293697050037766,0.026272869719971066,0.02054774179149124,-0.015667534862877697,0.025836172376978925
0.432929600310227,0.04870399020915655,0.024276579974811235,0.016830493514755872,-0.005521301569361706,0.016790502129899562
0.4330084935804427,0.03769519059003719,0.018715557718042723,0.011920305881496833,-0.0006591422905895074,0.009947719914905635
0.4330873868506583,0.03048052778501769,0.018917841889124553,0.01714959811178538,0.014076825939920917,0.005327536197602027
0.433166280120874,0.027286770340195353,0.02248494349927344,0.024486053793919934,0.013882893963559946,0.011326966644382581
0.4332451733910897,0.025809838360034764,0.008484977928137035,0.011510175307612976,0.0016630586336175003,0.008230305771249433
0.4333240666613054,0.023354466759713238,-0.0012757324842969165,0.0010385573874523108,-0.009331877145890803,0.006413752502807395
0.4334029599315211,0.02055902494081463,-0.001181268567131058,0.0030586631508540394,-0.01364407486879713,0.010612050947797838
0.4334818532017368,0.018171744214801926,-0.0018209511147862542,0.0011166299089319634,-0.011930807712949966,0.008030873630554448
0.43356074647195253,0.015321566132779199,-0.0025273986991432964,-0.001426857904165346,-0.0006950411707252352,-0.0007278348840296942
0.43363963974216824,0.011321938713754276,-0.004738706054925236,-0.005522560442644323,-0.007536095805666429,8.122089418422845e-05
0.43371853301238383,0.006945373405554395,-0.007125686688738093,-0.00932948305291649,-0.009046878026488165,-0.0020665277828869886
0.43379742628259954,0.003288584161204031,-0.011014318792018685,-0.010386451660464886,-0.0189344681162884,0.0030005021843071147
0.43387631955281525,0.0007539676334166873,-0.015518446839026619,-0.01167742449753397,-0.016688972360307218,0.0006222477882046931
0.43395521282303096,0.00044088513030460084,-0.017968123621582583,-0.014594639583387962,-0.0024592194218420174,-0.010226517228402548
0.43403410609324666,0.002809403587559107,-0.017138917431731647,-0.015372246289587261,-0.007536327634316897,-0.007813861578700058
0.43411299936346237,0.006791356543390986,-0.012909311083333526,-0.01113861654345744,-0.014269366958431035,-0.00039311080486871053
0.4341918926336781,0.010075211573177452,-0.011286579310324875,-0.009496301436852362,-0.02135251725491091,0.005160789018352755
0.4342707859038938,0.010182273721801494,-0.005925837595906776,-0.004504667099031091,-0.01756243867553503,0.0068945436084687705
0.4343496791741094,0.007409408861245366,-0.009316898239289752,-0.0073915999769025575,-0.004988535828471969,-0.002940468428125577
0.4344285724443251,0.004196794670292896,-0.01087260868083747,-0.011374683387335145,-0.005202719724192331,-0.00600491289550026
0.4345074657145408,0.002389661734506237,-0.008674867348864277,-0.009208089370412174,0.003731886353541998,-0.00961157920340457
0.4345863589847565,0.0021942593195111815,0.0017759456682827149,0.0006757884993855216,0.009447175234123716,-0.005108793601964804
0.4346652522549722,0.002070782102850914,-0.008481229109208554,-0.007458239507466652,0.006454146916962255,-0.009837301999033501
0.4347441455251879,0.0017054282329211402,-0.024384014613330854,-0.0207979919601195,-0.002884701778081534,-0.014944860009340345
0.4348230387954036,0.0020624624497853636,-0.021750776805137782,-0.017438007793236655,-0.005101000674195163,-0.0109261404631654
0.43490193206561933,0.0033930045060800835,-0.015875289184978086,-0.01020958722107128,0.002978575249932059,-0.009963705836598244
0.43498082533583493,0.004774423746541874,-0.01548426980573129,-0.010608976647075679,-0.005846768597247697,-0.005005992954535314
0.43505971860605064,0.004383955168821486,-0.01111011814869651,-0.009517466968111543,-0.00965241346871836,-0.0018550443909293704
0.43513861187626635,0.002792779328854832,-0.01699759480607616,-0.017082428761212628,-0.01920524592639466,-0.0022063900748043063
0.43521750514648205,0.0028713936642459775,-0.005894758119114542,-0.009912583133133741,-0.016982872948809995,0.0022129000553199165
0.43529639841669776,0.006461798565029514,-0.004243677543828847,-0.007762519751604142,-0.01627132092235406,0.0035107907231476786
0.43537529168691347,0.013538957361185978,0.001700843465401964,-0.0040041937425048055,-0.004501269011342275,-0.0005169678789698773
0.4354541849571292,0.0206271741018559,0.006655385792253891,0.0019213648822630402,-0.0026262141776050327,0.0031105445330738895
0.4355330782273449,0.023735632519153206,-0.0003485404235647561,-0.002926155355199796,-0.011392603821929062,0.0044688883064913695
0.4356119714975605,0.023892389104698413,0.004088916590074963,0.0006370228472867597,-0.010735559107325914,0.006931558973362564
0.4356908647677762,0.023649709348101084,0.0027504815106581095,0.0004183697333490137,-0.012176259041279613,0.007618097772063088
0.4357697580379919,0.023684255365919612,0.005675337290957195,0.003673115911940244,-0.0017779420592436209,0.004007107905428628
0.4358486513082076,0.024155379781409414,-0.00039181623204083,-0.0007091538965155299,-0.0012184270643263002,0.00016038691052181484
0.4359275445784233,0.025349655611161318,-0.0016097178561778206,3.2469627089789637e-06,0.0016678302690835876,-0.000994905889019662
0.436006437848639,0.026357582288533975,0.00606566796489776,0.008989808353402318,0.004435023857100249,0.004552473955733455
0.4360853311188547,0.026019526842834623,-0.0003307196215752463,0.005111780352785474,0.000470306419893243,0.003815483185702741
0.43616422438907043,0.024060597499501016,-0.009710784509073303,-0.003556902748832318,-0.0061674729708011584,0.0008380681970734549
0.43624311765928603,0.020072373510940954,-0.01564339663224519,-0.010228460923733978,-0.012239180137010338,-0.0008778118689817363
0.43632201092950174,0.014763305681661603,-0.014127496572877212,-0.011033668626102033,-0.020272203010863424,0.003281926834277606
0.43640090419971744,0.009521644848276466,-0.014142928403320416,-0.012623889902129665,-0.01890453459267714,0.0011887761553820012
0.43647979746993315,0.005600076661098067,-0.011278416875253976,-0.010909018856175927,-0.019259439307558687,0.002775969959996443
0.43655869074014886,0.0035734133505308527,-0.017299695773606138,-0.01606762700815745,-0.01935552187272855,-0.0013027240681818281
0.43663758401036457,0.0031184111766079294,-0.018036963213055642,-0.014951908983771743,-0.013313538000437601,-0.004021941379315501
0.4367164772805803,0.003805529866149725,-0.01932374364513458,-0.014690228718606296,-0.01797204831101385,-0.0010258013154003593
0.436795370550796,0.0050060991446083175,-0.020437356148050992,-0.014648794229525143,-0.0163979702757954,-0.0019341102370044369
0.4368742638210116,0.0058277902839909985,-0.0212042869243915,-0.016459876832475354,-0.014379468460291325,-0.0045935053774380855
0.4369531570912273,0.005496642215395281,-0.01853327221408751,-0.014287016601919136,-0.016919659635884546,-0.0013319967907133002
0.437032050361443,0.0037871965207879896,-0.01677241800819891,-0.013983073300582453,-0.017063422997626646,-0.0010023070420732889
0.4371109436316587,0.0018712587445948064,-0.020706089595983225,-0.019211844129966606,-0.015859700340694005,-0.005914980106218865
0.4371898369018744,0.0012906976545322038,-0.01695281281256083,-0.01609461529659975,-0.009573084076232688,-0.007175009480530725
0.4372687301720901,0.002658553813348595,-0.01716458608374206,-0.01698833688902538,-0.006183621665966693,-0.009918310410770426
0.4373476234423058,0.005089603059083854,-0.01923750431437531,-0.018597540473093685,-0.00213793599056587,-0.013627324685818516
0.43742651671252153,0.006569783617797232,-0.019586655363301248,-0.017741341214046927,-0.004888168021484166,-0.011296570832376798
0.4375054099827371,0.006452045819241803,-0.023102131184289134,-0.01919635491227472,-0.008619237805420578,-0.010232188470178902
0.43758430325295283,0.005813007699588783,-0.02829278077651592,-0.023659819894067582,-0.012492174528598592,-0.01149576413792393
0.43766319652316854,0.00531338913591609,-0.024649016759048542,-0.020452804412686456,-0.013644481082903804,-0.008234852059102174
0.43774208979338425,0.005261743571780905,-0.020310917502963648,-0.017461034338623498,-0.016989450575003708,-0.0038353139453689267
0.43782098306359996,0.005556034542675387,-0.020576846160152554,-0.01528066029575265,-0.018055241277421145,-0.0014494641553426681
0.43789987633381566,0.0058093846976943215,-0.01855193481371227,-0.013459166233720876,-0.01868396521150852,0.00038712495180327425
0.43797876960403137,0.005389639079010097,-0.014180794587857443,-0.012564167748333964,-0.0191392676706079,0.001377080835166757
0.4380576628742471,0.003663338140402165,-0.01475926735311471,-0.014518832697682494,-0.007781769382890519,-0.006982942244893933
0.4381365561444627,0.0014361197839402877,-0.004141787765209358,-0.004937309560606016,-0.008939739844159134,0.0013898313827660532
0.4382154494146784,8.46109278982771e-05,-0.013111800835474106,-0.011930261017504523,-0.018564292958602423,0.0015413560038755674
0.4382943426848941,0.0005544080846431845,-0.021801067949308816,-0.02055510149732088,-0.017185567623708077,-0.006199319913373741
0.4383732359551098,0.003226476264132546,-0.014712045553342474,-0.015042469998759633,-0.015012529380248054,-0.0030784084464005627
0.4384521292253255,0.00725719969870273,-0.01380923008350397,-0.011613413698702175,-0.007672514988466203,-0.0047192382587449505
0.4385310224955412,0.012196008787316744,-0.01518656604294131,-0.010916098870640187,-0.005974292217698563,-0.005175903118862926
0.4386099157657569,0.018361403961493824,-0.016461179452673076,-0.012104852669828114,-0.011113914282262237,-0.00305500866193606
0.4386888090359726,0.024705708954536623,-0.003459722435844942,-0.0019426351361914568,-0.00419624040161674,0.0009528321680343631
0.4387677023061882,0.030891037066480147,-0.0033016776974507597,0.0008815980390154752,-0.0007206257827522399,0.0011375368909139162
0.43884659557640393,0.03527846415662072,-0.0006361963863007212,0.0061710633805920016,0.005096035792982787,0.0018979275128584519
0.43892548884661964,0.03392478906981179,0.0008668764993033806,0.005534607147825115,0.0075208013876604165,-6.241791423977902e-05
0.43900438211683535,0.025993536517769263,-0.004099819899745247,0.00023793264898180173,0.0016073881684585615,-0.0007706716706815741
0.43908327538705105,0.01530156599099958,-0.00984215770910003,-0.007045313850416628,-0.00457573392898468,-0.0029098077933539983
0.43916216865726676,0.006406361337157949,-0.015441858611670183,-0.014455308352621456,-0.011689888195311117,-0.004594845938930959
0.43924106192748247,0.0022156804952195605,-0.01781052597999779,-0.016122992285097667,-0.014362981482156803,-0.00433324849853746
0.4393199551976982,0.0029180330444994393,-0.007815006363162598,-0.00740413473525512,-0.004517489984167494,-0.0032322335096103658
0.43939884846791377,0.006965451102585471,-0.011663951590993699,-0.008924005220551475,-0.010512044477636725,-0.0008651951757948427
0.4394777417381295,0.013148057670146455,-0.01675131047152201,-0.009764895090201996,-0.01304607932499202,-2.358083519472243e-05
0.4395566350083452,0.020729060701460543,-0.001960134556331,0.005631536029769129,-0.014584430619070918,0.013236364353753183
0.4396355282785609,0.02877695654725266,0.005271172614700728,0.011724872086246818,-0.01424910104856571,0.017918467077422985
0.4397144215487766,0.032964806402962586,-0.0024836723464756725,0.005159907353458957,-0.010739029635095041,0.010558258450695196
0.4397933148189923,0.02944318232880333,-0.0035045570543780127,0.0005691758171123035,-0.008222361266036756,0.0053739449613828556
0.439872208089208,0.02162131098712135,0.003241195916334848,0.001207449870056354,-0.00728802879390501,0.005326628377953754
0.4399511013594237,0.014004250566446037,0.0030829726861710785,-0.0024928014899539973,-0.008241880601334047,0.0029316312222415243
0.4400299946296393,0.008586652067876932,-0.0005017145571355667,-0.00628955044545617,-0.01646354846470247,0.004806483775351067
0.44010888789985503,0.0064402974826909066,-0.003883464865815613,-0.008977565803097255,-0.01156612821524003,-0.00027766301045260285
0.44018778117007074,0.005511841364012194,-0.00843337038346121,-0.01147569735402315,-0.013786102804131761,-0.0009523937358639568
0.44026667444028644,0.003989525268683687,-0.00889073376001269,-0.010288283467447099,-0.01482072804876812,0.0006183597564233717
0.44034556771050215,0.002551801808269579,-0.010822773103631432,-0.012526125303257234,-0.014230635524182134,-0.0015286154347019809
0.44042446098071786,0.001909652837616904,-0.015134831737158233,-0.013149411893231027,-0.015914780681062706,-0.0010209712244537146
0.44050335425093357,0.0021676201248306388,-0.01882247657610792,-0.017127562556740146,-0.010881073795483441,-0.007220992459184656
0.4405822475211493,0.0035000372097293594,-0.020075305950534507,-0.01821783026573616,-0.017117703078585546,-0.004365490180263612
0.44066114079136487,0.0062207494433257834,-0.017264070469151075,-0.014255207854311207,-0.012987644506612156,-0.0036582772757508134
0.4407400340615806,0.010364550176136973,-0.013668318960901281,-0.008279946630586212,-0.013470036792149117,0.0014203418676511487
0.4408189273317963,0.014421172151412413,-0.006712277957861811,-0.0015662017852039497,-0.009142793388217595,0.004213117690891525
0.440897820602012,0.015298810121721173,-0.014242788341356376,-0.009501539288779373,-0.012879685583812254,8.800155741494747e-05
0.4409767138722277,0.012023247858052552,-0.017784084790809083,-0.01233484748320884,-0.009796933616055272,-0.004027029906137406
0.4410556071424434,0.007100405787830714,-0.016686501878635823,-0.012228580298033172,-0.010009456039512234,-0.003814740666622899
0.4411345004126591,0.0030627721153970527,-0.021656665655798022,-0.017551530419871435,-0.012936106227621284,-0.006332002864051599
0.4412133936828748,0.0023749704543847977,-0.026040109706141706,-0.02227083812599343,-0.010254634356554979,-0.011719626205937046
0.4412922869530904,0.004824428592569734,-0.02219145028836966,-0.01998327289849795,-0.007029029216657857,-0.011813918126765762
0.4413711802233061,0.00901796422813538,-0.021613864765044278,-0.018455520680361475,-0.001369633572830491,-0.01397284168594897
0.44145007349352183,0.01564193172632264,-0.01904945374556127,-0.01456807244333641,-0.005493159258708623,-0.008390994483189184
0.44152896676373754,0.023224147438345083,-0.010923634134634047,-0.007093188850350891,-0.01195680354247338,0.0014664622714663966
0.44160786003395325,0.03034760197318832,-0.0016208638629737172,0.00039423982020966435,-0.010639834374244643,0.006679729418686417
0.44168675330416896,0.034553789287445624,-0.0013720502018964122,0.0024178128949257087,-0.005602730775900712,0.0052886449182486875
0.44176564657438466,0.029198961622843213,-0.004656705953755734,-0.0006700007440351275,0.004453432285208211,-0.0032005139938559024
0.44184453984460037,0.016651942082999357,-0.010432171971796097,-0.008818288058756838,0.0044949327562534705,-0.009755521463968953
0.44192343311481597,0.005569820846529385,-0.017476494478672448,-0.014083619666840243,-0.004463146039162881,-0.008618591093173013
0.4420023263850317,0.0002593415620182416,-0.02144768419207952,-0.01773074215236965,-0.009650548806025207,-0.008440433757459486
0.4420812196552474,0.0017131696226317372,-0.020234868743997513,-0.016365713016660947,-0.006890015478081566,-0.008996774733624221
0.4421601129254631,0.0074094026064869065,-0.025043894129294482,-0.01912956426447493,-0.0036718308798500124,-0.013136719942057281
0.4422390061956788,0.015924915342699384,-0.01196744743155687,-0.006695387504651385,-0.006108907765076098,-0.0017123863000593803
0.4423178994658945,0.026555854902992455,-0.011281106624396145,-0.004911842603397743,-0.012053045019135978,0.0032724347685059575
0.4423967927361102,0.03700082873918079,-0.010174429932147361,-0.0022857030108602784,-0.018423513677026663,0.009188192586454036
0.4424756860063259,0.0469109246650536,0.0011849688485329104,0.007257372692688363,-0.01358448467491063,0.013941071316927386
0.4425545792765415,0.04994026840155052,0.0038054977288126237,0.007461616477382197,-0.015060612055015674,0.014987709094986762
0.4426334725467572,0.0402600599769023,0.009132017281400881,0.010452856311967539,-0.011144526653928061,0.015042330579999806
0.44271236581697293,0.026144405825178144,0.009507748061551694,0.007570955800064012,-0.016336175352749095,0.01583835246893548
0.44279125908718864,0.014739205669516729,0.0069520900419752845,0.0011088700769991094,-0.015478638115781094,0.010146945713007675
0.44287015235740435,0.007171282818266719,-0.0062145345956467184,-0.011080758101416883,-0.01402927649757697,-0.0004903357811796937
0.44294904562762005,0.003214701040399679,-0.011098633168824937,-0.01347896099105386,-0.013028867110400957,-0.003011292344173382
0.44302793889783576,0.0018562352381771981,-0.011305725489758688,-0.013485371800740008,-0.007829180648572158,-0.006126126097894473
0.44310683216805147,0.0017446085954015312,-0.01436162395403301,-0.013449004989564946,-0.014670076378206961,-0.002005662442912531
0.44318572543826706,0.00209028242592487,-0.01663373269036711,-0.013821684476973493,-0.018586039111065586,3.7881046223727644e-05
0.44326461870848277,0.0023247523224722974,-0.02332001001525686,-0.01894692283643274,-0.020256962744660757,-0.0030725789191533496
0.4433435119786985,0.0024610732865653177,-0.01939307005465763,-0.015787649345357875,-0.019628805249203164,-0.0009147415174715268
0.4434224052489142,0.003688196896064903,-0.009629844828896294,-0.006847935242920082,-0.01809220749379272,0.005333228289400302
0.4435012985191299,0.0070351439882524675,-0.009543186528486404,-0.010385499164038805,-0.01774462197933548,0.0022894645055292714
0.4435801917893456,0.012937289262338982,-0.01024231611618868,-0.010035063044178259,-0.01772986945485002,0.0025615754079297203
0.4436590850595613,0.01941352237289017,-0.008571102981202361,-0.008012147661174657,-0.01159720146164958,0.0005147748175735785
0.443737978329777,0.02080008834168886,-0.011879039465858972,-0.008967642938680635,-0.016106859114439227,0.002446370108287346
0.4438168715999926,0.016003513229092232,-0.019736018612025626,-0.014328548424669373,-0.018459885947901093,-0.00044398906237636996
0.4438957648702083,0.00947442090594044,-0.023804172506318177,-0.01765304410192817,-0.019300764044606775,-0.0026068531567132063
0.44397465814042403,0.003987385263520017,-0.02265340078462346,-0.01904586254532442,-0.016158411426096024,-0.005603232167852863
0.44405355141063974,0.001618774550719804,-0.02422948223854153,-0.022225132865653502,-0.011886711082949312,-0.01070717722570234
0.44413244468085544,0.00173207848595517,-0.013748559073959735,-0.012438710886058395,-0.010905707391033845,-0.003447169441185986
0.44421133795107115,0.0028789326265934983,-0.02037115947929394,-0.018508599191779468,-0.012593541390595998,-0.007304267045234355
0.44429023122128686,0.00587220770105039,-0.02027902758827196,-0.017543308053372602,-0.012808245149090137,-0.006401873236507268
0.44436912449150257,0.01082357305700468,-0.016789652418985074,-0.014530386317153997,-0.014361260413423758,-0.0030573579123114696
0.44444801776171816,0.01769204111453682,-0.007520804463934666,-0.007908587915409365,-0.011988217934219737,0.0008316654396088585
0.44452691103193387,0.02271998397279074,0.004250993202270764,0.0061752756886671424,-0.013255304437021687,0.01287703977933559
0.4446058043021496,0.02070821590152743,0.002196286631271562,0.006488375147814766,-0.009962229187433842,0.011158233263137406
0.4446846975723653,0.01431090195013021,-0.008867216596246305,-0.004337957882605859,-0.014467240497750907,0.005176529339290375
0.444763590842581,0.007615259034723716,-0.012807260545920318,-0.009159200153625398,-0.014614878854684406,0.0014003357332453856
0.4448424841127967,0.003042144388643839,-0.013459650992390602,-0.009248465056062399,-0.008948276820204437,-0.0020605590576083157
0.4449213773830124,0.0029310315394908857,-0.015019921901015943,-0.01152038549792723,-0.009554349960980906,-0.0035192194626051596
0.4450002706532281,0.00558523127413022,-0.014328328393651588,-0.012149259276323624,-0.012265304967893319,-0.0024019731527171084
0.4450791639234437,0.00885244112568169,-0.017311877083095423,-0.015366331098908798,-0.01273480016399736,-0.004700327524685166
0.4451580571936594,0.01288213064440495,-0.016650444701610416,-0.016058643791606764,-0.01600828122012829,-0.003297623884388035
0.4452369504638751,0.01693025554170627,-0.008864260769879138,-0.007175115134155611,-0.018098960414044084,0.005075004402860159
0.44531584373409083,0.021406672888713785,-0.004997531262622111,-0.0024522318866748377,-0.018720659739335108,0.00923250197220514
0.44539473700430654,0.026985181164388205,-0.0008175221035923501,0.001756361103346677,-0.016952288041675378,0.011547433716113034
0.44547363027452225,0.03018767342469647,-0.004054130678529027,-0.0006854967485142179,-0.013167040005866845,0.007326092185967685
0.44555252354473796,0.02691486208110535,-0.0012467199330787044,0.0006514611094526642,-0.011094712966382207,0.00715795968203235
0.44563141681495366,0.020217181557853077,-0.008743816440747135,-0.005137405049938345,-0.016911530979156483,0.005997980972691914
0.44571031008516926,0.01410781814606446,-0.012497595237445066,-0.009236259586837884,-0.012661804184367936,0.00017032739633745232
0.44578920335538497,0.009254919934961766,-0.012711225582900384,-0.010264199946467052,-0.009552272510831248,-0.002513503977327586
0.4458680966256007,0.0058751605992744,-0.01901312181037266,-0.016020289427432537,-0.0133025441121182,-0.004885108520687608
0.4459469898958164,0.00433851207028758,-0.016159599450013145,-0.014322803948346763,-0.012206191217421208,-0.004179835180247194
0.4460258831660321,0.0035884112503328704,-0.010393765417127648,-0.00830421827801903,-0.008675059968544445,-0.0014671054446639923
0.4461047764362478,0.0024718489618208474,-0.012137411199063197,-0.011153413250650916,-0.010680319857585175,-0.0025516303772958704
0.4461836697064635,0.0017436927200399452,-0.012712311488214705,-0.013597776218644213,-0.01477773304187762,-0.0020605458924023105
0.4462625629766792,0.0022522635029174833,-0.011317354341405662,-0.013607804737001593,-0.01243916157012958,-0.0034672807363021
0.4463414562468948,0.004162523253245613,-0.0026121474240702637,-0.0047874275892252,-0.009146667237524476,0.0016337282561785555
0.4464203495171105,0.007010877107715892,-0.004952330313830559,-0.006418066514807536,-0.008074927948974278,-0.00031424835825892084
0.4464992427873262,0.00859634247881291,-0.008144589797895684,-0.008390293639428248,-0.008909427662950546,-0.0013959243487934266
0.44657813605754193,0.0073414345711935785,-0.022513069789679308,-0.018765784462945353,-0.01494035157701619,-0.006107078059764266
0.44665702932775764,0.004645328782241463,-0.02663874220086756,-0.02161254705941194,-0.01763912492613909,-0.006776191117437663
0.44673592259797335,0.0022000616541146033,-0.022759925316978208,-0.01953214693821184,-0.015886100926329253,-0.006156055277455806
0.44681481586818905,0.0007331116642241006,-0.022721901878039876,-0.020254546146777748,-0.01854269811679638,-0.005146633415618923
0.44689370913840476,0.00031014155834711425,-0.023337194285959914,-0.020663780253809518,-0.016586266412598177,-0.006644879096023417
0.44697260240862036,0.0007232935000559003,-0.022229854475825213,-0.021543227464470585,-0.014916021029608777,-0.008348988965112174
0.44705149567883606,0.0020365976839916778,-0.020574532619363026,-0.020567048613464516,-0.012603246184507207,-0.0089490826106591
0.44713038894905177,0.004496851010212232,-0.017831775862483103,-0.018090811620414735,-0.012615707473402857,-0.0069560143651824675
0.4472092822192675,0.008269376109332387,-0.007947120332918662,-0.006398585936870449,-0.014369305918537087,0.0034662964078992164
0.4472881754894832,0.012885836791005445,-0.007933040843521677,-0.005281479109806881,-0.02180057628477049,0.008807585876374256
0.4473670687596989,0.01657082580211391,-0.007628440726982651,-0.005482947802140595,-0.02166336147137518,0.008563993294949944
0.4474459620299146,0.01808191344825919,0.004198483328822156,0.004323613701512122,-0.019080053880493882,0.014877701553974531
0.4475248553001303,0.017374575031383066,-2.933674691264372e-05,3.353697635740848e-05,-0.01649883531039148,0.009895475141716103
0.4476037485703459,0.0153522000691974,-0.011788851293301919,-0.010713561666314582,-0.01746167176266395,0.0018571977333390068
0.4476826418405616,0.012346624992999006,-0.0021622298947311827,-0.002702781092023047,-0.010318920367686566,0.004005689440216674
0.4477615351107773,0.009413804605459472,0.0026395483649997967,-0.0007118867076241667,-0.002628726152073355,0.001001680813215953
0.447840428380993,0.00883130484589275,-0.014697316485315077,-0.012243354443549065,-0.006757760096762276,-0.005771252427252767
0.44791932165120873,0.009301219724414184,-0.02110320225477039,-0.016483724061660526,-0.006701641302072972,-0.009204022259419685
0.44799821492142444,0.009307118150600273,-0.012975614164002716,-0.010988257445883371,-0.006231365876193571,-0.005080001358331025
0.44807710819164015,0.011214405826364127,-0.007767906231892536,-0.007169737895769345,-0.01245683717536092,0.001704198784904353
0.44815600146185586,0.015295892738910424,-0.008257312320908476,-0.006078428933470026,-0.015037989478207912,0.004122920158893121
0.44823489473207145,0.02124441939574152,-0.00294379720578853,-0.00113392933566831,-0.009952332670237225,0.005043777015431232
0.44831378800228716,0.029435899610597074,0.0047416916472501945,0.00672467631413335,-0.0026620053101940313,0.006981453058762571
0.44839268127250287,0.03397116591942192,0.011065407409335062,0.014657549890849655,-0.0013782860452447193,0.012571635191936137
0.4484715745427186,0.03066312893874631,-0.0012196661610991847,0.003793441680182627,-0.004863034108764712,0.005948686423006764
0.4485504678129343,0.024165090456462215,-0.007641343779206923,-0.0028474280828598942,-0.010701880476696637,0.004118826643344376
0.44862936108315,0.016856142648264773,0.007370042742508971,0.007178659233678726,-0.007721315859762619,0.0103711190688397
0.4487082543533657,0.009917568731984992,0.020512518487394157,0.015357204186828831,-0.007421599750331527,0.016746069895854483
0.4487871476235814,0.006048176673323417,-0.0008283524118689035,-0.0032208672427438373,-0.013073477951190366,0.005238132587462824
0.448866040893797,0.0033626115118459477,0.001661342796028334,-0.002987074263105924,-0.010529559528346449,0.0039038312440965867
0.4489449341640127,0.0018022744114844947,0.008732600831891332,0.0004667761465381906,-0.008577169684726054,0.005504099870547479
0.4490238274342284,0.0029686838687404417,-0.00021037339076872364,-0.007744636851726203,-0.01219237992815294,0.0010852001712987015
0.4491027207044441,0.006547170710652968,-0.0008275132174262605,-0.004272758319379205,-0.013256344857475377,0.0045044408095383974
0.44918161397465983,0.01142299389498668,-0.0022636688259543318,-0.004227231486833672,-0.0031050576965045906,-0.0015307777943604779
0.44926050724487554,0.013071482660924023,-0.006805643971695383,-0.00936474298886851,0.0012209750721198093,-0.008235503666534768
0.44933940051509125,0.009444076111746766,-0.012823099967824428,-0.013075332513228328,-0.0050120094316644225,-0.0074821453561347735
0.44941829378530695,0.004513305422081609,-0.02115806564780815,-0.01851464840150824,-0.013355769966115701,-0.0068533046682853795
0.44949718705552255,0.0010974988262397226,-0.014446844952039547,-0.012570649284170208,-0.01655029315697572,-0.00017682145495847264
0.44957608032573826,1.9080981850784958e-05,-0.005729755484185498,-0.005028452100947436,-0.019252598149483522,0.007485891849681921
0.44965497359595397,0.00043815920391560486,-0.004726355949453451,-0.008890593811668695,-0.01854939217056951,0.003969315424194213
0.4497338668661697,0.0010782302971976852,-0.009243850452561986,-0.013930341500779202,-0.018653679111212136,-8.778737983870158e-06
0.4498127601363854,0.001528839265630799,-0.003968777207979813,-0.009457667998172868,-0.015147458710085089,0.0014796520659504987
0.4498916534066011,0.0017666312655074709,0.002395280408963128,-0.004887713078476223,-0.01246126310905704,0.003535955714362028
0.4499705466768168,0.0018917862006820043,-0.0024411180439347768,-0.009395362525086362,-0.01028109867374084,-0.001381153083770238
0.4500494399470325,0.002074297317954403,-0.011717094236748486,-0.014325815081869003,-0.005639259463137108,-0.008109431536708395
0.4501283332172481,0.0037257037592991218,-0.01699400786582699,-0.01634826798190334,-0.00889145001075205,-0.007785978959503665
0.4502072264874638,0.008823169116757092,-0.013959503259279641,-0.010878418288132153,-0.00933962577475962,-0.003133036100675168
0.4502861197576795,0.01616002775132892,-0.011270663857675762,-0.006656257914394977,-0.016701881227417385,0.00465512107416125
0.4503650130278952,0.021901773063997525,-0.015337148335752287,-0.007373247287985325,-0.022150695751286927,0.007340329122306995
0.45044390629811093,0.025642950610824323,-0.01596803032391618,-0.006873744821369413,-0.020820237220614688,0.006944681539207407
0.45052279956832664,0.028292794454911608,-0.012476625685218897,-0.003258618427369789,-0.018269407874525818,0.008316218695180901
0.45060169283854234,0.028521807384896822,-0.006917441160479175,1.8319118163728523e-06,-0.01852024426935861,0.011079401506944113
0.45068058610875805,0.02893985938427871,-0.0032169143836527077,0.00047475560835772335,-0.009972652431921959,0.006345183340008272
0.45075947937897365,0.03091634594125424,0.001315786074566074,0.006977535667909023,-0.0003894563651280016,0.005824982316747502
0.45083837264918936,0.027415784008300425,-0.012259208340760904,-0.005858716844322067,-0.0010284583055958512,-0.0040803008552411785
0.45091726591940506,0.021040345333165643,-0.004593216359250541,-0.001582497689864999,0.003515760157357126,-0.0033709961673080535
0.45099615918962077,0.018812814546013214,-0.0037424011952827893,-0.0008859469997065982,0.0008849009806830583,-0.0012392730848594493
0.4510750524598365,0.020108962236127265,0.0011117473384026617,0.0030852361698972763,0.005029653310817865,-0.0005355590165903993
0.4511539457300522,0.02706224791223183,0.002850428247891764,0.006765402799935432,0.007738867816331675,0.0007936391009665399
0.4512328390002679,0.03313229171603867,-0.0053490925016106885,-6.8152646840233e-05,0.008418604858352852,-0.005089790280435175
0.4513117322704836,0.02955540717847104,-0.0025202199950194264,0.0022538740743191826,0.004616372331957943,-0.000954671003023682
0.4513906255406992,0.02168174409778669,-0.006175182083094234,-0.0020809744725474966,-0.005292856850389582,0.001497845144553061
0.4514695188109149,0.013039147782515347,-0.004724855612000719,-0.002203802672525781,-0.008787037109954243,0.003489323244136771
0.4515484120811306,0.006093347563394371,-0.009195373575042671,-0.009050454327743766,-0.01641604573700927,0.002564941974262268
0.4516273053513463,0.0034124010677474,0.0017585777678418295,-0.0019168193255731508,-0.010043126371686511,0.004470639855575242
0.451706198621562,0.0024968117612361013,-0.004445500503280106,-0.007902617727199999,-0.0060402129498778635,-0.0027210715353946963
0.45178509189177773,0.003478252627121418,-0.006305316650017973,-0.00891253384975508,-0.010055782851568527,-0.0011288934813990506
0.45186398516199344,0.006847531435774257,0.0011417414206580706,-0.0010148463618101235,-0.007199318996548721,0.0034925565273724517
0.45194287843220915,0.01217477590503028,-0.010400990959310321,-0.010157593938057215,-0.0054809392071851985,-0.004862972599535596
0.45202177170242475,0.018203443902722164,-0.008684300760658414,-0.00811116600379841,-0.003338775228732728,-0.004503858752483871
0.45210066497264045,0.019383072834555953,-0.0059547801567544165,-0.004679821086103895,-0.001945148726633975,-0.002587224947804572
0.45217955824285616,0.015114924672357857,2.9556522444518416e-05,-0.0008885982017379799,-0.006798498527940071,0.0033539999163069694
0.45225845151307187,0.009532000122463176,0.0021577236032496176,-0.0003844662354856428,-0.016528223858012933,0.00957805772570079
0.4523373447832876,0.004793031098564889,-0.0049651606595158175,-0.008820801446564108,-0.02202858512205366,0.0061068314150777
0.4524162380535033,0.001914481046641613,0.001092410170852725,-0.004239244288033227,-0.017277205158659378,0.006936642481180102
0.452495131323719,0.0009273624624394148,0.0038871931158789793,-0.0014813951065233975,-0.021638927807785185,0.011756659025918841
0.4525740245939347,0.000978235842118596,0.00638809532871746,0.0005046628775793093,-0.02008419393674561,0.012418090764618422
0.4526529178641503,0.0015064680064438762,-0.0019661081178465323,-0.006385290595860737,-0.01881441238086123,0.006136145306857981
0.452731811134366,0.0020162838159752685,-0.009446918798305441,-0.013310303933723202,-0.016362732672044213,-0.0008820238221648465
0.4528107044045817,0.0014907401310120503,-0.0026607473365770143,-0.005742341227816554,-0.0019197303533199218,-0.0034539886311471917
0.4528895976747974,0.00025497080497893906,-0.017217892484319947,-0.018458931887910913,-0.008211839002689054,-0.00988454590771614
0.4529684909450131,0.0006364199788081872,-0.021941194186792187,-0.020869549828852092,-0.01166383913181392,-0.009753366810094019
0.45304738421522883,0.005095691797340446,-0.018750444463611862,-0.015666983585304273,-0.016626290585032472,-0.0026139411261861703
0.45312627748544454,0.014233678978654985,-0.012997312244069612,-0.008266908472824956,-0.017032248223088946,0.0035616702886177923
0.45320517075566025,0.023700324299534153,-0.012634877166939104,-0.006649283356196488,-0.02309686162407913,0.008486823782033623
0.45328406402587584,0.03056400086732233,-0.007251336420741692,0.0005464693071561989,-0.020246706008662664,0.01254882902775751
0.45336295729609155,0.036099639071552406,-0.00337397544503054,0.005191431453610745,-0.020093059202288658,0.016179173636953068
0.45344185056630726,0.03642492189391797,-0.0010793332444921794,0.005689947056121868,-0.01690046131687444,0.014668634963362771
0.45352074383652297,0.03401658077563046,0.003000354445873834,0.010154420956486995,-0.010196625671629088,0.01423625516372326
0.4535996371067387,0.03278891120309001,-0.0078906946831857,-0.0023104176090121783,-0.004641777950569543,0.0009245494793145624
0.4536785303769544,0.026324985387593744,-0.010885712257014922,-0.00449511133761777,0.0014730021880318641,-0.004483502488183208
0.4537574236471701,0.01605038303906004,-0.01759723830528909,-0.011664648187660527,0.0011805169359109012,-0.010054601158375382
0.4538363169173858,0.00903498296501096,-0.014089074212790402,-0.01259719803802222,0.0013571211820208868,-0.010907627977878738
0.4539152101876014,0.006391941386652616,-0.014576611751558314,-0.014962500660057703,0.0024669283033398135,-0.013467016510490157
0.4539941034578171,0.008776204908060322,-0.0116184601861791,-0.012653381043434579,0.006297566464258608,-0.0139070501601215
0.4540729967280328,0.012407725872001937,-0.009733971309118426,-0.008569673830007637,0.0014687832507019004,-0.007746493266395372
0.4541518899982485,0.012011312156480592,-0.015104335299595484,-0.012741796165869974,-0.001559608354640233,-0.009279334661743048
0.4542307832684642,0.00899582886242082,-0.00953950845659272,-0.006933840669667722,-0.0017711571108003864,-0.004497786844218614
0.45430967653867993,0.00543486401825498,-0.015264719251139541,-0.012138683604800587,-0.011913248525569613,-0.002604058119597998
0.45438856980889564,0.0025963052720057982,-0.0237974511400638,-0.02093854288601331,-0.015820973504460153,-0.007322889851982624
0.45446746307911134,0.0017611856463037856,-0.026756175920563337,-0.021891301600609172,-0.013941460901961671,-0.009210882086885232
0.45454635634932694,0.0015138505841492587,-0.02208501152951715,-0.017513767111726152,-0.010933114899369342,-0.007499521256712021
0.45462524961954265,0.0015104628924160431,-0.023142660528136554,-0.019237777162174667,-0.008821230880016727,-0.010144622826374704
0.45470414288975836,0.002818124428346187,-0.022845281379303757,-0.017964265785817043,-0.010029515548724683,-0.0084010550693181
0.45478303615997406,0.005943577478129992,-0.010244979911939279,-0.006877070846289497,-0.0014927751271231868,-0.004618777374276603
0.45486192943018977,0.011390187944468253,-0.002397386014569774,0.00042957405253884367,0.0029085078172419944,-0.0013952704368682353
0.4549408227004055,0.0174152254997235,-0.0015936598605497797,8.671157332135287e-05,-0.0019791388523725524,0.0012531916041922553
0.4550197159706212,0.02025823933199156,0.0028871193507441807,0.004234428430120953,-0.005327056285911463,0.006579626953346943
0.4550986092408369,0.019384196760396828,0.0018251385695260524,0.0008170317290907012,-0.007707791216781793,0.005264806431661324
0.4551775025110525,0.01716230087732894,0.00256786253482973,0.00035971665960383693,-0.00533386297868997,0.0034784295369934106
0.4552563957812682,0.014195124636625565,-1.8090155256773496e-05,-0.0006254632327451103,-0.011537113390595627,0.0063992237954141416
0.4553352890514839,0.011372813446600103,-0.00881485806047535,-0.006522283657155169,-0.018758876434442344,0.005993108915471434
0.4554141823216996,0.009911563016835339,-0.012762642747604863,-0.00856962076860636,-0.02167434967111189,0.0060962456057304815
0.4554930755919153,0.009593364546352408,-0.00946963630076998,-0.0067402755848131385,-0.018491900188559306,0.00565864689803984
0.455571968862131,0.008158148320661456,-0.011139237518699385,-0.010341359623904244,-0.02174172506021404,0.004716167374005165
0.45565086213234673,0.004670951589814369,-0.007674680827516913,-0.008384473213640138,-0.017850899208219036,0.003957170234774444
0.45572975540256244,0.0014315901710596597,-0.0004736718578010104,-0.001981296133180633,-0.01644475414216895,0.008248348704726474
0.45580864867277804,0.00027125017198391307,-0.010188700514622125,-0.01494346760006958,-0.019113720272292342,-0.0005459373709498161
0.45588754194299375,0.002192835140979206,-0.0038451977950444177,-0.0102755232388197,-0.013796992889620434,1.6239120472664635e-05
0.45596643521320945,0.006820593406966456,-0.0014124285025043756,-0.006401659322856809,-0.010857207376220928,0.0013630355036008338
0.45604532848342516,0.010924118605803446,-0.002806691750648128,-0.006985314378855751,-0.010302900068369827,0.0005636714726622491
0.45612422175364087,0.012949997188438374,-0.0062314693133426555,-0.008498620087505973,-0.010522308485648788,-0.0005180817375676588
0.4562031150238566,0.0137905412980855,-0.008925139926311046,-0.008899215880970526,-0.010467405215852337,-0.0008720239679219094
0.4562820082940723,0.013154753205862953,-0.0024840770426201074,-0.0021913268186578086,-0.012955214650864745,0.005992535537411691
0.456360901564288,0.01198812002232003,-0.0006921374530188778,-0.0017360958674703492,-0.007198905387432554,0.0029142694364451406
0.4564397948345036,0.011993123192809412,-0.0017976497134938338,-0.002970377276379503,-0.002987444282833676,-0.0005938156385519272
0.4565186881047193,0.011750914649846027,-0.00037283003461855655,-0.0034891119057266014,0.0022054026243474244,-0.004115297993547218
0.456597581374935,0.008870955409489411,0.005443468589065333,0.0016156566615375327,0.0043117202193640215,-0.0012839540891991083
0.4566764746451507,0.00458988195456146,-0.0016817071646977287,-0.007562825597891217,-0.0010554948791161988,-0.005429904369409492
0.4567553679153664,0.0013611793957462898,0.00010008613056006117,-0.008346648624625584,-0.004639790666197315,-0.003914513682729423
0.4568342611855821,0.0002478789287924071,0.008723974172924398,-0.0005624640208667885,0.005050977756445951,-0.003471722700430808
0.45691315445579783,0.0016534806966554995,-0.0014448266300536464,-0.00832056878289534,0.005196954233560708,-0.009776489904429746
0.45699204772601354,0.003932273916837132,0.0009539290684775096,-0.005737241239108984,0.00915250756617535,-0.010071985342654575
0.45707094099622914,0.005140425605760145,0.011834653134194009,0.006293752911272994,0.01311974182540428,-0.0028028633827916786
0.45714983426644484,0.005497679665369323,-0.001642119880009608,-0.0033713699361071813,-0.0028489365966084634,-0.0009980292051591472
0.45722872753666055,0.005225426234796677,-0.00916516402454007,-0.006235559246951322,-0.008598335674669689,0.00014508629887400725
0.45730762080687626,0.005276268702856054,-0.01657201565719506,-0.013102833081118025,-0.013429462613724503,-0.0024701541542049817
0.45738651407709197,0.006219776803217688,-0.01436133226428998,-0.013316127545981424,-0.008437251731913559,-0.005626811036908244
0.4574654073473077,0.005636826829254037,-0.010354047844980214,-0.010779750169963142,-0.007151202700879062,-0.0043627621140640005
0.4575443006175234,0.00353780443947238,-0.011600870830415872,-0.01141702417044953,-0.0022886851239212304,-0.007781510046652978
0.4576231938877391,0.0029472335762013623,-0.0183442544042798,-0.018784586249567768,-0.003113776489736373,-0.013193820136662525
0.4577020871579547,0.00618661700767589,-0.0020232859871485835,-0.004635129603809449,0.01039530512369045,-0.009932119314129469
0.4577809804281704,0.015621569957886819,0.020786577595068523,0.017634118711914826,0.02229708156041433,0.0007993425403221285
0.4578598736983861,0.027055286530614685,-0.0009853393726600142,0.00138589051576963,0.009828843038323924,-0.00476797990421329
0.4579387669686018,0.03372151538607176,0.00791488153661031,0.012645429710147801,0.010692117071408783,0.0037406281668700683
0.4580176602388175,0.03682201340832457,0.007858969607891585,0.01143807166097473,-0.001891017735505275,0.010297894009180021
0.4580965535090332,0.03631504994606359,-0.001712196248537258,0.0004372265967952239,-0.009390572858522146,0.005966941383341454
0.45817544677924893,0.02917506830358659,0.004592312721972861,0.006450972044296945,-0.009336825209539958,0.010754197325830755
0.45825434004946464,0.022124949568344425,0.0009419701149989029,0.0014814092221230354,-0.00870020337010183,0.00639083698767637
0.45833323331968023,0.01725570944121549,0.0004671241086308929,-0.0020575806157268053,-0.006586600581700053,0.0022903892173081635
0.45841212658989594,0.010725418405777077,0.005261201771093322,0.001614525919283687,-0.0026170192601880256,0.002859136078638472
0.45849101986011165,0.004624186901167178,0.008623633163141785,0.003979835444050102,0.0005769462762062913,0.0028445152071421096
0.45856991313032736,0.0012619441629244344,-0.006255485224285586,-0.009837324658285166,-0.005548578234518304,-0.004565813409462535
0.45864880640054306,0.0004978946317540627,-0.002309773317607368,-0.004102444886804942,-0.008245126493162513,0.001643499068057639
0.45872769967075877,0.0011530474155398516,-0.006287626982050042,-0.008421843913876332,-0.011713405698224063,0.0002558813427025118
0.4588065929409745,0.001547703238166684,-0.014584137675390222,-0.016917671588155058,-0.011438666878889598,-0.0067192657599799924
0.4588854862111902,0.0010640181682716225,-0.005328879975038398,-0.009308570990170824,-0.008687279082139938,-0.002264836884627286
0.4589643794814058,0.00030647503751041736,-0.00638684864145042,-0.009969674877381695,-0.012328376753805716,-0.0006170149283733862
0.4590432727516215,5.469385657818119e-05,-0.0050033478600873035,-0.00929876218246318,-0.009667762613677551,-0.0016705566365495816
0.4591221660218372,0.00027726068641205316,-0.0035061194034398837,-0.007159984313530782,-0.012296979623831738,0.0016163978794678142
0.4592010592920529,0.000861529340796288,0.0018706272151980206,-0.003265615166988498,-0.0066129298044933366,0.0013379535267940299
0.4592799525622686,0.0019951248040731406,-0.005384483191486209,-0.00884433504623469,-0.006926735883229825,-0.0029456734763345168
0.4593588458324843,0.004011000853239472,-0.008731925935767675,-0.010477527380838755,-0.011315079477101517,-0.001630182795926934
0.4594377391027,0.006009728526734295,-0.005079187126327796,-0.007083236875427747,-0.0072444771082175305,-0.001344078700237291
0.45951663237291573,0.005854843490301885,-0.007473863275099119,-0.010502965319606778,-0.014781736820512153,0.0004229373282429845
0.45959552564313133,0.0035982319546641055,-0.0005406944515584327,-0.0069759967004499384,-0.011073214329716606,0.0010318871526945827
0.45967441891334704,0.001268333929658778,0.0017840072338273357,-0.00759230300251712,-0.007336784211720381,-0.0016968947366448495
0.45975331218356275,0.0011188790171816887,0.0008625189862464158,-0.010382753227857536,-0.004436715554896951,-0.005667936416979985
0.45983220545377845,0.004447041424540765,0.0065209275113512185,-0.00285855349662742,-0.0009156052646722545,-0.0017433304519854928
0.45991109872399416,0.00857532320338403,0.0015426343912354472,-0.00501578947165316,0.00353151154746312,-0.00613193480304653
0.45998999199420987,0.012701098020713753,0.0012080253050046794,-0.0018934559448442845,0.0012026224774150278,-0.002236746297947479
0.4600688852644256,0.016224198676268776,-0.0021639733910700457,-0.0010568194216944615,-0.006496234508761731,0.003038393295094633
0.4601477785346413,0.017147976263411788,-0.001617236473488811,0.0002852195570215787,2.9297048624938488e-05,0.00021106172379950817
0.4602266718048569,0.018378184837905553,-0.0042065822344601,-0.0027837573322506675,-0.006919637463959871,0.0019075867492255967
0.4603055650750726,0.01766866947433873,-0.007628246000361026,-0.00699682583209508,-0.005249463634629523,-0.0024680046250538947
0.4603844583452883,0.011556494911889932,-0.0032609047127407803,-0.005352446625809275,-0.0022335036255285985,-0.002953845518844222
0.460463351615504,0.0068928612871990225,-0.0035938554973405585,-0.006413210715050307,-0.0031757594832111445,-0.003240473459315944
0.4605422448857197,0.0069202515697552305,-0.0065682073552999504,-0.00918075942241397,-0.004797928259470021,-0.004488487611033208
0.4606211381559354,0.014277082477126508,-0.006435509760036329,-0.009362005781475613,-0.0003922202150057659,-0.00726856063961953
0.4607000314261511,0.027518675024524087,0.0015343034961972713,0.00025807320206158485,0.0056463150361098806,-0.003170192953007563
0.46077892469636683,0.03484503514557036,0.0006179942671429345,0.0028350409480187183,0.0028012755340975698,0.0005966962454216343
0.46085781796658243,0.03620425713376564,0.0021640346445423726,0.005457976229489063,0.002842715516310705,0.002674069150798756
0.46093671123679814,0.03481629286750863,0.006614776689456408,0.007425013578673492,-0.0036765262206704297,0.00814946886914295
0.46101560450701384,0.027957035811444243,0.006030456045316336,0.004761263683400252,-0.005100952064233917,0.006866608644354891
0.46109449777722955,0.02146869614187184,0.00121833657832709,-0.0007454249527097244,-0.001977446266330384,0.0005852783942526234
0.46117339104744526,0.016963625915826553,-0.0009998863069942904,-0.004311679304576266,0.001384583309640888,-0.004283612872230948
0.46125228431766097,0.01090423645558386,-0.002646696802940684,-0.00617980531495711,0.001205767602481184,-0.005673850768388172
0.4613311775878767,0.005547606616600673,-0.006734064159016687,-0.009552375042461382,0.00018094476378920462,-0.007763908969106777
0.4614100708580924,0.004005381294058986,-0.014137241598002365,-0.01448075641650698,-0.007648665953419147,-0.007032015142544194
0.461488964128308,0.00613676246917785,-0.01994859156936316,-0.01637452101800311,-0.013515178765239182,-0.005041961073580542
0.4615678573985237,0.008780508649503783,-0.01834626038863581,-0.014094222437670743,-0.012175793016931264,-0.0040147584331237576
0.4616467506687394,0.009715761696083692,-0.015398504858478905,-0.012646314654764314,-0.011490351838084244,-0.0032639343413978193
0.4617256439389551,0.008440152101802673,-0.014778223572325692,-0.012443609810018566,-0.014781953157002174,-0.0011327037137385167
0.4618045372091708,0.005806988377677723,-0.018382371373187323,-0.01530836656562339,-0.014393612355386708,-0.0036617684646105346
0.4618834304793865,0.004103489880290047,-0.01651573181381718,-0.014033435913442041,-0.010471263938385699,-0.004985430160079397
0.4619623237496022,0.0026946999747349057,-0.02073561572779958,-0.018362596927726706,-0.005844501630388879,-0.01122280841102974
0.46204121701981793,0.0008752209229196366,-0.0234594718988373,-0.0205744546475118,-0.005942663326584065,-0.012937421469009263
0.4621201102900335,0.00012886658029383362,-0.01955922776370494,-0.01710274611839277,-0.007355126014776545,-0.009309526913108521
0.46219900356024923,0.0015385530684599213,-0.01672650555491945,-0.013229470230666588,-0.010618202152808844,-0.004253035294501886
0.46227789683046494,0.004239532268194998,-0.024328448539035204,-0.018845532447134893,-0.013136149710359715,-0.007249961043952924
0.46235679010068065,0.005397532310839075,-0.02363498711078822,-0.018230032373618272,-0.013168661599453213,-0.006736976917956321
0.46243568337089636,0.0046735327920311934,-0.015368058367090074,-0.012505509999631953,-0.019633171312737195,0.0017195772764944494
0.46251457664111206,0.003278830071593118,-0.0071920261247180655,-0.007800396741559242,-0.018474663333638855,0.0047985426875890155
0.46259346991132777,0.003358673644094142,-0.009036706262170078,-0.013525620663521375,-0.012132397965673848,-0.0035848622996214395
0.4626723631815435,0.006838660765025041,-0.005444989223605926,-0.010770074599725012,-0.00394713931163353,-0.00627116987277131
0.4627512564517591,0.010072141108374772,-0.0016647478412200557,-0.006142708612275357,0.0042717801231014095,-0.007477806490582563
0.4628301497219748,0.011621025484108097,-0.008329447307984433,-0.008776952527054804,-0.000603160485101884,-0.0066735062135761065
0.4629090429921905,0.012373008302242132,-0.011263020543741129,-0.008460724305182315,-0.007446583292061364,-0.002327287746331166
0.4629879362624062,0.011324608924856556,-0.016537653933744557,-0.012883825696215613,-0.015769076230434463,-0.000895194091270989
0.4630668295326219,0.011717887227574357,-0.01569548449754733,-0.012221643452906153,-0.017043001842330752,0.00039771174317501786
0.4631457228028376,0.012435594300505526,-0.010556659557614293,-0.008747399707369444,-0.021545170987043172,0.005876435673418112
0.4632246160730533,0.009452926919684764,-0.010833633389332995,-0.010033236070824998,-0.02166675675656869,0.004918340897700513
0.463303509343269,0.005652878408583297,-0.008818107802335698,-0.010544773867531117,-0.02016512419429757,0.0036098221599119764
0.4633824026134846,0.0033923533613666526,-0.006271902740711425,-0.011286889721862666,-0.017523914720716606,0.0014347967972542458
0.46346129588370033,0.00490069520708025,-0.006208739727462779,-0.011796542893116083,-0.010810706897390337,-0.002989197819231585
0.46354018915391604,0.011075874596215299,-0.004946877558719256,-0.009577783054577117,-0.0005773707996951671,-0.007330774153140584
0.46361908242413175,0.01649464936758273,0.004081440085743265,0.0013251968136060814,0.00568523842214597,-0.0023382420590835023
0.46369797569434745,0.01945714317194271,0.004556922931667327,0.0041448621383008335,0.004430320421228751,0.0006721414391536991
0.46377686896456316,0.021212425862992785,-0.0009430029225792174,-0.001556428398907594,0.0015441275532085395,-0.0021708917630048658
0.46385576223477887,0.01967347602079098,0.0031213603586973987,0.0013983782471273802,0.002139978634100351,-0.00015918799753988162
0.4639346555049946,0.01573967316358541,0.0073327292000937025,0.003262427217901167,-3.5519978548887974e-05,0.0026358602563865668
0.46401354877521017,0.013126856506926281,0.005312702956685206,0.0003824183792374216,0.0016513992611904837,-0.0006811987152915897
0.4640924420454259,0.010898068344378913,0.00959950086259831,0.004727192384498428,0.003404782390218732,0.0017522147021800608
0.4641713353156416,0.009018818108840847,0.004282421731490959,-0.0002775173227661638,-0.003737509208779124,0.0020129536919975843
0.4642502285858573,0.009675219592151391,-0.0019051113208675163,-0.005164737071367248,-0.003285792438311898,-0.0021740550571631508
0.464329121856073,0.012052218574717749,-0.003606315796975445,-0.0051934642709467104,-0.0064059564734848425,-0.000330950212457055
0.4644080151262887,0.013763381960138819,-0.011469103328220613,-0.009614236719217161,-0.01239162075368337,-0.00029426507165962484
0.4644869083965044,0.014520698860787128,-0.010243016915191779,-0.007047349758296451,-0.008720192281238137,-0.00043269212157071
0.4645658016667201,0.014220884047094868,-0.011959832642673389,-0.008794531530717471,-0.007907055856736567,-0.002319446697686464
0.4646446949369357,0.01249709592356649,-0.01580644136740553,-0.01308720367456894,-0.010450650419645385,-0.004239191382853278
0.46472358820715143,0.010413234767016076,-0.014647945808568655,-0.011433795596246757,-0.002254018593793257,-0.007815683774741995
0.46480248147736714,0.009512620744994479,-0.007248719387957804,-0.0026418468341686103,-0.0015286479979797587,-0.0012030026726692685
0.46488137474758284,0.009315792792565936,-0.018683280999582743,-0.014242776788982395,-0.011164680976774529,-0.0047385600315869485
0.46496026801779855,0.00914320909785677,-0.013279685148295752,-0.010019921867422068,-0.007371839769090698,-0.003621757547466027
0.46503916128801426,0.009326149657374922,-0.008316212452723827,-0.006020095437033034,-0.010136268318816043,0.0012376499170641188
0.46511805455822997,0.009158178869974493,-0.008158171740232797,-0.00657157053340116,-0.010877216183421651,0.0012388150025244241
0.4651969478284457,0.008079923269603462,-0.010095448532252112,-0.008633860317203639,-0.0077612068468430944,-0.0022778918705688594
0.46527584109866127,0.006345966773431449,-0.01370609211170909,-0.012763103981374048,-0.010824561435322662,-0.003755751530135578
0.465354734368877,0.004124487368411191,-0.007313089975795695,-0.007922522517220842,-0.012982306491007262,0.0014151063378000587
0.4654336276390927,0.002339020091964295,-0.004224437900902116,-0.007627497913338928,-0.006804842676998504,-0.002043250499970384
0.4655125209093084,0.0017600618794202081,-0.0022998308833437815,-0.0088203862187345,-1.2792006944472955e-05,-0.007061382292002066
0.4655914141795241,0.0016456654973091439,-0.007402148635722143,-0.012236372805579663,0.0004985114059668543,-0.01010498547256288
0.4656703074497398,0.0011349435026538942,-0.009984747245917708,-0.014197621136601366,0.0018794319591406896,-0.01250267388121039
0.4657492007199555,0.0006476914325908602,-0.012750306081646248,-0.015247798205468588,-0.004410464376057199,-0.009583297123055065
0.4658280939901712,0.0007353740391259011,-0.017085997830331552,-0.01736636505929617,-0.013242027536153833,-0.006000585379366301
0.4659069872603868,0.0019169695233612512,-0.019153889819182403,-0.017958276745768498,-0.016939402619699267,-0.0042639878801050005
0.4659858805306025,0.003961631670888989,-0.019657993465687102,-0.015899104718579436,-0.016236363071590397,-0.003033283804548069
0.46606477380081823,0.004861432630658605,-0.020049186623612755,-0.016576875380193968,-0.01442268621309788,-0.004661469851917468
0.46614366707103394,0.0038959007370059115,-0.020258331336454258,-0.018058359394170786,-0.015425391938361633,-0.005249725265318809
0.46622256034124965,0.0023058022121858913,-0.014425803654546104,-0.015682565861135714,-0.01557115810776263,-0.0032575198943665526
0.46630145361146536,0.0010747860876806376,-0.008150244366592677,-0.01169065352926291,-0.013185156396274064,-0.001484156430652021
0.46638034688168106,0.0015844431776590253,-0.0023975870947825243,-0.009521307130907737,-0.0084576407906813,-0.0025727004416883884
0.46645924015189677,0.003973145884661888,-0.0034542375428439466,-0.011578001852642131,0.0014614781673428143,-0.01015317393396507
0.46653813342211237,0.006058428822542612,-0.0017739207485233902,-0.008012848354141325,0.0003246873379621473,-0.006616000834051062
0.4666170266923281,0.007303169537195593,-0.005120809891676406,-0.009636419889713987,-0.006540608739712884,-0.0038114899584462698
0.4666959199625438,0.008108048718203384,-0.008103101038106115,-0.010550255325797958,-0.007473946616150176,-0.003985787126560218
0.4667748132327595,0.0077282235008245175,-0.006058772587009068,-0.0070922460200320515,-0.007958334342888156,-0.0009243457095921795
0.4668537065029752,0.007392843828681151,-0.002504194956208286,-0.004755716106504075,-0.010431116479503925,0.0024274145490080948
0.4669325997731909,0.007682638268195141,-0.005373864454213992,-0.00754762684671305,-0.009920225347301762,-0.00011592730268663112
0.4670114930434066,0.006647838920324608,0.0024081473926291968,-0.002881216994340652,-0.01158742661983604,0.004621440229757363
0.4670903863136223,0.004518365896794652,0.006593151152867185,-0.0004035448279471578,-0.011950826696845461,0.006824546257615455
0.4671692795838379,0.0036344283122620447,0.005899593360541277,-0.0010701763463081466,-0.009506781523445357,0.004828368780957039
0.4672481728540536,0.005282692920699385,0.008655516315380024,0.0024595085239352706,-0.011715335364815005,0.008978174570715121
0.46732706612426933,0.008805277078511996,0.0004457355625114849,-0.0022896286650828605,-0.016194181675039474,0.007851328373753326
0.46740595939448504,0.013346359475918853,-1.7964476383608552e-05,0.0017708173121934998,-0.015989785129807282,0.01098321136892536
0.46748485266470075,0.018049890751192486,-0.0032270431391325924,0.002779994843056111,-0.009944968447762657,0.008176068731901891
0.46756374593491645,0.020720061334030166,-0.012603922429400588,-0.005312980518812417,-0.010293845077703475,0.0018986604309588172
0.46764263920513216,0.021435092965133563,-0.015934992546235,-0.008281833628744288,-0.010855906772601552,-0.0001447831204112562
0.46772153247534787,0.023162543822040048,-0.006969846150592799,-0.003434447418715215,-0.009801149943951905,0.0031095823369907817
0.46780042574556346,0.02366683048792888,0.009028285061760663,0.007115135781884473,-0.017327822440404456,0.01606631708519556
0.46787931901577917,0.01901640159478125,0.020640787704212328,0.01329248801867381,-0.01512168107527616,0.019696466094791844
0.4679582122859949,0.012095265258570534,0.02510384170260089,0.012342335257266348,-0.015878133138158643,0.019387589148205358
0.4680371055562106,0.006681993377247009,0.02477803254817548,0.010876041968681735,-0.013107563446233454,0.01655553004984024
0.4681159988264263,0.0037558906988724985,0.01335100757737111,0.00280386670319941,-0.007165087475085771,0.006532487840804444
0.468194892096642,0.0031079422601209593,0.00766221515744235,-0.00020285691562857568,-0.005946669707135808,0.003394089033347506
0.4682737853668577,0.003719269145746289,0.003939248196336198,-0.0019338206949811893,-0.003481182550870732,0.0005322249315444278
0.4683526786370734,0.0043262044099319705,-0.004991803490982917,-0.008115695554735623,-0.00015232081191218132,-0.006413154224453733
0.468431571907289,0.004480526547286794,-0.011710828127758349,-0.012734541179915872,0.0023483934482136214,-0.011610480657794277
0.4685104651775047,0.005012248605561804,-0.01760425728152187,-0.017332988569653943,-0.000575066580295742,-0.013548106652188079
0.4685893584477204,0.005011409927547044,-0.015723639008842123,-0.014763804677960233,-0.0060316459621891135,-0.008225889418567368
0.46866825171793614,0.0029465982789136733,-0.011685172153933599,-0.010891709742378396,-0.013128338928890194,-0.0008776650042283344
0.46874714498815184,0.000662010647054253,-0.011635452266771148,-0.010778390722511048,-0.01513420915096516,0.0004129754068746789
0.46882603825836755,0.0003212278028373029,-0.013990029289731316,-0.013122014766399723,-0.013427892292048922,-0.002486471381130939
0.46890493152858326,0.0024387644163977843,-0.014531023006053106,-0.010867133112316858,-0.012340012290234119,-0.0013294775095502075
0.46898382479879897,0.004995752366920898,-0.011547516747818787,-0.008115277706876258,-0.004789692728687029,-0.0036394179880733404
0.46906271806901456,0.0062047762743621835,-0.012261842687826116,-0.011748037441325767,-0.004024990948218902,-0.007008486182641226
0.46914161133923027,0.006079823080045679,-0.00671712869773455,-0.009789492328753776,-0.0027806339741639177,-0.006182827409860776
0.469220504609446,0.004680355692992238,0.004846440719518451,-0.0038311018881530684,-9.54757876783551e-05,-0.0030132712408760575
0.4692993978796617,0.004090867429669881,-0.0031745550139636353,-0.0101676640364661,-0.005361922987897896,-0.004942221512609987
0.4693782911498774,0.004713736879921702,-0.007569092094249288,-0.013558214906840477,-0.012136272317800253,-0.00360867579693803
0.4694571844200931,0.0040168034144539184,-0.012432064136309118,-0.015140139398936363,-0.01583209405423031,-0.002666532124977469
0.4695360776903088,0.003015108776230748,-0.01539701309900153,-0.018357140926008302,-0.011494502969969558,-0.007840034689648836
0.4696149709605245,0.0026914686535411047,-0.015315753297555978,-0.015215742253231015,-0.010735078493090066,-0.0057755128759830335
0.4696938642307401,0.0033934725375080943,-0.01214059129235196,-0.013239033076857924,-0.008364209509620572,-0.005608691127380062
0.4697727575009558,0.005072674040795162,-0.0053447342073097885,-0.008020927339274633,-0.006541830034629459,-0.00251589335155304
0.4698516507711715,0.004503902259197107,-0.01024403950315212,-0.01210408477800728,-0.009227176887719837,-0.004182792835875538
0.46993054404138723,0.002007874625988446,-0.005396585220432494,-0.009644969413582593,-0.007942109291513759,-0.002980150749941055
0.47000943731160294,0.00030092150200955226,-0.002064036056172386,-0.007432395164100905,-0.008136093735995135,-0.0010906645034909292
0.47008833058181865,0.0016435054029957932,-0.0007964129075873445,-0.004883014076435865,-0.011251022119994337,0.0028158072742803402
0.47016722385203435,0.006624505436653268,-0.0027499305453865257,-0.004054097734038921,-0.014638960295702856,0.0055067672996111944
0.47024611712225006,0.01245193979837948,-0.010434322757038208,-0.007978412522001987,-0.013707176832932516,0.0018038941459620678
0.47032501039246566,0.019009431512590155,-0.009700478043074128,-0.004368993567016115,-0.012171178309160662,0.003778191735189817
0.47040390366268137,0.024397848565583156,-0.009421859990001813,-0.00401454590821369,-0.009309363076997926,0.0023504933407848773
0.4704827969328971,0.025258193584198726,-0.004285649834250721,-0.000289292321201185,-0.002710277048460659,0.0013891366554722323
0.4705616902031128,0.02611266738874723,0.0007025484484982866,0.0014652582443422152,-0.002854463978096922,0.0028815220734777357
0.4706405834733285,0.026149386193458725,0.01237579885684646,0.007926057981197245,-0.004138319389298717,0.008827196665219417
0.4707194767435442,0.01963978086554456,0.016894932300659825,0.008804556079745694,-0.009397021112762208,0.012676295969896572
0.4707983700137599,0.010689446544964017,0.018421901973358298,0.006893627806629248,-0.00839789991107051,0.010547358797363722
0.4708772632839756,0.004498728778098772,0.012023143207048531,0.0005681567860034602,-0.006950066320274938,0.004612143778831906
0.4709561565541912,0.002740452656773712,0.011076429091166995,0.0013416216518464714,-0.0003121812475250427,0.0012619291569684564
0.4710350498244069,0.005032018687842461,-0.001822684940943873,-0.00610626891620018,0.006796247710065655,-0.00895843984768977
0.4711139430946226,0.009056049332553417,-0.008721065147604103,-0.008844128086300035,0.006186283427942902,-0.010787751713126643
0.47119283636483833,0.012385131853816424,-0.017299574547963274,-0.013378949695420646,0.0021212718593703163,-0.011991138978238494
0.47127172963505404,0.01287677799027217,-0.02079936572385461,-0.014795880763650461,-0.004545427278531417,-0.009140333619819625
0.47135062290526974,0.01304957112560853,-0.020401734287388486,-0.014140619209728304,-0.0100890048231661,-0.0052999638437205175
0.47142951617548545,0.013830863284956337,-0.025699606565427833,-0.01983418869883166,-0.011506770981433384,-0.009017051245746888
0.47150840944570116,0.010823095063091925,-0.01635235570154635,-0.012773866525353686,-0.014716364551336488,-0.001436703680775104
0.47158730271591676,0.005256146908144149,-0.014951669126584362,-0.012952087543480269,-0.020821107565725902,0.0020721938382988925
0.47166619598613246,0.0014192950761102502,-0.01730256142199969,-0.016795553728103024,-0.019077250112790302,-0.0020529007452450864
0.47174508925634817,0.0011694097359730715,-0.020238773560185004,-0.02030729371007944,-0.01067916318434338,-0.009891272706328228
0.4718239825265639,0.0034051555186208416,-0.015548160903595322,-0.013665414165381121,-0.0015938988260439622,-0.009999137137214963
0.4719028757967796,0.005446516293409597,-0.02023320476582219,-0.01725574549712744,-0.0036840365826584093,-0.011627274207023029
0.4719817690669953,0.006217707264635454,-0.01627258699534748,-0.01389874455529873,-0.005724823863963359,-0.007715921070299382
0.472060662337211,0.005307417479447363,-0.016257735364383075,-0.016196322299654585,-0.015053042548601238,-0.0039793371670361335
0.4721395556074267,0.00406560385668295,-0.013945144984218142,-0.01598145332871949,-0.01709316133798318,-0.002586849409957399
0.4722184488776423,0.0037423050394940842,-0.015277118059453601,-0.018282903428102994,-0.017772243302317147,-0.0040262013043211855
0.472297342147858,0.0025830527075010688,-0.008131806971178338,-0.011743108355377731,-0.014817388331967099,-0.0005499206171711666
0.4723762354180737,0.0007662990153862563,-0.008341545214516306,-0.013145536164692457,-0.016793981486215213,-0.0004919664703410907
0.4724551286882894,8.08760380968989e-06,-0.0035265744548283484,-0.00867341969277151,-0.016389934937320515,0.0028515626789507847
0.47253402195850513,0.0011680087870746213,-0.008353549651589786,-0.013827631386891864,-0.016252248787318086,-0.0013628807550418284
0.47261291522872084,0.0033903355936705467,-0.007497534921652295,-0.012480683071705993,-0.015000433465958004,-0.0010317446330108601
0.47269180849893655,0.004357295242899163,-0.0031587940877136726,-0.007790479140027224,-0.012163920834622389,0.0010314321277737491
0.47277070176915226,0.003966260011865962,0.001337705792809353,-0.001194039734440841,-0.01315162082622439,0.006909301478826951
0.47284959503936785,0.002955171351602193,-0.008547813618956552,-0.00934466059074196,-0.015734218308903983,0.001921231050939434
0.47292848830958356,0.00313726286383306,-0.011538580928166238,-0.012402148637940787,-0.011048224191287979,-0.0033326234913139403
0.47300738157979927,0.006311567627743177,-0.00909845230380359,-0.008480312049760741,-0.013098087304053393,0.0010372487462009185
0.473086274850015,0.009589283227232733,-0.013340649155851932,-0.012681928353814096,-0.0106256935157943,-0.0038096131831791584
0.4731651681202307,0.012373844920666677,-0.009661199745014892,-0.009919560019637967,-0.011792899545032159,-0.000897122434100145
0.4732440613904464,0.015326430212514664,-0.009187873389778455,-0.009834636959859403,-0.01398448811187781,0.0004818167362270306
0.4733229546606621,0.015820532485929243,-0.0057932071238818,-0.007937376869110137,-0.015357156303406711,0.0028237706261857905
0.4734018479308778,0.01546432516605119,-0.0034669571268545643,-0.003473827840309547,-0.01389485653752134,0.00552672762656867
0.4734807412010934,0.016322608001268713,-0.009925052022360017,-0.008934621836533135,-0.015612749643589894,0.002177267285470387
0.4735596344713091,0.01427946824444292,-0.009944613186743558,-0.008736927012089881,-0.013066949981979327,0.00081292449814847
0.4736385277415248,0.009007167372288403,-0.012905237000921792,-0.012153293197765338,-0.011492961763231719,-0.002867138859150468
0.4737174210117405,0.004776234212589465,-0.013335448737283208,-0.012115611356604297,-0.008339500467886113,-0.004722910235647001
0.47379631428195623,0.0037474195834131985,-0.012572247849358795,-0.010511437664304655,-0.0057043163331163705,-0.005013003622931351
0.47387520755217194,0.005878717380806753,-0.012865034094438118,-0.010576187815959695,-0.0022320499891471664,-0.007141438739778802
0.47395410082238765,0.009811789224260535,-0.011673148820074827,-0.009217335818010767,-0.001726849324677648,-0.006354451205631887
0.47403299409260335,0.01415441442404085,-0.012263851589478876,-0.010448468132522527,-0.007255594482999401,-0.004034785406925723
0.47411188736281895,0.016503814723163666,-0.0058151896834953525,-0.005253406461808784,-0.010053448682667521,0.0018026200403662787
0.47419078063303466,0.016728043077965094,-0.001986480580763998,-0.0002349534723763246,-0.012542744442600754,0.007313730123568879
0.47426967390325037,0.018184794876040872,-0.007388436310756638,-0.004487845910038351,-0.011807516503728724,0.003465403503356038
0.4743485671734661,0.019081350030279293,-0.013754458824609402,-0.00979164463448426,-0.013929346001572059,0.0004832971171246671
0.4744274604436818,0.016017630689937893,-0.017098667550965303,-0.01306595183266651,-0.015035557976697035,-0.0014799548409231472
0.4745063537138975,0.011379040654901786,-0.017214075725026853,-0.014865441298185879,-0.014845099660140118,-0.003036610276159377
0.4745852469841132,0.0079267328314643,-0.014754140466309497,-0.013435260143305611,-0.011288868084890996,-0.004016911604815547
0.4746641402543289,0.005931893600089026,-0.0192644395804166,-0.017324125200269783,-0.009322721371654937,-0.008310458976820425
0.4747430335245445,0.0046567278113225745,-0.022413008587396626,-0.017563900181034157,-0.011811025836644432,-0.007014730477498227
0.4748219267947602,0.003564672558188088,-0.023489108445153756,-0.019768609409003195,-0.014631701154861048,-0.0070958342054620975
0.4749008200649759,0.0027542809498268535,-0.01984722797143624,-0.018698116001140023,-0.015655813522409846,-0.005624942213140403
0.4749797133351916,0.002375904658057613,-0.013630060183485518,-0.016953713843971516,-0.018531037055434633,-0.0025064454280670947
0.47505860660540733,0.002500544603073094,-0.0026787131804726673,-0.009209835089642161,-0.022599953593333284,0.006136821412132758
0.47513749987562304,0.0029808492883291893,-0.0019095888825400708,-0.010067712505390018,-0.017469110034101606,0.002379410493839213
0.47521639314583874,0.003425060996464574,-0.002680429037353919,-0.012084630272354197,-0.021249001116561476,0.0030237064033827163
0.47529528641605445,0.0037097321831717654,0.006709707075962793,-0.004647127933123314,-0.02225150383269445,0.009585868835809891
0.47537417968627005,0.004228161026308333,0.011754594311252307,-0.0018540367155252425,-0.019143544578987457,0.00996494640944451
0.47545307295648576,0.004940920992848139,0.011993200517687225,0.000140884726621758,-0.014050471876280564,0.008516842596742166
0.47553196622670146,0.005430320267981675,0.004400384077902932,-0.0034089048554320537,-0.013197773215941644,0.005161775216894764
0.47561085949691717,0.0054301494240534005,-0.00575596298130628,-0.009871942682933758,-0.012164702083467873,-0.0006365695713827352
0.4756897527671329,0.004649088547852004,-0.009916228525362598,-0.01171929208024208,-0.015879396165890267,0.00010441672041376954
0.4757686460373486,0.003969457601001213,-0.01165834576748476,-0.012951248303356136,-0.016594561505838483,-0.0004554821124643637
0.4758475393075643,0.004756822449559028,-0.010926604566524726,-0.014136432571493296,-0.010151494681656619,-0.0052592361329656155
0.47592643257778,0.005950675445792156,-0.006200147598401956,-0.011474688906276351,-0.009493359918813945,-0.003519064806917427
0.4760053258479956,0.005625728672948251,0.0013713788484618487,-0.007511692523755165,-0.00975403840869074,-0.00018652333558411203
0.4760842191182113,0.004768312638336108,0.007497987005849491,-0.0032985827240957282,-0.01484048258140386,0.006232859599107728
0.476163112388427,0.004384597380322014,0.006594534561336096,-0.004231911936918754,-0.01753124830437519,0.007094502141363164
0.4762420056586427,0.004463293938620157,0.006470383935821613,-0.002778699509547317,-0.019066537795078164,0.009177780336850514
0.4763208989288584,0.006309171906481335,0.0010345958581432038,-0.0031659446547614256,-0.01863436824321642,0.008608844869335669
0.47639979219907413,0.008740976509102412,-0.005097766860843684,-0.006586134595190729,-0.018031115539466208,0.0055065341034672005
0.47647868546928984,0.008008422973610627,-0.012341671791744077,-0.01050589150203721,-0.01962068416074227,0.0033152759994847826
0.47655757873950555,0.004807527548292918,-0.014155317510766126,-0.012755452929510417,-0.02083346282200847,0.00223724676951931
0.47663647200972115,0.0020237061243396767,-0.012177262885686551,-0.012734141180803462,-0.01446109332427475,-0.0015575399955586604
0.47671536527993685,0.0013351089647752185,-0.0038313476349045796,-0.00749508792466859,-0.012350730535022383,0.0013799452453375457
0.47679425855015256,0.00301223917414192,0.008415892726926862,0.00040519151012770587,-0.0103770242072073,0.0065313064391626765
0.47687315182036827,0.006501343880493166,0.008958795783077761,-0.0014542272729087399,-0.01312835835858392,0.0066868596413157625
0.476952045090584,0.01140256796620009,0.015286362199641695,0.004626207091892838,-0.013061768822567167,0.011519916538328628
0.4770309383607997,0.016008425720705464,0.008326696248999272,0.002343314076502045,-0.01549389481817215,0.011145349658977316
0.4771098316310154,0.020070349201811173,0.013434380585554063,0.012345091318305475,-0.0129954148611224,0.017665617793001544
0.4771887249012311,0.02598848668068922,-0.0001958041121085531,0.004785491933026955,-0.014557067990144317,0.012542019443976517
0.4772676181714467,0.02884675836684255,-0.007513135971617995,-0.0005396957375899624,-0.0117530382215049,0.006597119599852322
0.4773465114416624,0.024586433183400817,-0.009599148810692609,-0.00439249536614009,-0.013288189861927627,0.004427520573119691
0.4774254047118781,0.01801686458660643,-0.006975225723881754,-0.004576557652270448,-0.01250157568750973,0.0038094618457245612
0.4775042979820938,0.011846249520499964,-0.008647471280168875,-0.006935176776847588,-0.015517589663366508,0.0037230857352615397
0.4775831912523095,0.006224415694205341,-0.01310238990091025,-0.01203188679575413,-0.016254104721259332,7.794586552284059e-05
0.47766208452252523,0.0021408541946910495,-0.015331554449908316,-0.01652497751832617,-0.016001552541975904,-0.0036755726818071526
0.47774097779274094,0.0006298724492244334,-0.010261077098399995,-0.013048658487012416,-0.020495348827821443,0.0017998776251182483
0.47781987106295665,0.001173590459999894,-0.0045195630782808045,-0.010027221349964312,-0.019183272111105668,0.0034373398135790524
0.47789876433317224,0.002831032429962113,-0.002060606421937048,-0.009445808288223535,-0.016954004882747932,0.0025698221799309675
0.47797765760338795,0.005216959878792638,-0.0014772172346348524,-0.00823663374103133,-0.013604328450030626,0.001535388642486979
0.47805655087360366,0.008400226774251089,-0.004339473541255755,-0.009785079265374516,-0.01647698506015969,0.002012491075161087
0.47813544414381937,0.009941321903081685,0.002197022002485939,-0.0034848918094151347,-0.014529447716579727,0.0058974718767988606
0.4782143374140351,0.00898085871188853,0.00396719552047464,-0.003041183687256282,-0.00949780327805714,0.0032433284632634005
0.4782932306842508,0.007495335234168426,0.0034262325265945436,-0.0035050090390987172,-0.007909782709456878,0.0019217515459898943
0.4783721239544665,0.006467816074595864,-0.0022591806257620346,-0.008090531237546354,-0.012625290411526836,0.0010668859259067897
0.4784510172246822,0.005912424236436305,-0.010687764409472991,-0.012256699967124583,-0.014061622212320258,-0.0014137097614870739
0.4785299104948978,0.0055342096031857115,-0.010326004658578955,-0.0097530386280793,-0.016276402139202402,0.0019181885744668271
0.4786088037651135,0.005037797103374914,-0.012810647294650916,-0.011869506358409382,-0.015852119994081895,-3.232558102678285e-05
0.4786876970353292,0.004830389342227878,-0.011574071806554011,-0.01180551187025402,-0.014387263690122113,-0.0008572231298827049
0.4787665903055449,0.005853249393865656,-0.008163072688542548,-0.010957627013279413,-0.015443759562040546,0.0004544492634936102
0.4788454835757606,0.006522139256771758,-0.00548980309776535,-0.009953242617706802,-0.016099713814398977,0.0016520017882932043
0.47892437684597633,0.004407698465509961,-0.0001348646072734562,-0.005878423003462239,-0.016403088421986144,0.005099856044484305
0.47900327011619204,0.0016727602728314047,0.0001411703509651208,-0.005802478407758311,-0.01808222600495449,0.006165264533069462
0.47908216338640774,0.0003657365151150921,-0.004442757039590536,-0.011236607496405633,-0.015707877022264942,0.000388783191859571
0.47916105665662334,0.001707672916559812,-0.009377955268854796,-0.01358552280192424,-0.01210175991085038,-0.003651209427029395
0.47923994992683905,0.005152944284683169,-0.012913089071922899,-0.01419501024207112,-0.015247594072139204,-0.002258345147426736
0.47931884319705476,0.007322829453058393,-0.011242305470833287,-0.010304150913583793,-0.018289389913259863,0.002680572767859791
0.47939773646727046,0.007127808812604738,-0.012663073961995576,-0.01215045138191472,-0.019806394360349526,0.002107879591687342
0.47947662973748617,0.005333971589340881,-0.011153736268929057,-0.011763613358509326,-0.017787232065191196,0.001210117715046437
0.4795555230077019,0.002535953395554368,-0.007328040300247084,-0.009751316334406233,-0.015015197922127084,0.0011651395051766504
0.4796344162779176,0.0016911086981029684,-0.008602100130162257,-0.01129711685789088,-0.015006111175040544,-7.949389855315658e-05
0.4797133095481333,0.0023690702330725626,-0.00790221468700885,-0.010778978110948412,-0.016163327239690484,0.0010280929844536449
0.4797922028183489,0.004567335504034356,-0.004197084257570949,-0.00751905271869501,-0.01654416762666617,0.003869173375541141
0.4798710960885646,0.008827454086098788,-0.010051409154246151,-0.01049805695356069,-0.013324252848789676,-0.0004449158033298883
0.4799499893587803,0.013365661422360306,-0.014629626770568902,-0.012272209185161087,-0.013348808526460199,-0.001852490090769319
0.480028882628996,0.020115093487381386,-0.01286962502674151,-0.006656150846553574,-0.014735498652552113,0.0034788972613584456
0.4801077758992117,0.026877439421451394,-0.012826198632528882,-0.0053122002659347495,-0.016234843004247615,0.005453058463349851
0.4801866691694274,0.026266080906864657,-0.00920659235968414,-0.0033420948296184957,-0.015156514641111937,0.006387039699753442
0.48026556243964313,0.021050747102748967,-0.005925209619594651,-0.003535238496697467,-0.02000530567400197,0.009133086841320966
0.48034445570985884,0.015545299469901144,-0.007669834804766402,-0.00644971545984115,-0.021174644270791337,0.007496633027029464
0.48042334898007444,0.00845299294545953,-0.011513017452990956,-0.010459369795227763,-0.019792499454207458,0.0034553628149661757
0.48050224225029015,0.003295044872956125,-0.016575595628761205,-0.01492847935739841,-0.018799937537200908,-0.0007216182989401138
0.48058113552050585,0.0010871774277592108,-0.02247266303170195,-0.020286392365909248,-0.01283545692907231,-0.008585171287987331
0.48066002879072156,0.00018429504882046726,-0.026096178992743035,-0.02310957767651061,-0.011438816882843922,-0.011684249491979494
0.48073892206093727,0.00042040016401952753,-0.02786644985619349,-0.023247424495024163,-0.011548905453044388,-0.011728979398881801
0.480817815331153,0.0016186675773416143,-0.024287769497376453,-0.019926099853144124,-0.012907433663554686,-0.008253213650896303
0.4808967086013687,0.004075732155524532,-0.021305899608403532,-0.01778571191570356,-0.013781474146811638,-0.006014227316222391
0.4809756018715844,0.006408497182789652,-0.021383806811118854,-0.019326339393374036,-0.013685038463921691,-0.007307276548372812
0.4810544951418,0.005593994941768686,-0.01668762131452999,-0.016828605107871777,-0.017684422683624735,-0.0029125058818014566
0.4811333884120157,0.0035163513682893045,-0.011285892388666313,-0.013743593274837212,-0.021772803815921116,0.0020069105899110707
0.4812122816822314,0.0027250457800557766,-0.0013928399188071524,-0.004760295135526422,-0.02561695776843317,0.011509085318847947
0.4812911749524471,0.0031981007980670995,-0.005953456195628927,-0.006914198354271862,-0.023869569374734632,0.008736841699550303
0.4813700682226628,0.0036292491744201994,-0.018279691639484334,-0.01747808176859525,-0.0146625550687908,-0.0052406340239380496
0.4814489614928785,0.0034430964404909975,-0.023945858843707608,-0.021217215768481092,-0.014147073126137213,-0.008547336590437639
0.48152785476309423,0.002727770163037369,-0.02765206341249968,-0.02286798621100393,-0.014839351599940315,-0.009457313688257939
0.48160674803330994,0.0020917207951044996,-0.02904337544706415,-0.023140660404729035,-0.01442795463757797,-0.009921993969562696
0.48168564130352554,0.001805911386509167,-0.027212352333529224,-0.0223262647092956,-0.011545947860078405,-0.01099201972611362
0.48176453457374124,0.00090331387061792,-0.023416366460533963,-0.021055243253392513,-0.007058247029512962,-0.012655931218389063
0.48184342784395695,0.00011469045027110057,-0.014851247818021208,-0.01573644227113604,-0.006356771097840576,-0.008811175397615736
0.48192232111417266,0.002367878400497122,-0.007740506055909236,-0.012569948094366424,-0.00659804096947174,-0.006128563806185186
0.48200121438438837,0.009339743387908562,-0.001940678768377056,-0.009699084399641613,-0.0030658888647732883,-0.00593977157453985
0.4820801076546041,0.016974750516046102,0.0029611678052178063,-0.0048359568601861885,-0.001163902629288571,-0.003179604101310654
0.4821590009248198,0.021716617578791543,0.0008441388875737286,-0.0036532794609318267,-0.004464822184598851,-0.0002575237370412044
0.4822378941950355,0.023689509667875263,-0.0024706068275996123,-0.0029176926089744238,-0.007683547753030425,0.0022571488261107996
0.4823167874652511,0.023241983957529768,-0.010392670911241797,-0.008508160626899288,-0.010941850450745683,-0.0002747939842147157
0.4823956807354668,0.01680646441441589,-0.015974295956425126,-0.012796913479020695,-0.011503947061388884,-0.0033765332432742594
0.4824745740056825,0.008969689186049776,-0.02102876250613161,-0.01577411792258678,-0.012778252719104592,-0.00500128771328467
0.4825534672758982,0.004945692195947905,-0.020253687345018784,-0.015159317180016223,-0.014658435790295039,-0.0033838760327551394
0.4826323605461139,0.0014132103600412605,-0.016495890913940253,-0.012291690162508551,-0.014838886172059512,-0.000976855777707821
0.4827112538163296,0.00023012339978793555,-0.017503975972873266,-0.013121810220689445,-0.014366772480032148,-0.001924754185986882
0.48279014708654533,0.0031370909707837172,-0.026149711887171925,-0.021338552639818834,-0.010644758143779012,-0.010738780127210253
0.48286904035676104,0.010990393774192291,-0.02512719470853305,-0.019417677671240408,-0.00753933858929999,-0.011055330273386042
0.48294793362697663,0.021071154501758605,-0.01619558793202667,-0.009596256760807241,-0.009725740332295875,-0.0018743439564775188
0.48302682689719234,0.028049030249199126,-0.008449547212552208,-0.0018576382541999048,-0.008798148464101893,0.0037734032515143253
0.48310572016740805,0.03284981874408747,-0.000630574885488511,0.005065050512931436,-0.016532913948949,0.013948009042785267
0.48318461343762376,0.036176548648213,-0.0008832440899117043,0.002326686294287351,-0.01861303324801271,0.012998047093666228
0.48326350670783946,0.03124732354119246,-0.0014424871461099027,-0.001063954291159381,-0.016183919305488837,0.008827513386812777
0.48334239997805517,0.02292335375167004,-0.008476242367118931,-0.006788028395100321,-0.019169178345366255,0.006025565589009626
0.4834212932482709,0.01808048430046822,-0.012806016829286405,-0.010223373902879607,-0.017864771227594434,0.0024913125268509694
0.4835001865184866,0.014549973542040484,-0.017134731956342086,-0.01334096841440232,-0.014134242769258539,-0.0022395365278438024
0.4835790797887022,0.010263617660364224,-0.022573828242038036,-0.018459755590270688,-0.011740745643763234,-0.00777506452772954
0.4836579730589179,0.0057940912038822335,-0.023950185399667766,-0.020054979667073623,-0.01230958780124773,-0.008714050552410053
0.4837368663291336,0.0028215994891510163,-0.023072361627122187,-0.019284409475170475,-0.01159675910966526,-0.008522400439431026
0.4838157595993493,0.001697994524142859,-0.01877717882409654,-0.01853300400081021,-0.016427392959753165,-0.005031090821786985
0.483894652869565,0.0016714996709191318,-0.004345455512439087,-0.009504210141947885,-0.02017854235802145,0.004452065482249423
0.4839735461397807,0.001570879068389023,0.01351712085693806,-0.00036025113698826954,-0.021712614000219704,0.012699280471078761
0.4840524394099964,0.0009485776878059466,0.025417804358567588,0.006699076609635898,-0.02383974505603694,0.019629003775180908
0.48413133268021213,0.0002988512487676787,0.031516420292510255,0.011543743474648408,-0.02607757708129395,0.02484956578702982
0.48421022595042773,0.0001872913122942111,0.019913705746074338,0.0031133671480545245,-0.02153859856449024,0.015378862055917453
0.48428911922064344,0.00047431051543061163,0.00625611256683315,-0.0038538561606660795,-0.017636687579080487,0.007460598173823979
0.48436801249085915,0.0008328309856158643,-0.004245017595941019,-0.008661040882031653,-0.01916502177250022,0.00452164009518393
0.48444690576107485,0.0011295172696365486,-0.009220741749404855,-0.009701521353961524,-0.01772789916259738,0.0028277856713797224
0.48452579903129056,0.0015076172606178842,-0.01078532782842728,-0.010440356402635626,-0.012529566461396151,-0.0008739854024453508
0.48460469230150627,0.0021970117486559064,-0.009037355688795611,-0.010276819113155703,-0.009462202244588304,-0.002577488898125109
0.484683585571722,0.0035201473229519655,-0.0042943955744549275,-0.010156223497160615,-0.007244224939490403,-0.003807333016154957
0.4847624788419377,0.00659790427248064,0.013470736427316329,-0.0022432217556149956,-0.007244708269140211,0.002535229764082876
0.4848413721121533,0.013694420840331697,0.04161696025272265,0.01476600736357944,-0.008228473818863026,0.016754788011424902
0.484920265382369,0.023276209178737937,0.05744816847014301,0.024830629372753855,-0.0034375958768542237,0.021956998202517574
0.4849991586525847,0.027788778271678447,0.06297633548172907,0.031004068769429773,-0.004743010375360509,0.027686010207619266
0.4850780519228004,0.02693967030787447,0.049335876252507974,0.02461285619916348,-0.009112963583660247,0.02517489942969207
0.4851569451930161,0.025006730171981652,0.027356981018939037,0.012542467968839701,-0.011630784394306606,0.017007626320241987
0.4852358384632318,0.021102766404106243,0.0061080398523932836,-0.0013106966975522142,-0.010947083949054507,0.00549711806567302
0.4853147317334475,0.013668555657136544,-0.0057716479829918975,-0.008281128254249644,-0.007949511203824661,-0.0018825421040440725
0.48539362500366323,0.007263734668515302,-0.015448553144216674,-0.014613089149849285,-0.0050817848751299795,-0.008673075965857117
0.48547251827387883,0.0034663544893479697,-0.01922914177687318,-0.01804341269179453,0.0014113905884640243,-0.015305267520497963
0.48555141154409454,0.0018870678488194408,-0.013973170464190977,-0.01541972673359966,0.0027585872615823468,-0.014007875237412174
0.48563030481431024,0.006090459118133709,-0.004483820027594452,-0.00908299356653703,0.004632727320117823,-0.010050069321855199
0.48570919808452595,0.016543837383952723,0.0021880461050824574,-0.004777225773538789,0.00424042920077644,-0.006364735116072666
0.48578809135474166,0.02701253720893138,0.013307592142611445,0.0062268905857595334,-0.0008395755938862988,0.005492580252422048
0.48586698462495737,0.034541019017904157,0.018088507870937322,0.01416337975074705,-0.0066638365236332785,0.015336204475195247
0.4859458778951731,0.0421919954888386,0.026268919238991068,0.024356605648104216,-0.013064958931932871,0.027332038108236378
0.4860247711653888,0.049821693540334916,0.03263368635761619,0.031989051800647386,-0.022923648711169833,0.03934035509830775
0.4861036644356044,0.054161475650677283,0.02703713797778467,0.026056291077339887,-0.02510879096291759,0.03589483428530722
0.4861825577058201,0.04721832558496099,0.017751254457499116,0.0170538348880875,-0.021376752609762302,0.026451406725732984
0.4862614509760358,0.039169132583706016,0.007379517240110702,0.008709349913821681,-0.019676981230358218,0.01874908733052588
0.4863403442462515,0.03531035569309703,0.002395083259908008,0.004342716106608076,-0.0193126950277611,0.01503219428511416
0.4864192375164672,0.028396124371843114,-0.0020406472767220095,-0.0008910716349506887,-0.014624128783162061,0.008032964757514369
0.4864981307866829,0.021830709989191777,-0.0073350202992689155,-0.006538353346553287,-0.012578478384709763,0.0022830427560712498
0.4865770240568986,0.016546013062939152,-0.010637139587306938,-0.012366321857133643,-0.007295964785825768,-0.0055479582656617595
0.48665591732711433,0.012017378470523952,-0.0038427234948849582,-0.008525438355541344,-0.0083019945024045,-0.0018675499801414912
0.4867348105973299,0.010526207722479383,0.008302270909509536,-0.0026710514253116204,-0.01692184537729824,0.007980948409468414
0.48681370386754563,0.014056162012444008,0.03341822490659794,0.012121040807027042,-0.019920422410241317,0.021628269201730648
0.48689259713776134,0.0205068477014917,0.049408541161965885,0.022807514409876262,-0.019050661168397633,0.02966968078265643
0.48697149040797705,0.022155039816406073,0.05303128470847981,0.025437505006586023,-0.01934246375441292,0.03195114364173035
0.48705038367819276,0.01803077348697101,0.045532473131680906,0.023110310976324138,-0.019744084406967163,0.030326910131384426
0.48712927694840846,0.015928319903026504,0.023873256355723085,0.009684546007427321,-0.018340994925922286,0.018731233677880866
0.48720817021862417,0.01479037698534507,0.007287987794368723,0.0009261671269927747,-0.016785404783989134,0.010782280525758903
0.4872870634888399,0.01416211359777684,-0.0034193826610299342,-0.005048631986263892,-0.011789152897840055,0.003004948073530587
0.4873659567590555,0.01348009053448473,-0.0031111949410315264,-0.004560450411858754,-0.008970493256344986,0.0017102736697324418
0.4874448500292712,0.01053432404643682,0.003935997723291135,0.00012442310756379733,-0.010969819882200397,0.0066608737290234
0.4875237432994869,0.007752792807485685,0.015275057091221797,0.0023821876720902147,-0.01512730621247174,0.010957203018576224
0.4876026365697026,0.005474195897393598,0.03585729618624808,0.010461816549107755,-0.01696572810630125,0.01853134907574653
0.4876815298399183,0.005718249927272086,0.06418859212425437,0.028067738984713396,-0.021632443402752995,0.03542735219117042
0.487760423110134,0.010075931201962264,0.07910244293209898,0.03702546849973545,-0.0214375394244312,0.042486614556231116
0.4878393163803497,0.014414867224788047,0.08134540797571767,0.039218701355660066,-0.019509877957454406,0.04309204140861908
0.4879182096505654,0.016207254765648858,0.058300466678512713,0.025828422794926816,-0.018119197654670266,0.03153295865669601
0.487997102920781,0.017067224242804428,0.033522761629944636,0.013217516094922289,-0.016265420805445453,0.020320482311368716
0.48807599619099673,0.016977023528288303,0.008316247640243786,2.3832944678144722e-06,-0.012562725242278052,0.007515890622504298
0.48815488946121244,0.012447243967537342,-0.00804911685056508,-0.01082610927937767,-0.010121284545234647,-0.0026236109303428537
0.48823378273142815,0.005739821762589454,-0.013373902516042034,-0.015255464738821157,-0.0076380799191245975,-0.007659394950549798
0.48831267600164385,0.0022285325052428646,-0.012326760494685516,-0.01684771787970804,-0.008514145321669274,-0.008412015683169877
0.48839156927185956,0.0012401246385479508,0.002073671886727985,-0.007221846960053115,-0.009725370062317997,2.8650966949242798e-05
0.48847046254207527,0.002778233634392401,0.01717033905786688,0.0018746299195663487,-0.01253968679897189,0.009002553610002618
0.488549355812291,0.008330313605085524,0.028366649019768726,0.009598187827098105,-0.014078964471547292,0.01611259062851247
0.48862824908250657,0.017921087609943636,0.02700085759705233,0.011003932860861904,-0.013041862649951117,0.016618714513669443
0.4887071423527223,0.0283086298127227,0.02424344119660676,0.014362793026148585,-0.01138929367259426,0.018321878530001074
0.488786035622938,0.03735835460213203,0.01946123813549046,0.01649437936693928,-0.008335441033324169,0.018203843967291355
0.4888649288931537,0.04409116373784372,0.01643548856773431,0.018667320146335813,-0.011807541951981365,0.022021311705145978
0.4889438221633694,0.049165528539674375,0.013608725621275004,0.017999345524060895,-0.014470201861750177,0.023078282065140482
0.4890227154335851,0.04742610782104197,0.007387353446344817,0.011847859464313897,-0.01498873222343262,0.01845940320117758
0.4891016087038008,0.03917678321767099,0.0033823804999815227,0.00684472580595833,-0.016374082404805465,0.015279093262828666
0.4891805019740165,0.035365693879627305,-0.00040904362486559703,0.0018233382552227738,-0.017493832346436686,0.011925089529996746
0.4892593952442321,0.03155496483825683,0.002210550060659638,0.0017097054171419741,-0.01900707239336377,0.012739359723753351
0.48933828851444783,0.02124004673386233,0.00020546082021472305,-0.0024402436236528077,-0.01771605920403266,0.008641080585851646
0.48941718178466354,0.014573070999358709,-0.00032367276432692743,-0.003322762559420152,-0.013205824823849292,0.005235633082478895
0.48949607505487924,0.015052017130182116,-0.006915678256384727,-0.007481964282693937,-0.010717583593008916,0.00041362003372653384
0.48957496832509495,0.018834155015175852,-0.004572275484637572,-0.005631237273440746,-0.010948275891015356,0.0020350150174606773
0.48965386159531066,0.02378334272290371,0.004388133926352377,0.001997911770875915,-0.012377310320482582,0.009004222594697275
0.48973275486552637,0.029833499437018025,0.018687854419186103,0.01260995812093683,-0.013255470618267325,0.018033392647395934
0.4898116481357421,0.03460449182331938,0.021707190191743882,0.015057266876356641,-0.016841726332074463,0.022139260757307072
0.48989054140595767,0.03385927497572825,0.01697162771883844,0.012329250519286303,-0.02057704859381762,0.022187894944906687
0.4899694346761734,0.03172520112034995,0.008761916710602054,0.0065195565651349485,-0.0201957830215651,0.0173048570292655
0.4900483279463891,0.030556739479058556,-0.0008788407020814583,0.0003514453665712791,-0.017948480975384276,0.011017514473877813
0.4901272212166048,0.024982781663686646,-0.005696724166316994,-0.0027999047063061505,-0.013857432751473657,0.0060444769201500595
0.4902061144868205,0.021056841727252803,-0.00457523358991338,-0.004239146663186917,-0.009333755385090129,0.002185069975530385
0.4902850077570362,0.0202758959548332,-0.004218472933073904,-0.006791168699254326,-0.006362317908618393,-0.0016375938420213729
0.4903639010272519,0.017596760678211185,-0.005562002855401385,-0.008316079306788847,-0.009798151290807694,-0.0008048909201393381
0.4904427942974676,0.012682317528043217,0.0017901458086218118,-0.004049256789574408,-0.013275187498323402,0.004694847992391117
0.4905216875676832,0.00650800041843523,0.013237170743467131,0.0001543611005066111,-0.016007857673319973,0.009698584295350506
0.4906005808378989,0.0026119540206047086,0.02498590072936525,0.007393635520541925,-0.018360242023628525,0.016907104479342534
0.49067947410811463,0.0012224244417577417,0.027488230398142362,0.007483410850115826,-0.018975048967895133,0.017346846857065296
0.49075836737833034,0.0013379226779521689,0.024649547233135113,0.00563509196489717,-0.02118101431836121,0.01718561312823859
0.49083726064854605,0.0013990269340069326,0.01525475116712627,-0.00041371814919840215,-0.01708871408051024,0.009889927569303814
0.49091615391876176,0.001085904417737597,0.003182664700952541,-0.007869147374523816,-0.009390940459967571,-0.0006902097616690387
0.49099504718897746,0.0004888812437123453,-0.00794643550462007,-0.013615833260148279,-0.00882276958694934,-0.0056365154532054375
0.49107394045919317,0.00044488598920744383,-0.012682600215364265,-0.015396294678144178,-0.007279193753424058,-0.007986903424942252
0.49115283372940877,0.0015531616069564466,-0.009990585601861779,-0.012026576374477342,-0.009025576165979925,-0.004241229457526958
0.4912317269996245,0.0019946739051072927,-0.009607281929263235,-0.012284663151435409,-0.011400912920543368,-0.0030275049489294015
0.4913106202698402,0.0015857059450700654,-0.008720303934983263,-0.011820207110121326,-0.013538271560678482,-0.0013768102460641927
0.4913895135400559,0.0011661013784616623,-0.003350109366788178,-0.008474617154327466,-0.013206670142294723,0.0011067626888492893
0.4914684068102716,0.0038711423505663938,0.0052285563931453415,-0.0014953884141297089,-0.012974653727885845,0.006561927290292717
0.4915473000804873,0.01045383770813995,0.010477783973344446,0.003739796924799995,-0.011081513076654784,0.009625062972111102
0.491626193350703,0.015846198472859077,0.011175645110350883,0.004936425239528419,-0.010706494075912225,0.010359704461051465
0.4917050866209187,0.020935390762546222,0.006133587908492844,0.0014620708517336144,-0.007801010936402132,0.005837510261365571
0.4917839798911343,0.026239736023748822,0.0011120005553948446,-0.0008102428191238994,-0.008749274321774605,0.0045835982803151465
0.49186287316135,0.027922601970528,-0.002259596847994476,-0.002002746263862182,-0.012047665429207691,0.005600801048636233
0.49194176643156573,0.020368947646846138,-0.004721563681515186,-0.0038982475719559623,-0.014733980118035178,0.005688522439879001
0.49202065970178144,0.013813049835657247,-0.007679377812704448,-0.0067068598803742925,-0.01638216667636897,0.004423298746099737
0.49209955297199715,0.010021456732076947,-0.013198100837716244,-0.012004006528009176,-0.014947161240602694,-0.0006814570422349232
0.49217844624221285,0.0053213213983138675,-0.014985362025067003,-0.014045111383623665,-0.018652980109339686,-0.00010122006857679626
0.49225733951242856,0.004776602733162065,-0.01569466641022428,-0.01482052203095294,-0.01884785105557276,-0.0006063930080998852
0.49233623278264427,0.009208984535812802,-0.0163006146732704,-0.013858757751675317,-0.015244446569677036,-0.001990635379239848
0.49241512605285986,0.01487954186249616,-0.015405702134418496,-0.010829807401579294,-0.011526064175868565,-0.001786385591997102
0.49249401932307557,0.020627735303793936,-0.011040087498990556,-0.006538981970136861,-0.010398803295950493,0.0009787818816692293
0.4925729125932913,0.026297179234771033,-0.006016374480972034,-0.002969995831467797,-0.011477344248651579,0.004484439731604691
0.492651805863507,0.030635066487802492,0.0002731542059188934,0.0016428001914265303,-0.014412740879653014,0.009937204515304044
0.4927306991337227,0.029185261881313467,0.0013288026082425056,0.0020714981514648387,-0.012512776308478352,0.009144226658124942
0.4928095924039384,0.02381957387158808,-5.0274317099346056e-05,0.002200494819003285,-0.010920044073387153,0.008294892906104112
0.4928884856741541,0.020909907883256664,-0.0023325177199381634,3.98399546693845e-05,-0.007053069024421042,0.004250343574962451
0.4929673789443698,0.019525551841138813,-0.0032851548597166405,-0.0002907758671311444,-0.007795631166454511,0.004429518085308862
0.4930462722145854,0.019085470157746323,-0.01049531298865642,-0.00723470113862049,-0.007318550801592395,-0.001421176315556565
0.4931251654848011,0.018726986250580734,-0.012891183000975009,-0.010752771014662807,-0.006304291086465833,-0.004847632381026774
0.4932040587550168,0.016133473971827374,-0.012947015767907237,-0.01015421535204819,-0.008141012776523158,-0.003269384999079111
0.49328295202523254,0.012576947961976599,-0.019626485955187577,-0.014909891710031379,-0.011094728064384283,-0.00531522514951066
0.49336184529544824,0.009369135829374192,-0.01869913131798202,-0.015238070495032542,-0.012811007923610078,-0.004551917648199313
0.49344073856566395,0.006976188762534888,-0.010938399243081856,-0.012488597384710226,-0.010398021706386608,-0.003790792631966726
0.49351963183587966,0.00482665264876722,-0.0016468814625985049,-0.009246707199556323,-0.008675028663155145,-0.0022225762025592666
0.49359852510609536,0.0025951919107298402,0.005273457048671005,-0.00588170405787669,-0.008134796852608936,0.00015145577442616875
0.49367741837631096,0.001397923239822215,0.0038215959669025837,-0.0065368314519549,-0.0060861904932908465,-0.0015988911907401163
0.49375631164652667,0.001517151233528513,-0.007009263518887618,-0.013273981961979877,-0.0051748698747798305,-0.007543987835172212
0.4938352049167424,0.0028446148295735623,-0.01200518781965023,-0.014763001887525948,-0.004008841467622978,-0.009434842969753228
0.4939140981869581,0.006143144593498449,-0.016855902544473386,-0.016753034060802537,-0.0064562267483114465,-0.009566669148521265
0.4939929914571738,0.011449276393892026,-0.019341229614130213,-0.017310142916929956,-0.009906320073203424,-0.007950270113887551
0.4940718847273895,0.01434632524358115,-0.021368639417875777,-0.016908772583105417,-0.012065701031049881,-0.006337156064742149
0.4941507779976052,0.012918042548412362,-0.02042846465236226,-0.016145460172853187,-0.011549667178904627,-0.006033754373231514
0.4942296712678209,0.009292588123453287,-0.014481941686962563,-0.013127685084040726,-0.010979679243170498,-0.0039552517460263795
0.4943085645380365,0.0044551909190039,-0.004294615385408478,-0.00892183840635613,-0.008568315405748221,-0.002025999787258638
0.4943874578082522,0.0006637098638073859,0.008010009064607427,-0.002434756773406661,-0.006111777451595263,0.0017041063716285339
0.4944663510784679,0.0002956518717641982,0.006935165590562154,-0.005738200579972667,-0.004343339114170874,-0.0020011707985269733
0.49454524434868363,0.001904982851133687,0.0016584665736335956,-0.008599790001235882,-0.0012627086637734086,-0.006137076205124561
0.49462413761889934,0.0034181769607924766,-0.009602526722489867,-0.014787380960811199,-0.0018834510008849839,-0.010725301671558022
0.49470303088911505,0.0037310701450592692,-0.01501071756416239,-0.017160241076015912,-0.0038052927194839148,-0.011478212316482167
0.49478192415933075,0.003427097201855109,-0.022656055129459434,-0.021181715853260438,-0.006517461797441399,-0.013080651696536185
0.49486081742954646,0.003950052600950693,-0.022202207568204436,-0.020158685716963855,-0.008980795599094296,-0.010787598771618527
0.49493971069976206,0.0049164856885789785,-0.017648028960971313,-0.01689016034497712,-0.011254021022741128,-0.006807627631055067
0.49501860396997777,0.0045079937205996,-0.014897560549118151,-0.01517850705205888,-0.014391102282241882,-0.003559151182629557
0.4950974972401935,0.001892216598646613,-0.011773968015635372,-0.013065129929679,-0.013814581404255155,-0.0022095856897049572
0.4951763905104092,7.98438231982176e-05,-0.004592245065465873,-0.007964684435305432,-0.015011088292599343,0.0025948666031837472
0.4952552837806249,0.0023395059587439757,-0.004039367496417488,-0.00673353613576123,-0.013653665213841697,0.002769734723240506
0.4953341770508406,0.0057700363810322605,-0.00673638170412203,-0.007408349950549663,-0.012861990316426698,0.001755281830331717
0.4954130703210563,0.008463479615882053,-0.011396187240707232,-0.010220541767721926,-0.008595640407207282,-0.0030506502096849966
0.495491963591272,0.011543529707010485,-0.01151106102710032,-0.011231534800604305,-0.0048177620445160815,-0.006120388625493862
0.4955708568614876,0.014381790824840035,-0.004400454811201289,-0.006178532147713837,-0.007075233525622992,-0.0007201781970437382
0.4956497501317033,0.013373432393135145,-0.00011219211432166487,-0.0036364770220567344,-0.011808634071889935,0.004148435360978211
0.495728643401919,0.011028274504269209,-0.003882172779502468,-0.006330864174040662,-0.013015197257871062,0.0027105821591214122
0.49580753667213473,0.01135278725042163,-0.002063125488283671,-0.005869311206522205,-0.015834283047598863,0.004766887584893655
0.49588642994235044,0.010072598813228712,0.011381397775351644,0.002657165676582968,-0.019417614351495326,0.013744254841894992
0.49596532321256614,0.008055577614818508,0.010405991914660082,0.0020793355205425677,-0.021124199020598772,0.014302280929829377
0.49604421648278185,0.008036623446870412,0.0005204423239402816,-0.004238916112236896,-0.017901836585189367,0.007310596973768867
0.49612310975299756,0.007548137173515478,-0.00615903625578513,-0.008445341304539581,-0.013226787140994012,0.0011422628350966366
0.49620200302321316,0.00621566988415347,-0.011604677628084746,-0.01057654841913399,-0.0071448948852902315,-0.004203654743323697
0.49628089629342886,0.006249806334786322,-0.013659756055248787,-0.01238696214017948,-0.004875569980269916,-0.007011958619463968
0.49635978956364457,0.007994794141175307,-0.007594151614115276,-0.010641719284700054,-0.0008469632029729363,-0.008022277705491696
0.4964386828338603,0.007984892026772683,0.0022290984268182874,-0.005985220977917234,0.001300160146070599,-0.005574356363130792
0.496517576104076,0.00511251934021854,0.00696064011991038,-0.0037266943583605843,0.0024854467781107894,-0.004473192345570512
0.4965964693742917,0.003346721464331655,0.008305466050866173,-0.00036338497027543683,-0.0022281509389064248,0.0010414014857386814
0.4966753626445074,0.003682649771839929,0.002616802726597641,-0.0038181642932362822,-0.010319606433446343,0.0031121518161752347
0.4967542559147231,0.0062817499555513495,0.0015588274579555622,-0.005238903734101158,-0.01666397468116746,0.005768528435877965
0.4968331491849387,0.011105939516189737,0.004297719068815536,-0.002464475548158197,-0.021934950159143235,0.011145878942256632
0.4969120424551544,0.013699675939212124,0.00029772110629191383,-0.0015648050991022371,-0.018236214148306402,0.009653908539441878
0.4969909357253701,0.012512549515661203,-0.009219857828440852,-0.00619677620397828,-0.011322317223227194,0.0018054547925255258
0.4970698289955858,0.01130427402209883,-0.009467862948217479,-0.007125084404917372,-0.00551072552273888,-0.0024145486119274574
0.49714872226580153,0.01057176301730935,-0.006082792675102648,-0.007717306528979972,0.0010720606349627407,-0.006826105781826202
0.49722761553601724,0.00848630495417993,-0.004054772122846652,-0.009331816866344425,0.005523788062035755,-0.010782378526167927
0.49730650880623295,0.0046864005416842654,-0.0036401224090855037,-0.010920860446179296,0.0040595565308451115,-0.011180202327969143
0.49738540207644866,0.002511516823075181,-0.006040519088283444,-0.012340227872643,-0.00118140011903338,-0.009183637993013626
0.49746429534666425,0.002403507132502281,-0.01363820737005385,-0.015743624375042176,-0.00460768457335325,-0.009862827993957143
0.49754318861687996,0.003244900202933111,-0.01494536311922765,-0.01535493460549282,-0.011126734850478513,-0.0056528837561964475
0.49762208188709567,0.005160746979998646,-0.017396043092047966,-0.015562825623596354,-0.012999909958299135,-0.004699318230913599
0.4977009751573114,0.007963003160818858,-0.017569551796151647,-0.015644088817722997,-0.013263195245240543,-0.004607012575479332
0.4977798684275271,0.010450784274957351,-0.014335367060194773,-0.012765323293705338,-0.011055414371011844,-0.0036194644422911115
0.4978587616977428,0.011797690476804928,-0.009338958034744015,-0.010475677135971261,-0.004604445488542784,-0.005642108911691885
0.4979376549679585,0.010775508139746313,-0.006918263999861281,-0.007909590123506713,0.0034793655353525165,-0.008419906809317455
0.4980165482381742,0.007357348249345678,-0.008814585895134305,-0.009206288255585558,0.003387696130745547,-0.009404295077485372
0.4980954415083898,0.002159486188003655,-0.008102801019264385,-0.010668596584239238,-0.0021103499569783577,-0.007288284712600198
0.4981743347786055,5.760512921100511e-06,-0.017284548775721695,-0.016906803638244775,-0.004543363536505544,-0.010833729866793502
0.4982532280488212,0.0013916134495996857,-0.01867655301405151,-0.016151902837563275,-0.0088603628012388,-0.007647141070870543
0.4983321213190369,0.00353890113269024,-0.014507939099110849,-0.012203759750206272,-0.013836104052075176,-0.0015061558240776728
0.49841101458925263,0.005432569592210977,-0.009448892812521741,-0.00879770859075554,-0.017229090688351364,0.003253924527767627
0.49848990785946834,0.006081227763090886,-0.008052825649727223,-0.008383198234483427,-0.019578723860625893,0.004991876321673461
0.49856880112968405,0.005254197183006364,-0.010500998094625078,-0.009970619803954943,-0.02168460566979584,0.004979220249828138
0.49864769439989975,0.00537142220370883,-0.010899936697291982,-0.010196174877379956,-0.02430642333992024,0.006367143237477964
0.49872658767011535,0.006168474893330954,-0.010306979985472758,-0.0094222920568188,-0.02691831708658194,0.008550619697036953
0.49880548094033106,0.005794216450919393,-0.007636834412555752,-0.007966793658109046,-0.022717752765406104,0.007203818748700769
0.49888437421054677,0.004772169421705396,-0.012546114783607804,-0.011864655319927817,-0.018642722173063384,0.001640872274461646
0.4989632674807625,0.005255757403975591,-0.013906253842561443,-0.011073133808314489,-0.01273299903646947,-0.0012595636197496357
0.4990421607509782,0.007245546419166772,-0.015117169521949126,-0.013387320538043968,-0.010493752041552062,-0.0044540068256481696
0.4991210540211939,0.009168789926821823,-0.015543025545857419,-0.014453898328113212,-0.009198680455154705,-0.006083553287510486
0.4991999472914096,0.00999597028816996,-0.00862874760674938,-0.010688331371568697,-0.008574958124010955,-0.0034379903235006717
0.4992788405616253,0.009593643427543576,0.0007588203862779565,-0.00599609616273296,-0.005926930387823925,-0.0012607483661982422
0.4993577338318409,0.008377189944526613,0.0008373252971655993,-0.005806120981960854,-0.006976222106044129,-0.0004809113577219073
0.4994366271020566,0.007394757117643939,-0.004137804284637582,-0.00985216662318931,-0.011764006373609005,-0.0008603811525479319
0.4995155203722723,0.007416154078707361,-0.005607283709421757,-0.008705062892051012,-0.01586811927839458,0.0025140460631327905
0.499594413642488,0.005659925699974184,-0.0048542310859485995,-0.008183262311711032,-0.012892117359624493,0.0011521571824874694
0.49967330691270373,0.004526831087410998,-0.006148846058088548,-0.008628378491632083,-0.005160708156448617,-0.0038287821546093416
0.49975220018291944,0.006817422166351177,-0.006792639898826771,-0.008781907704619316,-0.004571508769032407,-0.004304213808990383
0.49983109345313514,0.00992243015462378,-0.011291312801062322,-0.01001962704987435,-0.0037908974362168128,-0.005763106506670661
0.49990998672335085,0.012215687980031227,-0.010957286141693041,-0.00791805087113615,-0.0026668107518810712,-0.004750952230377201
0.49998887999356645,0.009067037075361344,-0.009575212474812697,-0.007320734808295018,0.00045509051753534846,-0.006139292196912264
